 step:            0  dt:   0.500000000000000     
h&K-XC -0.295753789939E-03 -0.542597635988E-04  0.252678883973E-04
h&K-H -0.550608198248E-01 -0.366358199617E-01  0.271846764176E-02
h&K-K  0.300096422434E-01  0.569828785956E-02 -0.606307433918E-02
h&K-K_a  0.305335167795E-01  0.628992123529E-02 -0.612052390352E-02
h&K-K_b -0.523875234649E-03 -0.591633666772E-03  0.574498699280E-04
h&K-ELE  0.176055859774E-01  0.507284188643E-02 -0.556114409119E-02
ionic: -0.732547979112E-01 -0.318282895826E-01 -0.904235853540E-03
ionic_a:  0.541046177150E-05 -0.100139052852E-05 -0.578230360120E-05
ionic_b: -0.133736251860E-01 -0.271787765656E-02  0.299666776574E-02
ionic_c: -0.611758073063E-01 -0.735362764322E-03  0.166832783238E-01
ionic_d: -0.798068055712E-02 -0.420336008071E-01 -0.179690829470E-01
ionic_e: -0.410372050962E-02  0.109416753793E-01  0.387351073238E-03
zero:  0.392094274801E-01  0.547969833523E-01  0.127445522233E-01
total:  -0.593923018024E-01 -0.802309809609E-02  0.852097756074E-02
