 Passo:            0
h&K-XC -0.295783994728E-03 -0.542576220954E-04  0.252609072331E-04
h&K-H -0.550667509637E-01 -0.366324589980E-01  0.272744793455E-02
h&K-K      0.5000000  0.300092343241E-01  0.569700961933E-02 -0.606349622831E-02  0.305338650942E-01  0.628884276375E-02 -0.612044334412E-02 -0.524629780557E-03 -0.591832795180E-03  0.569467920286E-04
h&K-ELE  0.176061782986E-01  0.507095037028E-02 -0.556074688211E-02
ionic: -0.732506629959E-01 -0.318269586532E-01 -0.894720642988E-03
ionic_a:  0.541046177150E-05 -0.100139052852E-05 -0.578230360120E-05
ionic_b:  0.000000000000E+00  0.000000000000E+00  0.000000000000E+00
ionic_c: -0.305825852783E-01 -0.370317006691E-03  0.834499978128E-02
ionic_d: -0.385702696407E-01 -0.424023162673E-01 -0.962245255079E-02
ionic_e: -0.410321853870E-02  0.109466760113E-01  0.388514430121E-03
zero:  0.392082746935E-01  0.547908558348E-01  0.127334705659E-01
total:  -0.593956889367E-01 -0.802580981916E-02  0.852796253638E-02
