 
 **************************
 Calculations with raw data
 **************************
 
 
  Hessian:
 
     0.51217       -0.06874        0.00068       -0.46881        0.02185       -0.00292       -0.04707        0.07880        0.00003   
    -0.06874        0.50952        0.00077        0.07881       -0.04614        0.00087        0.01915       -0.46912       -0.00028   
     0.00068        0.00077       -0.05386        0.00036        0.00007        0.00547        0.00391        0.00027        0.00062   
    -0.46881        0.07881        0.00036        0.48026       -0.07064        0.00033       -0.01028       -0.00817       -0.00003   
     0.02185       -0.04614        0.00007       -0.07064        0.05781       -0.00001        0.04959       -0.01028        0.00006   
    -0.00292        0.00087        0.00547        0.00033       -0.00001        0.00044        0.00011       -0.00013        0.00008   
    -0.04707        0.01915        0.00391       -0.01028        0.04959        0.00011        0.05750       -0.07039       -0.00004   
     0.07880       -0.46912        0.00027       -0.00817       -0.01028       -0.00013       -0.07039        0.48050        0.00028   
     0.00003       -0.00028        0.00062       -0.00003        0.00006        0.00008       -0.00004        0.00028        0.00007   
 
 
  Mass:
 
 29166.24000        0.00000        0.00000        0.00000        0.00000        0.00000        0.00000        0.00000        0.00000   
     0.00000    29166.24000        0.00000        0.00000        0.00000        0.00000        0.00000        0.00000        0.00000   
     0.00000        0.00000    29166.24000        0.00000        0.00000        0.00000        0.00000        0.00000        0.00000   
     0.00000        0.00000        0.00000     1822.89000        0.00000        0.00000        0.00000        0.00000        0.00000   
     0.00000        0.00000        0.00000        0.00000     1822.89000        0.00000        0.00000        0.00000        0.00000   
     0.00000        0.00000        0.00000        0.00000        0.00000     1822.89000        0.00000        0.00000        0.00000   
     0.00000        0.00000        0.00000        0.00000        0.00000        0.00000     1822.89000        0.00000        0.00000   
     0.00000        0.00000        0.00000        0.00000        0.00000        0.00000        0.00000     1822.89000        0.00000   
     0.00000        0.00000        0.00000        0.00000        0.00000        0.00000        0.00000        0.00000     1822.89000   
 
 
 Born effective charges:
 
 Atom Label: O
 
  -0.394      0.072      0.001
   0.072     -0.395      0.001
   0.001      0.001     -0.643
 
 Atom Label: H
 
   0.120     -0.035      0.001
  -0.035      0.277      0.001
   0.001      0.001      0.325
 
 Atom Label: H
 
   0.277     -0.035      0.002
  -0.035      0.119      0.001
   0.002      0.001      0.325
 
Total system charge:      0.00
 
 
 Sum of Born charge tensors (minus system charge):
 
     0.00217        0.00217        0.00329   
     0.00217        0.00116        0.00244   
     0.00329        0.00244        0.00697   
 
 
 
   Normal modes eigen frequencies: f [cm^-1] (f=omega/2*pi)
   --------------------------------------------------------
   f [cm-1]        mode mass [amu]        effective  force        intensity   
                                          constant [eV/A^2]       [hartree au]
    -322.73                   5.88                  -2.2530          0.378E-04
    -235.30                   6.52                  -1.3276          0.419E-05
      38.20                   1.00                   0.0054          0.406E-04
     120.23                   1.09                   0.0578          0.464E-04
     156.32                   1.33                   0.1196          0.378E-04
     218.03                   2.73                   0.4770          0.114E-04
    1607.43                   1.08                  10.2259          0.381E-04
    3663.10                   1.04                  51.1288          0.143E-05
    3757.15                   1.07                  55.6290          0.255E-04
 
 
 Eigen vectors (column wise) ordered like the eigen-values:
 
     0.00060        0.00376        0.00012       -0.00156       -0.00108       -0.00361       -0.00113        0.00080       -0.00110   
    -0.00008       -0.00404       -0.00021       -0.00058       -0.00213       -0.00314       -0.00114        0.00080        0.00111   
    -0.00548        0.00071       -0.00001       -0.00035       -0.00184        0.00052        0.00004        0.00000        0.00000   
     0.00037        0.00430       -0.00001        0.00019       -0.00066       -0.00442        0.00223       -0.01598        0.01580   
    -0.00197        0.00065       -0.00131        0.01367        0.00112       -0.00960        0.01576        0.00318       -0.00195   
     0.00715        0.00345       -0.00350        0.00717       -0.01920        0.00729        0.00005       -0.00001        0.00002   
     0.00269       -0.00103        0.00121       -0.01584       -0.00425        0.00272        0.01577        0.00315        0.00195   
     0.00019       -0.00461       -0.00009       -0.00234       -0.00252       -0.00236        0.00220       -0.01590       -0.01588   
     0.00075       -0.00029        0.02307        0.00273       -0.00286        0.00025        0.00001       -0.00001       -0.00001   
 
 ************************************************************************
 Calculations with translational invariance and acoustic sum rule imposed
 ************************************************************************
 
  Hessian:
 
     0.51438       -0.08575        0.00004       -0.46822        0.01431       -0.00109       -0.04615        0.07145        0.00105   
    -0.08575        0.51299        0.00015        0.07243       -0.04505        0.00039        0.01332       -0.46794       -0.00054   
     0.00004        0.00015       -0.02657       -0.00124       -0.00013        0.01484        0.00120       -0.00003        0.01173   
    -0.46822        0.07243       -0.00124        0.47921       -0.06755        0.00121       -0.01099       -0.00489        0.00004   
     0.01431       -0.04505       -0.00013       -0.06755        0.05652       -0.00009        0.05324       -0.01147        0.00021   
    -0.00109        0.00039        0.01484        0.00121       -0.00009       -0.00811       -0.00012       -0.00030       -0.00673   
    -0.04615        0.01332        0.00120       -0.01099        0.05324       -0.00012        0.05714       -0.06656       -0.00108   
     0.07145       -0.46794       -0.00003       -0.00489       -0.01147       -0.00030       -0.06656        0.47941        0.00033   
     0.00105       -0.00054        0.01173        0.00004        0.00021       -0.00673       -0.00108        0.00033       -0.00500   
 
 
  Mass:
 
 29166.24000        0.00000        0.00000        0.00000        0.00000        0.00000        0.00000        0.00000        0.00000   
     0.00000    29166.24000        0.00000        0.00000        0.00000        0.00000        0.00000        0.00000        0.00000   
     0.00000        0.00000    29166.24000        0.00000        0.00000        0.00000        0.00000        0.00000        0.00000   
     0.00000        0.00000        0.00000     1822.89000        0.00000        0.00000        0.00000        0.00000        0.00000   
     0.00000        0.00000        0.00000        0.00000     1822.89000        0.00000        0.00000        0.00000        0.00000   
     0.00000        0.00000        0.00000        0.00000        0.00000     1822.89000        0.00000        0.00000        0.00000   
     0.00000        0.00000        0.00000        0.00000        0.00000        0.00000     1822.89000        0.00000        0.00000   
     0.00000        0.00000        0.00000        0.00000        0.00000        0.00000        0.00000     1822.89000        0.00000   
     0.00000        0.00000        0.00000        0.00000        0.00000        0.00000        0.00000        0.00000     1822.89000   
 
 
 Born effective charges:
 
 Atom Label: O
 
  -0.395      0.071     -0.001
   0.071     -0.395      0.000
  -0.001      0.000     -0.645
 
 Atom Label: H
 
   0.119     -0.036      0.000
  -0.036      0.276      0.000
   0.000      0.000      0.323
 
 Atom Label: H
 
   0.276     -0.036      0.000
  -0.036      0.119      0.000
   0.000      0.000      0.322
 
Total system charge:      0.00
 
 
 Sum of Born charge tensors (minus system charge):
 
     0.00000        0.00000        0.00000   
     0.00000        0.00000        0.00000   
     0.00000        0.00000        0.00000   
 
 
 
   Normal modes eigen frequencies: f [cm^-1] (f=omega/2*pi)
   --------------------------------------------------------
   f [cm-1]        mode mass [amu]        effective  force        intensity   
                                          constant [eV/A^2]       [hartree au]
    -633.13                   1.11                  -1.6430          0.127E-03
    -281.77                   1.04                  -0.3030          0.473E-04
       0.00                   6.00                   0.0000          0.471E-33
       0.00                   6.00                   0.0000          0.102E-31
       0.00                   6.00                   0.0000          0.165E-31
     110.91                   1.00                   0.0453          0.320E-05
    1640.00                   1.07                  10.6201          0.377E-04
    3669.10                   1.04                  51.3286          0.147E-05
    3735.93                   1.07                  54.9949          0.249E-04
 
 
 Eigen vectors (column wise) ordered like the eigen-values:
 
    -0.00005        0.00081        0.00407       -0.00329       -0.00176       -0.00014        0.00113       -0.00080        0.00111   
     0.00005       -0.00082        0.00372        0.00335        0.00232        0.00015        0.00112       -0.00081       -0.00110   
    -0.00194       -0.00008        0.00032        0.00290       -0.00469        0.00022       -0.00001        0.00000        0.00000   
    -0.00020        0.00272        0.00407       -0.00329       -0.00176       -0.00054       -0.00212        0.01590       -0.01591   
    -0.00089        0.01576        0.00372        0.00335        0.00232       -0.00296       -0.01572       -0.00308        0.00183   
     0.01723        0.00369        0.00032        0.00290       -0.00469        0.01441        0.00000        0.00003       -0.00005   
     0.00101       -0.01564        0.00407       -0.00329       -0.00176        0.00280       -0.01588       -0.00305       -0.00180   
     0.00016       -0.00267        0.00372        0.00335        0.00232        0.00050       -0.00213        0.01601        0.01581   
     0.01377       -0.00246        0.00032        0.00290       -0.00469       -0.01796        0.00013        0.00002        0.00002   
 
 **********************************************************
 Calculations with rotations and translations projected out
 **********************************************************
 
  Hessian:
 
     0.00008        0.00001       -0.00007   
     0.00001        0.00028        0.00001   
    -0.00007        0.00001        0.00027   
 
 
  Mass:
 
     1.00000        0.00000        0.00000   
     0.00000        1.00000        0.00000   
     0.00000        0.00000        1.00000   
 
 
 Born effective charges:
 
 Atom Label: O
 
  -0.395      0.071     -0.001
   0.071     -0.395      0.000
  -0.001      0.000     -0.645
 
 Atom Label: H
 
   0.119     -0.036      0.000
  -0.036      0.276      0.000
   0.000      0.000      0.323
 
 Atom Label: H
 
   0.276     -0.036      0.000
  -0.036      0.119      0.000
   0.000      0.000      0.322
 
Total system charge:      0.00
 
 
 Sum of Born charge tensors (minus system charge):
 
     0.00000        0.00000        0.00000   
     0.00000        0.00000        0.00000   
     0.00000        0.00000        0.00000   
 
 
 
   Normal modes eigen frequencies: f [cm^-1] (f=omega/2*pi)
   --------------------------------------------------------
   f [cm-1]        mode mass [amu]        effective  force        intensity   
                                          constant [eV/A^2]       [hartree au]
    1639.96                   1.07                  10.6196          0.377E-04
    3669.09                   1.04                  51.3285          0.147E-05
    3728.81                   1.08                  55.1415          0.249E-04
 
 
 Eigen vectors (column wise) ordered like the eigen-values:
 
     0.95068        0.16843       -0.26046   
    -0.06816        0.93263        0.35433   
     0.30260       -0.31910        0.89811   
 
