 
 **************************
 Calculations with raw data
 **************************
 
 
  Hessian:
 
    0.512168      -0.068743       0.000681      -0.468805       0.021855      -0.002922      -0.047073       0.078798       0.000025   
   -0.068743       0.509522       0.000766       0.078811      -0.046136       0.000873       0.019146      -0.469119      -0.000284   
    0.000681       0.000766      -0.053855       0.000360       0.000073       0.005468       0.003907       0.000274       0.000621   
   -0.468805       0.078811       0.000360       0.480257      -0.070636       0.000332      -0.010285      -0.008168      -0.000026   
    0.021855      -0.046136       0.000073      -0.070636       0.057814      -0.000014       0.049595      -0.010277       0.000060   
   -0.002922       0.000873       0.005468       0.000332      -0.000014       0.000437       0.000110      -0.000131       0.000075   
   -0.047073       0.019146       0.003907      -0.010285       0.049595       0.000110       0.057503      -0.070394      -0.000043   
    0.078798      -0.469119       0.000274      -0.008168      -0.010277      -0.000131      -0.070394       0.480501       0.000279   
    0.000025      -0.000284       0.000621      -0.000026       0.000060       0.000075      -0.000043       0.000279       0.000071   
 
 
  Mass:
 
29166.240000       0.000000       0.000000       0.000000       0.000000       0.000000       0.000000       0.000000       0.000000   
    0.000000   29166.240000       0.000000       0.000000       0.000000       0.000000       0.000000       0.000000       0.000000   
    0.000000       0.000000   29166.240000       0.000000       0.000000       0.000000       0.000000       0.000000       0.000000   
    0.000000       0.000000       0.000000    1822.890000       0.000000       0.000000       0.000000       0.000000       0.000000   
    0.000000       0.000000       0.000000       0.000000    1822.890000       0.000000       0.000000       0.000000       0.000000   
    0.000000       0.000000       0.000000       0.000000       0.000000    1822.890000       0.000000       0.000000       0.000000   
    0.000000       0.000000       0.000000       0.000000       0.000000       0.000000    1822.890000       0.000000       0.000000   
    0.000000       0.000000       0.000000       0.000000       0.000000       0.000000       0.000000    1822.890000       0.000000   
    0.000000       0.000000       0.000000       0.000000       0.000000       0.000000       0.000000       0.000000    1822.890000   
 
 
 Born effective charges:
 
 Atom Label: O
 
  -0.394      0.072      0.001
   0.072     -0.395      0.001
   0.001      0.001     -0.643
 
 Atom Label: H
 
   0.120     -0.035      0.001
  -0.035      0.277      0.001
   0.001      0.001      0.325
 
 Atom Label: H
 
   0.277     -0.035      0.002
  -0.035      0.119      0.001
   0.002      0.001      0.325
 
Total system charge:      0.00
 
 
 Sum of Born charge tensors (minus system charge):
 
    0.002170       0.002169       0.003290   
    0.002169       0.001158       0.002439   
    0.003290       0.002439       0.006973   
 
 
 
   Normal modes eigen frequencies: f [cm^-1] (f=omega/2*pi)
   --------------------------------------------------------
   f [cm-1]        mode mass [amu]        effective  force        intensity   
                                          constant [eV/A^2]       [hartree au]
    -322.73                   5.88                  -2.2530          0.378E-04
    -235.30                   6.52                  -1.3276          0.419E-05
      38.20                   1.00                   0.0054          0.406E-04
     120.23                   1.09                   0.0578          0.464E-04
     156.32                   1.33                   0.1196          0.378E-04
     218.03                   2.73                   0.4770          0.114E-04
    1607.43                   1.08                  10.2259          0.381E-04
    3663.10                   1.04                  51.1288          0.143E-05
    3757.15                   1.07                  55.6290          0.255E-04
 
 
 Eigen vectors (column wise) ordered like the eigen-values:
 
    0.000603       0.003756       0.000118      -0.001565      -0.001083      -0.003611      -0.001132       0.000802      -0.001104   
   -0.000077      -0.004044      -0.000208      -0.000579      -0.002127      -0.003140      -0.001143       0.000796       0.001107   
   -0.005476       0.000711      -0.000005      -0.000352      -0.001844       0.000518       0.000039       0.000000       0.000001   
    0.000369       0.004303      -0.000015       0.000194      -0.000664      -0.004425       0.002230      -0.015977       0.015800   
   -0.001967       0.000648      -0.001309       0.013668       0.001118      -0.009596       0.015765       0.003176      -0.001955   
    0.007148       0.003447      -0.003500       0.007172      -0.019203       0.007292       0.000046      -0.000009       0.000022   
    0.002685      -0.001025       0.001210      -0.015839      -0.004250       0.002718       0.015773       0.003151       0.001954   
    0.000187      -0.004606      -0.000088      -0.002335      -0.002516      -0.002363       0.002204      -0.015903      -0.015881   
    0.000753      -0.000291       0.023070       0.002729      -0.002862       0.000251       0.000012      -0.000008      -0.000010   
 
 ************************************************************************
 Calculations with translational invariance and acoustic sum rule imposed
 ************************************************************************
 
  Hessian:
 
    0.514375      -0.085755       0.000040      -0.468224       0.014310      -0.001087      -0.046151       0.071445       0.001048   
   -0.085755       0.512986       0.000154       0.072433      -0.045051       0.000389       0.013322      -0.467935      -0.000544   
    0.000040       0.000154      -0.026569      -0.001242      -0.000127       0.014839       0.001202      -0.000027       0.011730   
   -0.468224       0.072433      -0.001242       0.479212      -0.067547       0.001206      -0.010989      -0.004886       0.000036   
    0.014310      -0.045051      -0.000127      -0.067547       0.056521      -0.000086       0.053237      -0.011471       0.000213   
   -0.001087       0.000389       0.014839       0.001206      -0.000086      -0.008108      -0.000119      -0.000304      -0.006732   
   -0.046151       0.013322       0.001202      -0.010989       0.053237      -0.000119       0.057140      -0.066559      -0.001084   
    0.071445      -0.467935      -0.000027      -0.004886      -0.011471      -0.000304      -0.066559       0.479406       0.000331   
    0.001048      -0.000544       0.011730       0.000036       0.000213      -0.006732      -0.001084       0.000331      -0.004998   
 
 
  Mass:
 
29166.240000       0.000000       0.000000       0.000000       0.000000       0.000000       0.000000       0.000000       0.000000   
    0.000000   29166.240000       0.000000       0.000000       0.000000       0.000000       0.000000       0.000000       0.000000   
    0.000000       0.000000   29166.240000       0.000000       0.000000       0.000000       0.000000       0.000000       0.000000   
    0.000000       0.000000       0.000000    1822.890000       0.000000       0.000000       0.000000       0.000000       0.000000   
    0.000000       0.000000       0.000000       0.000000    1822.890000       0.000000       0.000000       0.000000       0.000000   
    0.000000       0.000000       0.000000       0.000000       0.000000    1822.890000       0.000000       0.000000       0.000000   
    0.000000       0.000000       0.000000       0.000000       0.000000       0.000000    1822.890000       0.000000       0.000000   
    0.000000       0.000000       0.000000       0.000000       0.000000       0.000000       0.000000    1822.890000       0.000000   
    0.000000       0.000000       0.000000       0.000000       0.000000       0.000000       0.000000       0.000000    1822.890000   
 
 
 Born effective charges:
 
 Atom Label: O
 
  -0.395      0.071     -0.001
   0.071     -0.395      0.000
  -0.001      0.000     -0.645
 
 Atom Label: H
 
   0.119     -0.036      0.000
  -0.036      0.276      0.000
   0.000      0.000      0.323
 
 Atom Label: H
 
   0.276     -0.036      0.000
  -0.036      0.119      0.000
   0.000      0.000      0.322
 
Total system charge:      0.00
 
 
 Sum of Born charge tensors (minus system charge):
 
    0.000000       0.000000       0.000000   
    0.000000       0.000000       0.000000   
    0.000000       0.000000       0.000000   
 
 
 
   Normal modes eigen frequencies: f [cm^-1] (f=omega/2*pi)
   --------------------------------------------------------
   f [cm-1]        mode mass [amu]        effective  force        intensity   
                                          constant [eV/A^2]       [hartree au]
    -633.13                   1.11                  -1.6430          0.127E-03
    -281.77                   1.04                  -0.3030          0.473E-04
       0.00                   6.00                   0.0000          0.471E-33
       0.00                   6.00                   0.0000          0.102E-31
       0.00                   6.00                   0.0000          0.165E-31
     110.91                   1.00                   0.0453          0.320E-05
    1640.00                   1.07                  10.6201          0.377E-04
    3669.10                   1.04                  51.3286          0.147E-05
    3735.93                   1.07                  54.9949          0.249E-04
 
 
 Eigen vectors (column wise) ordered like the eigen-values:
 
   -0.000050       0.000807       0.004066      -0.003294      -0.001759      -0.000141       0.001125      -0.000803       0.001106   
    0.000046      -0.000819       0.003721       0.003353       0.002322       0.000153       0.001116      -0.000808      -0.001102   
   -0.001938      -0.000077       0.000317       0.002896      -0.004690       0.000222      -0.000008      -0.000003       0.000002   
   -0.000200       0.002723       0.004066      -0.003294      -0.001759      -0.000543      -0.002122       0.015899      -0.015908   
   -0.000894       0.015765       0.003721       0.003353       0.002322      -0.002956      -0.015723      -0.003079       0.001830   
    0.017233       0.003686       0.000317       0.002896      -0.004690       0.014406      -0.000004       0.000030      -0.000048   
    0.001005      -0.015641       0.004066      -0.003294      -0.001759       0.002795      -0.015878      -0.003046      -0.001795   
    0.000164      -0.002665       0.003721       0.003353       0.002322       0.000504      -0.002134       0.016008       0.015808   
    0.013769      -0.002458       0.000317       0.002896      -0.004690      -0.017957       0.000127       0.000015       0.000017   
 
 **********************************************************
 Calculations with rotations and translations projected out
 **********************************************************
 
  Hessian:
 
    0.000078       0.000014      -0.000066   
    0.000014       0.000280       0.000008   
   -0.000066       0.000008       0.000266   
 
 
  Mass:
 
    1.000000       0.000000       0.000000   
    0.000000       1.000000       0.000000   
    0.000000       0.000000       1.000000   
 
 
 Born effective charges:
 
 Atom Label: O
 
  -0.395      0.071     -0.001
   0.071     -0.395      0.000
  -0.001      0.000     -0.645
 
 Atom Label: H
 
   0.119     -0.036      0.000
  -0.036      0.276      0.000
   0.000      0.000      0.323
 
 Atom Label: H
 
   0.276     -0.036      0.000
  -0.036      0.119      0.000
   0.000      0.000      0.322
 
Total system charge:      0.00
 
 
 Sum of Born charge tensors (minus system charge):
 
    0.000000       0.000000       0.000000   
    0.000000       0.000000       0.000000   
    0.000000       0.000000       0.000000   
 
 
 
   Normal modes eigen frequencies: f [cm^-1] (f=omega/2*pi)
   --------------------------------------------------------
   f [cm-1]        mode mass [amu]        effective  force        intensity   
                                          constant [eV/A^2]       [hartree au]
    1639.96                   1.07                  10.6196          0.377E-04
    3669.09                   1.04                  51.3285          0.147E-05
    3728.81                   1.08                  55.1415          0.249E-04
 
 
 Eigen vectors (column wise) ordered like the eigen-values:
 
    0.950678       0.168433      -0.260463   
   -0.068157       0.932633       0.354332   
    0.302598      -0.319103       0.898113   
 
