  0.00000000E+00  0.87374220E+01
  0.28922784E-01  0.87332231E+01
  0.57845569E-01  0.87206451E+01
  0.86768353E-01  0.86997464E+01
  0.11569114E+00  0.86706251E+01
  0.14461392E+00  0.86334210E+01
  0.17353671E+00  0.85883178E+01
  0.20245949E+00  0.85355457E+01
  0.23138228E+00  0.84753844E+01
  0.26030506E+00  0.84081662E+01
  0.28922784E+00  0.83342792E+01
  0.31815063E+00  0.82541697E+01
  0.34707341E+00  0.81683450E+01
  0.37599620E+00  0.80773753E+01
  0.40491898E+00  0.79818940E+01
  0.43384177E+00  0.78825984E+01
  0.46276455E+00  0.77802482E+01
  0.49168734E+00  0.76756631E+01
  0.52061012E+00  0.75697191E+01
  0.54953290E+00  0.74633431E+01
  0.57845569E+00  0.73575063E+01
  0.60737847E+00  0.72532161E+01
  0.63630126E+00  0.71515066E+01
  0.66522404E+00  0.70534274E+01
  0.69414683E+00  0.69600322E+01
  0.72306961E+00  0.68723650E+01
  0.75199240E+00  0.67914471E+01
  0.78091518E+00  0.67182623E+01
  0.80983796E+00  0.66537421E+01
  0.83876075E+00  0.65987517E+01
  0.86768353E+00  0.65540753E+01
  0.89660632E+00  0.65204023E+01
  0.92552910E+00  0.64983151E+01
  0.95445189E+00  0.64882772E+01
  0.98337467E+00  0.64906231E+01
  0.10122975E+01  0.65055507E+01
  0.10412202E+01  0.65331145E+01
  0.10701430E+01  0.65732220E+01
  0.10990658E+01  0.66256321E+01
  0.11279886E+01  0.66899556E+01
  0.11569114E+01  0.67656594E+01
  0.11861278E+01  0.67652667E+01
  0.12153442E+01  0.67641769E+01
  0.12445607E+01  0.67626484E+01
  0.12737771E+01  0.67610934E+01
  0.13029935E+01  0.67600519E+01
  0.13322099E+01  0.67601591E+01
  0.13614263E+01  0.67621099E+01
  0.13906428E+01  0.67666218E+01
  0.14198592E+01  0.67744013E+01
  0.14490756E+01  0.67861124E+01
  0.14782920E+01  0.68023522E+01
  0.15075085E+01  0.68236302E+01
  0.15367249E+01  0.68503553E+01
  0.15659413E+01  0.68828265E+01
  0.15659413E+01  0.68828301E+01
  0.15951577E+01  0.69212332E+01
  0.16243742E+01  0.69656408E+01
  0.16535906E+01  0.70160165E+01
  0.16828070E+01  0.70722208E+01
  0.17120234E+01  0.71340199E+01
  0.17412399E+01  0.72010953E+01
  0.17704563E+01  0.72730546E+01
  0.17996727E+01  0.73494429E+01
  0.18288891E+01  0.74297545E+01
  0.18581056E+01  0.75134437E+01
  0.18873220E+01  0.75999368E+01
  0.19165384E+01  0.76886418E+01
  0.19457548E+01  0.77789588E+01
  0.19749713E+01  0.78702893E+01
  0.20041877E+01  0.79620436E+01
  0.20334041E+01  0.80536490E+01
  0.20626205E+01  0.81445555E+01
  0.20918370E+01  0.82342408E+01
  0.21210534E+01  0.83222147E+01
  0.21502698E+01  0.84080214E+01
  0.21794862E+01  0.84912412E+01
  0.22087027E+01  0.85714907E+01
  0.22379191E+01  0.86484206E+01
  0.22671355E+01  0.87217129E+01
  0.22963519E+01  0.87910742E+01
  0.23255683E+01  0.88562259E+01
  0.23547848E+01  0.89168890E+01
  0.23840012E+01  0.89727593E+01
  0.24132176E+01  0.90234652E+01
  0.24424340E+01  0.90684957E+01
  0.24716505E+01  0.91070640E+01
  0.25008669E+01  0.90854511E+01
  0.25300833E+01  0.90178829E+01
  0.25592997E+01  0.89579659E+01
  0.25885162E+01  0.89055421E+01
  0.26177326E+01  0.88604596E+01
  0.26469490E+01  0.88225771E+01
  0.26761654E+01  0.87917681E+01
  0.27053819E+01  0.87679237E+01
  0.27345983E+01  0.87509566E+01
  0.27638147E+01  0.87408025E+01
  0.27930311E+01  0.87374220E+01
  0.28216573E+01  0.87439289E+01
  0.28502834E+01  0.87633971E+01
  0.28789095E+01  0.87956699E+01
  0.29075357E+01  0.88404875E+01
  0.29361618E+01  0.88974890E+01
  0.29647879E+01  0.89515350E+01
  0.29934141E+01  0.89733086E+01
  0.30220402E+01  0.89739749E+01
  0.30506663E+01  0.89561600E+01
  0.30792925E+01  0.89240680E+01
  0.31079186E+01  0.88813170E+01
  0.31365447E+01  0.88305609E+01
  0.31651709E+01  0.87737135E+01
  0.31937970E+01  0.87122118E+01
  0.32224231E+01  0.86472000E+01
  0.32510493E+01  0.85796424E+01
  0.32796754E+01  0.85103903E+01
  0.33083015E+01  0.84402211E+01
  0.33369277E+01  0.83698602E+01
  0.33655538E+01  0.82999938E+01
  0.33941799E+01  0.82312756E+01
  0.34228061E+01  0.81643288E+01
  0.34514322E+01  0.80997473E+01
  0.34800583E+01  0.80380944E+01
  0.35086845E+01  0.79799011E+01
  0.35373106E+01  0.79256637E+01
  0.35659367E+01  0.78758414E+01
  0.35945629E+01  0.78308535E+01
  0.36231890E+01  0.77910769E+01
  0.36518151E+01  0.77568437E+01
  0.36804413E+01  0.77284388E+01
  0.37090674E+01  0.77060983E+01
  0.37376935E+01  0.76900073E+01
  0.37663196E+01  0.76802992E+01
  0.37949458E+01  0.76770545E+01
  0.38241622E+01  0.76759515E+01
  0.38533786E+01  0.76726024E+01
  0.38825951E+01  0.76668946E+01
  0.39118115E+01  0.76586634E+01
  0.39410279E+01  0.76477228E+01
  0.39702443E+01  0.76339028E+01
  0.39994608E+01  0.76170875E+01
  0.40286772E+01  0.75972510E+01
  0.40578936E+01  0.75744847E+01
  0.40871100E+01  0.75490158E+01
  0.41163264E+01  0.75212152E+01
  0.41455429E+01  0.74915946E+01
  0.41747593E+01  0.74607966E+01
  0.42039757E+01  0.74295780E+01
  0.42331921E+01  0.73987894E+01
  0.42624086E+01  0.73693534E+01
  0.42916250E+01  0.73422422E+01
  0.43208414E+01  0.73184567E+01
  0.43500578E+01  0.72990059E+01
  0.43792743E+01  0.72848895E+01
  0.44084907E+01  0.72770817E+01
  0.44377071E+01  0.72765168E+01
  0.44669235E+01  0.72840769E+01
  0.44961400E+01  0.73005810E+01
  0.45253564E+01  0.73267757E+01
  0.45545728E+01  0.73633272E+01
  0.45837892E+01  0.74108141E+01
  0.46130057E+01  0.74691876E+01
  0.46419284E+01  0.74647308E+01
  0.46708512E+01  0.74514801E+01
  0.46997740E+01  0.74297911E+01
  0.47286968E+01  0.74002428E+01
  0.47576196E+01  0.73636183E+01
  0.47865424E+01  0.73208795E+01
  0.48154652E+01  0.72731371E+01
  0.48443879E+01  0.72216168E+01
  0.48733107E+01  0.71676246E+01
  0.49022335E+01  0.71125113E+01
  0.49311563E+01  0.70576378E+01
  0.49600791E+01  0.70043415E+01
  0.49890019E+01  0.69539057E+01
  0.50179246E+01  0.69075307E+01
  0.50468474E+01  0.68663090E+01
  0.50757702E+01  0.68312030E+01
  0.51046930E+01  0.68030256E+01
  0.51336158E+01  0.67824255E+01
  0.51625386E+01  0.67698746E+01
  0.51914614E+01  0.67656594E+01
  
  0.00000000E+00  0.87374220E+01
  0.28922784E-01  0.87507298E+01
  0.57845569E-01  0.87905395E+01
  0.86768353E-01  0.88565105E+01
  0.11569114E+00  0.89480800E+01
  0.14461392E+00  0.90644705E+01
  0.17353671E+00  0.92046994E+01
  0.20245949E+00  0.93675921E+01
  0.23138228E+00  0.95000859E+01
  0.26030506E+00  0.94960775E+01
  0.28922784E+00  0.94888096E+01
  0.31815063E+00  0.94775231E+01
  0.34707341E+00  0.94614611E+01
  0.37599620E+00  0.94398887E+01
  0.40491898E+00  0.94121126E+01
  0.43384177E+00  0.93775000E+01
  0.46276455E+00  0.93354968E+01
  0.49168734E+00  0.92856435E+01
  0.52061012E+00  0.92275902E+01
  0.54953290E+00  0.91611089E+01
  0.57845569E+00  0.90861037E+01
  0.60737847E+00  0.90026181E+01
  0.63630126E+00  0.89108399E+01
  0.66522404E+00  0.88111027E+01
  0.69414683E+00  0.87038845E+01
  0.72306961E+00  0.85898043E+01
  0.75199240E+00  0.84696143E+01
  0.78091518E+00  0.83441910E+01
  0.80983796E+00  0.82145224E+01
  0.83876075E+00  0.80816944E+01
  0.86768353E+00  0.79468737E+01
  0.89660632E+00  0.78112905E+01
  0.92552910E+00  0.76762192E+01
  0.95445189E+00  0.75429583E+01
  0.98337467E+00  0.74128101E+01
  0.10122975E+01  0.72870603E+01
  0.10412202E+01  0.71669577E+01
  0.10701430E+01  0.70536950E+01
  0.10990658E+01  0.69483907E+01
  0.11279886E+01  0.68520718E+01
  0.11569114E+01  0.67656594E+01
  0.11861278E+01  0.67746777E+01
  0.12153442E+01  0.68016337E+01
  0.12445607E+01  0.68462321E+01
  0.12737771E+01  0.69079849E+01
  0.13029935E+01  0.69862174E+01
  0.13322099E+01  0.70800760E+01
  0.13614263E+01  0.71885386E+01
  0.13906428E+01  0.73104274E+01
  0.14198592E+01  0.74444223E+01
  0.14490756E+01  0.75890778E+01
  0.14782920E+01  0.77428395E+01
  0.15075085E+01  0.79040636E+01
  0.15367249E+01  0.80710361E+01
  0.15659413E+01  0.82419937E+01
  0.15659413E+01  0.82419882E+01
  0.15951577E+01  0.84151388E+01
  0.16243742E+01  0.85886843E+01
  0.16535906E+01  0.87608407E+01
  0.16828070E+01  0.89298595E+01
  0.17120234E+01  0.90940488E+01
  0.17412399E+01  0.92517931E+01
  0.17704563E+01  0.94015717E+01
  0.17996727E+01  0.95419773E+01
  0.18288891E+01  0.96717311E+01
  0.18581056E+01  0.97896983E+01
  0.18873220E+01  0.98949004E+01
  0.19165384E+01  0.99865257E+01
  0.19457548E+01  0.10063938E+02
  0.19749713E+01  0.10126684E+02
  0.20041877E+01  0.10174496E+02
  0.20334041E+01  0.10207293E+02
  0.20626205E+01  0.10225183E+02
  0.20918370E+01  0.10228457E+02
  0.21210534E+01  0.10217585E+02
  0.21502698E+01  0.10193209E+02
  0.21794862E+01  0.10156133E+02
  0.22087027E+01  0.10107309E+02
  0.22379191E+01  0.10047828E+02
  0.22671355E+01  0.99183421E+01
  0.22963519E+01  0.97848557E+01
  0.23255683E+01  0.96598745E+01
  0.23547848E+01  0.95433835E+01
  0.23840012E+01  0.94353304E+01
  0.24132176E+01  0.93356309E+01
  0.24424340E+01  0.92441744E+01
  0.24716505E+01  0.91608298E+01
  0.25008669E+01  0.91378425E+01
  0.25300833E+01  0.91584095E+01
  0.25592997E+01  0.90869178E+01
  0.25885162E+01  0.90102058E+01
  0.26177326E+01  0.89411868E+01
  0.26469490E+01  0.88809159E+01
  0.26761654E+01  0.88303096E+01
  0.27053819E+01  0.87901344E+01
  0.27345983E+01  0.87609974E+01
  0.27638147E+01  0.87433380E+01
  0.27930311E+01  0.87374220E+01
  0.28216573E+01  0.87439292E+01
  0.28502834E+01  0.87633977E+01
  0.28789095E+01  0.87956708E+01
  0.29075357E+01  0.88404887E+01
  0.29361618E+01  0.88974906E+01
  0.29647879E+01  0.89662155E+01
  0.29934141E+01  0.90461137E+01
  0.30220402E+01  0.91365402E+01
  0.30506663E+01  0.92367669E+01
  0.30792925E+01  0.93459870E+01
  0.31079186E+01  0.94633211E+01
  0.31365447E+01  0.95878243E+01
  0.31651709E+01  0.97184944E+01
  0.31937970E+01  0.98542792E+01
  0.32224231E+01  0.99940855E+01
  0.32510493E+01  0.10136788E+02
  0.32796754E+01  0.10281237E+02
  0.33083015E+01  0.10426269E+02
  0.33369277E+01  0.10570718E+02
  0.33655538E+01  0.10713420E+02
  0.33941799E+01  0.10853227E+02
  0.34228061E+01  0.10989012E+02
  0.34514322E+01  0.11119682E+02
  0.34800583E+01  0.11244185E+02
  0.35086845E+01  0.11361519E+02
  0.35373106E+01  0.11470739E+02
  0.35659367E+01  0.11570966E+02
  0.35945629E+01  0.11661392E+02
  0.36231890E+01  0.11741290E+02
  0.36518151E+01  0.11810017E+02
  0.36804413E+01  0.11867018E+02
  0.37090674E+01  0.11911836E+02
  0.37376935E+01  0.11944109E+02
  0.37663196E+01  0.11963577E+02
  0.37949458E+01  0.11970084E+02
  0.38241622E+01  0.11946684E+02
  0.38533786E+01  0.11878324E+02
  0.38825951E+01  0.11769919E+02
  0.39118115E+01  0.11628053E+02
  0.39410279E+01  0.11459603E+02
  0.39702443E+01  0.11270882E+02
  0.39994608E+01  0.11067296E+02
  0.40286772E+01  0.10853330E+02
  0.40578936E+01  0.10632668E+02
  0.40871100E+01  0.10408350E+02
  0.41163264E+01  0.10182910E+02
  0.41455429E+01  0.99584895E+01
  0.41747593E+01  0.97369226E+01
  0.42039757E+01  0.95197984E+01
  0.42331921E+01  0.93085042E+01
  0.42624086E+01  0.91042570E+01
  0.42916250E+01  0.89081251E+01
  0.43208414E+01  0.87210427E+01
  0.43500578E+01  0.85438195E+01
  0.43792743E+01  0.83771474E+01
  0.44084907E+01  0.82216041E+01
  0.44377071E+01  0.80776555E+01
  0.44669235E+01  0.79456574E+01
  0.44961400E+01  0.78258558E+01
  0.45253564E+01  0.77183879E+01
  0.45545728E+01  0.76232825E+01
  0.45837892E+01  0.75404619E+01
  0.46130057E+01  0.74702768E+01
  0.46419284E+01  0.74658127E+01
  0.46708512E+01  0.74525403E+01
  0.46997740E+01  0.74308160E+01
  0.47286968E+01  0.74012197E+01
  0.47576196E+01  0.73645363E+01
  0.47865424E+01  0.73217292E+01
  0.48154652E+01  0.72739111E+01
  0.48443879E+01  0.72223098E+01
  0.48733107E+01  0.71682336E+01
  0.49022335E+01  0.71130354E+01
  0.49311563E+01  0.70580781E+01
  0.49600791E+01  0.70047011E+01
  0.49890019E+01  0.69541894E+01
  0.50179246E+01  0.69077451E+01
  0.50468474E+01  0.68664621E+01
  0.50757702E+01  0.68313039E+01
  0.51046930E+01  0.68030844E+01
  0.51336158E+01  0.67824532E+01
  0.51625386E+01  0.67698825E+01
  0.51914614E+01  0.67656594E+01
  
  0.00000000E+00  0.87374220E+01
  0.28922784E-01  0.87507300E+01
  0.57845569E-01  0.87905399E+01
  0.86768353E-01  0.88565112E+01
  0.11569114E+00  0.89480809E+01
  0.14461392E+00  0.90644715E+01
  0.17353671E+00  0.92047005E+01
  0.20245949E+00  0.93675934E+01
  0.23138228E+00  0.95517966E+01
  0.26030506E+00  0.97558006E+01
  0.28922784E+00  0.99779496E+01
  0.31815063E+00  0.10216467E+02
  0.34707341E+00  0.10469477E+02
  0.37599620E+00  0.10735022E+02
  0.40491898E+00  0.11011089E+02
  0.43384177E+00  0.11295628E+02
  0.46276455E+00  0.11586573E+02
  0.49168734E+00  0.11881868E+02
  0.52061012E+00  0.12179477E+02
  0.54953290E+00  0.12477411E+02
  0.57845569E+00  0.12773737E+02
  0.60737847E+00  0.13066596E+02
  0.63630126E+00  0.13354215E+02
  0.66522404E+00  0.13634915E+02
  0.69414683E+00  0.13907122E+02
  0.72306961E+00  0.14169371E+02
  0.75199240E+00  0.14420310E+02
  0.78091518E+00  0.14658702E+02
  0.80983796E+00  0.14883424E+02
  0.83876075E+00  0.15093468E+02
  0.86768353E+00  0.15287936E+02
  0.89660632E+00  0.15466035E+02
  0.92552910E+00  0.15627074E+02
  0.95445189E+00  0.15770455E+02
  0.98337467E+00  0.15895673E+02
  0.10122975E+01  0.16002303E+02
  0.10412202E+01  0.16089997E+02
  0.10701430E+01  0.16158479E+02
  0.10990658E+01  0.16207541E+02
  0.11279886E+01  0.16237037E+02
  0.11569114E+01  0.16246878E+02
  0.11861278E+01  0.16238444E+02
  0.12153442E+01  0.16213194E+02
  0.12445607E+01  0.16171278E+02
  0.12737771E+01  0.16112945E+02
  0.13029935E+01  0.16038541E+02
  0.13322099E+01  0.15948507E+02
  0.13614263E+01  0.15843372E+02
  0.13906428E+01  0.15723749E+02
  0.14198592E+01  0.15590331E+02
  0.14490756E+01  0.15443885E+02
  0.14782920E+01  0.15285243E+02
  0.15075085E+01  0.15115298E+02
  0.15367249E+01  0.14934992E+02
  0.15659413E+01  0.14745312E+02
  0.15659413E+01  0.14745318E+02
  0.15951577E+01  0.14547284E+02
  0.16243742E+01  0.14341944E+02
  0.16535906E+01  0.14130362E+02
  0.16828070E+01  0.13913614E+02
  0.17120234E+01  0.13692772E+02
  0.17412399E+01  0.13468904E+02
  0.17704563E+01  0.13243062E+02
  0.17996727E+01  0.13016271E+02
  0.18288891E+01  0.12789529E+02
  0.18581056E+01  0.12563796E+02
  0.18873220E+01  0.12339986E+02
  0.19165384E+01  0.12118968E+02
  0.19457548E+01  0.11901553E+02
  0.19749713E+01  0.11688497E+02
  0.20041877E+01  0.11480494E+02
  0.20334041E+01  0.11278175E+02
  0.20626205E+01  0.11082106E+02
  0.20918370E+01  0.10892785E+02
  0.21210534E+01  0.10710645E+02
  0.21502698E+01  0.10536055E+02
  0.21794862E+01  0.10369317E+02
  0.22087027E+01  0.10210673E+02
  0.22379191E+01  0.10060306E+02
  0.22671355E+01  0.99789010E+01
  0.22963519E+01  0.99018437E+01
  0.23255683E+01  0.98180589E+01
  0.23547848E+01  0.97290169E+01
  0.23840012E+01  0.96362359E+01
  0.24132176E+01  0.95412614E+01
  0.24424340E+01  0.94456463E+01
  0.24716505E+01  0.93509294E+01
  0.25008669E+01  0.92586161E+01
  0.25300833E+01  0.91701783E+01
  0.25592997E+01  0.91643625E+01
  0.25885162E+01  0.91479037E+01
  0.26177326E+01  0.91004798E+01
  0.26469490E+01  0.90240187E+01
  0.26761654E+01  0.89358065E+01
  0.27053819E+01  0.88543011E+01
  0.27345983E+01  0.87907821E+01
  0.27638147E+01  0.87509514E+01
  0.27930311E+01  0.87374220E+01
  0.28216573E+01  0.87463090E+01
  0.28502834E+01  0.87721439E+01
  0.28789095E+01  0.88122284E+01
  0.29075357E+01  0.88613798E+01
  0.29361618E+01  0.89113180E+01
  0.29647879E+01  0.89662174E+01
  0.29934141E+01  0.90461159E+01
  0.30220402E+01  0.91365427E+01
  0.30506663E+01  0.92367698E+01
  0.30792925E+01  0.93459902E+01
  0.31079186E+01  0.94633245E+01
  0.31365447E+01  0.95878281E+01
  0.31651709E+01  0.97184984E+01
  0.31937970E+01  0.98542835E+01
  0.32224231E+01  0.99940900E+01
  0.32510493E+01  0.10136792E+02
  0.32796754E+01  0.10281242E+02
  0.33083015E+01  0.10426275E+02
  0.33369277E+01  0.10570724E+02
  0.33655538E+01  0.10713426E+02
  0.33941799E+01  0.10853232E+02
  0.34228061E+01  0.10989017E+02
  0.34514322E+01  0.11119687E+02
  0.34800583E+01  0.11244191E+02
  0.35086845E+01  0.11361525E+02
  0.35373106E+01  0.11470745E+02
  0.35659367E+01  0.11570971E+02
  0.35945629E+01  0.11661398E+02
  0.36231890E+01  0.11741296E+02
  0.36518151E+01  0.11810022E+02
  0.36804413E+01  0.11867024E+02
  0.37090674E+01  0.11911841E+02
  0.37376935E+01  0.11944114E+02
  0.37663196E+01  0.11963582E+02
  0.37949458E+01  0.11970089E+02
  0.38241622E+01  0.11977628E+02
  0.38533786E+01  0.12000265E+02
  0.38825951E+01  0.12038034E+02
  0.39118115E+01  0.12090978E+02
  0.39410279E+01  0.12159106E+02
  0.39702443E+01  0.12242369E+02
  0.39994608E+01  0.12340612E+02
  0.40286772E+01  0.12453549E+02
  0.40578936E+01  0.12580729E+02
  0.40871100E+01  0.12721528E+02
  0.41163264E+01  0.12875134E+02
  0.41455429E+01  0.13040562E+02
  0.41747593E+01  0.13216657E+02
  0.42039757E+01  0.13402121E+02
  0.42331921E+01  0.13595531E+02
  0.42624086E+01  0.13795366E+02
  0.42916250E+01  0.14000033E+02
  0.43208414E+01  0.14207889E+02
  0.43500578E+01  0.14417266E+02
  0.43792743E+01  0.14626491E+02
  0.44084907E+01  0.14833904E+02
  0.44377071E+01  0.15037881E+02
  0.44669235E+01  0.15236839E+02
  0.44961400E+01  0.15429262E+02
  0.45253564E+01  0.15613702E+02
  0.45545728E+01  0.15788797E+02
  0.45837892E+01  0.15953279E+02
  0.46130057E+01  0.16105448E+02
  0.46419284E+01  0.16106445E+02
  0.46708512E+01  0.16109402E+02
  0.46997740E+01  0.16114217E+02
  0.47286968E+01  0.16120725E+02
  0.47576196E+01  0.16128712E+02
  0.47865424E+01  0.16137919E+02
  0.48154652E+01  0.16148061E+02
  0.48443879E+01  0.16158839E+02
  0.48733107E+01  0.16169949E+02
  0.49022335E+01  0.16181097E+02
  0.49311563E+01  0.16192003E+02
  0.49600791E+01  0.16202414E+02
  0.49890019E+01  0.16212102E+02
  0.50179246E+01  0.16220871E+02
  0.50468474E+01  0.16228554E+02
  0.50757702E+01  0.16235015E+02
  0.51046930E+01  0.16240146E+02
  0.51336158E+01  0.16243867E+02
  0.51625386E+01  0.16246122E+02
  0.51914614E+01  0.16246878E+02
  
  0.00000000E+00  0.94921121E+01
  0.28922784E-01  0.94925366E+01
  0.57845569E-01  0.94937500E+01
  0.86768353E-01  0.94955739E+01
  0.11569114E+00  0.94977154E+01
  0.14461392E+00  0.94997750E+01
  0.17353671E+00  0.95012560E+01
  0.20245949E+00  0.95015769E+01
  0.23138228E+00  0.95517981E+01
  0.26030506E+00  0.97558021E+01
  0.28922784E+00  0.99779512E+01
  0.31815063E+00  0.10216469E+02
  0.34707341E+00  0.10469479E+02
  0.37599620E+00  0.10735024E+02
  0.40491898E+00  0.11011091E+02
  0.43384177E+00  0.11295630E+02
  0.46276455E+00  0.11586576E+02
  0.49168734E+00  0.11881870E+02
  0.52061012E+00  0.12179480E+02
  0.54953290E+00  0.12477414E+02
  0.57845569E+00  0.12773740E+02
  0.60737847E+00  0.13066599E+02
  0.63630126E+00  0.13354218E+02
  0.66522404E+00  0.13634918E+02
  0.69414683E+00  0.13907126E+02
  0.72306961E+00  0.14169375E+02
  0.75199240E+00  0.14420313E+02
  0.78091518E+00  0.14658705E+02
  0.80983796E+00  0.14883427E+02
  0.83876075E+00  0.15093471E+02
  0.86768353E+00  0.15287939E+02
  0.89660632E+00  0.15466038E+02
  0.92552910E+00  0.15627076E+02
  0.95445189E+00  0.15770458E+02
  0.98337467E+00  0.15895675E+02
  0.10122975E+01  0.16002305E+02
  0.10412202E+01  0.16089998E+02
  0.10701430E+01  0.16158481E+02
  0.10990658E+01  0.16207542E+02
  0.11279886E+01  0.16237037E+02
  0.11569114E+01  0.16246878E+02
  0.11861278E+01  0.16253762E+02
  0.12153442E+01  0.16274209E+02
  0.12445607E+01  0.16307610E+02
  0.12737771E+01  0.16352975E+02
  0.13029935E+01  0.16408967E+02
  0.13322099E+01  0.16473944E+02
  0.13614263E+01  0.16546008E+02
  0.13906428E+01  0.16623060E+02
  0.14198592E+01  0.16702851E+02
  0.14490756E+01  0.16783035E+02
  0.14782920E+01  0.16861216E+02
  0.15075085E+01  0.16934996E+02
  0.15367249E+01  0.17002009E+02
  0.15659413E+01  0.17059961E+02
  0.15659413E+01  0.17059958E+02
  0.15951577E+01  0.17106657E+02
  0.16243742E+01  0.17140043E+02
  0.16535906E+01  0.17158205E+02
  0.16828070E+01  0.17159412E+02
  0.17120234E+01  0.17142122E+02
  0.17412399E+01  0.17105007E+02
  0.17704563E+01  0.17046956E+02
  0.17996727E+01  0.16967097E+02
  0.18288891E+01  0.16864796E+02
  0.18581056E+01  0.16739670E+02
  0.18873220E+01  0.16591590E+02
  0.19165384E+01  0.16420681E+02
  0.19457548E+01  0.16227325E+02
  0.19749713E+01  0.16012156E+02
  0.20041877E+01  0.15776055E+02
  0.20334041E+01  0.15520147E+02
  0.20626205E+01  0.15245788E+02
  0.20918370E+01  0.14954554E+02
  0.21210534E+01  0.14648230E+02
  0.21502698E+01  0.14328792E+02
  0.21794862E+01  0.13998393E+02
  0.22087027E+01  0.13659343E+02
  0.22379191E+01  0.13314092E+02
  0.22671355E+01  0.12965208E+02
  0.22963519E+01  0.12615360E+02
  0.23255683E+01  0.12267303E+02
  0.23547848E+01  0.11923863E+02
  0.23840012E+01  0.11587933E+02
  0.24132176E+01  0.11262489E+02
  0.24424340E+01  0.10950626E+02
  0.24716505E+01  0.10655672E+02
  0.25008669E+01  0.10381416E+02
  0.25300833E+01  0.10132619E+02
  0.25592997E+01  0.99159850E+01
  0.25885162E+01  0.97412964E+01
  0.26177326E+01  0.96190267E+01
  0.26469490E+01  0.95489299E+01
  0.26761654E+01  0.95151784E+01
  0.27053819E+01  0.95005325E+01
  0.27345983E+01  0.94946745E+01
  0.27638147E+01  0.94925985E+01
  0.27930311E+01  0.94921121E+01
  0.28216573E+01  0.94925932E+01
  0.28502834E+01  0.94947879E+01
  0.28789095E+01  0.95011686E+01
  0.29075357E+01  0.95165440E+01
  0.29361618E+01  0.95486747E+01
  0.29647879E+01  0.96074079E+01
  0.29934141E+01  0.97006691E+01
  0.30220402E+01  0.98301960E+01
  0.30506663E+01  0.99923142E+01
  0.30792925E+01  0.10181658E+02
  0.31079186E+01  0.10393343E+02
  0.31365447E+01  0.10623355E+02
  0.31651709E+01  0.10868337E+02
  0.31937970E+01  0.11125338E+02
  0.32224231E+01  0.11391638E+02
  0.32510493E+01  0.11664654E+02
  0.32796754E+01  0.11941880E+02
  0.33083015E+01  0.12220863E+02
  0.33369277E+01  0.12499197E+02
  0.33655538E+01  0.12774522E+02
  0.33941799E+01  0.13044529E+02
  0.34228061E+01  0.13306975E+02
  0.34514322E+01  0.13559691E+02
  0.34800583E+01  0.13800600E+02
  0.35086845E+01  0.14027728E+02
  0.35373106E+01  0.14239217E+02
  0.35659367E+01  0.14433343E+02
  0.35945629E+01  0.14608525E+02
  0.36231890E+01  0.14763337E+02
  0.36518151E+01  0.14896520E+02
  0.36804413E+01  0.15006995E+02
  0.37090674E+01  0.15093863E+02
  0.37376935E+01  0.15156419E+02
  0.37663196E+01  0.15194157E+02
  0.37949458E+01  0.15206771E+02
  0.38241622E+01  0.15224764E+02
  0.38533786E+01  0.15276912E+02
  0.38825951E+01  0.15358337E+02
  0.39118115E+01  0.15462517E+02
  0.39410279E+01  0.15582660E+02
  0.39702443E+01  0.15712563E+02
  0.39994608E+01  0.15846955E+02
  0.40286772E+01  0.15981511E+02
  0.40578936E+01  0.16112731E+02
  0.40871100E+01  0.16237789E+02
  0.41163264E+01  0.16354385E+02
  0.41455429E+01  0.16460641E+02
  0.41747593E+01  0.16555011E+02
  0.42039757E+01  0.16636221E+02
  0.42331921E+01  0.16703225E+02
  0.42624086E+01  0.16755173E+02
  0.42916250E+01  0.16791391E+02
  0.43208414E+01  0.16811365E+02
  0.43500578E+01  0.16814731E+02
  0.43792743E+01  0.16801268E+02
  0.44084907E+01  0.16770895E+02
  0.44377071E+01  0.16723666E+02
  0.44669235E+01  0.16659769E+02
  0.44961400E+01  0.16579525E+02
  0.45253564E+01  0.16483384E+02
  0.45545728E+01  0.16371925E+02
  0.45837892E+01  0.16245852E+02
  0.46130057E+01  0.16106524E+02
  0.46419284E+01  0.16107514E+02
  0.46708512E+01  0.16110449E+02
  0.46997740E+01  0.16115229E+02
  0.47286968E+01  0.16121690E+02
  0.47576196E+01  0.16129618E+02
  0.47865424E+01  0.16138757E+02
  0.48154652E+01  0.16148824E+02
  0.48443879E+01  0.16159522E+02
  0.48733107E+01  0.16170548E+02
  0.49022335E+01  0.16181612E+02
  0.49311563E+01  0.16192435E+02
  0.49600791E+01  0.16202766E+02
  0.49890019E+01  0.16212379E+02
  0.50179246E+01  0.16221079E+02
  0.50468474E+01  0.16228702E+02
  0.50757702E+01  0.16235111E+02
  0.51046930E+01  0.16240202E+02
  0.51336158E+01  0.16243893E+02
  0.51625386E+01  0.16246129E+02
  0.51914614E+01  0.16246878E+02
  
