
     Program POST-PROC v.2.1    starts ...
     Today is 20Aug2004 at 15:20:33 

     Reading file quartz.save ... 
     read complete

     Reading file quartz.save ... 
     read complete

     nbndx  =    24  nbnd   =    24  natomwfc =    36  npwx   =    9229
     nelec  =   48.00 nkb   =     9  ngl    =    5892
 N_AEwfc atom           1 :           4
 N_AEwfc atom           2 :           4
 
 Si   1  efgr_el -0.015812 -0.046640  0.012527
 Si   1  efgr_el -0.046640  0.038043  0.007233
 Si   1  efgr_el  0.012527  0.007233 -0.022231
 
 Si   2  efgr_el -0.015812  0.046640 -0.012527
 Si   2  efgr_el  0.046640  0.038043  0.007233
 Si   2  efgr_el -0.012527  0.007233 -0.022231
 
 Si   3  efgr_el  0.064970  0.000000  0.000000
 Si   3  efgr_el  0.000000 -0.042739 -0.014465
 Si   3  efgr_el  0.000000 -0.014465 -0.022231
 
 O    4  efgr_el  0.025159 -0.053333  0.029984
 O    4  efgr_el -0.053333 -0.024645  0.042629
 O    4  efgr_el  0.029984  0.042629 -0.000514
 
 O    5  efgr_el -0.058381  0.005101 -0.051909
 O    5  efgr_el  0.005101  0.058895  0.004653
 O    5  efgr_el -0.051909  0.004653 -0.000514
 
 O    6  efgr_el  0.033994  0.048232  0.021925
 O    6  efgr_el  0.048232 -0.033480 -0.047281
 O    6  efgr_el  0.021925 -0.047281 -0.000514
 
 O    7  efgr_el  0.025159  0.053333 -0.029984
 O    7  efgr_el  0.053333 -0.024645  0.042629
 O    7  efgr_el -0.029984  0.042629 -0.000514
 
 O    8  efgr_el -0.058381 -0.005101  0.051909
 O    8  efgr_el -0.005101  0.058895  0.004653
 O    8  efgr_el  0.051909  0.004653 -0.000514
 
 O    9  efgr_el  0.033994 -0.048232 -0.021925
 O    9  efgr_el -0.048232 -0.033480 -0.047281
 O    9  efgr_el -0.021925 -0.047281 -0.000514
 
 Si   1  efg_ion  0.013301  0.040675 -0.011901
 Si   1  efg_ion  0.040675 -0.033666 -0.006871
 Si   1  efg_ion -0.011901 -0.006871  0.020365
 
 Si   2  efg_ion  0.013301 -0.040675  0.011901
 Si   2  efg_ion -0.040675 -0.033666 -0.006871
 Si   2  efg_ion  0.011901 -0.006871  0.020365
 
 Si   3  efg_ion -0.057150  0.000000  0.000000
 Si   3  efg_ion  0.000000  0.036785  0.013742
 Si   3  efg_ion  0.000000  0.013742  0.020365
 
 O    4  efg_ion -0.141457  0.279806 -0.289680
 O    4  efg_ion  0.279806  0.134897 -0.327249
 O    4  efg_ion -0.289680 -0.327249  0.006559
 
 O    5  efg_ion  0.308128 -0.020238  0.428246
 O    5  efg_ion -0.020238 -0.314687 -0.087246
 O    5  efg_ion  0.428246 -0.087246  0.006559
 
 O    6  efg_ion -0.176510 -0.259568 -0.138566
 O    6  efg_ion -0.259568  0.169951  0.414495
 O    6  efg_ion -0.138566  0.414495  0.006559
 
 O    7  efg_ion -0.141457 -0.279806  0.289680
 O    7  efg_ion -0.279806  0.134897 -0.327249
 O    7  efg_ion  0.289680 -0.327249  0.006559
 
 O    8  efg_ion  0.308128  0.020238 -0.428246
 O    8  efg_ion  0.020238 -0.314687 -0.087246
 O    8  efg_ion -0.428246 -0.087246  0.006559
 
 O    9  efg_ion -0.176510  0.259568  0.138566
 O    9  efg_ion  0.259568  0.169951  0.414495
 O    9  efg_ion  0.138566  0.414495  0.006559
 
 Si   1  efg_corr -0.027723 -0.060039  0.016676
 Si   1  efg_corr -0.060039  0.041604  0.009628
 Si   1  efg_corr  0.016676  0.009628 -0.013880
 
 Si   2  efg_corr -0.027723  0.060039 -0.016676
 Si   2  efg_corr  0.060039  0.041604  0.009628
 Si   2  efg_corr -0.016676  0.009628 -0.013880
 
 Si   3  efg_corr  0.076267  0.000000  0.000000
 Si   3  efg_corr  0.000000 -0.062387 -0.019256
 Si   3  efg_corr  0.000000 -0.019256 -0.013880
 
 O    4  efg_corr -0.105077  0.208138 -0.236244
 O    4  efg_corr  0.208138  0.098892 -0.260924
 O    4  efg_corr -0.236244 -0.260924  0.006185
 
 O    5  efg_corr  0.228152 -0.015748  0.344089
 O    5  efg_corr -0.015748 -0.234337 -0.074131
 O    5  efg_corr  0.344089 -0.074131  0.006185
 
 O    6  efg_corr -0.132353 -0.192390 -0.107845
 O    6  efg_corr -0.192390  0.126167  0.335055
 O    6  efg_corr -0.107845  0.335055  0.006185
 
 O    7  efg_corr -0.105077 -0.208138  0.236244
 O    7  efg_corr -0.208138  0.098892 -0.260924
 O    7  efg_corr  0.236244 -0.260924  0.006185
 
 O    8  efg_corr  0.228152  0.015748 -0.344089
 O    8  efg_corr  0.015748 -0.234337 -0.074131
 O    8  efg_corr -0.344089 -0.074131  0.006185
 
 O    9  efg_corr -0.132353  0.192390  0.107845
 O    9  efg_corr  0.192390  0.126167  0.335055
 O    9  efg_corr  0.107845  0.335055  0.006185
 
 Si   1  efg -0.030234 -0.066004  0.017302
 Si   1  efg -0.066004  0.045981  0.009989
 Si   1  efg  0.017302  0.009989 -0.015747
 
 Si    1     Q=  0.00 10e-30 m^2      Cq=   0.0000 MHz     eta=  0.78550
 
 Si   2  efg -0.030234  0.066004 -0.017302
 Si   2  efg  0.066004  0.045981  0.009989
 Si   2  efg -0.017302  0.009989 -0.015747
 
 Si    2     Q=  0.00 10e-30 m^2      Cq=   0.0000 MHz     eta=  0.78550
 
 Si   3  efg  0.084088  0.000000  0.000000
 Si   3  efg  0.000000 -0.068341 -0.019979
 Si   3  efg  0.000000 -0.019979 -0.015747
 
 Si    3     Q=  0.00 10e-30 m^2      Cq=   0.0000 MHz     eta=  0.78550
 
 O    4  efg -0.221375  0.434611 -0.495940
 O    4  efg  0.434611  0.209144 -0.545544
 O    4  efg -0.495940 -0.545544  0.012231
 
 O     4     Q=  2.55 10e-30 m^2      Cq=   6.0597 MHz     eta=  0.21437
 
 O    5  efg  0.477898 -0.030885  0.720425
 O    5  efg -0.030885 -0.490129 -0.156725
 O    5  efg  0.720425 -0.156725  0.012231
 
 O     5     Q=  2.55 10e-30 m^2      Cq=   6.0597 MHz     eta=  0.21437
 
 O    6  efg -0.274870 -0.403726 -0.224485
 O    6  efg -0.403726  0.262639  0.702269
 O    6  efg -0.224485  0.702269  0.012231
 
 O     6     Q=  2.55 10e-30 m^2      Cq=   6.0597 MHz     eta=  0.21437
 
 O    7  efg -0.221375 -0.434611  0.495940
 O    7  efg -0.434611  0.209144 -0.545544
 O    7  efg  0.495940 -0.545544  0.012231
 
 O     7     Q=  2.55 10e-30 m^2      Cq=   6.0597 MHz     eta=  0.21437
 
 O    8  efg  0.477898  0.030885 -0.720425
 O    8  efg  0.030885 -0.490129 -0.156725
 O    8  efg -0.720425 -0.156725  0.012231
 
 O     8     Q=  2.55 10e-30 m^2      Cq=   6.0597 MHz     eta=  0.21437
 
 O    9  efg -0.274870  0.403726  0.224485
 O    9  efg  0.403726  0.262639  0.702269
 O    9  efg  0.224485  0.702269  0.012231
 
 O     9     Q=  2.55 10e-30 m^2      Cq=   6.0597 MHz     eta=  0.21437
 
