
     Program GIPAW     v.3.2cvs starts ...
     Today is 31Mar2007 at 15: 8:25 

     nbndx  =     6  nbnd   =     6  natomwfc =    34  npwx   =    4794
     nelec  =  12.00  nkb   =    28  ngl    =     368
 ZZZ:    1.23000000000000       0.820000000000000              720         688
 ZZZ:    1.23000000000000       0.820000000000000              720         688
 ZZZ:    1.23000000000000       0.820000000000000              720         688
 ZZZ:   0.500000000000000       0.333333333333333              505         473
 ZZZ:   0.500000000000000       0.333333333333333              505         473
