
     Program GIPAW     v.3.2cvs starts ...
     Today is 13Jul2007 at 12:12:29 
 ZZZ:    2.00000000000000        1.33333333333333              827         795
 ZZZ:    2.00000000000000        1.33333333333333              827         795
 ZZZ:    2.00000000000000        1.33333333333333              827         795
 ZZZ:    2.00000000000000        1.33333333333333              827         795
 ZZZ:    2.00000000000000        1.33333333333333              827         795
 ZZZ:    2.00000000000000        1.33333333333333              827         795

     init_paw_1: projectors nearly linearly dependent:
     ntyp =  1, l/n1/n2 =  0 2 1 -0.98731817
     init_paw_1: projectors nearly linearly dependent:
     ntyp =  1, l/n1/n2 =  1 2 1  0.99854222
     init_paw_1: projectors nearly linearly dependent:
     ntyp =  1, l/n1/n2 =  2 2 1  0.99998247
 ZZZ:    1.45000000000000       0.966666666666667              757         724
 ZZZ:    1.45000000000000       0.966666666666667              757         724
 ZZZ:    1.45000000000000       0.966666666666667              757         724
 ZZZ:    1.45000000000000       0.966666666666667              757         724
     init_paw_1: projectors nearly linearly dependent:
     ntyp =  2, l/n1/n2 =  0 2 1 -0.97933034
     init_paw_1: projectors nearly linearly dependent:
     ntyp =  2, l/n1/n2 =  1 2 1 -0.99382826

     GIPAW        :     2.30s CPU time,    3.17s wall time



 Si   1  efgr_el -0.016452 -0.048456  0.013045
 Si   1  efgr_el -0.048456  0.039501  0.007532
 Si   1  efgr_el  0.013045  0.007532 -0.023049


 Si   2  efgr_el -0.016452  0.048456 -0.013045
 Si   2  efgr_el  0.048456  0.039501  0.007532
 Si   2  efgr_el -0.013045  0.007532 -0.023049


 Si   3  efgr_el  0.067477  0.000000  0.000000
 Si   3  efgr_el  0.000000 -0.044428 -0.015063
 Si   3  efgr_el  0.000000 -0.015063 -0.023049


 O    4  efgr_el  0.040269 -0.078544  0.059683
 O    4  efgr_el -0.078544 -0.039477  0.072416
 O    4  efgr_el  0.059683  0.072416 -0.000792


 O    5  efgr_el -0.087562  0.004741 -0.092555
 O    5  efgr_el  0.004741  0.088354  0.015479
 O    5  efgr_el -0.092555  0.015479 -0.000792


 O    6  efgr_el  0.048481  0.073803  0.032872
 O    6  efgr_el  0.073803 -0.047689 -0.087895
 O    6  efgr_el  0.032872 -0.087895 -0.000792


 O    7  efgr_el  0.040269  0.078544 -0.059683
 O    7  efgr_el  0.078544 -0.039477  0.072416
 O    7  efgr_el -0.059683  0.072416 -0.000792


 O    8  efgr_el -0.087562 -0.004741  0.092555
 O    8  efgr_el -0.004741  0.088354  0.015479
 O    8  efgr_el  0.092555  0.015479 -0.000792


 O    9  efgr_el  0.048481 -0.073803 -0.032872
 O    9  efgr_el -0.073803 -0.047689 -0.087895
 O    9  efgr_el -0.032872 -0.087895 -0.000792


 Si   1  efg_ion  0.013301  0.040675 -0.011901
 Si   1  efg_ion  0.040675 -0.033666 -0.006871
 Si   1  efg_ion -0.011901 -0.006871  0.020365


 Si   2  efg_ion  0.013301 -0.040675  0.011901
 Si   2  efg_ion -0.040675 -0.033666 -0.006871
 Si   2  efg_ion  0.011901 -0.006871  0.020365


 Si   3  efg_ion -0.057150  0.000000  0.000000
 Si   3  efg_ion  0.000000  0.036785  0.013742
 Si   3  efg_ion  0.000000  0.013742  0.020365


 O    4  efg_ion -0.141457  0.279806 -0.289680
 O    4  efg_ion  0.279806  0.134897 -0.327249
 O    4  efg_ion -0.289680 -0.327249  0.006559


 O    5  efg_ion  0.308128 -0.020238  0.428246
 O    5  efg_ion -0.020238 -0.314687 -0.087246
 O    5  efg_ion  0.428246 -0.087246  0.006559


 O    6  efg_ion -0.176510 -0.259568 -0.138566
 O    6  efg_ion -0.259568  0.169951  0.414495
 O    6  efg_ion -0.138566  0.414495  0.006559


 O    7  efg_ion -0.141457 -0.279806  0.289680
 O    7  efg_ion -0.279806  0.134897 -0.327249
 O    7  efg_ion  0.289680 -0.327249  0.006559


 O    8  efg_ion  0.308128  0.020238 -0.428246
 O    8  efg_ion  0.020238 -0.314687 -0.087246
 O    8  efg_ion -0.428246 -0.087246  0.006559


 O    9  efg_ion -0.176510  0.259568  0.138566
 O    9  efg_ion  0.259568  0.169951  0.414495
 O    9  efg_ion  0.138566  0.414495  0.006559


 WARNING: rho_diff zero!
 TMPTMPTMP:    48.0000000000000     
 Si   1  efg_corr -0.046539 -0.106490  0.025625
 Si   1  efg_corr -0.106490  0.076426  0.014795
 Si   1  efg_corr  0.025625  0.014795 -0.029887


 Si   2  efg_corr -0.046539  0.106490 -0.025625
 Si   2  efg_corr  0.106490  0.076426  0.014795
 Si   2  efg_corr -0.025625  0.014795 -0.029887


 Si   3  efg_corr  0.137908  0.000000  0.000000
 Si   3  efg_corr  0.000000 -0.108021 -0.029589
 Si   3  efg_corr  0.000000 -0.029589 -0.029887


 O    4  efg_corr -0.185196  0.377060 -0.424663
 O    4  efg_corr  0.377060  0.173479 -0.475757
 O    4  efg_corr -0.424663 -0.475757  0.011717


 O    5  efg_corr  0.410354 -0.033219  0.624349
 O    5  efg_corr -0.033219 -0.422071 -0.129891
 O    5  efg_corr  0.624349 -0.129891  0.011717


 O    6  efg_corr -0.242734 -0.343841 -0.199686
 O    6  efg_corr -0.343841  0.231017  0.605648
 O    6  efg_corr -0.199686  0.605648  0.011717


 O    7  efg_corr -0.185196 -0.377060  0.424663
 O    7  efg_corr -0.377060  0.173479 -0.475757
 O    7  efg_corr  0.424663 -0.475757  0.011717


 O    8  efg_corr  0.410354  0.033219 -0.624349
 O    8  efg_corr  0.033219 -0.422071 -0.129891
 O    8  efg_corr -0.624349 -0.129891  0.011717


 O    9  efg_corr -0.242734  0.343841  0.199686
 O    9  efg_corr  0.343841  0.231017  0.605648
 O    9  efg_corr  0.199686  0.605648  0.011717


 Si   1  efg -0.049689 -0.114272  0.026769
 Si   1  efg -0.114272  0.082261  0.015455
 Si   1  efg  0.026769  0.015455 -0.032572


 Si    1     Q=  0.00 10e-30 m^2      Cq=   0.0000 MHz     eta=  0.69866


 Si   2  efg -0.049689  0.114272 -0.026769
 Si   2  efg  0.114272  0.082261  0.015455
 Si   2  efg -0.026769  0.015455 -0.032572


 Si    2     Q=  0.00 10e-30 m^2      Cq=   0.0000 MHz     eta=  0.69866


 Si   3  efg  0.148236  0.000000  0.000000
 Si   3  efg  0.000000 -0.115664 -0.030910
 Si   3  efg  0.000000 -0.030910 -0.032572


 Si    3     Q=  0.00 10e-30 m^2      Cq=   0.0000 MHz     eta=  0.69866


 O    4  efg -0.286384  0.578322 -0.654661
 O    4  efg  0.578322  0.268899 -0.730590
 O    4  efg -0.654661 -0.730590  0.017484


 O     4     Q=  2.55 10e-30 m^2      Cq=   8.0566 MHz     eta=  0.19957


 O    5  efg  0.630920 -0.048717  0.960040
 O    5  efg -0.048717 -0.648405 -0.201658
 O    5  efg  0.960040 -0.201658  0.017484


 O     5     Q=  2.55 10e-30 m^2      Cq=   8.0566 MHz     eta=  0.19957


 O    6  efg -0.370763 -0.529606 -0.305379
 O    6  efg -0.529606  0.353279  0.932248
 O    6  efg -0.305379  0.932248  0.017484


 O     6     Q=  2.55 10e-30 m^2      Cq=   8.0566 MHz     eta=  0.19957


 O    7  efg -0.286384 -0.578322  0.654661
 O    7  efg -0.578322  0.268899 -0.730590
 O    7  efg  0.654661 -0.730590  0.017484


 O     7     Q=  2.55 10e-30 m^2      Cq=   8.0566 MHz     eta=  0.19957


 O    8  efg  0.630920  0.048717 -0.960040
 O    8  efg  0.048717 -0.648405 -0.201658
 O    8  efg -0.960040 -0.201658  0.017484


 O     8     Q=  2.55 10e-30 m^2      Cq=   8.0566 MHz     eta=  0.19957


 O    9  efg -0.370763  0.529606  0.305379
 O    9  efg  0.529606  0.353279  0.932248
 O    9  efg  0.305379  0.932248  0.017484


 O     9     Q=  2.55 10e-30 m^2      Cq=   8.0566 MHz     eta=  0.19957


 
     GIPAW        :     4.26s CPU time,    5.85s wall time

     INITIALIZATION: 
     gipaw_setup  :     0.92s CPU
 
 
 
 
 
      General routines
     ccalbec      :     0.41s CPU (       3 calls,   0.136 s avg)
     cft3         :     0.21s CPU (      12 calls,   0.017 s avg)
     davcio       :     0.00s CPU (       3 calls,   0.000 s avg)
 
