
     Program GIPAW     v.4.0    starts ...
     Today is 29Apr2008 at 13:27:15 
 ZZZ:    2.00000000000000        1.33333333333333              827         795
 ZZZ:    2.00000000000000        1.33333333333333              827         795
 ZZZ:    2.00000000000000        1.33333333333333              827         795
 ZZZ:    2.00000000000000        1.33333333333333              827         795
 ZZZ:    2.00000000000000        1.33333333333333              827         795
 ZZZ:    2.00000000000000        1.33333333333333              827         795

     init_gipaw_1: projectors nearly linearly dependent:
     ntyp =  1, l/n1/n2 =  1 2 1  0.99854222
     init_gipaw_1: projectors nearly linearly dependent:
     ntyp =  1, l/n1/n2 =  2 2 1  0.99998247
 ZZZ:    1.45000000000000       0.966666666666667              757         724
 ZZZ:    1.45000000000000       0.966666666666667              757         724
 ZZZ:    1.45000000000000       0.966666666666667              757         724
 ZZZ:    1.45000000000000       0.966666666666667              757         724
     init_gipaw_1: projectors nearly linearly dependent:
     ntyp =  2, l/n1/n2 =  1 2 1 -0.99382826


NMR: species Si, contribution to shift due to core =  834.662
NMR: species O, contribution to shift due to core =  270.669

     GIPAW        :     1.17s CPU time,    1.23s wall time



 Si   1  efgr_el -0.016451 -0.048455  0.013045
 Si   1  efgr_el -0.048455  0.039500  0.007532
 Si   1  efgr_el  0.013045  0.007532 -0.023049


 Si   2  efgr_el -0.016451  0.048455 -0.013045
 Si   2  efgr_el  0.048455  0.039500  0.007532
 Si   2  efgr_el -0.013045  0.007532 -0.023049


 Si   3  efgr_el  0.067475  0.000000  0.000000
 Si   3  efgr_el  0.000000 -0.044426 -0.015063
 Si   3  efgr_el  0.000000 -0.015063 -0.023049


 O    4  efgr_el  0.040270 -0.078545  0.059683
 O    4  efgr_el -0.078545 -0.039477  0.072417
 O    4  efgr_el  0.059683  0.072417 -0.000793


 O    5  efgr_el -0.087562  0.004741 -0.092556
 O    5  efgr_el  0.004741  0.088355  0.015478
 O    5  efgr_el -0.092556  0.015478 -0.000793


 O    6  efgr_el  0.048481  0.073804  0.032873
 O    6  efgr_el  0.073804 -0.047688 -0.087895
 O    6  efgr_el  0.032873 -0.087895 -0.000793


 O    7  efgr_el  0.040270  0.078545 -0.059683
 O    7  efgr_el  0.078545 -0.039477  0.072417
 O    7  efgr_el -0.059683  0.072417 -0.000793


 O    8  efgr_el -0.087562 -0.004741  0.092556
 O    8  efgr_el -0.004741  0.088355  0.015478
 O    8  efgr_el  0.092556  0.015478 -0.000793


 O    9  efgr_el  0.048481 -0.073804 -0.032873
 O    9  efgr_el -0.073804 -0.047688 -0.087895
 O    9  efgr_el -0.032873 -0.087895 -0.000793


 Si   1  efg_ion  0.013301  0.040675 -0.011901
 Si   1  efg_ion  0.040675 -0.033666 -0.006871
 Si   1  efg_ion -0.011901 -0.006871  0.020365


 Si   2  efg_ion  0.013301 -0.040675  0.011901
 Si   2  efg_ion -0.040675 -0.033666 -0.006871
 Si   2  efg_ion  0.011901 -0.006871  0.020365


 Si   3  efg_ion -0.057150  0.000000  0.000000
 Si   3  efg_ion  0.000000  0.036785  0.013742
 Si   3  efg_ion  0.000000  0.013742  0.020365


 O    4  efg_ion -0.141457  0.279806 -0.289680
 O    4  efg_ion  0.279806  0.134897 -0.327249
 O    4  efg_ion -0.289680 -0.327249  0.006559


 O    5  efg_ion  0.308128 -0.020238  0.428246
 O    5  efg_ion -0.020238 -0.314687 -0.087246
 O    5  efg_ion  0.428246 -0.087246  0.006559


 O    6  efg_ion -0.176510 -0.259568 -0.138566
 O    6  efg_ion -0.259568  0.169951  0.414495
 O    6  efg_ion -0.138566  0.414495  0.006559


 O    7  efg_ion -0.141457 -0.279806  0.289680
 O    7  efg_ion -0.279806  0.134897 -0.327249
 O    7  efg_ion  0.289680 -0.327249  0.006559


 O    8  efg_ion  0.308128  0.020238 -0.428246
 O    8  efg_ion  0.020238 -0.314687 -0.087246
 O    8  efg_ion -0.428246 -0.087246  0.006559


 O    9  efg_ion -0.176510  0.259568  0.138566
 O    9  efg_ion  0.259568  0.169951  0.414495
 O    9  efg_ion  0.138566  0.414495  0.006559


 Si   1  efg_corr -0.116198 -0.274878  0.065940
 Si   1  efg_corr -0.274878  0.201203  0.038071
 Si   1  efg_corr  0.065940  0.038071 -0.085005


 Si   2  efg_corr -0.116198  0.274878 -0.065940
 Si   2  efg_corr  0.274878  0.201203  0.038071
 Si   2  efg_corr -0.065940  0.038071 -0.085005


 Si   3  efg_corr  0.359904  0.000000  0.000000
 Si   3  efg_corr  0.000000 -0.274899 -0.076141
 Si   3  efg_corr  0.000000 -0.076141 -0.085005


 O    4  efg_corr -0.012083  0.029304 -0.026555
 O    4  efg_corr  0.029304  0.010635 -0.031235
 O    4  efg_corr -0.026555 -0.031235  0.001448


 O    5  efg_corr  0.030333 -0.004815  0.040328
 O    5  efg_corr -0.004815 -0.031781 -0.007379
 O    5  efg_corr  0.040328 -0.007379  0.001448


 O    6  efg_corr -0.020422 -0.024489 -0.013773
 O    6  efg_corr -0.024489  0.018975  0.038615
 O    6  efg_corr -0.013773  0.038615  0.001448


 O    7  efg_corr -0.012083 -0.029304  0.026555
 O    7  efg_corr -0.029304  0.010635 -0.031235
 O    7  efg_corr  0.026555 -0.031235  0.001448


 O    8  efg_corr  0.030333  0.004815 -0.040328
 O    8  efg_corr  0.004815 -0.031781 -0.007379
 O    8  efg_corr -0.040328 -0.007379  0.001448


 O    9  efg_corr -0.020422  0.024489  0.013773
 O    9  efg_corr  0.024489  0.018975  0.038615
 O    9  efg_corr  0.013773  0.038615  0.001448


Total EFG calculation:

 Si   1  efg -0.026869 -0.063889  0.014604
 Si   1  efg -0.063889  0.046904  0.008432
 Si   1  efg  0.014604  0.008432 -0.020036


 Si    1     eig=   0.083791    -0.014287    -0.069503
 Si    1     Q=  0.00 10e-30 m^2      Cq=   0.0000 MHz     eta=  0.65898


 Si   2  efg -0.026869  0.063889 -0.014604
 Si   2  efg  0.063889  0.046904  0.008432
 Si   2  efg -0.014604  0.008432 -0.020036


 Si    2     eig=   0.083791    -0.014287    -0.069503
 Si    2     Q=  0.00 10e-30 m^2      Cq=   0.0000 MHz     eta=  0.65898


 Si   3  efg  0.083791  0.000000  0.000000
 Si   3  efg  0.000000 -0.063755 -0.016863
 Si   3  efg  0.000000 -0.016863 -0.020036


 Si    3     eig=   0.083791    -0.014287    -0.069503
 Si    3     Q=  0.00 10e-30 m^2      Cq=   0.0000 MHz     eta=  0.65898


 O    4  efg -0.103653  0.207243 -0.235418
 O    4  efg  0.207243  0.097591 -0.261208
 O    4  efg -0.235418 -0.261208  0.006062


 O     4     eig=   0.482086    -0.191565    -0.290520
 O     4     Q=  2.55 10e-30 m^2      Cq=   2.8884 MHz     eta=  0.20526


 O    5  efg  0.226757 -0.016481  0.343921
 O    5  efg -0.016481 -0.232820 -0.073274
 O    5  efg  0.343921 -0.073274  0.006062


 O     5     eig=   0.482086    -0.191565    -0.290520
 O     5     Q=  2.55 10e-30 m^2      Cq=   2.8884 MHz     eta=  0.20526


 O    6  efg -0.132198 -0.190762 -0.108503
 O    6  efg -0.190762  0.126136  0.334482
 O    6  efg -0.108503  0.334482  0.006062


 O     6     eig=   0.482086    -0.191565    -0.290520
 O     6     Q=  2.55 10e-30 m^2      Cq=   2.8884 MHz     eta=  0.20526


 O    7  efg -0.103653 -0.207243  0.235418
 O    7  efg -0.207243  0.097591 -0.261208
 O    7  efg  0.235418 -0.261208  0.006062


 O     7     eig=   0.482086    -0.191565    -0.290520
 O     7     Q=  2.55 10e-30 m^2      Cq=   2.8884 MHz     eta=  0.20526


 O    8  efg  0.226757  0.016481 -0.343921
 O    8  efg  0.016481 -0.232820 -0.073274
 O    8  efg -0.343921 -0.073274  0.006062


 O     8     eig=   0.482086    -0.191565    -0.290520
 O     8     Q=  2.55 10e-30 m^2      Cq=   2.8884 MHz     eta=  0.20526


 O    9  efg -0.132198  0.190762  0.108503
 O    9  efg  0.190762  0.126136  0.334482
 O    9  efg  0.108503  0.334482  0.006062


 O     9     eig=   0.482086    -0.191565    -0.290520
 O     9     Q=  2.55 10e-30 m^2      Cq=   2.8884 MHz     eta=  0.20526


 
     GIPAW        :     1.48s CPU time,    1.57s wall time

     INITIALIZATION: 
     gipaw_setup  :     0.46s CPU
 
 
 
 
 
      General routines
     calbec       :     0.06s CPU (       3 calls,   0.020 s avg)
     cft3         :     0.08s CPU (      12 calls,   0.007 s avg)
     davcio       :     0.00s CPU (       3 calls,   0.000 s avg)
 
