    0.0000  -41.2495
    0.0408  -41.2496
    0.0816  -41.2501
    0.1225  -41.2508
    0.1633  -41.2519
    0.2041  -41.2532
    0.2449  -41.2548
    0.2858  -41.2565
    0.3266  -41.2582
    0.3674  -41.2600
    0.4082  -41.2616
    0.4491  -41.2630
    0.4899  -41.2642
    0.5307  -41.2651
    0.5715  -41.2657
    0.6124  -41.2659
    0.6595  -41.2656
    0.7067  -41.2648
    0.7538  -41.2636
    0.8009  -41.2621
    0.8481  -41.2605
    0.8952  -41.2590
    0.9424  -41.2577
    0.9895  -41.2568
    1.0366  -41.2562
    1.0838  -41.2559
    1.1309  -41.2559
    1.1781  -41.2561
    1.2252  -41.2563
    1.2723  -41.2565
    1.3195  -41.2566
    1.3567  -41.2565
    1.3940  -41.2562
    1.4313  -41.2557
    1.4686  -41.2551
    1.5058  -41.2544
    1.5431  -41.2538
    1.5804  -41.2532
    1.6176  -41.2527
    1.6549  -41.2524
    1.6922  -41.2522
    1.7294  -41.2522
    1.7667  -41.2522
    1.8040  -41.2524
    1.8412  -41.2527
    1.8785  -41.2529
    1.9285  -41.2523
    1.9785  -41.2519
    2.0285  -41.2518
    2.0785  -41.2521
    2.1285  -41.2527
    2.1785  -41.2537
    2.2285  -41.2551
    2.2785  -41.2567
    2.3285  -41.2585
    2.3785  -41.2604
    2.4285  -41.2621
    2.4785  -41.2637
    2.5285  -41.2648
    2.5785  -41.2656
    2.6285  -41.2659

    0.0000  -41.2495
    0.0408  -41.2496
    0.0816  -41.2501
    0.1225  -41.2508
    0.1633  -41.2519
    0.2041  -41.2532
    0.2449  -41.2548
    0.2858  -41.2565
    0.3266  -41.2582
    0.3674  -41.2600
    0.4082  -41.2616
    0.4491  -41.2630
    0.4899  -41.2642
    0.5307  -41.2651
    0.5715  -41.2657
    0.6124  -41.2659
    0.6595  -41.2656
    0.7067  -41.2647
    0.7538  -41.2635
    0.8009  -41.2619
    0.8481  -41.2602
    0.8952  -41.2586
    0.9424  -41.2571
    0.9895  -41.2560
    1.0366  -41.2553
    1.0838  -41.2549
    1.1309  -41.2548
    1.1781  -41.2549
    1.2252  -41.2550
    1.2723  -41.2552
    1.3195  -41.2552
    1.3567  -41.2552
    1.3940  -41.2549
    1.4313  -41.2545
    1.4686  -41.2539
    1.5058  -41.2533
    1.5431  -41.2527
    1.5804  -41.2522
    1.6176  -41.2518
    1.6549  -41.2515
    1.6922  -41.2514
    1.7294  -41.2514
    1.7667  -41.2516
    1.8040  -41.2519
    1.8412  -41.2522
    1.8785  -41.2526
    1.9285  -41.2516
    1.9785  -41.2508
    2.0285  -41.2503
    2.0785  -41.2503
    2.1285  -41.2507
    2.1785  -41.2516
    2.2285  -41.2530
    2.2785  -41.2547
    2.3285  -41.2568
    2.3785  -41.2590
    2.4285  -41.2612
    2.4785  -41.2631
    2.5285  -41.2646
    2.5785  -41.2655
    2.6285  -41.2659

    0.0000  -41.2450
    0.0408  -41.2451
    0.0816  -41.2453
    0.1225  -41.2457
    0.1633  -41.2462
    0.2041  -41.2474
    0.2449  -41.2497
    0.2858  -41.2523
    0.3266  -41.2548
    0.3674  -41.2573
    0.4082  -41.2597
    0.4491  -41.2618
    0.4899  -41.2635
    0.5307  -41.2648
    0.5715  -41.2656
    0.6124  -41.2659
    0.6595  -41.2656
    0.7067  -41.2647
    0.7538  -41.2635
    0.8009  -41.2619
    0.8481  -41.2602
    0.8952  -41.2586
    0.9424  -41.2571
    0.9895  -41.2560
    1.0366  -41.2553
    1.0838  -41.2549
    1.1309  -41.2548
    1.1781  -41.2549
    1.2252  -41.2550
    1.2723  -41.2552
    1.3195  -41.2552
    1.3567  -41.2551
    1.3940  -41.2548
    1.4313  -41.2544
    1.4686  -41.2537
    1.5058  -41.2530
    1.5431  -41.2522
    1.5804  -41.2514
    1.6176  -41.2506
    1.6549  -41.2501
    1.6922  -41.2496
    1.7294  -41.2494
    1.7667  -41.2494
    1.8040  -41.2496
    1.8412  -41.2499
    1.8785  -41.2504
    1.9285  -41.2490
    1.9785  -41.2480
    2.0285  -41.2473
    2.0785  -41.2472
    2.1285  -41.2477
    2.1785  -41.2489
    2.2285  -41.2506
    2.2785  -41.2528
    2.3285  -41.2553
    2.3785  -41.2579
    2.4285  -41.2604
    2.4785  -41.2626
    2.5285  -41.2644
    2.5785  -41.2655
    2.6285  -41.2659

    0.0000  -41.2450
    0.0408  -41.2451
    0.0816  -41.2453
    0.1225  -41.2457
    0.1633  -41.2462
    0.2041  -41.2467
    0.2449  -41.2472
    0.2858  -41.2478
    0.3266  -41.2483
    0.3674  -41.2488
    0.4082  -41.2493
    0.4491  -41.2497
    0.4899  -41.2500
    0.5307  -41.2503
    0.5715  -41.2504
    0.6124  -41.2505
    0.6595  -41.2505
    0.7067  -41.2504
    0.7538  -41.2504
    0.8009  -41.2503
    0.8481  -41.2502
    0.8952  -41.2502
    0.9424  -41.2503
    0.9895  -41.2504
    1.0366  -41.2505
    1.0838  -41.2507
    1.1309  -41.2509
    1.1781  -41.2511
    1.2252  -41.2513
    1.2723  -41.2514
    1.3195  -41.2514
    1.3567  -41.2514
    1.3940  -41.2512
    1.4313  -41.2509
    1.4686  -41.2505
    1.5058  -41.2501
    1.5431  -41.2496
    1.5804  -41.2491
    1.6176  -41.2486
    1.6549  -41.2482
    1.6922  -41.2480
    1.7294  -41.2479
    1.7667  -41.2480
    1.8040  -41.2483
    1.8412  -41.2486
    1.8785  -41.2489
    1.9285  -41.2480
    1.9785  -41.2472
    2.0285  -41.2465
    2.0785  -41.2461
    2.1285  -41.2464
    2.1785  -41.2470
    2.2285  -41.2477
    2.2785  -41.2483
    2.3285  -41.2488
    2.3785  -41.2493
    2.4285  -41.2497
    2.4785  -41.2500
    2.5285  -41.2503
    2.5785  -41.2504
    2.6285  -41.2505

    0.0000  -41.2412
    0.0408  -41.2415
    0.0816  -41.2423
    0.1225  -41.2436
    0.1633  -41.2453
    0.2041  -41.2467
    0.2449  -41.2472
    0.2858  -41.2478
    0.3266  -41.2483
    0.3674  -41.2488
    0.4082  -41.2493
    0.4491  -41.2497
    0.4899  -41.2500
    0.5307  -41.2503
    0.5715  -41.2504
    0.6124  -41.2505
    0.6595  -41.2504
    0.7067  -41.2500
    0.7538  -41.2495
    0.8009  -41.2487
    0.8481  -41.2479
    0.8952  -41.2470
    0.9424  -41.2461
    0.9895  -41.2452
    1.0366  -41.2444
    1.0838  -41.2437
    1.1309  -41.2431
    1.1781  -41.2427
    1.2252  -41.2423
    1.2723  -41.2421
    1.3195  -41.2421
    1.3567  -41.2421
    1.3940  -41.2422
    1.4313  -41.2423
    1.4686  -41.2426
    1.5058  -41.2428
    1.5431  -41.2431
    1.5804  -41.2434
    1.6176  -41.2437
    1.6549  -41.2439
    1.6922  -41.2440
    1.7294  -41.2440
    1.7667  -41.2439
    1.8040  -41.2437
    1.8412  -41.2435
    1.8785  -41.2434
    1.9285  -41.2439
    1.9785  -41.2445
    2.0285  -41.2451
    2.0785  -41.2457
    2.1285  -41.2459
    2.1785  -41.2461
    2.2285  -41.2464
    2.2785  -41.2470
    2.3285  -41.2476
    2.3785  -41.2483
    2.4285  -41.2490
    2.4785  -41.2496
    2.5285  -41.2501
    2.5785  -41.2504
    2.6285  -41.2505

    0.0000  -19.2535
    0.0408  -19.2534
    0.0816  -19.2532
    0.1225  -19.2529
    0.1633  -19.2526
    0.2041  -19.2521
    0.2449  -19.2517
    0.2858  -19.2512
    0.3266  -19.2508
    0.3674  -19.2504
    0.4082  -19.2501
    0.4491  -19.2498
    0.4899  -19.2496
    0.5307  -19.2495
    0.5715  -19.2494
    0.6124  -19.2494
    0.6595  -19.2496
    0.7067  -19.2504
    0.7538  -19.2516
    0.8009  -19.2532
    0.8481  -19.2553
    0.8952  -19.2576
    0.9424  -19.2601
    0.9895  -19.2628
    1.0366  -19.2654
    1.0838  -19.2679
    1.1309  -19.2702
    1.1781  -19.2721
    1.2252  -19.2735
    1.2723  -19.2744
    1.3195  -19.2747
    1.3567  -19.2745
    1.3940  -19.2739
    1.4313  -19.2729
    1.4686  -19.2715
    1.5058  -19.2699
    1.5431  -19.2681
    1.5804  -19.2663
    1.6176  -19.2647
    1.6549  -19.2634
    1.6922  -19.2628
    1.7294  -19.2629
    1.7667  -19.2635
    1.8040  -19.2645
    1.8412  -19.2656
    1.8785  -19.2666
    1.9285  -19.2639
    1.9785  -19.2611
    2.0285  -19.2584
    2.0785  -19.2559
    2.1285  -19.2537
    2.1785  -19.2531
    2.2285  -19.2535
    2.2785  -19.2535
    2.3285  -19.2530
    2.3785  -19.2523
    2.4285  -19.2515
    2.4785  -19.2507
    2.5285  -19.2500
    2.5785  -19.2495
    2.6285  -19.2494

    0.0000  -19.2535
    0.0408  -19.2534
    0.0816  -19.2532
    0.1225  -19.2529
    0.1633  -19.2526
    0.2041  -19.2521
    0.2449  -19.2517
    0.2858  -19.2512
    0.3266  -19.2508
    0.3674  -19.2504
    0.4082  -19.2501
    0.4491  -19.2498
    0.4899  -19.2496
    0.5307  -19.2495
    0.5715  -19.2494
    0.6124  -19.2494
    0.6595  -19.2492
    0.7067  -19.2486
    0.7538  -19.2478
    0.8009  -19.2466
    0.8481  -19.2453
    0.8952  -19.2438
    0.9424  -19.2423
    0.9895  -19.2408
    1.0366  -19.2394
    1.0838  -19.2381
    1.1309  -19.2370
    1.1781  -19.2361
    1.2252  -19.2354
    1.2723  -19.2350
    1.3195  -19.2349
    1.3567  -19.2351
    1.3940  -19.2356
    1.4313  -19.2365
    1.4686  -19.2376
    1.5058  -19.2390
    1.5431  -19.2405
    1.5804  -19.2421
    1.6176  -19.2436
    1.6549  -19.2448
    1.6922  -19.2454
    1.7294  -19.2454
    1.7667  -19.2448
    1.8040  -19.2439
    1.8412  -19.2430
    1.8785  -19.2421
    1.9285  -19.2445
    1.9785  -19.2469
    2.0285  -19.2491
    2.0785  -19.2509
    2.1285  -19.2523
    2.1785  -19.2518
    2.2285  -19.2504
    2.2785  -19.2494
    2.3285  -19.2488
    2.3785  -19.2485
    2.4285  -19.2486
    2.4785  -19.2488
    2.5285  -19.2491
    2.5785  -19.2493
    2.6285  -19.2494

    0.0000  -19.1347
    0.0408  -19.1340
    0.0816  -19.1318
    0.1225  -19.1283
    0.1633  -19.1236
    0.2041  -19.1180
    0.2449  -19.1116
    0.2858  -19.1047
    0.3266  -19.0977
    0.3674  -19.0909
    0.4082  -19.0845
    0.4491  -19.0788
    0.4899  -19.0741
    0.5307  -19.0706
    0.5715  -19.0685
    0.6124  -19.0677
    0.6595  -19.0689
    0.7067  -19.0722
    0.7538  -19.0776
    0.8009  -19.0849
    0.8481  -19.0936
    0.8952  -19.1034
    0.9424  -19.1139
    0.9895  -19.1247
    1.0366  -19.1351
    1.0838  -19.1449
    1.1309  -19.1535
    1.1781  -19.1607
    1.2252  -19.1660
    1.2723  -19.1693
    1.3195  -19.1704
    1.3567  -19.1694
    1.3940  -19.1664
    1.4313  -19.1615
    1.4686  -19.1549
    1.5058  -19.1467
    1.5431  -19.1374
    1.5804  -19.1271
    1.6176  -19.1162
    1.6549  -19.1051
    1.6922  -19.0941
    1.7294  -19.0998
    1.7667  -19.1090
    1.8040  -19.1171
    1.8412  -19.1240
    1.8785  -19.1294
    1.9285  -19.1151
    1.9785  -19.1009
    2.0285  -19.0877
    2.0785  -19.0958
    2.1285  -19.1013
    2.1785  -19.1039
    2.2285  -19.1036
    2.2785  -19.1008
    2.3285  -19.0960
    2.3785  -19.0899
    2.4285  -19.0833
    2.4785  -19.0772
    2.5285  -19.0722
    2.5785  -19.0689
    2.6285  -19.0677

    0.0000  -19.0334
    0.0408  -19.0338
    0.0816  -19.0350
    0.1225  -19.0368
    0.1633  -19.0393
    0.2041  -19.0423
    0.2449  -19.0456
    0.2858  -19.0492
    0.3266  -19.0528
    0.3674  -19.0563
    0.4082  -19.0595
    0.4491  -19.0623
    0.4899  -19.0646
    0.5307  -19.0663
    0.5715  -19.0674
    0.6124  -19.0677
    0.6595  -19.0672
    0.7067  -19.0656
    0.7538  -19.0629
    0.8009  -19.0594
    0.8481  -19.0551
    0.8952  -19.0502
    0.9424  -19.0449
    0.9895  -19.0395
    1.0366  -19.0343
    1.0838  -19.0293
    1.1309  -19.0249
    1.1781  -19.0212
    1.2252  -19.0185
    1.2723  -19.0168
    1.3195  -19.0162
    1.3567  -19.0172
    1.3940  -19.0202
    1.4313  -19.0249
    1.4686  -19.0314
    1.5058  -19.0393
    1.5431  -19.0483
    1.5804  -19.0583
    1.6176  -19.0687
    1.6549  -19.0793
    1.6922  -19.0898
    1.7294  -19.0836
    1.7667  -19.0739
    1.8040  -19.0654
    1.8412  -19.0585
    1.8785  -19.0534
    1.9285  -19.0657
    1.9785  -19.0774
    2.0285  -19.0876
    2.0785  -19.0760
    2.1285  -19.0667
    2.1785  -19.0601
    2.2285  -19.0560
    2.2785  -19.0545
    2.3285  -19.0550
    2.3785  -19.0570
    2.4285  -19.0604
    2.4785  -19.0635
    2.5285  -19.0658
    2.5785  -19.0673
    2.6285  -19.0677

    0.0000  -19.0334
    0.0408  -19.0338
    0.0816  -19.0350
    0.1225  -19.0368
    0.1633  -19.0393
    0.2041  -19.0423
    0.2449  -19.0456
    0.2858  -19.0492
    0.3266  -19.0528
    0.3674  -19.0563
    0.4082  -19.0595
    0.4491  -19.0623
    0.4899  -19.0646
    0.5307  -19.0663
    0.5715  -19.0674
    0.6124  -19.0677
    0.6595  -19.0672
    0.7067  -19.0656
    0.7538  -19.0629
    0.8009  -19.0594
    0.8481  -19.0551
    0.8952  -19.0502
    0.9424  -19.0449
    0.9895  -19.0395
    1.0366  -19.0343
    1.0838  -19.0293
    1.1309  -19.0249
    1.1781  -19.0212
    1.2252  -19.0185
    1.2723  -19.0168
    1.3195  -19.0162
    1.3567  -19.0163
    1.3940  -19.0164
    1.4313  -19.0166
    1.4686  -19.0169
    1.5058  -19.0172
    1.5431  -19.0176
    1.5804  -19.0181
    1.6176  -19.0186
    1.6549  -19.0190
    1.6922  -19.0195
    1.7294  -19.0200
    1.7667  -19.0204
    1.8040  -19.0207
    1.8412  -19.0207
    1.8785  -19.0203
    1.9285  -19.0223
    1.9785  -19.0247
    2.0285  -19.0277
    2.0785  -19.0311
    2.1285  -19.0350
    2.1785  -19.0392
    2.2285  -19.0436
    2.2785  -19.0481
    2.3285  -19.0525
    2.3785  -19.0567
    2.4285  -19.0598
    2.4785  -19.0628
    2.5285  -19.0654
    2.5785  -19.0671
    2.6285  -19.0677

    0.0000   -7.5468
    0.0408   -7.5919
    0.0816   -7.7148
    0.1225   -7.8878
    0.1633   -8.0836
    0.2041   -8.2824
    0.2449   -8.4723
    0.2858   -8.6466
    0.3266   -8.8020
    0.3674   -8.9370
    0.4082   -9.0510
    0.4491   -9.1440
    0.4899   -9.2161
    0.5307   -9.2674
    0.5715   -9.2982
    0.6124   -9.3084
    0.6595   -9.2948
    0.7067   -9.2538
    0.7538   -9.1853
    0.8009   -9.0891
    0.8481   -8.9648
    0.8952   -8.8121
    0.9424   -8.6308
    0.9895   -8.4208
    1.0366   -8.1830
    1.0838   -7.9202
    1.1309   -7.6386
    1.1781   -7.3514
    1.2252   -7.0848
    1.2723   -6.8840
    1.3195   -6.8069
    1.3567   -6.8120
    1.3940   -6.8263
    1.4313   -6.8471
    1.4686   -6.8711
    1.5058   -6.8950
    1.5431   -6.9160
    1.5804   -6.9325
    1.6176   -6.9434
    1.6549   -6.9486
    1.6922   -6.9483
    1.7294   -6.9430
    1.7667   -6.9333
    1.8040   -6.9198
    1.8412   -6.9032
    1.8785   -6.8843
    1.9285   -6.9628
    1.9785   -7.0890
    2.0285   -7.2699
    2.0785   -7.5001
    2.1285   -7.7622
    2.1785   -8.0341
    2.2285   -8.2963
    2.2785   -8.5353
    2.3285   -8.7438
    2.3785   -8.9190
    2.4285   -9.0606
    2.4785   -9.1696
    2.5285   -9.2469
    2.5785   -9.2931
    2.6285   -9.3084

    0.0000   -3.2289
    0.0408   -3.1297
    0.0816   -2.8465
    0.1225   -2.4142
    0.1633   -1.8715
    0.2041   -1.2531
    0.2449   -0.5895
    0.2858    0.0920
    0.3266    0.7660
    0.3674    1.4082
    0.4082    1.9959
    0.4491    2.5084
    0.4899    2.9275
    0.5307    3.2381
    0.5715    3.4291
    0.6124    3.4936
    0.6595    3.4324
    0.7067    3.2509
    0.7538    2.9547
    0.8009    2.5533
    0.8481    2.0593
    0.8952    1.4880
    0.9424    0.8573
    0.9895    0.1865
    1.0366   -0.5032
    1.0838   -1.1893
    1.1309   -1.8468
    1.1781   -2.4454
    1.2252   -2.9452
    1.2723   -3.2902
    1.3195   -3.4160
    1.3567   -3.4000
    1.3940   -3.3544
    1.4313   -3.2861
    1.4686   -3.2051
    1.5058   -3.1224
    1.5431   -3.0484
    1.5804   -2.9908
    1.6176   -2.9541
    1.6549   -2.9391
    1.6922   -2.9436
    1.7294   -2.9635
    1.7667   -2.9940
    1.8040   -3.0301
    1.8412   -3.0676
    1.8785   -3.1025
    1.9285   -2.9962
    1.9785   -2.8522
    2.0285   -2.6320
    2.0785   -2.3032
    2.1285   -1.8534
    2.1785   -1.2906
    2.2285   -0.6375
    2.2785    0.0738
    2.3285    0.8056
    2.3785    1.5174
    2.4285    2.1684
    2.4785    2.7207
    2.5285    3.1411
    2.5785    3.4041
    2.6285    3.4936

    0.0000    2.3419
    0.0408    2.3544
    0.0816    2.3916
    0.1225    2.4518
    0.1633    2.5324
    0.2041    2.6298
    0.2449    2.7398
    0.2858    2.8575
    0.3266    2.9779
    0.3674    3.0957
    0.4082    3.2056
    0.4491    3.3030
    0.4899    3.3836
    0.5307    3.4438
    0.5715    3.4810
    0.6124    3.4936
    0.6595    3.4644
    0.7067    3.3781
    0.7538    3.2384
    0.8009    3.0512
    0.8481    2.8244
    0.8952    2.5678
    0.9424    2.2924
    0.9895    2.0102
    1.0366    1.7336
    1.0838    1.4746
    1.1309    1.2448
    1.1781    1.0545
    1.2252    0.9120
    1.2723    0.8239
    1.3195    0.7941
    1.3567    0.7882
    1.3940    0.7708
    1.4313    0.7431
    1.4686    0.7065
    1.5058    0.6628
    1.5431    0.6142
    1.5804    0.5624
    1.6176    0.5096
    1.6549    0.4579
    1.6922    0.4095
    1.7294    0.3668
    1.7667    0.3325
    1.8040    0.3095
    1.8412    0.3005
    1.8785    0.3080
    1.9285    0.3053
    1.9785    0.4032
    2.0285    0.5936
    2.0785    0.8539
    2.1285    1.1590
    2.1785    1.4872
    2.2285    1.8219
    2.2785    2.1504
    2.3285    2.4624
    2.3785    2.7487
    2.4285    3.0003
    2.4785    3.2082
    2.5285    3.3641
    2.5785    3.4608
    2.6285    3.4936

    0.0000    2.3419
    0.0408    2.3544
    0.0816    2.3916
    0.1225    2.4518
    0.1633    2.5324
    0.2041    2.6298
    0.2449    2.7398
    0.2858    2.8575
    0.3266    2.9779
    0.3674    3.0957
    0.4082    3.2056
    0.4491    3.3030
    0.4899    3.3836
    0.5307    3.4438
    0.5715    3.4810
    0.6124    3.4936
    0.6595    3.4644
    0.7067    3.3781
    0.7538    3.2384
    0.8009    3.0512
    0.8481    2.8244
    0.8952    2.5678
    0.9424    2.2924
    0.9895    2.0102
    1.0366    1.7336
    1.0838    1.4746
    1.1309    1.2448
    1.1781    1.0545
    1.2252    0.9120
    1.2723    0.8239
    1.3195    0.7941
    1.3567    0.7965
    1.3940    0.8044
    1.4313    0.8194
    1.4686    0.8436
    1.5058    0.8796
    1.5431    0.9287
    1.5804    0.9907
    1.6176    1.0629
    1.6549    1.1398
    1.6922    1.2140
    1.7294    1.2772
    1.7667    1.3215
    1.8040    1.3401
    1.8412    1.3285
    1.8785    1.2846
    1.9285    1.4751
    1.9785    1.6822
    2.0285    1.8990
    2.0785    2.1185
    2.1285    2.3343
    2.1785    2.5408
    2.2285    2.7332
    2.2785    2.9078
    2.3285    3.0618
    2.3785    3.1935
    2.4285    3.3016
    2.4785    3.3857
    2.5285    3.4457
    2.5785    3.4816
    2.6285    3.4936

