    100  0.01209442
       -0.21050590         0.02998249        -0.00360888
        0.02998249        -0.21060144        -0.00234022
       -0.00360888        -0.00234022        -0.08844616
    110  0.01330386
        0.88242856         0.00090085        -0.14581501
        0.00090085         0.09117002         0.10155108
       -0.14581501         0.10155108         0.06663785
    120  0.01451331
        0.77468099        -0.16133607         0.08719700
       -0.16133607         0.11943425        -0.03453823
        0.08719700        -0.03453823        -0.08087834
    130  0.01572275
        0.78607760        -0.13971245         0.05311149
       -0.13971245         0.10488264        -0.01446227
        0.05311149        -0.01446227        -0.08188318
    200  0.02418884
        0.26334106        -0.17116029         0.02859675
       -0.17116029        -0.03224389        -0.01490503
        0.02859675        -0.01490503        -0.06989080
    300  0.03628326
        0.69211037        -0.12359972         0.04518619
       -0.12359972         0.12292718        -0.01030758
        0.04518619        -0.01030758        -0.03013729
    400  0.04837769
       -0.22085770        -0.07746856         0.00102034
       -0.07746856        -0.08498280        -0.00913145
        0.00102034        -0.00913145        -0.07928242
    500  0.06047211
       -0.92307976         0.32044367        -0.05729476
        0.32044367        -0.35341087         0.02433513
       -0.05729476         0.02433513        -0.09374336
    100  0.01209442
       -0.21050590         0.02998249        -0.00360888
        0.02998249        -0.21060144        -0.00234022
       -0.00360888        -0.00234022        -0.08844616
    110  0.01330386
        0.88242856         0.00090085        -0.14581501
        0.00090085         0.09117002         0.10155108
       -0.14581501         0.10155108         0.06663785
    120  0.01451331
        0.77468099        -0.16133607         0.08719700
       -0.16133607         0.11943425        -0.03453823
        0.08719700        -0.03453823        -0.08087834
    130  0.01572275
        0.78607760        -0.13971245         0.05311149
       -0.13971245         0.10488264        -0.01446227
        0.05311149        -0.01446227        -0.08188318
    200  0.02418884
        0.26334106        -0.17116029         0.02859675
       -0.17116029        -0.03224389        -0.01490503
        0.02859675        -0.01490503        -0.06989080
    300  0.03628326
        0.69211037        -0.12359972         0.04518619
       -0.12359972         0.12292718        -0.01030758
        0.04518619        -0.01030758        -0.03013729
    400  0.04837769
       -0.22085770        -0.07746856         0.00102034
       -0.07746856        -0.08498280        -0.00913145
        0.00102034        -0.00913145        -0.07928242
    500  0.06047211
       -0.92307976         0.32044367        -0.05729476
        0.32044367        -0.35341087         0.02433513
       -0.05729476         0.02433513        -0.09374336
