  0.00000000E+00  0.87374220E+01
  0.28922784E-01  0.87332231E+01
  0.57845569E-01  0.87206451E+01
  0.86768353E-01  0.86997464E+01
  0.11569114E+00  0.86706251E+01
  0.14461392E+00  0.86334209E+01
  0.17353671E+00  0.85883177E+01
  0.20245949E+00  0.85355456E+01
  0.23138228E+00  0.84753843E+01
  0.26030506E+00  0.84081662E+01
  0.28922784E+00  0.83342792E+01
  0.31815063E+00  0.82541697E+01
  0.34707341E+00  0.81683450E+01
  0.37599620E+00  0.80773753E+01
  0.40491898E+00  0.79818940E+01
  0.43384177E+00  0.78825984E+01
  0.46276455E+00  0.77802482E+01
  0.49168734E+00  0.76756632E+01
  0.52061012E+00  0.75697192E+01
  0.54953290E+00  0.74633432E+01
  0.57845569E+00  0.73575064E+01
  0.60737847E+00  0.72532163E+01
  0.63630126E+00  0.71515068E+01
  0.66522404E+00  0.70534276E+01
  0.69414683E+00  0.69600324E+01
  0.72306961E+00  0.68723653E+01
  0.75199240E+00  0.67914474E+01
  0.78091518E+00  0.67182625E+01
  0.80983796E+00  0.66537424E+01
  0.83876075E+00  0.65987520E+01
  0.86768353E+00  0.65540755E+01
  0.89660632E+00  0.65204026E+01
  0.92552910E+00  0.64983154E+01
  0.95445189E+00  0.64882774E+01
  0.98337467E+00  0.64906234E+01
  0.10122975E+01  0.65055509E+01
  0.10412202E+01  0.65331147E+01
  0.10701430E+01  0.65732222E+01
  0.10990658E+01  0.66256322E+01
  0.11279886E+01  0.66899557E+01
  0.11569114E+01  0.67656594E+01
  0.11861278E+01  0.67652666E+01
  0.12153442E+01  0.67641766E+01
  0.12445607E+01  0.67626479E+01
  0.12737771E+01  0.67610928E+01
  0.13029935E+01  0.67600511E+01
  0.13322099E+01  0.67601582E+01
  0.13614263E+01  0.67621089E+01
  0.13906428E+01  0.67666207E+01
  0.14198592E+01  0.67744001E+01
  0.14490756E+01  0.67861111E+01
  0.14782920E+01  0.68023508E+01
  0.15075085E+01  0.68236288E+01
  0.15367249E+01  0.68503538E+01
  0.15659413E+01  0.68828250E+01
  0.15659413E+01  0.68828286E+01
  0.15951577E+01  0.69212316E+01
  0.16243742E+01  0.69656392E+01
  0.16535906E+01  0.70160149E+01
  0.16828070E+01  0.70722193E+01
  0.17120234E+01  0.71340184E+01
  0.17412399E+01  0.72010938E+01
  0.17704563E+01  0.72730531E+01
  0.17996727E+01  0.73494415E+01
  0.18288891E+01  0.74297531E+01
  0.18581056E+01  0.75134424E+01
  0.18873220E+01  0.75999355E+01
  0.19165384E+01  0.76886405E+01
  0.19457548E+01  0.77789577E+01
  0.19749713E+01  0.78702881E+01
  0.20041877E+01  0.79620425E+01
  0.20334041E+01  0.80536480E+01
  0.20626205E+01  0.81445545E+01
  0.20918370E+01  0.82342399E+01
  0.21210534E+01  0.83222138E+01
  0.21502698E+01  0.84080205E+01
  0.21794862E+01  0.84912404E+01
  0.22087027E+01  0.85714899E+01
  0.22379191E+01  0.86484199E+01
  0.22671355E+01  0.87217122E+01
  0.22963519E+01  0.87910734E+01
  0.23255683E+01  0.88562251E+01
  0.23547848E+01  0.89168882E+01
  0.23840012E+01  0.89727584E+01
  0.24132176E+01  0.90234643E+01
  0.24424340E+01  0.90684947E+01
  0.24716505E+01  0.91070629E+01
  0.25008669E+01  0.90854534E+01
  0.25300833E+01  0.90178850E+01
  0.25592997E+01  0.89579677E+01
  0.25885162E+01  0.89055437E+01
  0.26177326E+01  0.88604610E+01
  0.26469490E+01  0.88225783E+01
  0.26761654E+01  0.87917690E+01
  0.27053819E+01  0.87679244E+01
  0.27345983E+01  0.87509571E+01
  0.27638147E+01  0.87408027E+01
  0.27930311E+01  0.87374220E+01
  0.28216573E+01  0.87439287E+01
  0.28502834E+01  0.87633968E+01
  0.28789095E+01  0.87956695E+01
  0.29075357E+01  0.88404870E+01
  0.29361618E+01  0.88974884E+01
  0.29647879E+01  0.89515342E+01
  0.29934141E+01  0.89733078E+01
  0.30220402E+01  0.89739742E+01
  0.30506663E+01  0.89561594E+01
  0.30792925E+01  0.89240675E+01
  0.31079186E+01  0.88813166E+01
  0.31365447E+01  0.88305605E+01
  0.31651709E+01  0.87737132E+01
  0.31937970E+01  0.87122116E+01
  0.32224231E+01  0.86471998E+01
  0.32510493E+01  0.85796423E+01
  0.32796754E+01  0.85103903E+01
  0.33083015E+01  0.84402210E+01
  0.33369277E+01  0.83698602E+01
  0.33655538E+01  0.82999939E+01
  0.33941799E+01  0.82312756E+01
  0.34228061E+01  0.81643288E+01
  0.34514322E+01  0.80997473E+01
  0.34800583E+01  0.80380944E+01
  0.35086845E+01  0.79799011E+01
  0.35373106E+01  0.79256638E+01
  0.35659367E+01  0.78758415E+01
  0.35945629E+01  0.78308536E+01
  0.36231890E+01  0.77910770E+01
  0.36518151E+01  0.77568438E+01
  0.36804413E+01  0.77284389E+01
  0.37090674E+01  0.77060983E+01
  0.37376935E+01  0.76900073E+01
  0.37663196E+01  0.76802993E+01
  0.37949458E+01  0.76770545E+01
  0.38241622E+01  0.76759515E+01
  0.38533786E+01  0.76726023E+01
  0.38825951E+01  0.76668944E+01
  0.39118115E+01  0.76586632E+01
  0.39410279E+01  0.76477226E+01
  0.39702443E+01  0.76339025E+01
  0.39994608E+01  0.76170872E+01
  0.40286772E+01  0.75972507E+01
  0.40578936E+01  0.75744844E+01
  0.40871100E+01  0.75490155E+01
  0.41163264E+01  0.75212149E+01
  0.41455429E+01  0.74915942E+01
  0.41747593E+01  0.74607963E+01
  0.42039757E+01  0.74295776E+01
  0.42331921E+01  0.73987890E+01
  0.42624086E+01  0.73693530E+01
  0.42916250E+01  0.73422419E+01
  0.43208414E+01  0.73184563E+01
  0.43500578E+01  0.72990055E+01
  0.43792743E+01  0.72848891E+01
  0.44084907E+01  0.72770813E+01
  0.44377071E+01  0.72765163E+01
  0.44669235E+01  0.72840764E+01
  0.44961400E+01  0.73005804E+01
  0.45253564E+01  0.73267751E+01
  0.45545728E+01  0.73633266E+01
  0.45837892E+01  0.74108134E+01
  0.46130057E+01  0.74691855E+01
  0.46419284E+01  0.74647287E+01
  0.46708512E+01  0.74514780E+01
  0.46997740E+01  0.74297890E+01
  0.47286968E+01  0.74002407E+01
  0.47576196E+01  0.73636163E+01
  0.47865424E+01  0.73208777E+01
  0.48154652E+01  0.72731353E+01
  0.48443879E+01  0.72216151E+01
  0.48733107E+01  0.71676230E+01
  0.49022335E+01  0.71125099E+01
  0.49311563E+01  0.70576365E+01
  0.49600791E+01  0.70043403E+01
  0.49890019E+01  0.69539046E+01
  0.50179246E+01  0.69075298E+01
  0.50468474E+01  0.68663083E+01
  0.50757702E+01  0.68312024E+01
  0.51046930E+01  0.68030252E+01
  0.51336158E+01  0.67824252E+01
  0.51625386E+01  0.67698745E+01
  0.51914614E+01  0.67656594E+01
  
  0.00000000E+00  0.87374220E+01
  0.28922784E-01  0.87507295E+01
  0.57845569E-01  0.87905389E+01
  0.86768353E-01  0.88565096E+01
  0.11569114E+00  0.89480788E+01
  0.14461392E+00  0.90644690E+01
  0.17353671E+00  0.92046976E+01
  0.20245949E+00  0.93675901E+01
  0.23138228E+00  0.95000868E+01
  0.26030506E+00  0.94960784E+01
  0.28922784E+00  0.94888106E+01
  0.31815063E+00  0.94775242E+01
  0.34707341E+00  0.94614622E+01
  0.37599620E+00  0.94398899E+01
  0.40491898E+00  0.94121138E+01
  0.43384177E+00  0.93775013E+01
  0.46276455E+00  0.93354981E+01
  0.49168734E+00  0.92856448E+01
  0.52061012E+00  0.92275915E+01
  0.54953290E+00  0.91611102E+01
  0.57845569E+00  0.90861049E+01
  0.60737847E+00  0.90026194E+01
  0.63630126E+00  0.89108411E+01
  0.66522404E+00  0.88111038E+01
  0.69414683E+00  0.87038856E+01
  0.72306961E+00  0.85898053E+01
  0.75199240E+00  0.84696153E+01
  0.78091518E+00  0.83441919E+01
  0.80983796E+00  0.82145233E+01
  0.83876075E+00  0.80816951E+01
  0.86768353E+00  0.79468744E+01
  0.89660632E+00  0.78112911E+01
  0.92552910E+00  0.76762197E+01
  0.95445189E+00  0.75429588E+01
  0.98337467E+00  0.74128105E+01
  0.10122975E+01  0.72870606E+01
  0.10412202E+01  0.71669580E+01
  0.10701430E+01  0.70536952E+01
  0.10990658E+01  0.69483908E+01
  0.11279886E+01  0.68520718E+01
  0.11569114E+01  0.67656594E+01
  0.11861278E+01  0.67746778E+01
  0.12153442E+01  0.68016338E+01
  0.12445607E+01  0.68462323E+01
  0.12737771E+01  0.69079852E+01
  0.13029935E+01  0.69862178E+01
  0.13322099E+01  0.70800765E+01
  0.13614263E+01  0.71885392E+01
  0.13906428E+01  0.73104280E+01
  0.14198592E+01  0.74444230E+01
  0.14490756E+01  0.75890785E+01
  0.14782920E+01  0.77428404E+01
  0.15075085E+01  0.79040646E+01
  0.15367249E+01  0.80710371E+01
  0.15659413E+01  0.82419948E+01
  0.15659413E+01  0.82419867E+01
  0.15951577E+01  0.84151373E+01
  0.16243742E+01  0.85886827E+01
  0.16535906E+01  0.87608390E+01
  0.16828070E+01  0.89298577E+01
  0.17120234E+01  0.90940470E+01
  0.17412399E+01  0.92517912E+01
  0.17704563E+01  0.94015698E+01
  0.17996727E+01  0.95419753E+01
  0.18288891E+01  0.96717291E+01
  0.18581056E+01  0.97896963E+01
  0.18873220E+01  0.98948983E+01
  0.19165384E+01  0.99865236E+01
  0.19457548E+01  0.10063936E+02
  0.19749713E+01  0.10126682E+02
  0.20041877E+01  0.10174494E+02
  0.20334041E+01  0.10207291E+02
  0.20626205E+01  0.10225181E+02
  0.20918370E+01  0.10228455E+02
  0.21210534E+01  0.10217583E+02
  0.21502698E+01  0.10193208E+02
  0.21794862E+01  0.10156131E+02
  0.22087027E+01  0.10107307E+02
  0.22379191E+01  0.10047826E+02
  0.22671355E+01  0.99183457E+01
  0.22963519E+01  0.97848592E+01
  0.23255683E+01  0.96598779E+01
  0.23547848E+01  0.95433868E+01
  0.23840012E+01  0.94353335E+01
  0.24132176E+01  0.93356338E+01
  0.24424340E+01  0.92441771E+01
  0.24716505E+01  0.91608323E+01
  0.25008669E+01  0.91378412E+01
  0.25300833E+01  0.91584081E+01
  0.25592997E+01  0.90869169E+01
  0.25885162E+01  0.90102050E+01
  0.26177326E+01  0.89411862E+01
  0.26469490E+01  0.88809154E+01
  0.26761654E+01  0.88303091E+01
  0.27053819E+01  0.87901341E+01
  0.27345983E+01  0.87609972E+01
  0.27638147E+01  0.87433379E+01
  0.27930311E+01  0.87374220E+01
  0.28216573E+01  0.87439293E+01
  0.28502834E+01  0.87633979E+01
  0.28789095E+01  0.87956711E+01
  0.29075357E+01  0.88404892E+01
  0.29361618E+01  0.88974911E+01
  0.29647879E+01  0.89662148E+01
  0.29934141E+01  0.90461128E+01
  0.30220402E+01  0.91365392E+01
  0.30506663E+01  0.92367658E+01
  0.30792925E+01  0.93459858E+01
  0.31079186E+01  0.94633198E+01
  0.31365447E+01  0.95878229E+01
  0.31651709E+01  0.97184929E+01
  0.31937970E+01  0.98542777E+01
  0.32224231E+01  0.99940839E+01
  0.32510493E+01  0.10136786E+02
  0.32796754E+01  0.10281235E+02
  0.33083015E+01  0.10426268E+02
  0.33369277E+01  0.10570717E+02
  0.33655538E+01  0.10713419E+02
  0.33941799E+01  0.10853225E+02
  0.34228061E+01  0.10989010E+02
  0.34514322E+01  0.11119680E+02
  0.34800583E+01  0.11244183E+02
  0.35086845E+01  0.11361517E+02
  0.35373106E+01  0.11470738E+02
  0.35659367E+01  0.11570965E+02
  0.35945629E+01  0.11661391E+02
  0.36231890E+01  0.11741289E+02
  0.36518151E+01  0.11810016E+02
  0.36804413E+01  0.11867018E+02
  0.37090674E+01  0.11911835E+02
  0.37376935E+01  0.11944108E+02
  0.37663196E+01  0.11963577E+02
  0.37949458E+01  0.11970084E+02
  0.38241622E+01  0.11946683E+02
  0.38533786E+01  0.11878323E+02
  0.38825951E+01  0.11769918E+02
  0.39118115E+01  0.11628052E+02
  0.39410279E+01  0.11459602E+02
  0.39702443E+01  0.11270880E+02
  0.39994608E+01  0.11067294E+02
  0.40286772E+01  0.10853328E+02
  0.40578936E+01  0.10632666E+02
  0.40871100E+01  0.10408348E+02
  0.41163264E+01  0.10182908E+02
  0.41455429E+01  0.99584874E+01
  0.41747593E+01  0.97369205E+01
  0.42039757E+01  0.95197962E+01
  0.42331921E+01  0.93085019E+01
  0.42624086E+01  0.91042546E+01
  0.42916250E+01  0.89081226E+01
  0.43208414E+01  0.87210401E+01
  0.43500578E+01  0.85438169E+01
  0.43792743E+01  0.83771447E+01
  0.44084907E+01  0.82216013E+01
  0.44377071E+01  0.80776527E+01
  0.44669235E+01  0.79456546E+01
  0.44961400E+01  0.78258529E+01
  0.45253564E+01  0.77183849E+01
  0.45545728E+01  0.76232795E+01
  0.45837892E+01  0.75404588E+01
  0.46130057E+01  0.74702751E+01
  0.46419284E+01  0.74658110E+01
  0.46708512E+01  0.74525387E+01
  0.46997740E+01  0.74308144E+01
  0.47286968E+01  0.74012183E+01
  0.47576196E+01  0.73645348E+01
  0.47865424E+01  0.73217279E+01
  0.48154652E+01  0.72739098E+01
  0.48443879E+01  0.72223086E+01
  0.48733107E+01  0.71682325E+01
  0.49022335E+01  0.71130344E+01
  0.49311563E+01  0.70580772E+01
  0.49600791E+01  0.70047003E+01
  0.49890019E+01  0.69541887E+01
  0.50179246E+01  0.69077445E+01
  0.50468474E+01  0.68664616E+01
  0.50757702E+01  0.68313035E+01
  0.51046930E+01  0.68030841E+01
  0.51336158E+01  0.67824530E+01
  0.51625386E+01  0.67698824E+01
  0.51914614E+01  0.67656594E+01
  
  0.00000000E+00  0.87374220E+01
  0.28922784E-01  0.87507302E+01
  0.57845569E-01  0.87905403E+01
  0.86768353E-01  0.88565118E+01
  0.11569114E+00  0.89480817E+01
  0.14461392E+00  0.90644725E+01
  0.17353671E+00  0.92047017E+01
  0.20245949E+00  0.93675947E+01
  0.23138228E+00  0.95517943E+01
  0.26030506E+00  0.97557980E+01
  0.28922784E+00  0.99779468E+01
  0.31815063E+00  0.10216465E+02
  0.34707341E+00  0.10469474E+02
  0.37599620E+00  0.10735019E+02
  0.40491898E+00  0.11011086E+02
  0.43384177E+00  0.11295624E+02
  0.46276455E+00  0.11586570E+02
  0.49168734E+00  0.11881864E+02
  0.52061012E+00  0.12179474E+02
  0.54953290E+00  0.12477408E+02
  0.57845569E+00  0.12773734E+02
  0.60737847E+00  0.13066593E+02
  0.63630126E+00  0.13354212E+02
  0.66522404E+00  0.13634912E+02
  0.69414683E+00  0.13907119E+02
  0.72306961E+00  0.14169368E+02
  0.75199240E+00  0.14420307E+02
  0.78091518E+00  0.14658699E+02
  0.80983796E+00  0.14883421E+02
  0.83876075E+00  0.15093466E+02
  0.86768353E+00  0.15287934E+02
  0.89660632E+00  0.15466033E+02
  0.92552910E+00  0.15627072E+02
  0.95445189E+00  0.15770454E+02
  0.98337467E+00  0.15895672E+02
  0.10122975E+01  0.16002302E+02
  0.10412202E+01  0.16089996E+02
  0.10701430E+01  0.16158479E+02
  0.10990658E+01  0.16207541E+02
  0.11279886E+01  0.16237036E+02
  0.11569114E+01  0.16246878E+02
  0.11861278E+01  0.16238444E+02
  0.12153442E+01  0.16213194E+02
  0.12445607E+01  0.16171277E+02
  0.12737771E+01  0.16112944E+02
  0.13029935E+01  0.16038541E+02
  0.13322099E+01  0.15948507E+02
  0.13614263E+01  0.15843371E+02
  0.13906428E+01  0.15723748E+02
  0.14198592E+01  0.15590330E+02
  0.14490756E+01  0.15443884E+02
  0.14782920E+01  0.15285242E+02
  0.15075085E+01  0.15115297E+02
  0.15367249E+01  0.14934991E+02
  0.15659413E+01  0.14745310E+02
  0.15659413E+01  0.14745321E+02
  0.15951577E+01  0.14547287E+02
  0.16243742E+01  0.14341947E+02
  0.16535906E+01  0.14130366E+02
  0.16828070E+01  0.13913617E+02
  0.17120234E+01  0.13692776E+02
  0.17412399E+01  0.13468908E+02
  0.17704563E+01  0.13243066E+02
  0.17996727E+01  0.13016275E+02
  0.18288891E+01  0.12789534E+02
  0.18581056E+01  0.12563800E+02
  0.18873220E+01  0.12339991E+02
  0.19165384E+01  0.12118972E+02
  0.19457548E+01  0.11901557E+02
  0.19749713E+01  0.11688501E+02
  0.20041877E+01  0.11480499E+02
  0.20334041E+01  0.11278180E+02
  0.20626205E+01  0.11082110E+02
  0.20918370E+01  0.10892789E+02
  0.21210534E+01  0.10710649E+02
  0.21502698E+01  0.10536059E+02
  0.21794862E+01  0.10369321E+02
  0.22087027E+01  0.10210677E+02
  0.22379191E+01  0.10060310E+02
  0.22671355E+01  0.99788992E+01
  0.22963519E+01  0.99018420E+01
  0.23255683E+01  0.98180573E+01
  0.23547848E+01  0.97290154E+01
  0.23840012E+01  0.96362344E+01
  0.24132176E+01  0.95412600E+01
  0.24424340E+01  0.94456450E+01
  0.24716505E+01  0.93509282E+01
  0.25008669E+01  0.92586150E+01
  0.25300833E+01  0.91701772E+01
  0.25592997E+01  0.91643607E+01
  0.25885162E+01  0.91479016E+01
  0.26177326E+01  0.91004777E+01
  0.26469490E+01  0.90240168E+01
  0.26761654E+01  0.89358050E+01
  0.27053819E+01  0.88543000E+01
  0.27345983E+01  0.87907815E+01
  0.27638147E+01  0.87509511E+01
  0.27930311E+01  0.87374220E+01
  0.28216573E+01  0.87463089E+01
  0.28502834E+01  0.87721436E+01
  0.28789095E+01  0.88122280E+01
  0.29075357E+01  0.88613792E+01
  0.29361618E+01  0.89113173E+01
  0.29647879E+01  0.89662180E+01
  0.29934141E+01  0.90461166E+01
  0.30220402E+01  0.91365435E+01
  0.30506663E+01  0.92367707E+01
  0.30792925E+01  0.93459912E+01
  0.31079186E+01  0.94633256E+01
  0.31365447E+01  0.95878292E+01
  0.31651709E+01  0.97184996E+01
  0.31937970E+01  0.98542847E+01
  0.32224231E+01  0.99940913E+01
  0.32510493E+01  0.10136794E+02
  0.32796754E+01  0.10281243E+02
  0.33083015E+01  0.10426276E+02
  0.33369277E+01  0.10570725E+02
  0.33655538E+01  0.10713427E+02
  0.33941799E+01  0.10853234E+02
  0.34228061E+01  0.10989018E+02
  0.34514322E+01  0.11119689E+02
  0.34800583E+01  0.11244192E+02
  0.35086845E+01  0.11361526E+02
  0.35373106E+01  0.11470746E+02
  0.35659367E+01  0.11570972E+02
  0.35945629E+01  0.11661399E+02
  0.36231890E+01  0.11741297E+02
  0.36518151E+01  0.11810023E+02
  0.36804413E+01  0.11867024E+02
  0.37090674E+01  0.11911842E+02
  0.37376935E+01  0.11944114E+02
  0.37663196E+01  0.11963582E+02
  0.37949458E+01  0.11970089E+02
  0.38241622E+01  0.11977628E+02
  0.38533786E+01  0.12000265E+02
  0.38825951E+01  0.12038035E+02
  0.39118115E+01  0.12090978E+02
  0.39410279E+01  0.12159107E+02
  0.39702443E+01  0.12242369E+02
  0.39994608E+01  0.12340613E+02
  0.40286772E+01  0.12453549E+02
  0.40578936E+01  0.12580730E+02
  0.40871100E+01  0.12721528E+02
  0.41163264E+01  0.12875135E+02
  0.41455429E+01  0.13040563E+02
  0.41747593E+01  0.13216658E+02
  0.42039757E+01  0.13402122E+02
  0.42331921E+01  0.13595532E+02
  0.42624086E+01  0.13795368E+02
  0.42916250E+01  0.14000035E+02
  0.43208414E+01  0.14207891E+02
  0.43500578E+01  0.14417268E+02
  0.43792743E+01  0.14626493E+02
  0.44084907E+01  0.14833907E+02
  0.44377071E+01  0.15037883E+02
  0.44669235E+01  0.15236842E+02
  0.44961400E+01  0.15429264E+02
  0.45253564E+01  0.15613704E+02
  0.45545728E+01  0.15788800E+02
  0.45837892E+01  0.15953281E+02
  0.46130057E+01  0.16105449E+02
  0.46419284E+01  0.16106447E+02
  0.46708512E+01  0.16109404E+02
  0.46997740E+01  0.16114218E+02
  0.47286968E+01  0.16120727E+02
  0.47576196E+01  0.16128713E+02
  0.47865424E+01  0.16137920E+02
  0.48154652E+01  0.16148063E+02
  0.48443879E+01  0.16158840E+02
  0.48733107E+01  0.16169951E+02
  0.49022335E+01  0.16181098E+02
  0.49311563E+01  0.16192004E+02
  0.49600791E+01  0.16202415E+02
  0.49890019E+01  0.16212103E+02
  0.50179246E+01  0.16220872E+02
  0.50468474E+01  0.16228554E+02
  0.50757702E+01  0.16235015E+02
  0.51046930E+01  0.16240146E+02
  0.51336158E+01  0.16243868E+02
  0.51625386E+01  0.16246122E+02
  0.51914614E+01  0.16246878E+02
  
  0.00000000E+00  0.94921121E+01
  0.28922784E-01  0.94925367E+01
  0.57845569E-01  0.94937502E+01
  0.86768353E-01  0.94955742E+01
  0.11569114E+00  0.94977158E+01
  0.14461392E+00  0.94997755E+01
  0.17353671E+00  0.95012566E+01
  0.20245949E+00  0.95015776E+01
  0.23138228E+00  0.95517996E+01
  0.26030506E+00  0.97558037E+01
  0.28922784E+00  0.99779530E+01
  0.31815063E+00  0.10216471E+02
  0.34707341E+00  0.10469481E+02
  0.37599620E+00  0.10735027E+02
  0.40491898E+00  0.11011093E+02
  0.43384177E+00  0.11295632E+02
  0.46276455E+00  0.11586578E+02
  0.49168734E+00  0.11881873E+02
  0.52061012E+00  0.12179482E+02
  0.54953290E+00  0.12477416E+02
  0.57845569E+00  0.12773742E+02
  0.60737847E+00  0.13066601E+02
  0.63630126E+00  0.13354220E+02
  0.66522404E+00  0.13634920E+02
  0.69414683E+00  0.13907128E+02
  0.72306961E+00  0.14169377E+02
  0.75199240E+00  0.14420315E+02
  0.78091518E+00  0.14658707E+02
  0.80983796E+00  0.14883429E+02
  0.83876075E+00  0.15093473E+02
  0.86768353E+00  0.15287940E+02
  0.89660632E+00  0.15466039E+02
  0.92552910E+00  0.15627077E+02
  0.95445189E+00  0.15770459E+02
  0.98337467E+00  0.15895676E+02
  0.10122975E+01  0.16002305E+02
  0.10412202E+01  0.16089999E+02
  0.10701430E+01  0.16158481E+02
  0.10990658E+01  0.16207543E+02
  0.11279886E+01  0.16237037E+02
  0.11569114E+01  0.16246878E+02
  0.11861278E+01  0.16253762E+02
  0.12153442E+01  0.16274209E+02
  0.12445607E+01  0.16307610E+02
  0.12737771E+01  0.16352976E+02
  0.13029935E+01  0.16408968E+02
  0.13322099E+01  0.16473945E+02
  0.13614263E+01  0.16546009E+02
  0.13906428E+01  0.16623061E+02
  0.14198592E+01  0.16702852E+02
  0.14490756E+01  0.16783036E+02
  0.14782920E+01  0.16861218E+02
  0.15075085E+01  0.16934998E+02
  0.15367249E+01  0.17002011E+02
  0.15659413E+01  0.17059963E+02
  0.15659413E+01  0.17059958E+02
  0.15951577E+01  0.17106657E+02
  0.16243742E+01  0.17140042E+02
  0.16535906E+01  0.17158205E+02
  0.16828070E+01  0.17159411E+02
  0.17120234E+01  0.17142122E+02
  0.17412399E+01  0.17105006E+02
  0.17704563E+01  0.17046956E+02
  0.17996727E+01  0.16967096E+02
  0.18288891E+01  0.16864795E+02
  0.18581056E+01  0.16739669E+02
  0.18873220E+01  0.16591589E+02
  0.19165384E+01  0.16420680E+02
  0.19457548E+01  0.16227324E+02
  0.19749713E+01  0.16012155E+02
  0.20041877E+01  0.15776054E+02
  0.20334041E+01  0.15520146E+02
  0.20626205E+01  0.15245787E+02
  0.20918370E+01  0.14954553E+02
  0.21210534E+01  0.14648229E+02
  0.21502698E+01  0.14328791E+02
  0.21794862E+01  0.13998392E+02
  0.22087027E+01  0.13659342E+02
  0.22379191E+01  0.13314091E+02
  0.22671355E+01  0.12965207E+02
  0.22963519E+01  0.12615359E+02
  0.23255683E+01  0.12267302E+02
  0.23547848E+01  0.11923862E+02
  0.23840012E+01  0.11587933E+02
  0.24132176E+01  0.11262488E+02
  0.24424340E+01  0.10950626E+02
  0.24716505E+01  0.10655672E+02
  0.25008669E+01  0.10381417E+02
  0.25300833E+01  0.10132619E+02
  0.25592997E+01  0.99159858E+01
  0.25885162E+01  0.97412977E+01
  0.26177326E+01  0.96190281E+01
  0.26469490E+01  0.95489312E+01
  0.26761654E+01  0.95151794E+01
  0.27053819E+01  0.95005332E+01
  0.27345983E+01  0.94946750E+01
  0.27638147E+01  0.94925987E+01
  0.27930311E+01  0.94921121E+01
  0.28216573E+01  0.94925934E+01
  0.28502834E+01  0.94947882E+01
  0.28789095E+01  0.95011691E+01
  0.29075357E+01  0.95165447E+01
  0.29361618E+01  0.95486755E+01
  0.29647879E+01  0.96074089E+01
  0.29934141E+01  0.97006700E+01
  0.30220402E+01  0.98301969E+01
  0.30506663E+01  0.99923151E+01
  0.30792925E+01  0.10181659E+02
  0.31079186E+01  0.10393344E+02
  0.31365447E+01  0.10623356E+02
  0.31651709E+01  0.10868338E+02
  0.31937970E+01  0.11125338E+02
  0.32224231E+01  0.11391639E+02
  0.32510493E+01  0.11664655E+02
  0.32796754E+01  0.11941880E+02
  0.33083015E+01  0.12220863E+02
  0.33369277E+01  0.12499197E+02
  0.33655538E+01  0.12774522E+02
  0.33941799E+01  0.13044529E+02
  0.34228061E+01  0.13306975E+02
  0.34514322E+01  0.13559691E+02
  0.34800583E+01  0.13800601E+02
  0.35086845E+01  0.14027728E+02
  0.35373106E+01  0.14239217E+02
  0.35659367E+01  0.14433343E+02
  0.35945629E+01  0.14608525E+02
  0.36231890E+01  0.14763337E+02
  0.36518151E+01  0.14896520E+02
  0.36804413E+01  0.15006995E+02
  0.37090674E+01  0.15093863E+02
  0.37376935E+01  0.15156419E+02
  0.37663196E+01  0.15194157E+02
  0.37949458E+01  0.15206771E+02
  0.38241622E+01  0.15224764E+02
  0.38533786E+01  0.15276913E+02
  0.38825951E+01  0.15358338E+02
  0.39118115E+01  0.15462518E+02
  0.39410279E+01  0.15582661E+02
  0.39702443E+01  0.15712564E+02
  0.39994608E+01  0.15846956E+02
  0.40286772E+01  0.15981512E+02
  0.40578936E+01  0.16112733E+02
  0.40871100E+01  0.16237790E+02
  0.41163264E+01  0.16354386E+02
  0.41455429E+01  0.16460642E+02
  0.41747593E+01  0.16555012E+02
  0.42039757E+01  0.16636222E+02
  0.42331921E+01  0.16703226E+02
  0.42624086E+01  0.16755174E+02
  0.42916250E+01  0.16791392E+02
  0.43208414E+01  0.16811366E+02
  0.43500578E+01  0.16814732E+02
  0.43792743E+01  0.16801269E+02
  0.44084907E+01  0.16770896E+02
  0.44377071E+01  0.16723667E+02
  0.44669235E+01  0.16659770E+02
  0.44961400E+01  0.16579526E+02
  0.45253564E+01  0.16483385E+02
  0.45545728E+01  0.16371926E+02
  0.45837892E+01  0.16245853E+02
  0.46130057E+01  0.16106526E+02
  0.46419284E+01  0.16107516E+02
  0.46708512E+01  0.16110451E+02
  0.46997740E+01  0.16115231E+02
  0.47286968E+01  0.16121692E+02
  0.47576196E+01  0.16129620E+02
  0.47865424E+01  0.16138759E+02
  0.48154652E+01  0.16148826E+02
  0.48443879E+01  0.16159523E+02
  0.48733107E+01  0.16170550E+02
  0.49022335E+01  0.16181613E+02
  0.49311563E+01  0.16192436E+02
  0.49600791E+01  0.16202767E+02
  0.49890019E+01  0.16212380E+02
  0.50179246E+01  0.16221080E+02
  0.50468474E+01  0.16228703E+02
  0.50757702E+01  0.16235112E+02
  0.51046930E+01  0.16240202E+02
  0.51336158E+01  0.16243893E+02
  0.51625386E+01  0.16246129E+02
  0.51914614E+01  0.16246878E+02
  
