
     Program PWSCF     v.3.0    starts ...
     Today is 17Oct2005 at  4:48:11 

     Ultrasoft (Vanderbilt) Pseudopotentials

     Current dimensions of program pwscf are:

     ntypx = 10   npk = 40000  lmax =  3
     nchix =  6  ndmx =  2000  nbrx = 14  nqfx =  8
  HUBBARD L FOR TYPE Fe IS            2
  HUBBARD L FOR TYPE Fe IS            2
  MAXIMUM HUBBARD L IS            2


     bravais-lattice index     =            0
     lattice parameter (a_0)   =       8.1900  a.u.
     unit-cell volume          =     274.6766 (a.u.)^3
     number of atoms/cell      =            4
     number of atomic types    =            3
     kinetic-energy cutoff     =      30.0000  Ry
     charge density cutoff     =     240.0000  Ry
     convergence threshold     =      1.0E-06
     beta                      =       0.3000
     number of iterations used =            8  plain     mixing
     Exchange-correlation      =  SLA  PZ   NOGX NOGC (1100)
     celldm(1)=   8.190000  celldm(2)=   0.000000  celldm(3)=   0.000000
     celldm(4)=   0.000000  celldm(5)=   0.000000  celldm(6)=   0.000000

     crystal axes: (cart. coord. in units of a_0)
               a(1) = (  0.500000  0.500000  1.000000 )  
               a(2) = (  0.500000  1.000000  0.500000 )  
               a(3) = (  1.000000  0.500000  0.500000 )  

     reciprocal axes: (cart. coord. in units 2 pi/a_0)
               b(1) = ( -0.500000 -0.500000  1.500000 )  
               b(2) = ( -0.500000  1.500000 -0.500000 )  
               b(3) = (  1.500000 -0.500000 -0.500000 )  


     PSEUDO 1 is O  (US)    zval =  6.0   lmax= 2   lloc= 0
     Version   0  0  0 of US pseudo code
     Using log mesh of  1269 points
     The pseudopotential has  4 beta functions with: 
                l(1) =   0
                l(2) =   0
                l(3) =   1
                l(4) =   1
     Q(r) pseudized with  0 coefficients,  rinner =    0.000   0.000   0.000
                                                       0.000   0.000

     PSEUDO 2 is Fe (US)    zval =  8.0   lmax= 2   lloc= 0
     Version   0  0  0 of US pseudo code
     Using log mesh of   957 points
     The pseudopotential has  6 beta functions with: 
                l(1) =   0
                l(2) =   0
                l(3) =   1
                l(4) =   1
                l(5) =   2
                l(6) =   2
     Q(r) pseudized with  0 coefficients,  rinner =    0.000   0.000   0.000
                                                       0.000   0.000

     PSEUDO 3 is Fe (US)    zval =  8.0   lmax= 2   lloc= 0
     Version   0  0  0 of US pseudo code
     Using log mesh of   957 points
     The pseudopotential has  6 beta functions with: 
                l(1) =   0
                l(2) =   0
                l(3) =   1
                l(4) =   1
                l(5) =   2
                l(6) =   2
     Q(r) pseudized with  0 coefficients,  rinner =    0.000   0.000   0.000
                                                       0.000   0.000

     atomic species   valence    mass     pseudopotential
        O1             6.00     1.00000     O ( 1.00)
        Fe1            8.00     1.00000     Fe( 1.00)
        Fe2            8.00     1.00000     Fe( 1.00)

     Starting magnetic structure 
     atomic species   magnetization
        O1           0.000
        Fe1          0.500
        Fe2         -0.500

     12 Sym.Ops. (with inversion)


   Cartesian axes

     site n.     atom                  positions (a_0 units)
         1           O1  tau(  1) = (   0.5000000   0.5000000   0.5000000  )
         2           O1  tau(  2) = (   1.5000000   1.5000000   1.5000000  )
         3           Fe1 tau(  3) = (   0.0000000   0.0000000   0.0000000  )
         4           Fe2 tau(  4) = (   1.0000000   1.0000000   1.0000000  )

     number of k points=    8  gaussian broad. (ryd)=  0.0100     ngauss =   0
                       cart. coord. in units 2pi/a_0
        k(    1) = (   0.0000000   0.0000000   0.0000000), wk =   0.1250000
        k(    2) = (  -0.7500000   0.2500000   0.2500000), wk =   0.3750000
        k(    3) = (  -0.5000000  -0.5000000   0.5000000), wk =   0.3750000
        k(    4) = (  -0.2500000  -0.2500000  -0.2500000), wk =   0.1250000
        k(    5) = (   0.0000000   0.0000000   0.0000000), wk =   0.1250000
        k(    6) = (  -0.7500000   0.2500000   0.2500000), wk =   0.3750000
        k(    7) = (  -0.5000000  -0.5000000   0.5000000), wk =   0.3750000
        k(    8) = (  -0.2500000  -0.2500000  -0.2500000), wk =   0.1250000

     G cutoff =  407.7738  (  17255 G-vectors)     FFT grid: ( 50, 50, 50)
     G cutoff =  203.8869  (   6111 G-vectors)  smooth grid: ( 36, 36, 36)

     nbndx  =    80  nbnd   =    20  natomwfc =    20  npwx   =     780
     nelec  =  28.00  nkb   =    52  ngl    =     342

     Check: negative/imaginary core charge=   -0.000003    0.000000

     Initial potential from superposition of free atoms

     starting charge   27.99905, renormalised to   28.00000

     Parameters of the lda+U calculation:
     Number of iteration with fixed ns =  0
     Starting ns and Hubbard U :
 enter write_ns
U( 1) =  0.0000      U( 2) =  4.3000      U( 3) =  4.3000
alpha( 1) =  0.0000      alpha( 2) =  0.0000      alpha( 3) =  0.0000
atom  3   Tr[ns(na)]=   6.0000000
atom  3  spin  1
eigenvalues:  1.0000000 1.0000000 1.0000000 1.0000000 1.0000000
 eigenvectors
 1   1.0000000  0.0000000  0.0000000  0.0000000  0.0000000
 2   0.0000000  1.0000000  0.0000000  0.0000000  0.0000000
 3   0.0000000  0.0000000  1.0000000  0.0000000  0.0000000
 4   0.0000000  0.0000000  0.0000000  1.0000000  0.0000000
 5   0.0000000  0.0000000  0.0000000  0.0000000  1.0000000
 occupations
 1.000  0.000  0.000  0.000  0.000
 0.000  1.000  0.000  0.000  0.000
 0.000  0.000  1.000  0.000  0.000
 0.000  0.000  0.000  1.000  0.000
 0.000  0.000  0.000  0.000  1.000
atom  3  spin  2
eigenvalues:  0.2000000 0.2000000 0.2000000 0.2000000 0.2000000
 eigenvectors
 1   1.0000000  0.0000000  0.0000000  0.0000000  0.0000000
 2   0.0000000  1.0000000  0.0000000  0.0000000  0.0000000
 3   0.0000000  0.0000000  1.0000000  0.0000000  0.0000000
 4   0.0000000  0.0000000  0.0000000  1.0000000  0.0000000
 5   0.0000000  0.0000000  0.0000000  0.0000000  1.0000000
 occupations
 0.200  0.000  0.000  0.000  0.000
 0.000  0.200  0.000  0.000  0.000
 0.000  0.000  0.200  0.000  0.000
 0.000  0.000  0.000  0.200  0.000
 0.000  0.000  0.000  0.000  0.200
atom  4   Tr[ns(na)]=   6.0000000
atom  4  spin  1
eigenvalues:  0.2000000 0.2000000 0.2000000 0.2000000 0.2000000
 eigenvectors
 1   1.0000000  0.0000000  0.0000000  0.0000000  0.0000000
 2   0.0000000  1.0000000  0.0000000  0.0000000  0.0000000
 3   0.0000000  0.0000000  1.0000000  0.0000000  0.0000000
 4   0.0000000  0.0000000  0.0000000  1.0000000  0.0000000
 5   0.0000000  0.0000000  0.0000000  0.0000000  1.0000000
 occupations
 0.200  0.000  0.000  0.000  0.000
 0.000  0.200  0.000  0.000  0.000
 0.000  0.000  0.200  0.000  0.000
 0.000  0.000  0.000  0.200  0.000
 0.000  0.000  0.000  0.000  0.200
atom  4  spin  2
eigenvalues:  1.0000000 1.0000000 1.0000000 1.0000000 1.0000000
 eigenvectors
 1   1.0000000  0.0000000  0.0000000  0.0000000  0.0000000
 2   0.0000000  1.0000000  0.0000000  0.0000000  0.0000000
 3   0.0000000  0.0000000  1.0000000  0.0000000  0.0000000
 4   0.0000000  0.0000000  0.0000000  1.0000000  0.0000000
 5   0.0000000  0.0000000  0.0000000  0.0000000  1.0000000
 occupations
 1.000  0.000  0.000  0.000  0.000
 0.000  1.000  0.000  0.000  0.000
 0.000  0.000  1.000  0.000  0.000
 0.000  0.000  0.000  1.000  0.000
 0.000  0.000  0.000  0.000  1.000
nsum =  12.0000000
 exit write_ns
 Atomic wfc used for LDA+U Projector are NOT orthogonalized
     Starting wfc are atomic

     total cpu time spent up to now is      7.16 secs

     Self-consistent Calculation

     iteration #  1     ecut=    30.00 ryd     beta=0.30
     Davidson diagonalization with overlap
     ethr =  1.00E-02,  avg # of iterations =  3.2
 enter write_ns
U( 1) =  0.0000      U( 2) =  4.3000      U( 3) =  4.3000
alpha( 1) =  0.0000      alpha( 2) =  0.0000      alpha( 3) =  0.0000
atom  3   Tr[ns(na)]=   6.1226801
atom  3  spin  1
eigenvalues:  0.9969552 0.9969552 1.0025536 1.0025536 1.0030281
 eigenvectors
 1  -0.4176131 -0.2336407  0.4877270  0.6845245  0.2540863
 2  -0.6845245  0.4282861 -0.0118042 -0.4176131  0.4164819
 3   0.5925076  0.3978720  0.2513535  0.0772023  0.6492255
 4   0.0772023 -0.5199496  0.6045420 -0.5925076  0.0845925
 5   0.0000000  0.5773503  0.5773503  0.0000000 -0.5773503
 occupations
 0.999  0.001  0.001  0.000  0.002
 0.001  1.001  0.001  0.002 -0.001
 0.001  0.001  1.001 -0.002 -0.001
 0.000  0.002 -0.002  0.999  0.000
 0.002 -0.001 -0.001  0.000  1.001
atom  3  spin  2
eigenvalues:  0.1553853 0.1553853 0.2567874 0.2765382 0.2765382
 eigenvectors
 1  -0.2089481 -0.0683445  0.0532800 -0.9739630 -0.0150646
 2  -0.9739630 -0.0220637 -0.0481563  0.2089481 -0.0702200
 3   0.0000000 -0.5773503 -0.5773503  0.0000000  0.5773503
 4  -0.0865355  0.2739086  0.5262668  0.0157567  0.8001754
 5  -0.0157567  0.7658217 -0.6201227 -0.0865355  0.1456990
 occupations
 0.156 -0.004 -0.004  0.000 -0.009
-0.004  0.269 -0.006 -0.008  0.006
-0.004 -0.006  0.269  0.008  0.006
 0.000 -0.008  0.008  0.156  0.000
-0.009  0.006  0.006  0.000  0.269
atom  4   Tr[ns(na)]=   6.1226801
atom  4  spin  1
eigenvalues:  0.1553853 0.1553853 0.2567874 0.2765382 0.2765382
 eigenvectors
 1  -0.4279173 -0.0715905  0.0407389 -0.8995277 -0.0308516
 2  -0.8995277 -0.0057084 -0.0591450  0.4279173 -0.0648534
 3   0.0000000 -0.5773503 -0.5773503  0.0000000  0.5773503
 4  -0.0863700  0.2660692  0.5325757  0.0166401  0.7986449
 5  -0.0166401  0.7685806 -0.6147129 -0.0863700  0.1538676
 occupations
 0.156 -0.004 -0.004  0.000 -0.009
-0.004  0.269 -0.006 -0.008  0.006
-0.004 -0.006  0.269  0.008  0.006
 0.000 -0.008  0.008  0.156  0.000
-0.009  0.006  0.006  0.000  0.269
atom  4  spin  2
eigenvalues:  0.9969552 0.9969552 1.0025536 1.0025536 1.0030281
 eigenvectors
 1  -0.4088710 -0.2390704  0.4878377  0.6897819  0.2487673
 2  -0.6897819  0.4252791 -0.0055985 -0.4088710  0.4196806
 3   0.5938623  0.3879627  0.2627471  0.0659775  0.6507099
 4   0.0659775 -0.5273847  0.5996779 -0.5938623  0.0722933
 5   0.0000000  0.5773503  0.5773503  0.0000000 -0.5773503
 occupations
 0.999  0.001  0.001  0.000  0.002
 0.001  1.001  0.001  0.002 -0.001
 0.001  0.001  1.001 -0.002 -0.001
 0.000  0.002 -0.002  0.999  0.000
 0.002 -0.001 -0.001  0.000  1.001
nsum =  12.2453603
 exit write_ns
 Modify starting ns matrices according to input values 
 enter write_ns
U( 1) =  0.0000      U( 2) =  4.3000      U( 3) =  4.3000
alpha( 1) =  0.0000      alpha( 2) =  0.0000      alpha( 3) =  0.0000
atom  3   Tr[ns(na)]=   6.8461419
atom  3  spin  1
eigenvalues:  0.9969552 0.9969552 1.0025536 1.0025536 1.0030281
 eigenvectors
 1  -0.4634735 -0.2037873  0.4857762  0.6543446  0.2819889
 2  -0.6543446  0.4432694 -0.0451497 -0.4634735  0.3981197
 3   0.5931098  0.3936748  0.2562105  0.0724315  0.6498853
 4   0.0724315 -0.5231346  0.6024997 -0.5931098  0.0793650
 5   0.0000000  0.5773503  0.5773503  0.0000000 -0.5773503
 occupations
 0.999  0.001  0.001  0.000  0.002
 0.001  1.001  0.001  0.002 -0.001
 0.001  0.001  1.001 -0.002 -0.001
 0.000  0.002 -0.002  0.999  0.000
 0.002 -0.001 -0.001  0.000  1.001
atom  3  spin  2
eigenvalues:  0.1553853 0.1553853 0.2567874 0.2765382 1.0000000
 eigenvectors
 1  -0.1809425 -0.0676840  0.0546385 -0.9795525 -0.0130454
 2  -0.9795525 -0.0240138 -0.0466091  0.1809425 -0.0706229
 3   0.0000000 -0.5773503 -0.5773503  0.0000000  0.5773503
 4  -0.0865355  0.2739086  0.5262668  0.0157567  0.8001754
 5  -0.0157567  0.7658217 -0.6201227 -0.0865355  0.1456990
 occupations
 0.157 -0.013  0.003  0.001 -0.010
-0.013  0.694 -0.350 -0.055  0.087
 0.003 -0.350  0.548  0.046 -0.059
 0.001 -0.055  0.046  0.162 -0.009
-0.010  0.087 -0.059 -0.009  0.285
atom  4   Tr[ns(na)]=   6.8461419
atom  4  spin  1
eigenvalues:  0.1553853 0.1553853 0.2567874 0.2765382 1.0000000
 eigenvectors
 1  -0.4494575 -0.0717072  0.0393026 -0.8889608 -0.0324046
 2  -0.8889608 -0.0039826 -0.0601090  0.4494575 -0.0640915
 3   0.0000000 -0.5773503 -0.5773503  0.0000000  0.5773503
 4  -0.0863700  0.2660692  0.5325757  0.0166401  0.7986449
 5  -0.0166401  0.7685806 -0.6147129 -0.0863700  0.1538676
 occupations
 0.157 -0.014  0.003  0.001 -0.011
-0.014  0.697 -0.348 -0.056  0.092
 0.003 -0.348  0.543  0.046 -0.062
 0.001 -0.056  0.046  0.162 -0.010
-0.011  0.092 -0.062 -0.010  0.286
atom  4  spin  2
eigenvalues:  0.9969552 0.9969552 1.0025536 1.0025536 1.0030281
 eigenvectors
 1  -0.4199085 -0.2322018  0.4876847  0.6831188  0.2554829
 2  -0.6831188  0.4290680 -0.0134414 -0.4199085  0.4156266
 3   0.5914838  0.4044166  0.2436871  0.0846902  0.6481037
 4   0.0846902 -0.5148756  0.6076728 -0.5914838  0.0927972
 5   0.0000000  0.5773503  0.5773503  0.0000000 -0.5773503
 occupations
 0.999  0.001  0.001  0.000  0.002
 0.001  1.001  0.001  0.002 -0.001
 0.001  0.001  1.001 -0.002 -0.001
 0.000  0.002 -0.002  0.999  0.000
 0.002 -0.001 -0.001  0.000  1.001
nsum =  13.6922838
 exit write_ns

     total cpu time spent up to now is     14.71 secs

     total energy              =  -173.87440401 ryd
     estimated scf accuracy    <     2.60384704 ryd

     total magnetization       =     0.00 Bohr mag/cell
     absolute magnetization    =     8.54 Bohr mag/cell

     iteration #  2     ecut=    30.00 ryd     beta=0.30
     Davidson diagonalization with overlap
     ethr =  9.30E-03,  avg # of iterations =  2.2
 enter write_ns
U( 1) =  0.0000      U( 2) =  4.3000      U( 3) =  4.3000
alpha( 1) =  0.0000      alpha( 2) =  0.0000      alpha( 3) =  0.0000
atom  3   Tr[ns(na)]=   6.9103837
atom  3  spin  1
eigenvalues:  0.9929413 0.9929413 1.0010947 1.0010947 1.0024214
 eigenvectors
 1  -0.2121467 -0.1594982  0.2072691  0.9403784  0.0477709
 2   0.9403784 -0.1472474 -0.0645058  0.2121467 -0.2117532
 3  -0.2657767 -0.3762316 -0.4106297  0.0067080 -0.7868613
 4   0.0067080  0.6913718 -0.6715120  0.2657767  0.0198597
 5   0.0000000 -0.5773503 -0.5773503  0.0000000  0.5773503
 occupations
 0.994  0.001  0.001  0.000  0.002
 0.001  1.001  0.001  0.001 -0.001
 0.001  0.001  1.001 -0.001 -0.001
 0.000  0.001 -0.001  0.994  0.000
 0.002 -0.001 -0.001  0.000  1.001
atom  3  spin  2
eigenvalues:  0.2570956 0.3218893 0.3218893 0.5095079 0.5095079
 eigenvectors
 1   0.0000000 -0.5773503 -0.5773503  0.0000000  0.5773503
 2  -0.3883240 -0.1803964  0.1080760 -0.8942880 -0.0723203
 3   0.8942880  0.0206436  0.1459061 -0.3883240  0.1665496
 4  -0.2158083  0.2198846  0.5526370  0.0536683  0.7725216
 5   0.0536683 -0.7650806  0.5729660  0.2158083 -0.1921146
 occupations
 0.331 -0.017 -0.017  0.000 -0.033
-0.017  0.419 -0.081 -0.029  0.081
-0.017 -0.081  0.419  0.029  0.081
 0.000 -0.029  0.029  0.331  0.000
-0.033  0.081  0.081  0.000  0.419
atom  4   Tr[ns(na)]=   6.9102861
atom  4  spin  1
eigenvalues:  0.2564574 0.3219138 0.3219138 0.5097613 0.5097613
 eigenvectors
 1   0.0000000  0.5773503  0.5773503  0.0000000 -0.5773503
 2  -0.5836628 -0.1799662  0.0714832 -0.7810707 -0.1084830
 3  -0.7810707  0.0213618 -0.1665362  0.5836628 -0.1451744
 4   0.2140850 -0.2019159 -0.5659673 -0.0585994 -0.7678833
 5   0.0585994 -0.7700990  0.5599138  0.2140850 -0.2101852
 occupations
 0.331 -0.017 -0.017  0.000 -0.033
-0.017  0.419 -0.081 -0.029  0.081
-0.017 -0.081  0.419  0.029  0.081
 0.000 -0.029  0.029  0.331  0.000
-0.033  0.081  0.081  0.000  0.419
atom  4  spin  2
eigenvalues:  0.9929397 0.9929397 1.0010905 1.0010905 1.0024179
 eigenvectors
 1  -0.2130049 -0.1593058  0.2072510  0.9402121  0.0479451
 2   0.9402121 -0.1473375 -0.0642941  0.2130049 -0.2116317
 3  -0.2657591 -0.3898130 -0.3973091  0.0014613 -0.7871221
 4   0.0014613  0.6838317 -0.6795038  0.2657591  0.0043279
 5   0.0000000 -0.5773503 -0.5773503  0.0000000  0.5773503
 occupations
 0.994  0.001  0.001  0.000  0.002
 0.001  1.001  0.001  0.001 -0.001
 0.001  0.001  1.001 -0.001 -0.001
 0.000  0.001 -0.001  0.994  0.000
 0.002 -0.001 -0.001  0.000  1.001
nsum =  13.8206697
 exit write_ns

     total cpu time spent up to now is     22.28 secs

     total energy              =  -174.44378125 ryd
     estimated scf accuracy    <     0.18283428 ryd

     total magnetization       =     0.00 Bohr mag/cell
     absolute magnetization    =     7.15 Bohr mag/cell

     iteration #  3     ecut=    30.00 ryd     beta=0.30
     Davidson diagonalization with overlap
     ethr =  6.53E-04,  avg # of iterations =  1.8
 enter write_ns
U( 1) =  0.0000      U( 2) =  4.3000      U( 3) =  4.3000
alpha( 1) =  0.0000      alpha( 2) =  0.0000      alpha( 3) =  0.0000
atom  3   Tr[ns(na)]=   6.8113716
atom  3  spin  1
eigenvalues:  0.9938271 0.9938271 1.0016726 1.0016726 1.0028749
 eigenvectors
 1   0.2507063  0.1627459 -0.2230594 -0.9258871 -0.0603135
 2   0.9258871 -0.1636054 -0.0591393  0.2507063 -0.2227448
 3  -0.2826093 -0.3834569 -0.3996943  0.0033830 -0.7831512
 4  -0.0033830 -0.6829162  0.6735415 -0.2826093 -0.0093747
 5   0.0000000 -0.5773503 -0.5773503  0.0000000  0.5773503
 occupations
 0.994  0.001  0.001  0.000  0.002
 0.001  1.002  0.001  0.002 -0.001
 0.001  0.001  1.002 -0.002 -0.001
 0.000  0.002 -0.002  0.994  0.000
 0.002 -0.001 -0.001  0.000  1.002
atom  3  spin  2
eigenvalues:  0.2429383 0.2769035 0.2769035 0.5103759 0.5103759
 eigenvectors
 1   0.0000000  0.5773503  0.5773503  0.0000000 -0.5773503
 2  -0.6123411 -0.1874740  0.0679640 -0.7556389 -0.1195099
 3  -0.7556389  0.0297600 -0.1772372  0.6123411 -0.1474772
 4   0.2246441 -0.2065964 -0.5607533 -0.0598600 -0.7673496
 5   0.0598600 -0.7667806  0.5623080  0.2246441 -0.2044726
 occupations
 0.290 -0.022 -0.022  0.000 -0.043
-0.022  0.413 -0.085 -0.037  0.085
-0.022 -0.085  0.413  0.037  0.085
 0.000 -0.037  0.037  0.290  0.000
-0.043  0.085  0.085  0.000  0.413
atom  4   Tr[ns(na)]=   6.8123516
atom  4  spin  1
eigenvalues:  0.2425292 0.2769764 0.2769764 0.5110013 0.5110013
 eigenvectors
 1   0.0000000  0.5773503  0.5773503  0.0000000 -0.5773503
 2  -0.5215724 -0.1888860  0.0875257 -0.8211880 -0.1013603
 3   0.8211880 -0.0079874  0.1675737 -0.5215724  0.1595863
 4   0.2227942 -0.1948315 -0.5694608 -0.0630501 -0.7642922
 5   0.0630501 -0.7700426  0.5537503  0.2227942 -0.2162923
 occupations
 0.290 -0.022 -0.022  0.000 -0.043
-0.022  0.413 -0.085 -0.037  0.085
-0.022 -0.085  0.413  0.037  0.085
 0.000 -0.037  0.037  0.290  0.000
-0.043  0.085  0.085  0.000  0.413
atom  4  spin  2
eigenvalues:  0.9938255 0.9938255 1.0016713 1.0016713 1.0028733
 eigenvectors
 1   0.2058181  0.1703809 -0.2198773 -0.9369169 -0.0494964
 2   0.9369169 -0.1555230 -0.0697927  0.2058181 -0.2253157
 3  -0.2825320 -0.3888917 -0.3943322  0.0011331 -0.7832239
 4  -0.0011331 -0.6798624  0.6767213 -0.2825320 -0.0031411
 5   0.0000000 -0.5773503 -0.5773503  0.0000000  0.5773503
 occupations
 0.994  0.001  0.001  0.000  0.002
 0.001  1.002  0.001  0.002 -0.001
 0.001  0.001  1.002 -0.002 -0.001
 0.000  0.002 -0.002  0.994  0.000
 0.002 -0.001 -0.001  0.000  1.002
nsum =  13.6237232
 exit write_ns

     total cpu time spent up to now is     29.56 secs

     total energy              =  -174.45845562 ryd
     estimated scf accuracy    <     0.04594693 ryd

     total magnetization       =     0.00 Bohr mag/cell
     absolute magnetization    =     7.34 Bohr mag/cell

     iteration #  4     ecut=    30.00 ryd     beta=0.30
     Davidson diagonalization with overlap
     ethr =  1.64E-04,  avg # of iterations =  1.8
 enter write_ns
U( 1) =  0.0000      U( 2) =  4.3000      U( 3) =  4.3000
alpha( 1) =  0.0000      alpha( 2) =  0.0000      alpha( 3) =  0.0000
atom  3   Tr[ns(na)]=   6.8365426
atom  3  spin  1
eigenvalues:  0.9938215 0.9938215 1.0013419 1.0013419 1.0026696
 eigenvectors
 1  -0.2145673 -0.1642826  0.2143216  0.9373017  0.0500390
 2   0.9373017 -0.1526287 -0.0659585  0.2145673 -0.2185872
 3  -0.2746110 -0.3828468 -0.4021741  0.0039034 -0.7850209
 4   0.0039034  0.6854274 -0.6742688  0.2746110  0.0111586
 5   0.0000000 -0.5773503 -0.5773503  0.0000000  0.5773503
 occupations
 0.994  0.001  0.001  0.000  0.002
 0.001  1.001  0.001  0.001 -0.001
 0.001  0.001  1.001 -0.001 -0.001
 0.000  0.001 -0.001  0.994  0.000
 0.002 -0.001 -0.001  0.000  1.001
atom  3  spin  2
eigenvalues:  0.2016655 0.2744901 0.2744901 0.5464502 0.5464502
 eigenvectors
 1   0.0000000  0.5773503  0.5773503  0.0000000 -0.5773503
 2  -0.7026764 -0.2169214  0.0509901 -0.6550251 -0.1659313
 3  -0.6550251  0.0663613 -0.2210401  0.7026764 -0.1546788
 4   0.2667067 -0.1862189 -0.5667374 -0.0778179 -0.7529563
 5   0.0778179 -0.7619255  0.5422330  0.2667067 -0.2196925
 occupations
 0.295 -0.030 -0.030  0.000 -0.059
-0.030  0.418 -0.108 -0.051  0.108
-0.030 -0.108  0.418  0.051  0.108
 0.000 -0.051  0.051  0.295  0.000
-0.059  0.108  0.108  0.000  0.418
atom  4   Tr[ns(na)]=   6.8182644
atom  4  spin  1
eigenvalues:  0.2004741 0.2738480 0.2738480 0.5385160 0.5385160
 eigenvectors
 1   0.0000000  0.5773503  0.5773503  0.0000000 -0.5773503
 2  -0.6267301 -0.2241017  0.0752150 -0.7274361 -0.1488867
 3  -0.7274361  0.0425344 -0.2153450  0.6267301 -0.1728106
 4   0.2674663 -0.1792367 -0.5713526 -0.0806716 -0.7505893
 5   0.0806716 -0.7632235  0.5368353  0.2674663 -0.2263883
 occupations
 0.295 -0.029 -0.029  0.000 -0.058
-0.029  0.412 -0.106 -0.050  0.106
-0.029 -0.106  0.412  0.050  0.106
 0.000 -0.050  0.050  0.295  0.000
-0.058  0.106  0.106  0.000  0.412
atom  4  spin  2
eigenvalues:  0.9937906 0.9937906 1.0013900 1.0013900 1.0027010
 eigenvectors
 1  -0.2294273 -0.1600754  0.2129386  0.9346666  0.0528631
 2   0.9346666 -0.1534607 -0.0618990  0.2294273 -0.2153597
 3  -0.2715849 -0.3973253 -0.3884649 -0.0017680 -0.7857902
 4  -0.0017680  0.6779564 -0.6830720  0.2715849 -0.0051156
 5   0.0000000 -0.5773503 -0.5773503  0.0000000  0.5773503
 occupations
 0.994  0.001  0.001  0.000  0.002
 0.001  1.001  0.001  0.001 -0.001
 0.001  0.001  1.001 -0.001 -0.001
 0.000  0.001 -0.001  0.994  0.000
 0.002 -0.001 -0.001  0.000  1.001
nsum =  13.6548070
 exit write_ns

     total cpu time spent up to now is     36.81 secs

     total energy              =  -174.46405583 ryd
     estimated scf accuracy    <     0.00982651 ryd

     total magnetization       =    -0.02 Bohr mag/cell
     absolute magnetization    =     7.32 Bohr mag/cell

     iteration #  5     ecut=    30.00 ryd     beta=0.30
     Davidson diagonalization with overlap
     ethr =  3.51E-05,  avg # of iterations =  2.0
 enter write_ns
U( 1) =  0.0000      U( 2) =  4.3000      U( 3) =  4.3000
alpha( 1) =  0.0000      alpha( 2) =  0.0000      alpha( 3) =  0.0000
atom  3   Tr[ns(na)]=   6.7303361
atom  3  spin  1
eigenvalues:  0.9936689 0.9936689 1.0015579 1.0015579 1.0028070
 eigenvectors
 1  -0.1992059 -0.1568042  0.2002410  0.9453815  0.0434368
 2   0.9453815 -0.1406874 -0.0654527  0.1992059 -0.2061401
 3  -0.2580112 -0.3918399 -0.3970056  0.0009755 -0.7888455
 4   0.0009755  0.6846515 -0.6816691  0.2580112  0.0029824
 5   0.0000000 -0.5773503 -0.5773503  0.0000000  0.5773503
 occupations
 0.994  0.001  0.001  0.000  0.002
 0.001  1.002  0.001  0.001 -0.001
 0.001  0.001  1.002 -0.001 -0.001
 0.000  0.001 -0.001  0.994  0.000
 0.002 -0.001 -0.001  0.000  1.002
atom  3  spin  2
eigenvalues:  0.1732891 0.2703988 0.2703988 0.5114944 0.5114944
 eigenvectors
 1   0.0000000  0.5773503  0.5773503  0.0000000 -0.5773503
 2   0.8034165  0.2320933 -0.0088779  0.5007502  0.2232154
 3   0.5007502 -0.1237478  0.2628726 -0.8034165  0.1391248
 4  -0.3025125  0.1328755  0.5930108  0.1107133  0.7258863
 5  -0.1107133  0.7614656 -0.4958064 -0.3025125  0.2656593
 occupations
 0.295 -0.030 -0.030  0.000 -0.060
-0.030  0.382 -0.104 -0.052  0.104
-0.030 -0.104  0.382  0.052  0.104
 0.000 -0.052  0.052  0.295  0.000
-0.060  0.104  0.104  0.000  0.382
atom  4   Tr[ns(na)]=   6.9398448
atom  4  spin  1
eigenvalues:  0.1796685 0.2761293 0.2761293 0.6076728 0.6076728
 eigenvectors
 1   0.0000000  0.5773503  0.5773503  0.0000000 -0.5773503
 2   0.7525008  0.2244411 -0.0337226  0.5880969  0.1907185
 3   0.5880969 -0.0906416  0.2396925 -0.7525008  0.1490509
 4  -0.2820223  0.1627815  0.5790518  0.0913675  0.7418333
 5  -0.0913675  0.7626133 -0.5222796 -0.2820223  0.2403337
 occupations
 0.305 -0.038 -0.038  0.000 -0.077
-0.038  0.446 -0.133 -0.066  0.133
-0.038 -0.133  0.446  0.066  0.133
 0.000 -0.066  0.066  0.305  0.000
-0.077  0.133  0.133  0.000  0.446
atom  4  spin  2
eigenvalues:  0.9939295 0.9939295 1.0010838 1.0010838 1.0025456
 eigenvectors
 1  -0.2189497 -0.1721078  0.2261296  0.9318728  0.0540218
 2   0.9318728 -0.1617455 -0.0681770  0.2189497 -0.2299225
 3  -0.2892620 -0.3878474 -0.3937359  0.0012582 -0.7815833
 4   0.0012582  0.6785708 -0.6751711  0.2892620  0.0033997
 5   0.0000000 -0.5773503 -0.5773503  0.0000000  0.5773503
 occupations
 0.995  0.001  0.001  0.000  0.002
 0.001  1.001  0.001  0.001 -0.001
 0.001  0.001  1.001 -0.001 -0.001
 0.000  0.001 -0.001  0.995  0.000
 0.002 -0.001 -0.001  0.000  1.001
nsum =  13.6701808
 exit write_ns

     total cpu time spent up to now is     44.16 secs

     total energy              =  -174.47001638 ryd
     estimated scf accuracy    <     0.01905906 ryd

     total magnetization       =     0.21 Bohr mag/cell
     absolute magnetization    =     7.30 Bohr mag/cell

     iteration #  6     ecut=    30.00 ryd     beta=0.30
     Davidson diagonalization with overlap
     ethr =  3.51E-05,  avg # of iterations =  1.0
 enter write_ns
U( 1) =  0.0000      U( 2) =  4.3000      U( 3) =  4.3000
alpha( 1) =  0.0000      alpha( 2) =  0.0000      alpha( 3) =  0.0000
atom  3   Tr[ns(na)]=   6.8929839
atom  3  spin  1
eigenvalues:  0.9938600 0.9938600 1.0011712 1.0011712 1.0026269
 eigenvectors
 1  -0.2039016 -0.1696847  0.2183986  0.9378487  0.0487138
 2   0.9378487 -0.1542174 -0.0698426  0.2039016 -0.2240600
 3  -0.2808060 -0.3834706 -0.4001099  0.0034427 -0.7835805
 4   0.0034427  0.6834040 -0.6737973  0.2808060  0.0096067
 5   0.0000000 -0.5773503 -0.5773503  0.0000000  0.5773503
 occupations
 0.994  0.001  0.001  0.000  0.002
 0.001  1.001  0.001  0.001 -0.001
 0.001  0.001  1.001 -0.001 -0.001
 0.000  0.001 -0.001  0.994  0.000
 0.002 -0.001 -0.001  0.000  1.001
atom  3  spin  2
eigenvalues:  0.1768333 0.2747947 0.2747947 0.5869359 0.5869359
 eigenvectors
 1   0.0000000  0.5773503  0.5773503  0.0000000 -0.5773503
 2  -0.7300870 -0.2324290  0.0429363 -0.6125347 -0.1894927
 3  -0.6125347  0.0846144 -0.2435966  0.7300870 -0.1589822
 4  -0.2893274  0.1718249  0.5713318  0.0897993  0.7431567
 5  -0.0897993  0.7589203 -0.5282649 -0.2893274  0.2306554
 occupations
 0.303 -0.037 -0.037  0.000 -0.074
-0.037  0.431 -0.127 -0.064  0.127
-0.037 -0.127  0.431  0.064  0.127
 0.000 -0.064  0.064  0.303  0.000
-0.074  0.127  0.127  0.000  0.431
atom  4   Tr[ns(na)]=   6.7775315
atom  4  spin  1
eigenvalues:  0.1729681 0.2716038 0.2716038 0.5341762 0.5341762
 eigenvectors
 1   0.0000000  0.5773503  0.5773503  0.0000000 -0.5773503
 2   0.7705432  0.2356873 -0.0255570  0.5530885  0.2101303
 3   0.5530885 -0.1065634  0.2573929 -0.7705432  0.1508295
 4  -0.3000185  0.1513834  0.5820576  0.1017117  0.7334410
 5  -0.1017117  0.7595034 -0.5108536 -0.3000185  0.2486499
 occupations
 0.298 -0.032 -0.032  0.000 -0.064
-0.032  0.396 -0.112 -0.056  0.112
-0.032 -0.112  0.396  0.056  0.112
 0.000 -0.056  0.056  0.298  0.000
-0.064  0.112  0.112  0.000  0.396
atom  4  spin  2
eigenvalues:  0.9937159 0.9937159 1.0014163 1.0014163 1.0027392
 eigenvectors
 1  -0.2070670 -0.1592870  0.2055953  0.9419857  0.0463083
 2   0.9419857 -0.1454366 -0.0652283  0.2070670 -0.2106649
 3  -0.2641708 -0.3934059 -0.3940853  0.0001316 -0.7874912
 4   0.0001316  0.6821835 -0.6817912  0.2641708  0.0003923
 5   0.0000000 -0.5773503 -0.5773503  0.0000000  0.5773503
 occupations
 0.994  0.001  0.001  0.000  0.002
 0.001  1.001  0.001  0.001 -0.001
 0.001  0.001  1.001 -0.001 -0.001
 0.000  0.001 -0.001  0.994  0.000
 0.002 -0.001 -0.001  0.000  1.001
nsum =  13.6705154
 exit write_ns

     total cpu time spent up to now is     51.29 secs

     total energy              =  -174.47003526 ryd
     estimated scf accuracy    <     0.00718960 ryd

     total magnetization       =    -0.12 Bohr mag/cell
     absolute magnetization    =     7.30 Bohr mag/cell

     iteration #  7     ecut=    30.00 ryd     beta=0.30
     Davidson diagonalization with overlap
     ethr =  2.57E-05,  avg # of iterations =  1.0
 enter write_ns
U( 1) =  0.0000      U( 2) =  4.3000      U( 3) =  4.3000
alpha( 1) =  0.0000      alpha( 2) =  0.0000      alpha( 3) =  0.0000
atom  3   Tr[ns(na)]=   6.8341181
atom  3  spin  1
eigenvalues:  0.9936298 0.9936298 1.0011313 1.0011313 1.0026124
 eigenvectors
 1  -0.2118929 -0.1666987  0.2167694  0.9369188  0.0500706
 2   0.9369188 -0.1540602 -0.0673353  0.2118929 -0.2213954
 3  -0.2779960 -0.3881252 -0.3961720  0.0016467 -0.7842972
 4   0.0016467  0.6815442 -0.6768984  0.2779960  0.0046458
 5   0.0000000 -0.5773503 -0.5773503  0.0000000  0.5773503
 occupations
 0.994  0.001  0.001  0.000  0.002
 0.001  1.001  0.001  0.001 -0.001
 0.001  0.001  1.001 -0.001 -0.001
 0.000  0.001 -0.001  0.994  0.000
 0.002 -0.001 -0.001  0.000  1.001
atom  3  spin  2
eigenvalues:  0.1550553 0.2712781 0.2712781 0.5721860 0.5721860
 eigenvectors
 1   0.0000000 -0.5773503 -0.5773503  0.0000000  0.5773503
 2  -0.7654807 -0.2500966  0.0269270 -0.5485993 -0.2231697
 3  -0.5485993  0.1133008 -0.2732404  0.7654807 -0.1599396
 4   0.3174173 -0.1430709 -0.5827649 -0.1110151 -0.7258358
 5  -0.1110151  0.7555210 -0.5016635 -0.3174173  0.2538575
 occupations
 0.305 -0.039 -0.039  0.000 -0.078
-0.039  0.410 -0.128 -0.067  0.128
-0.039 -0.128  0.410  0.067  0.128
 0.000 -0.067  0.067  0.305  0.000
-0.078  0.128  0.128  0.000  0.410
atom  4   Tr[ns(na)]=   6.8421067
atom  4  spin  1
eigenvalues:  0.1552407 0.2715743 0.2715743 0.5758104 0.5758104
 eigenvectors
 1   0.0000000 -0.5773503 -0.5773503  0.0000000  0.5773503
 2  -0.8379498 -0.2298752 -0.0132865 -0.4309215 -0.2431617
 3  -0.4309215  0.1480604 -0.2731080  0.8379498 -0.1250476
 4   0.3176613 -0.1539786 -0.5758082 -0.1060095 -0.7297868
 5  -0.1060095  0.7537856 -0.5102422 -0.3176613  0.2435434
 occupations
 0.306 -0.039 -0.039  0.000 -0.078
-0.039  0.413 -0.129 -0.068  0.129
-0.039 -0.129  0.413  0.068  0.129
 0.000 -0.068  0.068  0.306  0.000
-0.078  0.129  0.129  0.000  0.413
atom  4  spin  2
eigenvalues:  0.9936418 0.9936418 1.0011134 1.0011134 1.0025865
 eigenvectors
 1  -0.1734192 -0.1733193  0.2144190  0.9445748  0.0410997
 2   0.9445748 -0.1475238 -0.0763370  0.1734192 -0.2238608
 3  -0.2787298 -0.3829360 -0.4011262  0.0037335 -0.7840622
 4   0.0037335  0.6842689 -0.6737667  0.2787298  0.0105021
 5   0.0000000 -0.5773503 -0.5773503  0.0000000  0.5773503
 occupations
 0.994  0.001  0.001  0.000  0.002
 0.001  1.001  0.001  0.001 -0.001
 0.001  0.001  1.001 -0.001 -0.001
 0.000  0.001 -0.001  0.994  0.000
 0.002 -0.001 -0.001  0.000  1.001
nsum =  13.6762248
 exit write_ns

     total cpu time spent up to now is     58.43 secs

     total energy              =  -174.47025799 ryd
     estimated scf accuracy    <     0.00120071 ryd

     total magnetization       =     0.01 Bohr mag/cell
     absolute magnetization    =     7.28 Bohr mag/cell

     iteration #  8     ecut=    30.00 ryd     beta=0.30
     Davidson diagonalization with overlap
     ethr =  4.29E-06,  avg # of iterations =  2.2
 enter write_ns
U( 1) =  0.0000      U( 2) =  4.3000      U( 3) =  4.3000
alpha( 1) =  0.0000      alpha( 2) =  0.0000      alpha( 3) =  0.0000
atom  3   Tr[ns(na)]=   6.8361391
atom  3  spin  1
eigenvalues:  0.9933577 0.9933577 1.0009598 1.0009598 1.0025457
 eigenvectors
 1  -0.2251509 -0.1746789  0.2315582  0.9284072  0.0568793
 2   0.9284072 -0.1665295 -0.0680117  0.2251509 -0.2345411
 3  -0.2955790 -0.3889167 -0.3910963  0.0004769 -0.7800130
 4   0.0004769  0.6761403 -0.6748819  0.2955790  0.0012584
 5   0.0000000 -0.5773503 -0.5773503  0.0000000  0.5773503
 occupations
 0.994  0.001  0.001  0.000  0.002
 0.001  1.001  0.001  0.002 -0.001
 0.001  0.001  1.001 -0.002 -0.001
 0.000  0.002 -0.002  0.994  0.000
 0.002 -0.001 -0.001  0.000  1.001
atom  3  spin  2
eigenvalues:  0.1313858 0.2646188 0.2646188 0.5921675 0.5921675
 eigenvectors
 1   0.0000000 -0.5773503 -0.5773503  0.0000000  0.5773503
 2  -0.8161637 -0.2590938 -0.0083604 -0.4417528 -0.2674542
 3  -0.4417528  0.1592417 -0.3040027  0.8161637 -0.1447610
 4   0.3473799 -0.1165952 -0.5901147 -0.1343819 -0.7067099
 5  -0.1343819  0.7487220 -0.4753355 -0.3473799  0.2733866
 occupations
 0.310 -0.046 -0.046  0.000 -0.092
-0.046  0.408 -0.138 -0.080  0.138
-0.046 -0.138  0.408  0.080  0.138
 0.000 -0.080  0.080  0.310  0.000
-0.092  0.138  0.138  0.000  0.408
atom  4   Tr[ns(na)]=   6.8347960
atom  4  spin  1
eigenvalues:  0.1313830 0.2647734 0.2647734 0.5913455 0.5913455
 eigenvectors
 1   0.0000000 -0.5773503 -0.5773503  0.0000000  0.5773503
 2  -0.8047007 -0.2631769 -0.0007001 -0.4621289 -0.2638770
 3  -0.4621289  0.1527537 -0.3042948  0.8047007 -0.1515411
 4   0.3460591 -0.1082118 -0.5953329 -0.1383359 -0.7035448
 5  -0.1383359  0.7499074 -0.4686679 -0.3460591  0.2812395
 occupations
 0.310 -0.046 -0.046  0.000 -0.092
-0.046  0.408 -0.138 -0.080  0.138
-0.046 -0.138  0.408  0.080  0.138
 0.000 -0.080  0.080  0.310  0.000
-0.092  0.138  0.138  0.000  0.408
atom  4  spin  2
eigenvalues:  0.9933530 0.9933530 1.0009633 1.0009633 1.0025428
 eigenvectors
 1  -0.2502370 -0.1703106  0.2336154  0.9218417  0.0633048
 2   0.9218417 -0.1714269 -0.0617799  0.2502370 -0.2332068
 3  -0.2959493 -0.3941443 -0.3857598 -0.0018369 -0.7799041
 4  -0.0018369  0.6729963 -0.6778371  0.2959493 -0.0048408
 5   0.0000000 -0.5773503 -0.5773503  0.0000000  0.5773503
 occupations
 0.994  0.001  0.001  0.000  0.002
 0.001  1.001  0.001  0.002 -0.001
 0.001  0.001  1.001 -0.002 -0.001
 0.000  0.002 -0.002  0.994  0.000
 0.002 -0.001 -0.001  0.000  1.001
nsum =  13.6709351
 exit write_ns

     total cpu time spent up to now is     65.88 secs

     total energy              =  -174.47144268 ryd
     estimated scf accuracy    <     0.00017550 ryd

     total magnetization       =     0.00 Bohr mag/cell
     absolute magnetization    =     7.26 Bohr mag/cell

     iteration #  9     ecut=    30.00 ryd     beta=0.30
     Davidson diagonalization with overlap
     ethr =  6.27E-07,  avg # of iterations =  2.1
 enter write_ns
U( 1) =  0.0000      U( 2) =  4.3000      U( 3) =  4.3000
alpha( 1) =  0.0000      alpha( 2) =  0.0000      alpha( 3) =  0.0000
atom  3   Tr[ns(na)]=   6.8343198
atom  3  spin  1
eigenvalues:  0.9934828 0.9934828 1.0010474 1.0010474 1.0025831
 eigenvectors
 1  -0.2172290 -0.1718697  0.2252815  0.9325598  0.0534117
 2   0.9325598 -0.1609036 -0.0683918  0.2172290 -0.2292954
 3  -0.2883459 -0.3923979 -0.3894170 -0.0006347 -0.7818149
 4  -0.0006347  0.6762111 -0.6779321  0.2883459 -0.0017210
 5   0.0000000 -0.5773503 -0.5773503  0.0000000  0.5773503
 occupations
 0.994  0.001  0.001  0.000  0.002
 0.001  1.001  0.001  0.001 -0.001
 0.001  0.001  1.001 -0.001 -0.001
 0.000  0.001 -0.001  0.994  0.000
 0.002 -0.001 -0.001  0.000  1.001
atom  3  spin  2
eigenvalues:  0.1400645 0.2661974 0.2661974 0.5851085 0.5851085
 eigenvectors
 1   0.0000000 -0.5773503 -0.5773503  0.0000000  0.5773503
 2  -0.8144309 -0.2543248 -0.0048622 -0.4525701 -0.2591870
 3  -0.4525701  0.1524489 -0.2964762  0.8144309 -0.1440273
 4   0.3405471 -0.1278614 -0.5855285 -0.1261361 -0.7133899
 5  -0.1261361  0.7499309 -0.4856967 -0.3405471  0.2642342
 occupations
 0.308 -0.044 -0.044  0.000 -0.088
-0.044  0.409 -0.134 -0.076  0.134
-0.044 -0.134  0.409  0.076  0.134
 0.000 -0.076  0.076  0.308  0.000
-0.088  0.134  0.134  0.000  0.409
atom  4   Tr[ns(na)]=   6.8347163
atom  4  spin  1
eigenvalues:  0.1400989 0.2663474 0.2663474 0.5851306 0.5851306
 eigenvectors
 1   0.0000000 -0.5773503 -0.5773503  0.0000000  0.5773503
 2  -0.7975733 -0.2596292  0.0058462 -0.4816944 -0.2537831
 3  -0.4816944  0.1431464 -0.2964187  0.7975733 -0.1532723
 4   0.3358723 -0.1015021 -0.6022033 -0.1379753 -0.7037053
 5  -0.1379753  0.7539667 -0.4648867 -0.3358723  0.2890800
 occupations
 0.308 -0.044 -0.044  0.000 -0.088
-0.044  0.409 -0.134 -0.076  0.134
-0.044 -0.134  0.409  0.076  0.134
 0.000 -0.076  0.076  0.308  0.000
-0.088  0.134  0.134  0.000  0.409
atom  4  spin  2
eigenvalues:  0.9934907 0.9934907 1.0010486 1.0010486 1.0025829
 eigenvectors
 1  -0.1421569 -0.1842565  0.2192308  0.9468662  0.0349743
 2   0.9468662 -0.1467654 -0.0861882  0.1421569 -0.2329535
 3  -0.2885057 -0.3920692 -0.3897072 -0.0005032 -0.7817763
 4  -0.0005032  0.6763563 -0.6777200  0.2885057 -0.0013637
 5   0.0000000 -0.5773503 -0.5773503  0.0000000  0.5773503
 occupations
 0.994  0.001  0.001  0.000  0.002
 0.001  1.001  0.001  0.001 -0.001
 0.001  0.001  1.001 -0.001 -0.001
 0.000  0.001 -0.001  0.994  0.000
 0.002 -0.001 -0.001  0.000  1.001
nsum =  13.6690361
 exit write_ns

     total cpu time spent up to now is     73.55 secs

     total energy              =  -174.47119059 ryd
     estimated scf accuracy    <     0.00019270 ryd

     total magnetization       =     0.00 Bohr mag/cell
     absolute magnetization    =     7.27 Bohr mag/cell

     iteration # 10     ecut=    30.00 ryd     beta=0.30
     Davidson diagonalization with overlap
     ethr =  6.27E-07,  avg # of iterations =  2.1
 enter write_ns
U( 1) =  0.0000      U( 2) =  4.3000      U( 3) =  4.3000
alpha( 1) =  0.0000      alpha( 2) =  0.0000      alpha( 3) =  0.0000
atom  3   Tr[ns(na)]=   6.8355668
atom  3  spin  1
eigenvalues:  0.9931793 0.9931793 1.0009741 1.0009741 1.0025642
 eigenvectors
 1  -0.1830959 -0.1863984  0.2339027  0.9352884  0.0475043
 2   0.9352884 -0.1624704 -0.0801905  0.1830959 -0.2426609
 3  -0.3028373 -0.3867825 -0.3913683  0.0010304 -0.7781508
 4   0.0010304  0.6752222 -0.6725745  0.3028373  0.0026476
 5   0.0000000 -0.5773503 -0.5773503  0.0000000  0.5773503
 occupations
 0.994  0.001  0.001  0.000  0.002
 0.001  1.001  0.001  0.002 -0.001
 0.001  0.001  1.001 -0.002 -0.001
 0.000  0.002 -0.002  0.994  0.000
 0.002 -0.001 -0.001  0.000  1.001
atom  3  spin  2
eigenvalues:  0.1282709 0.2616871 0.2616871 0.5965253 0.5965253
 eigenvectors
 1   0.0000000 -0.5773503 -0.5773503  0.0000000  0.5773503
 2  -0.8407269 -0.2598721 -0.0347004 -0.3710360 -0.2945725
 3  -0.3710360  0.1901058 -0.3201087  0.8407269 -0.1300030
 4   0.3620975 -0.0871105 -0.6018544 -0.1561921 -0.6889648
 5  -0.1561921  0.7452548 -0.4480673 -0.3620975  0.2971875
 occupations
 0.314 -0.050 -0.050  0.000 -0.099
-0.050  0.406 -0.139 -0.086  0.139
-0.050 -0.139  0.406  0.086  0.139
 0.000 -0.086  0.086  0.314  0.000
-0.099  0.139  0.139  0.000  0.406
atom  4   Tr[ns(na)]=   6.8399220
atom  4  spin  1
eigenvalues:  0.1285043 0.2619940 0.2619940 0.5982806 0.5982806
 eigenvectors
 1   0.0000000 -0.5773503 -0.5773503  0.0000000  0.5773503
 2  -0.8200185 -0.2692497 -0.0176135 -0.4152993 -0.2868632
 3  -0.4152993  0.1757897 -0.3210719  0.8200185 -0.1452822
 4   0.3661565 -0.1095842 -0.5882051 -0.1450018 -0.6977893
 5  -0.1450018  0.7424692 -0.4661373 -0.3661565  0.2763319
 occupations
 0.314 -0.050 -0.050  0.000 -0.099
-0.050  0.407 -0.139 -0.086  0.139
-0.050 -0.139  0.407  0.086  0.139
 0.000 -0.086  0.086  0.314  0.000
-0.099  0.139  0.139  0.000  0.407
atom  4  spin  2
eigenvalues:  0.9931902 0.9931902 1.0009654 1.0009654 1.0025572
 eigenvectors
 1  -0.2090547 -0.1827417  0.2372958  0.9293095  0.0545541
 2   0.9293095 -0.1684996 -0.0740092  0.2090547 -0.2425088
 3  -0.3044281 -0.3930035 -0.3847221 -0.0018715 -0.7777256
 4  -0.0018715  0.6711395 -0.6759208  0.3044281 -0.0047812
 5   0.0000000 -0.5773503 -0.5773503  0.0000000  0.5773503
 occupations
 0.994  0.001  0.001  0.000  0.002
 0.001  1.001  0.001  0.002 -0.001
 0.001  0.001  1.001 -0.002 -0.001
 0.000  0.002 -0.002  0.994  0.000
 0.002 -0.001 -0.001  0.000  1.001
