
     Program PWSCF     v.3.1    starts ...
     Today is  9May2006 at  5:12:33 

     Ultrasoft (Vanderbilt) Pseudopotentials

     Current dimensions of program pwscf are:

     ntypx = 10   npk = 40000  lmax =  3
     nchix =  6  ndmx =  2000  nbrx = 14  nqfx =  8
  HUBBARD L FOR TYPE Fe IS            2
  HUBBARD L FOR TYPE Fe IS            2
  MAXIMUM HUBBARD L IS            2


     bravais-lattice index     =            0
     lattice parameter (a_0)   =       8.1900  a.u.
     unit-cell volume          =     274.6766 (a.u.)^3
     number of atoms/cell      =            4
     number of atomic types    =            3
     kinetic-energy cutoff     =      30.0000  Ry
     charge density cutoff     =     240.0000  Ry
     convergence threshold     =      1.0E-06
     beta                      =       0.3000
     number of iterations used =            8  plain     mixing
     Exchange-correlation      =  SLA  PZ   NOGX NOGC (1100)
     celldm(1)=   8.190000  celldm(2)=   0.000000  celldm(3)=   0.000000
     celldm(4)=   0.000000  celldm(5)=   0.000000  celldm(6)=   0.000000

     crystal axes: (cart. coord. in units of a_0)
               a(1) = (  0.500000  0.500000  1.000000 )  
               a(2) = (  0.500000  1.000000  0.500000 )  
               a(3) = (  1.000000  0.500000  0.500000 )  

     reciprocal axes: (cart. coord. in units 2 pi/a_0)
               b(1) = ( -0.500000 -0.500000  1.500000 )  
               b(2) = ( -0.500000  1.500000 -0.500000 )  
               b(3) = (  1.500000 -0.500000 -0.500000 )  


     PSEUDO 1 is O  (US)    zval =  6.0   lmax= 2   lloc= 0
     Version   0  0  0 of US pseudo code
     Using log mesh of  1269 points
     The pseudopotential has  4 beta functions with: 
                l(1) =   0
                l(2) =   0
                l(3) =   1
                l(4) =   1
     Q(r) pseudized with  0 coefficients,  rinner =    0.000   0.000   0.000
                                                       0.000   0.000

     PSEUDO 2 is Fe (US)    zval =  8.0   lmax= 2   lloc= 0
     Version   0  0  0 of US pseudo code
     Using log mesh of   957 points
     The pseudopotential has  6 beta functions with: 
                l(1) =   0
                l(2) =   0
                l(3) =   1
                l(4) =   1
                l(5) =   2
                l(6) =   2
     Q(r) pseudized with  0 coefficients,  rinner =    0.000   0.000   0.000
                                                       0.000   0.000

     PSEUDO 3 is Fe (US)    zval =  8.0   lmax= 2   lloc= 0
     Version   0  0  0 of US pseudo code
     Using log mesh of   957 points
     The pseudopotential has  6 beta functions with: 
                l(1) =   0
                l(2) =   0
                l(3) =   1
                l(4) =   1
                l(5) =   2
                l(6) =   2
     Q(r) pseudized with  0 coefficients,  rinner =    0.000   0.000   0.000
                                                       0.000   0.000

     atomic species   valence    mass     pseudopotential
        O1             6.00     1.00000     O ( 1.00)
        Fe1            8.00     1.00000     Fe( 1.00)
        Fe2            8.00     1.00000     Fe( 1.00)

     Starting magnetic structure 
     atomic species   magnetization
        O1           0.000
        Fe1          0.500
        Fe2         -0.500

     12 Sym.Ops. (with inversion)


   Cartesian axes

     site n.     atom                  positions (a_0 units)
         1           O1  tau(  1) = (   0.5000000   0.5000000   0.5000000  )
         2           O1  tau(  2) = (   1.5000000   1.5000000   1.5000000  )
         3           Fe1 tau(  3) = (   0.0000000   0.0000000   0.0000000  )
         4           Fe2 tau(  4) = (   1.0000000   1.0000000   1.0000000  )

     number of k points=    8  gaussian broad. (ryd)=  0.0100     ngauss =   0
                       cart. coord. in units 2pi/a_0
        k(    1) = (   0.0000000   0.0000000   0.0000000), wk =   0.1250000
        k(    2) = (  -0.7500000   0.2500000   0.2500000), wk =   0.3750000
        k(    3) = (  -0.5000000  -0.5000000   0.5000000), wk =   0.3750000
        k(    4) = (  -0.2500000  -0.2500000  -0.2500000), wk =   0.1250000
        k(    5) = (   0.0000000   0.0000000   0.0000000), wk =   0.1250000
        k(    6) = (  -0.7500000   0.2500000   0.2500000), wk =   0.3750000
        k(    7) = (  -0.5000000  -0.5000000   0.5000000), wk =   0.3750000
        k(    8) = (  -0.2500000  -0.2500000  -0.2500000), wk =   0.1250000

     G cutoff =  407.7738  (  17255 G-vectors)     FFT grid: ( 50, 50, 50)
     G cutoff =  203.8869  (   6111 G-vectors)  smooth grid: ( 36, 36, 36)

     nbndx  =    80  nbnd   =    20  natomwfc =    20  npwx   =     780
     nelec  =  28.00  nkb   =    52  ngl    =     342

     Check: negative/imaginary core charge=   -0.000003    0.000000

     Initial potential from superposition of free atoms

     starting charge   27.99905, renormalised to   28.00000

     Parameters of the lda+U calculation:
     Number of iteration with fixed ns =  0
     Starting ns and Hubbard U :
 enter write_ns
U( 1) =  0.0000      U( 2) =  0.0000      U( 3) =  0.0000
alpha( 1) =  0.0000      alpha( 2) =  0.0000      alpha( 3) =  0.0000
atom  3   Tr[ns(na)]=   6.0000000
atom  3  spin  1
eigenvalues:  1.0000000 1.0000000 1.0000000 1.0000000 1.0000000
 eigenvectors
 1   1.0000000  0.0000000  0.0000000  0.0000000  0.0000000
 2   0.0000000  1.0000000  0.0000000  0.0000000  0.0000000
 3   0.0000000  0.0000000  1.0000000  0.0000000  0.0000000
 4   0.0000000  0.0000000  0.0000000  1.0000000  0.0000000
 5   0.0000000  0.0000000  0.0000000  0.0000000  1.0000000
 occupations
 1.000  0.000  0.000  0.000  0.000
 0.000  1.000  0.000  0.000  0.000
 0.000  0.000  1.000  0.000  0.000
 0.000  0.000  0.000  1.000  0.000
 0.000  0.000  0.000  0.000  1.000
atom  3  spin  2
eigenvalues:  0.2000000 0.2000000 0.2000000 0.2000000 0.2000000
 eigenvectors
 1   1.0000000  0.0000000  0.0000000  0.0000000  0.0000000
 2   0.0000000  1.0000000  0.0000000  0.0000000  0.0000000
 3   0.0000000  0.0000000  1.0000000  0.0000000  0.0000000
 4   0.0000000  0.0000000  0.0000000  1.0000000  0.0000000
 5   0.0000000  0.0000000  0.0000000  0.0000000  1.0000000
 occupations
 0.200  0.000  0.000  0.000  0.000
 0.000  0.200  0.000  0.000  0.000
 0.000  0.000  0.200  0.000  0.000
 0.000  0.000  0.000  0.200  0.000
 0.000  0.000  0.000  0.000  0.200
atom  4   Tr[ns(na)]=   6.0000000
atom  4  spin  1
eigenvalues:  0.2000000 0.2000000 0.2000000 0.2000000 0.2000000
 eigenvectors
 1   1.0000000  0.0000000  0.0000000  0.0000000  0.0000000
 2   0.0000000  1.0000000  0.0000000  0.0000000  0.0000000
 3   0.0000000  0.0000000  1.0000000  0.0000000  0.0000000
 4   0.0000000  0.0000000  0.0000000  1.0000000  0.0000000
 5   0.0000000  0.0000000  0.0000000  0.0000000  1.0000000
 occupations
 0.200  0.000  0.000  0.000  0.000
 0.000  0.200  0.000  0.000  0.000
 0.000  0.000  0.200  0.000  0.000
 0.000  0.000  0.000  0.200  0.000
 0.000  0.000  0.000  0.000  0.200
atom  4  spin  2
eigenvalues:  1.0000000 1.0000000 1.0000000 1.0000000 1.0000000
 eigenvectors
 1   1.0000000  0.0000000  0.0000000  0.0000000  0.0000000
 2   0.0000000  1.0000000  0.0000000  0.0000000  0.0000000
 3   0.0000000  0.0000000  1.0000000  0.0000000  0.0000000
 4   0.0000000  0.0000000  0.0000000  1.0000000  0.0000000
 5   0.0000000  0.0000000  0.0000000  0.0000000  1.0000000
 occupations
 1.000  0.000  0.000  0.000  0.000
 0.000  1.000  0.000  0.000  0.000
 0.000  0.000  1.000  0.000  0.000
 0.000  0.000  0.000  1.000  0.000
 0.000  0.000  0.000  0.000  1.000
nsum =  12.0000000
 exit write_ns
 Atomic wfc used for LDA+U Projector are NOT orthogonalized
     Starting wfc are atomic

     total cpu time spent up to now is      7.35 secs

     Self-consistent Calculation

     iteration #  1     ecut=    30.00 ryd     beta=0.30
     Davidson diagonalization with overlap
     ethr =  1.00E-02,  avg # of iterations =  3.2
 enter write_ns
U( 1) =  0.0000      U( 2) =  0.0000      U( 3) =  0.0000
alpha( 1) =  0.0000      alpha( 2) =  0.0000      alpha( 3) =  0.0000
atom  3   Tr[ns(na)]=   6.4251862
atom  3  spin  1
eigenvalues:  0.9871648 0.9871648 0.9966670 0.9966670 0.9980445
 eigenvectors
 1  -0.1916935 -0.1784739  0.2262837  0.9369688  0.0478098
 2  -0.9369688  0.1582479  0.0754390 -0.1916935  0.2336869
 3  -0.2921353 -0.3907410 -0.3901375 -0.0001304 -0.7808785
 4  -0.0001304  0.6760864 -0.6764348  0.2921353 -0.0003485
 5   0.0000000  0.5773503  0.5773503  0.0000000 -0.5773503
 occupations
 0.988  0.001  0.001  0.000  0.002
 0.001  0.997  0.001  0.002 -0.001
 0.001  0.001  0.997 -0.002 -0.001
 0.000  0.002 -0.002  0.988  0.000
 0.002 -0.001 -0.001  0.000  0.997
atom  3  spin  2
eigenvalues:  0.2000722 0.2000722 0.3336994 0.3336994 0.3919349
 eigenvectors
 1  -0.2289065 -0.0560120  0.0425892 -0.9708092 -0.0134229
 2  -0.9708092 -0.0168392 -0.0400883  0.2289065 -0.0569274
 3  -0.0707348  0.2907229  0.5134591  0.0113112  0.8041820
 4   0.0113112 -0.7607404  0.6321436  0.0707348 -0.1285968
 5   0.0000000 -0.5773503 -0.5773503  0.0000000  0.5773503
 occupations
 0.201 -0.004 -0.004  0.000 -0.008
-0.004  0.353  0.020 -0.007 -0.020
-0.004  0.020  0.353  0.007 -0.020
 0.000 -0.007  0.007  0.201  0.000
-0.008 -0.020 -0.020  0.000  0.353
atom  4   Tr[ns(na)]=   6.4251862
atom  4  spin  1
eigenvalues:  0.2000722 0.2000722 0.3336994 0.3336994 0.3919349
 eigenvectors
 1  -0.2899277 -0.0569660  0.0399649 -0.9543639 -0.0170011
 2  -0.9543639 -0.0132581 -0.0427049  0.2899277 -0.0559631
 3  -0.0706142  0.2828475  0.5199629  0.0120414  0.8028104
 4   0.0120414 -0.7637035  0.6268048  0.0706142 -0.1368987
 5   0.0000000 -0.5773503 -0.5773503  0.0000000  0.5773503
 occupations
 0.201 -0.004 -0.004  0.000 -0.008
-0.004  0.353  0.020 -0.007 -0.020
-0.004  0.020  0.353  0.007 -0.020
 0.000 -0.007  0.007  0.201  0.000
-0.008 -0.020 -0.020  0.000  0.353
atom  4  spin  2
eigenvalues:  0.9871648 0.9871648 0.9966670 0.9966670 0.9980445
 eigenvectors
 1   0.2207680  0.1734612 -0.2285224 -0.9305474 -0.0550612
 2   0.9305474 -0.1637271 -0.0683583  0.2207680 -0.2320854
 3  -0.2921306 -0.3866129 -0.3942532  0.0016502 -0.7808661
 4  -0.0016502 -0.6784554  0.6740443 -0.2921306 -0.0044111
 5   0.0000000 -0.5773503 -0.5773503  0.0000000  0.5773503
 occupations
 0.988  0.001  0.001  0.000  0.002
 0.001  0.997  0.001  0.002 -0.001
 0.001  0.001  0.997 -0.002 -0.001
 0.000  0.002 -0.002  0.988  0.000
 0.002 -0.001 -0.001  0.000  0.997
nsum =  12.8503725
 exit write_ns

     total cpu time spent up to now is     15.76 secs

     total energy              =  -174.41116749 ryd
     estimated scf accuracy    <     1.83910576 ryd

     total magnetization       =     0.00 Bohr mag/cell
     absolute magnetization    =     7.80 Bohr mag/cell

     iteration #  2     ecut=    30.00 ryd     beta=0.30
     Davidson diagonalization with overlap
     ethr =  6.57E-03,  avg # of iterations =  2.0
 enter write_ns
U( 1) =  0.0000      U( 2) =  0.0000      U( 3) =  0.0000
alpha( 1) =  0.0000      alpha( 2) =  0.0000      alpha( 3) =  0.0000
atom  3   Tr[ns(na)]=   7.0687930
atom  3  spin  1
eigenvalues:  0.9820319 0.9820319 0.9992047 0.9992047 0.9994259
 eigenvectors
 1   0.0772957  0.0709776 -0.0776686 -0.9914184 -0.0066910
 2   0.9914184 -0.0487050 -0.0371159  0.0772957 -0.0858209
 3   0.1051916  0.3580368  0.4520915 -0.0070509  0.8101283
 4  -0.0070509 -0.7287430  0.6744404 -0.1051916 -0.0543025
 5   0.0000000 -0.5773503 -0.5773503  0.0000000  0.5773503
 occupations
 0.982  0.001  0.001  0.000  0.001
 0.001  0.999  0.000  0.001  0.000
 0.001  0.000  0.999 -0.001  0.000
 0.000  0.001 -0.001  0.982  0.000
 0.001  0.000  0.000  0.000  0.999
atom  3  spin  2
eigenvalues:  0.3618358 0.3618358 0.4568035 0.4568035 0.4696153
 eigenvectors
 1   0.7480523  0.3598489  0.1464539  0.1820309  0.5063028
 2   0.1820309 -0.3768693  0.5000729 -0.7480523  0.1232036
 3   0.4730956  0.1323757 -0.5983685 -0.4283260 -0.4659928
 4  -0.4283260  0.6145093 -0.1926139 -0.4730956  0.4218954
 5   0.0000000 -0.5773503 -0.5773503  0.0000000  0.5773503
 occupations
 0.401 -0.019 -0.019  0.000 -0.038
-0.019  0.435  0.017 -0.033 -0.017
-0.019  0.017  0.435  0.033 -0.017
 0.000 -0.033  0.033  0.401  0.000
-0.038 -0.017 -0.017  0.000  0.435
atom  4   Tr[ns(na)]=   7.0687930
atom  4  spin  1
eigenvalues:  0.3618358 0.3618358 0.4568035 0.4568035 0.4696153
 eigenvectors
 1   0.7452666  0.3654057  0.1390117  0.1931194  0.5044174
 2   0.1931194 -0.3714840  0.5021926 -0.7452666  0.1307086
 3   0.4619969  0.1480339 -0.6030946 -0.4402742 -0.4550608
 4  -0.4402742  0.6109263 -0.1772621 -0.4619969  0.4336642
 5   0.0000000 -0.5773503 -0.5773503  0.0000000  0.5773503
 occupations
 0.401 -0.019 -0.019  0.000 -0.038
-0.019  0.435  0.017 -0.033 -0.017
-0.019  0.017  0.435  0.033 -0.017
 0.000 -0.033  0.033  0.401  0.000
-0.038 -0.017 -0.017  0.000  0.435
atom  4  spin  2
eigenvalues:  0.9820319 0.9820319 0.9992047 0.9992047 0.9994259
 eigenvectors
 1  -0.0101717 -0.0741045  0.0749850  0.9943749  0.0008805
 2   0.9943749 -0.0438010 -0.0422759  0.0101717 -0.0860768
 3   0.1051104  0.3502377  0.4592649 -0.0081734  0.8095025
 4  -0.0081734 -0.7325232  0.6695763 -0.1051104 -0.0629469
 5   0.0000000 -0.5773503 -0.5773503  0.0000000  0.5773503
 occupations
 0.982  0.001  0.001  0.000  0.001
 0.001  0.999  0.000  0.001  0.000
 0.001  0.000  0.999 -0.001  0.000
 0.000  0.001 -0.001  0.982  0.000
 0.001  0.000  0.000  0.000  0.999
nsum =  14.1375860
 exit write_ns

     total cpu time spent up to now is     24.07 secs

     total energy              =  -174.80132259 ryd
     estimated scf accuracy    <     0.10916791 ryd

     total magnetization       =     0.00 Bohr mag/cell
     absolute magnetization    =     6.81 Bohr mag/cell

     iteration #  3     ecut=    30.00 ryd     beta=0.30
     Davidson diagonalization with overlap
     ethr =  3.90E-04,  avg # of iterations =  2.0
 enter write_ns
U( 1) =  0.0000      U( 2) =  0.0000      U( 3) =  0.0000
alpha( 1) =  0.0000      alpha( 2) =  0.0000      alpha( 3) =  0.0000
atom  3   Tr[ns(na)]=   6.9350767
atom  3  spin  1
eigenvalues:  0.9835257 0.9835257 0.9994319 0.9994319 0.9997363
 eigenvectors
 1   0.0982610  0.0819490 -0.0919391 -0.9874596 -0.0099901
 2   0.9874596 -0.0588489 -0.0415455  0.0982610 -0.1003943
 3   0.1233101  0.3592612  0.4493085 -0.0079285  0.8085697
 4  -0.0079285 -0.7262363  0.6742475 -0.1233101 -0.0519888
 5   0.0000000 -0.5773503 -0.5773503  0.0000000  0.5773503
 occupations
 0.984  0.001  0.001  0.000  0.002
 0.001  0.999  0.000  0.001  0.000
 0.001  0.000  0.999 -0.001  0.000
 0.000  0.001 -0.001  0.984  0.000
 0.002  0.000  0.000  0.000  0.999
atom  3  spin  2
eigenvalues:  0.3303617 0.3303617 0.4289366 0.4289366 0.4508287
 eigenvectors
 1   0.8311788  0.2692138  0.0306165  0.3818773  0.2998303
 2  -0.3818773  0.1907835 -0.3285377  0.8311788 -0.1377542
 3   0.3696280 -0.0800963 -0.6030169 -0.1633606 -0.6831132
 4   0.1633606 -0.7425475  0.4406392  0.3696280 -0.3019084
 5   0.0000000 -0.5773503 -0.5773503  0.0000000  0.5773503
 occupations
 0.346 -0.015 -0.015  0.000 -0.030
-0.015  0.426  0.013 -0.026 -0.013
-0.015  0.013  0.426  0.026 -0.013
 0.000 -0.026  0.026  0.346  0.000
-0.030 -0.013 -0.013  0.000  0.426
atom  4   Tr[ns(na)]=   6.9350767
atom  4  spin  1
eigenvalues:  0.3303617 0.3303617 0.4289366 0.4289366 0.4508287
 eigenvectors
 1   0.8565939  0.2547282  0.0542700  0.3208353  0.3089982
 2  -0.3208353  0.2097330 -0.3254676  0.8565939 -0.1157346
 3   0.3739267 -0.1002255 -0.5908322 -0.1532657 -0.6910576
 4   0.1532657 -0.7400994  0.4568475  0.3739267 -0.2832519
 5   0.0000000 -0.5773503 -0.5773503  0.0000000  0.5773503
 occupations
 0.346 -0.015 -0.015  0.000 -0.030
-0.015  0.426  0.013 -0.026 -0.013
-0.015  0.013  0.426  0.026 -0.013
 0.000 -0.026  0.026  0.346  0.000
-0.030 -0.013 -0.013  0.000  0.426
atom  4  spin  2
eigenvalues:  0.9835257 0.9835257 0.9994319 0.9994319 0.9997363
 eigenvectors
 1   0.0976251  0.0819869 -0.0919123 -0.9875227 -0.0099255
 2   0.9875227 -0.0587961 -0.0416047  0.0976251 -0.1004007
 3   0.1232766  0.3562828  0.4520672 -0.0084336  0.8083499
 4  -0.0084336 -0.7277021  0.6724010 -0.1232766 -0.0553011
 5   0.0000000 -0.5773503 -0.5773503  0.0000000  0.5773503
 occupations
 0.984  0.001  0.001  0.000  0.002
 0.001  0.999  0.000  0.001  0.000
 0.001  0.000  0.999 -0.001  0.000
 0.000  0.001 -0.001  0.984  0.000
 0.002  0.000  0.000  0.000  0.999
nsum =  13.8701534
 exit write_ns

     total cpu time spent up to now is     32.34 secs

     total energy              =  -174.82215523 ryd
     estimated scf accuracy    <     0.01926336 ryd

     total magnetization       =     0.00 Bohr mag/cell
     absolute magnetization    =     7.04 Bohr mag/cell

     iteration #  4     ecut=    30.00 ryd     beta=0.30
     Davidson diagonalization with overlap
     ethr =  6.88E-05,  avg # of iterations =  1.8
 enter write_ns
U( 1) =  0.0000      U( 2) =  0.0000      U( 3) =  0.0000
alpha( 1) =  0.0000      alpha( 2) =  0.0000      alpha( 3) =  0.0000
atom  3   Tr[ns(na)]=   6.9529110
atom  3  spin  1
eigenvalues:  0.9850299 0.9850299 0.9995017 0.9995017 0.9997975
 eigenvectors
 1   0.0885600  0.0954733 -0.1059194 -0.9857555 -0.0104460
 2   0.9857555 -0.0671836 -0.0490905  0.0885600 -0.1162741
 3   0.1427457  0.3633674  0.4434175 -0.0081772  0.8067849
 4  -0.0081772 -0.7218047  0.6755877 -0.1427457 -0.0462169
 5   0.0000000 -0.5773503 -0.5773503  0.0000000  0.5773503
 occupations
 0.985  0.001  0.001  0.000  0.002
 0.001  0.999  0.000  0.001  0.000
 0.001  0.000  0.999 -0.001  0.000
 0.000  0.001 -0.001  0.985  0.000
 0.002  0.000  0.000  0.000  0.999
atom  3  spin  2
eigenvalues:  0.3363604 0.3363604 0.4214544 0.4449376 0.4449376
 eigenvectors
 1   0.8030420  0.2544130 -0.0036000  0.4769460  0.2508130
 2  -0.4769460  0.1427285 -0.2916924  0.8030420 -0.1489639
 3   0.0000000  0.5773503  0.5773503  0.0000000 -0.5773503
 4   0.3342821 -0.1236603 -0.5898661 -0.1261015 -0.7135264
 5  -0.1261015  0.7525140 -0.4833500 -0.3342821  0.2691641
 occupations
 0.350 -0.015 -0.015  0.000 -0.030
-0.015  0.428 -0.003 -0.026  0.003
-0.015 -0.003  0.428  0.026  0.003
 0.000 -0.026  0.026  0.350  0.000
-0.030  0.003  0.003  0.000  0.428
atom  4   Tr[ns(na)]=   6.9529110
atom  4  spin  1
eigenvalues:  0.3363604 0.3363604 0.4214544 0.4449376 0.4449376
 eigenvectors
 1   0.8307810  0.2451807  0.0142960  0.4267983  0.2594767
 2  -0.4267983  0.1580628 -0.2913641  0.8307810 -0.1333013
 3   0.0000000  0.5773503  0.5773503  0.0000000 -0.5773503
 4   0.3334092 -0.1184950 -0.5931681 -0.1283917 -0.7116631
 5  -0.1283917  0.7533447 -0.4792920 -0.3334092  0.2740526
 occupations
 0.350 -0.015 -0.015  0.000 -0.030
-0.015  0.428 -0.003 -0.026  0.003
-0.015 -0.003  0.428  0.026  0.003
 0.000 -0.026  0.026  0.350  0.000
-0.030  0.003  0.003  0.000  0.428
atom  4  spin  2
eigenvalues:  0.9850299 0.9850299 0.9995017 0.9995017 0.9997975
 eigenvectors
 1  -0.1020906 -0.0945416  0.1065836  0.9844462  0.0120420
 2   0.9844462 -0.0684886 -0.0476311  0.1020906 -0.1161197
 3   0.1427659  0.3651908  0.4417084 -0.0078164  0.8068991
 4   0.0078164  0.7208839 -0.6767064  0.1427659  0.0441774
 5   0.0000000 -0.5773503 -0.5773503  0.0000000  0.5773503
 occupations
 0.985  0.001  0.001  0.000  0.002
 0.001  0.999  0.000  0.001  0.000
 0.001  0.000  0.999 -0.001  0.000
 0.000  0.001 -0.001  0.985  0.000
 0.002  0.000  0.000  0.000  0.999
nsum =  13.9058221
 exit write_ns

     total cpu time spent up to now is     40.37 secs

     total energy              =  -174.82397178 ryd
     estimated scf accuracy    <     0.00166303 ryd

     total magnetization       =     0.00 Bohr mag/cell
     absolute magnetization    =     7.05 Bohr mag/cell

     iteration #  5     ecut=    30.00 ryd     beta=0.30
     Davidson diagonalization with overlap
     ethr =  5.94E-06,  avg # of iterations =  3.0
 enter write_ns
U( 1) =  0.0000      U( 2) =  0.0000      U( 3) =  0.0000
alpha( 1) =  0.0000      alpha( 2) =  0.0000      alpha( 3) =  0.0000
atom  3   Tr[ns(na)]=   6.9362952
atom  3  spin  1
eigenvalues:  0.9853499 0.9853499 0.9995282 0.9995282 0.9999372
 eigenvectors
 1   0.0705008  0.0955357 -0.1037504 -0.9874568 -0.0082147
 2   0.9874568 -0.0646431 -0.0504148  0.0705008 -0.1150579
 3   0.1410723  0.3660578  0.4410880 -0.0075712  0.8071458
 4  -0.0075712 -0.7206681  0.6773494 -0.1410723 -0.0433187
 5   0.0000000 -0.5773503 -0.5773503  0.0000000  0.5773503
 occupations
 0.986  0.001  0.001  0.000  0.002
 0.001  0.999  0.000  0.001  0.000
 0.001  0.000  0.999 -0.001  0.000
 0.000  0.001 -0.001  0.986  0.000
 0.002  0.000  0.000  0.000  0.999
atom  3  spin  2
eigenvalues:  0.3301164 0.3301164 0.4284797 0.4389447 0.4389447
 eigenvectors
 1   0.8479070  0.2370121  0.0256258  0.3940098  0.2626379
 2   0.3940098 -0.1664291  0.2884730 -0.8479070  0.1220439
 3   0.0000000  0.5773503  0.5773503  0.0000000 -0.5773503
 4   0.3312002 -0.1197911 -0.5930459 -0.1269506 -0.7128370
 5   0.1269506 -0.7539519  0.4807181  0.3312002 -0.2732338
 occupations
 0.344 -0.015 -0.015  0.000 -0.029
-0.015  0.426  0.001 -0.026 -0.001
-0.015  0.001  0.426  0.026 -0.001
 0.000 -0.026  0.026  0.344  0.000
-0.029 -0.001 -0.001  0.000  0.426
atom  4   Tr[ns(na)]=   6.9362952
atom  4  spin  1
eigenvalues:  0.3301164 0.3301164 0.4284797 0.4389447 0.4389447
 eigenvectors
 1   0.8500845  0.2360831  0.0272293  0.3892894  0.2633124
 2   0.3892894 -0.1677443  0.2883261 -0.8500845  0.1205818
 3   0.0000000  0.5773503  0.5773503  0.0000000 -0.5773503
 4   0.3324667 -0.1274072 -0.5881557 -0.1235958 -0.7155629
 5   0.1235958 -0.7527023  0.4866890  0.3324667 -0.2660132
 occupations
 0.344 -0.015 -0.015  0.000 -0.029
-0.015  0.426  0.001 -0.026 -0.001
-0.015  0.001  0.426  0.026 -0.001
 0.000 -0.026  0.026  0.344  0.000
-0.029 -0.001 -0.001  0.000  0.426
atom  4  spin  2
eigenvalues:  0.9853499 0.9853499 0.9995282 0.9995282 0.9999372
 eigenvectors
 1   0.1079548  0.0930116 -0.1055904 -0.9840666 -0.0125788
 2   0.9840666 -0.0682250 -0.0464379  0.1079548 -0.1146629
 3   0.1410057  0.3601559  0.4466089 -0.0087239  0.8067648
 4  -0.0087239 -0.7236357  0.6737220 -0.1410057 -0.0499137
 5   0.0000000 -0.5773503 -0.5773503  0.0000000  0.5773503
 occupations
 0.986  0.001  0.001  0.000  0.002
 0.001  0.999  0.000  0.001  0.000
 0.001  0.000  0.999 -0.001  0.000
 0.000  0.001 -0.001  0.986  0.000
 0.002  0.000  0.000  0.000  0.999
nsum =  13.8725904
 exit write_ns

     total cpu time spent up to now is     49.49 secs

     total energy              =  -174.82455970 ryd
     estimated scf accuracy    <     0.00042501 ryd

     total magnetization       =     0.00 Bohr mag/cell
     absolute magnetization    =     7.08 Bohr mag/cell

     iteration #  6     ecut=    30.00 ryd     beta=0.30
     Davidson diagonalization with overlap
     ethr =  1.52E-06,  avg # of iterations =  2.0
 enter write_ns
U( 1) =  0.0000      U( 2) =  0.0000      U( 3) =  0.0000
alpha( 1) =  0.0000      alpha( 2) =  0.0000      alpha( 3) =  0.0000
atom  3   Tr[ns(na)]=   6.9410835
atom  3  spin  1
eigenvalues:  0.9855448 0.9855448 0.9995114 0.9995114 0.9999559
 eigenvectors
 1   0.1397304  0.0910856 -0.1074274 -0.9799853 -0.0163418
 2   0.9799853 -0.0714582 -0.0431534  0.1397304 -0.1146115
 3   0.1415413  0.3620141  0.4448182 -0.0083867  0.8068323
 4  -0.0083867 -0.7226407  0.6748338 -0.1415413 -0.0478069
 5   0.0000000 -0.5773503 -0.5773503  0.0000000  0.5773503
 occupations
 0.986  0.001  0.001  0.000  0.002
 0.001  0.999  0.000  0.001  0.000
 0.001  0.000  0.999 -0.001  0.000
 0.000  0.001 -0.001  0.986  0.000
 0.002  0.000  0.000  0.000  0.999
atom  3  spin  2
eigenvalues:  0.3307668 0.3307668 0.4308127 0.4393344 0.4393344
 eigenvectors
 1   0.8444493  0.2454454  0.0275782  0.3890493  0.2730236
 2   0.3890493 -0.1735526  0.2993383 -0.8444493  0.1257857
 3   0.0000000  0.5773503  0.5773503  0.0000000 -0.5773503
 4   0.3425891 -0.1124389 -0.5939691 -0.1348282 -0.7064080
 5   0.1348282 -0.7507731  0.4727615  0.3425891 -0.2780116
 occupations
 0.345 -0.015 -0.015  0.000 -0.030
-0.015  0.427  0.002 -0.026 -0.002
-0.015  0.002  0.427  0.026 -0.002
 0.000 -0.026  0.026  0.345  0.000
-0.030 -0.002 -0.002  0.000  0.427
atom  4   Tr[ns(na)]=   6.9410835
atom  4  spin  1
eigenvalues:  0.3307668 0.3307668 0.4308127 0.4393344 0.4393344
 eigenvectors
 1   0.8547322  0.2406275  0.0357207  0.3659057  0.2763482
 2   0.3659057 -0.1801731  0.2984761 -0.8547322  0.1183030
 3   0.0000000  0.5773503  0.5773503  0.0000000 -0.5773503
 4   0.3424621 -0.1117323 -0.5944137 -0.1351506 -0.7061461
 5   0.1351506 -0.7508785  0.4722023  0.3424621 -0.2786762
 occupations
 0.345 -0.015 -0.015  0.000 -0.030
-0.015  0.427  0.002 -0.026 -0.002
-0.015  0.002  0.427  0.026 -0.002
 0.000 -0.026  0.026  0.345  0.000
-0.030 -0.002 -0.002  0.000  0.427
atom  4  spin  2
eigenvalues:  0.9855448 0.9855448 0.9995114 0.9995114 0.9999559
 eigenvectors
 1  -0.1471010 -0.0905453  0.1077491  0.9789060  0.0172038
 2   0.9789060 -0.0721416 -0.0423437  0.1471010 -0.1144853
 3   0.1416218  0.3696053  0.4376858 -0.0068954  0.8072910
 4   0.0068954  0.7187877 -0.6794814  0.1416218  0.0393063
 5   0.0000000 -0.5773503 -0.5773503  0.0000000  0.5773503
 occupations
 0.986  0.001  0.001  0.000  0.002
 0.001  0.999  0.000  0.001  0.000
 0.001  0.000  0.999 -0.001  0.000
 0.000  0.001 -0.001  0.986  0.000
 0.002  0.000  0.000  0.000  0.999
nsum =  13.8821670
 exit write_ns

     total cpu time spent up to now is     57.89 secs

     total energy              =  -174.82463875 ryd
     estimated scf accuracy    <     0.00003442 ryd

     total magnetization       =     0.00 Bohr mag/cell
     absolute magnetization    =     7.08 Bohr mag/cell

     iteration #  7     ecut=    30.00 ryd     beta=0.30
     Davidson diagonalization with overlap
     ethr =  1.23E-07,  avg # of iterations =  3.2
 enter write_ns
U( 1) =  0.0000      U( 2) =  0.0000      U( 3) =  0.0000
alpha( 1) =  0.0000      alpha( 2) =  0.0000      alpha( 3) =  0.0000
atom  3   Tr[ns(na)]=   6.9370514
atom  3  spin  1
eigenvalues:  0.9856182 0.9856182 0.9995057 0.9995057 0.9999715
 eigenvectors
 1   0.1009102  0.0942354 -0.1060882 -0.9846531 -0.0118529
 2   0.9846531 -0.0680933 -0.0475636  0.1009102 -0.1156569
 3   0.1421908  0.3663149  0.4407194 -0.0075686  0.8070343
 4  -0.0075686 -0.7203909  0.6774335 -0.1421908 -0.0429574
 5   0.0000000 -0.5773503 -0.5773503  0.0000000  0.5773503
 occupations
 0.986  0.001  0.001  0.000  0.002
 0.001  0.999  0.000  0.001  0.000
 0.001  0.000  0.999 -0.001  0.000
 0.000  0.001 -0.001  0.986  0.000
 0.002  0.000  0.000  0.000  0.999
atom  3  spin  2
eigenvalues:  0.3294809 0.3294809 0.4307016 0.4385844 0.4385844
 eigenvectors
 1   0.8282023  0.2497059  0.0142835  0.4264194  0.2639894
 2   0.4264194 -0.1606610  0.2965821 -0.8282023  0.1359212
 3   0.0000000  0.5773503  0.5773503  0.0000000 -0.5773503
 4   0.3412729 -0.1293525 -0.5844210 -0.1256196 -0.7137735
 5   0.1256196 -0.7495129  0.4867790  0.3412729 -0.2627339
 occupations
 0.344 -0.015 -0.015  0.000 -0.030
-0.015  0.426  0.002 -0.026 -0.002
-0.015  0.002  0.426  0.026 -0.002
 0.000 -0.026  0.026  0.344  0.000
-0.030 -0.002 -0.002  0.000  0.426
atom  4   Tr[ns(na)]=   6.9370514
atom  4  spin  1
eigenvalues:  0.3294809 0.3294809 0.4307016 0.4385844 0.4385844
 eigenvectors
 1   0.8219390  0.2520067  0.0099863  0.4383705  0.2619930
 2   0.4383705 -0.1570273  0.2967579 -0.8219390  0.1397306
 3   0.0000000  0.5773503  0.5773503  0.0000000 -0.5773503
 4   0.3385518 -0.1135402 -0.5945422 -0.1327785 -0.7080824
 5   0.1327785 -0.7520707  0.4743640  0.3385518 -0.2777067
 occupations
 0.344 -0.015 -0.015  0.000 -0.030
-0.015  0.426  0.002 -0.026 -0.002
-0.015  0.002  0.426  0.026 -0.002
 0.000 -0.026  0.026  0.344  0.000
-0.030 -0.002 -0.002  0.000  0.426
atom  4  spin  2
eigenvalues:  0.9856182 0.9856182 0.9995057 0.9995057 0.9999715
 eigenvectors
 1   0.0997611  0.0943148 -0.1060327 -0.9847701 -0.0117179
 2   0.9847701 -0.0679833 -0.0476873  0.0997611 -0.1156706
 3   0.1421355  0.3613604  0.4453599 -0.0085447  0.8067203
 4  -0.0085447 -0.7228889  0.6743917 -0.1421355 -0.0484971
 5   0.0000000 -0.5773503 -0.5773503  0.0000000  0.5773503
 occupations
 0.986  0.001  0.001  0.000  0.002
 0.001  0.999  0.000  0.001  0.000
 0.001  0.000  0.999 -0.001  0.000
 0.000  0.001 -0.001  0.986  0.000
 0.002  0.000  0.000  0.000  0.999
nsum =  13.8741028
 exit write_ns

     total cpu time spent up to now is     67.42 secs

     total energy              =  -174.82465067 ryd
     estimated scf accuracy    <     0.00003425 ryd

     total magnetization       =     0.00 Bohr mag/cell
     absolute magnetization    =     7.09 Bohr mag/cell

     iteration #  8     ecut=    30.00 ryd     beta=0.30
     Davidson diagonalization with overlap
     ethr =  1.22E-07,  avg # of iterations =  3.5
 enter write_ns
U( 1) =  0.0000      U( 2) =  0.0000      U( 3) =  0.0000
alpha( 1) =  0.0000      alpha( 2) =  0.0000      alpha( 3) =  0.0000
atom  3   Tr[ns(na)]=   6.9393886
atom  3  spin  1
eigenvalues:  0.9856258 0.9856258 0.9995006 0.9995006 0.9999691
 eigenvectors
 1  -0.0287129 -0.0989380  0.1023099  0.9893979  0.0033719
 2   0.9893979 -0.0610154 -0.0551751  0.0287129 -0.1161905
 3   0.1421297  0.3633137  0.4435381 -0.0081590  0.8068517
 4  -0.0081590 -0.7219129  0.6755953 -0.1421297 -0.0463176
 5   0.0000000 -0.5773503 -0.5773503  0.0000000  0.5773503
 occupations
 0.986  0.001  0.001  0.000  0.002
 0.001  0.999  0.000  0.001  0.000
 0.001  0.000  0.999 -0.001  0.000
 0.000  0.001 -0.001  0.986  0.000
 0.002  0.000  0.000  0.000  0.999
atom  3  spin  2
eigenvalues:  0.3301356 0.3301356 0.4307526 0.4390714 0.4390714
 eigenvectors
 1   0.8175904  0.2553934  0.0078779  0.4437864  0.2632713
 2   0.4437864 -0.1565481  0.2994512 -0.8175904  0.1429031
 3   0.0000000  0.5773503  0.5773503  0.0000000 -0.5773503
 4   0.3403836 -0.1069172 -0.5977915 -0.1368890 -0.7047087
 5   0.1368890 -0.7519989  0.4685924  0.3403836 -0.2834064
 occupations
 0.345 -0.015 -0.015  0.000 -0.030
-0.015  0.427  0.002 -0.026 -0.002
-0.015  0.002  0.427  0.026 -0.002
 0.000 -0.026  0.026  0.345  0.000
-0.030 -0.002 -0.002  0.000  0.427
atom  4   Tr[ns(na)]=   6.9393884
atom  4  spin  1
eigenvalues:  0.3301356 0.3301356 0.4307526 0.4390714 0.4390714
 eigenvectors
 1   0.7958134  0.2624736 -0.0062146  0.4817482  0.2562590
 2   0.4817482 -0.1443632  0.2994904 -0.7958134  0.1551272
 3   0.0000000  0.5773503  0.5773503  0.0000000 -0.5773503
 4   0.3423920 -0.1181469 -0.5907197 -0.1317854 -0.7088666
 5   0.1317854 -0.7503165  0.4774764  0.3423920 -0.2728401
 occupations
 0.345 -0.015 -0.015  0.000 -0.030
-0.015  0.427  0.002 -0.026 -0.002
-0.015  0.002  0.427  0.026 -0.002
 0.000 -0.026  0.026  0.345  0.000
-0.030 -0.002 -0.002  0.000  0.427
atom  4  spin  2
eigenvalues:  0.9856258 0.9856258 0.9995006 0.9995006 0.9999691
 eigenvectors
 1   0.0617118  0.0968469 -0.1040940 -0.9878888 -0.0072472
 2   0.9878888 -0.0642829 -0.0517304  0.0617118 -0.1160133
 3   0.1419764  0.3513999  0.4545817 -0.0104938  0.8059815
 4  -0.0104938 -0.7277865  0.6682145 -0.1419764 -0.0595721
 5   0.0000000 -0.5773503 -0.5773503  0.0000000  0.5773503
 occupations
 0.986  0.001  0.001  0.000  0.002
 0.001  0.999  0.000  0.001  0.000
 0.001  0.000  0.999 -0.001  0.000
 0.000  0.001 -0.001  0.986  0.000
 0.002  0.000  0.000  0.000  0.999
nsum =  13.8787770
 exit write_ns

     total cpu time spent up to now is     76.06 secs

     total energy              =  -174.82465749 ryd
     estimated scf accuracy    <     0.00000105 ryd

     total magnetization       =     0.00 Bohr mag/cell
     absolute magnetization    =     7.09 Bohr mag/cell

     iteration #  9     ecut=    30.00 ryd     beta=0.30
     Davidson diagonalization with overlap
     ethr =  3.76E-09,  avg # of iterations =  3.8
 enter write_ns
U( 1) =  0.0000      U( 2) =  0.0000      U( 3) =  0.0000
alpha( 1) =  0.0000      alpha( 2) =  0.0000      alpha( 3) =  0.0000
atom  3   Tr[ns(na)]=   6.9389647
atom  3  spin  1
eigenvalues:  0.9856388 0.9856388 0.9995005 0.9995005 0.9999704
 eigenvectors
 1   0.0825471  0.0955903 -0.1052969 -0.9863401 -0.0097066
 2   0.9863401 -0.0663973 -0.0495850  0.0825471 -0.1159823
 3   0.1423571  0.3675998  0.4394924 -0.0073212  0.8070921
 4  -0.0073212 -0.7197159  0.6782087 -0.1423571 -0.0415072
 5   0.0000000 -0.5773503 -0.5773503  0.0000000  0.5773503
 occupations
 0.986  0.001  0.001  0.000  0.002
 0.001  0.999  0.000  0.001  0.000
 0.001  0.000  0.999 -0.001  0.000
 0.000  0.001 -0.001  0.986  0.000
 0.002  0.000  0.000  0.000  0.999
atom  3  spin  2
eigenvalues:  0.3300309 0.3300309 0.4304566 0.4390986 0.4390986
 eigenvectors
 1   0.8589265  0.2373811  0.0381841  0.3584708  0.2755652
 2   0.3584708 -0.1811433  0.2961497 -0.8589265  0.1150065
 3   0.0000000  0.5773503  0.5773503  0.0000000 -0.5773503
 4   0.3404886 -0.1135916 -0.5939351 -0.1334600 -0.7075267
 5   0.1334600 -0.7513993  0.4740729  0.3404886 -0.2773265
 occupations
 0.345 -0.015 -0.015  0.000 -0.030
-0.015  0.426  0.002 -0.026 -0.002
-0.015  0.002  0.426  0.026 -0.002
 0.000 -0.026  0.026  0.345  0.000
-0.030 -0.002 -0.002  0.000  0.426
atom  4   Tr[ns(na)]=   6.9389668
atom  4  spin  1
eigenvalues:  0.3300310 0.3300310 0.4304569 0.4390994 0.4390994
 eigenvectors
 1   0.8250939  0.2520132  0.0126968  0.4306701  0.2647101
 2   0.4306701 -0.1601609  0.2983303 -0.8250939  0.1381694
 3   0.0000000  0.5773503  0.5773503  0.0000000 -0.5773503
 4   0.3433975 -0.1304292 -0.5831445 -0.1257833 -0.7135737
 5   0.1257833 -0.7486606  0.4872853  0.3433975 -0.2613753
 occupations
 0.345 -0.015 -0.015  0.000 -0.030
-0.015  0.426  0.002 -0.026 -0.002
-0.015  0.002  0.426  0.026 -0.002
 0.000 -0.026  0.026  0.345  0.000
-0.030 -0.002 -0.002  0.000  0.426
atom  4  spin  2
eigenvalues:  0.9856388 0.9856388 0.9995005 0.9995005 0.9999704
 eigenvectors
 1   0.0946249  0.0947697 -0.1058965 -0.9852548 -0.0111268
 2   0.9852548 -0.0675635 -0.0482913  0.0946249 -0.1158547
 3   0.1423656  0.3684339  0.4387058 -0.0071561  0.8071397
 4  -0.0071561 -0.7192893  0.6787177 -0.1423656 -0.0405716
 5   0.0000000 -0.5773503 -0.5773503  0.0000000  0.5773503
 occupations
 0.986  0.001  0.001  0.000  0.002
 0.001  0.999  0.000  0.001  0.000
 0.001  0.000  0.999 -0.001  0.000
 0.000  0.001 -0.001  0.986  0.000
 0.002  0.000  0.000  0.000  0.999
nsum =  13.8779316
 exit write_ns

     total cpu time spent up to now is     85.27 secs

     End of self-consistent calculation

 ------ SPIN UP ------------


          k = 0.0000 0.0000 0.0000 (   731 PWs)   bands (ev):

    -8.9531  -7.7467   2.7539   5.1279   5.1279   7.5764   7.5999   7.5999
     7.7781   7.7781   8.0650   8.9387   8.9387  11.0568  11.0568  11.2578
    11.5026  12.8934  12.8934  15.3691

          k =-0.7500 0.2500 0.2500 (   764 PWs)   bands (ev):

    -7.7707  -7.7514   3.6509   3.9130   4.7746   5.3282   5.3837   6.0705
     7.7223   8.2473   8.6478   9.6396   9.8408  10.4291  11.7002  11.8247
    12.6015  12.6284  17.2955  17.6039

          k =-0.5000-0.5000 0.5000 (   780 PWs)   bands (ev):

    -7.7619  -7.7504   2.7897   4.0522   5.1683   5.1908   6.4321   6.4448
     7.1584   8.2357   8.5574   9.3832   9.6068  10.7264  11.7104  11.8184
    13.0244  13.0946  15.3294  16.7015

          k =-0.2500-0.2500-0.2500 (   748 PWs)   bands (ev):

    -8.4146  -8.3806   4.4378   4.8298   5.5355   5.5355   6.5044   6.5044
     7.8487   7.8487   8.2987   9.9327   9.9327  10.9601  10.9724  10.9724
    12.4961  12.4961  13.9942  14.2633

 ------ SPIN DOWN ----------


          k = 0.0000 0.0000 0.0000 (   731 PWs)   bands (ev):

    -8.9531  -7.7467   2.7539   5.1279   5.1279   7.5764   7.5999   7.5999
     7.7781   7.7781   8.0650   8.9387   8.9387  11.0568  11.0568  11.2578
    11.5026  12.8934  12.8934  15.3691

          k =-0.7500 0.2500 0.2500 (   764 PWs)   bands (ev):

    -7.7707  -7.7514   3.6509   3.9130   4.7746   5.3282   5.3837   6.0705
     7.7223   8.2473   8.6478   9.6396   9.8408  10.4291  11.7002  11.8247
    12.6015  12.6284  17.2955  17.6039

          k =-0.5000-0.5000 0.5000 (   780 PWs)   bands (ev):

    -7.7619  -7.7504   2.7897   4.0522   5.1683   5.1908   6.4321   6.4448
     7.1584   8.2357   8.5574   9.3832   9.6068  10.7264  11.7104  11.8184
    13.0244  13.0946  15.3294  16.7015

          k =-0.2500-0.2500-0.2500 (   748 PWs)   bands (ev):

    -8.4146  -8.3806   4.4378   4.8298   5.5355   5.5355   6.5044   6.5044
     7.8487   7.8487   8.2987   9.9327   9.9327  10.9601  10.9724  10.9724
    12.4961  12.4961  13.9942  14.2633

     the Fermi energy is    10.9769 ev

!    total energy              =  -174.82465792 ryd
     estimated scf accuracy    <     0.00000003 ryd

     band energy sum           =    10.14370764 ryd
     one-electron contribution =     0.56214914 ryd
     hartree contribution      =    27.86075081 ryd
     xc contribution           =   -65.73507869 ryd
     ewald contribution        =  -137.50929535 ryd
     Hubbard energy            =     0.00000000 ryd
     correction for metals     =    -0.00318384 ryd

     total magnetization       =     0.00 Bohr mag/cell
     absolute magnetization    =     7.09 Bohr mag/cell

     convergence has been achieved

     Writing output data file feo_af.save
 
     PWSCF        :  1m25.38s CPU time

     init_run     :     7.15s CPU
     electrons    :    77.92s CPU
 
     electrons    :    77.92s CPU
     c_bands      :    43.22s CPU (       9 calls,   4.802 s avg)
     sum_band     :    22.26s CPU (       9 calls,   2.473 s avg)
     v_of_rho     :     1.59s CPU (      10 calls,   0.159 s avg)
     newd         :     8.69s CPU (      10 calls,   0.869 s avg)
     mix_rho      :     0.24s CPU (       9 calls,   0.027 s avg)
 
     c_bands      :    43.22s CPU (       9 calls,   4.802 s avg)
     init_us_2    :     0.47s CPU (     160 calls,   0.003 s avg)
     cegterg      :    42.71s CPU (      72 calls,   0.593 s avg)
 
     sum_band     :    22.26s CPU (       9 calls,   2.473 s avg)
     becsum       :     0.00s CPU (      72 calls,   0.000 s avg)
     addusdens    :     8.56s CPU (       9 calls,   0.951 s avg)
 
     wfcrot       :     1.91s CPU (       8 calls,   0.239 s avg)
     cegterg      :    42.71s CPU (      72 calls,   0.593 s avg)
     h_psi        :    41.16s CPU (     276 calls,   0.149 s avg)
     g_psi        :     0.12s CPU (     196 calls,   0.001 s avg)
     cdiaghg      :     0.68s CPU (     268 calls,   0.003 s avg)
     update       :     0.40s CPU (     196 calls,   0.002 s avg)
     last         :     0.19s CPU (      72 calls,   0.003 s avg)
 
     h_psi        :    41.16s CPU (     276 calls,   0.149 s avg)
     init         :     0.08s CPU (     276 calls,   0.000 s avg)
     firstfft     :    18.00s CPU (    3596 calls,   0.005 s avg)
     secondfft    :    17.97s CPU (    3596 calls,   0.005 s avg)
     add_vuspsi   :     0.47s CPU (     276 calls,   0.002 s avg)
     s_psi        :     0.77s CPU (     284 calls,   0.003 s avg)
 
     General routines
     ccalbec      :     0.74s CPU (     356 calls,   0.002 s avg)
     cft3         :     4.17s CPU (     136 calls,   0.031 s avg)
     cft3s        :    40.72s CPU (    8670 calls,   0.005 s avg)
     interpolate  :     1.86s CPU (      38 calls,   0.049 s avg)
     davcio       :     0.27s CPU (     456 calls,   0.001 s avg)
 
