
     Program PWSCF     v.3.1.1  starts ...
     Today is 29Jun2006 at  5: 8:33 

     Ultrasoft (Vanderbilt) Pseudopotentials

     Current dimensions of program pwscf are:

     ntypx = 10   npk = 40000  lmax =  3
     nchix =  6  ndmx =  2000  nbrx = 14  nqfx =  8
  HUBBARD L FOR TYPE Fe IS            2
  HUBBARD L FOR TYPE Fe IS            2
  MAXIMUM HUBBARD L IS            2


     bravais-lattice index     =            0
     lattice parameter (a_0)   =       8.1900  a.u.
     unit-cell volume          =     274.6766 (a.u.)^3
     number of atoms/cell      =            4
     number of atomic types    =            3
     kinetic-energy cutoff     =      30.0000  Ry
     charge density cutoff     =     240.0000  Ry
     convergence threshold     =      1.0E-06
     beta                      =       0.3000
     number of iterations used =            8  plain     mixing
     Exchange-correlation      =  SLA  PZ   NOGX NOGC (1100)
     celldm(1)=   8.190000  celldm(2)=   0.000000  celldm(3)=   0.000000
     celldm(4)=   0.000000  celldm(5)=   0.000000  celldm(6)=   0.000000

     crystal axes: (cart. coord. in units of a_0)
               a(1) = (  0.500000  0.500000  1.000000 )  
               a(2) = (  0.500000  1.000000  0.500000 )  
               a(3) = (  1.000000  0.500000  0.500000 )  

     reciprocal axes: (cart. coord. in units 2 pi/a_0)
               b(1) = ( -0.500000 -0.500000  1.500000 )  
               b(2) = ( -0.500000  1.500000 -0.500000 )  
               b(3) = (  1.500000 -0.500000 -0.500000 )  


     PSEUDO 1 is O  (US)    zval =  6.0   lmax= 2   lloc= 0
     Version   0  0  0 of US pseudo code
     Using log mesh of  1269 points
     The pseudopotential has  4 beta functions with: 
                l(1) =   0
                l(2) =   0
                l(3) =   1
                l(4) =   1
     Q(r) pseudized with  0 coefficients,  rinner =    0.000   0.000   0.000
                                                       0.000   0.000

     PSEUDO 2 is Fe (US)    zval =  8.0   lmax= 2   lloc= 0
     Version   0  0  0 of US pseudo code
     Using log mesh of   957 points
     The pseudopotential has  6 beta functions with: 
                l(1) =   0
                l(2) =   0
                l(3) =   1
                l(4) =   1
                l(5) =   2
                l(6) =   2
     Q(r) pseudized with  0 coefficients,  rinner =    0.000   0.000   0.000
                                                       0.000   0.000

     PSEUDO 3 is Fe (US)    zval =  8.0   lmax= 2   lloc= 0
     Version   0  0  0 of US pseudo code
     Using log mesh of   957 points
     The pseudopotential has  6 beta functions with: 
                l(1) =   0
                l(2) =   0
                l(3) =   1
                l(4) =   1
                l(5) =   2
                l(6) =   2
     Q(r) pseudized with  0 coefficients,  rinner =    0.000   0.000   0.000
                                                       0.000   0.000

     atomic species   valence    mass     pseudopotential
        O1             6.00     1.00000     O ( 1.00)
        Fe1            8.00     1.00000     Fe( 1.00)
        Fe2            8.00     1.00000     Fe( 1.00)

     Starting magnetic structure 
     atomic species   magnetization
        O1           0.000
        Fe1          0.500
        Fe2         -0.500

     12 Sym.Ops. (with inversion)


   Cartesian axes

     site n.     atom                  positions (a_0 units)
         1           O1  tau(  1) = (   0.5000000   0.5000000   0.5000000  )
         2           O1  tau(  2) = (   1.5000000   1.5000000   1.5000000  )
         3           Fe1 tau(  3) = (   0.0000000   0.0000000   0.0000000  )
         4           Fe2 tau(  4) = (   1.0000000   1.0000000   1.0000000  )

     number of k points=    8  gaussian broad. (ryd)=  0.0100     ngauss =   0
                       cart. coord. in units 2pi/a_0
        k(    1) = (   0.0000000   0.0000000   0.0000000), wk =   0.1250000
        k(    2) = (  -0.7500000   0.2500000   0.2500000), wk =   0.3750000
        k(    3) = (  -0.5000000  -0.5000000   0.5000000), wk =   0.3750000
        k(    4) = (  -0.2500000  -0.2500000  -0.2500000), wk =   0.1250000
        k(    5) = (   0.0000000   0.0000000   0.0000000), wk =   0.1250000
        k(    6) = (  -0.7500000   0.2500000   0.2500000), wk =   0.3750000
        k(    7) = (  -0.5000000  -0.5000000   0.5000000), wk =   0.3750000
        k(    8) = (  -0.2500000  -0.2500000  -0.2500000), wk =   0.1250000

     G cutoff =  407.7738  (  17255 G-vectors)     FFT grid: ( 50, 50, 50)
     G cutoff =  203.8869  (   6111 G-vectors)  smooth grid: ( 36, 36, 36)

     nbndx  =    80  nbnd   =    20  natomwfc =    20  npwx   =     780
     nelec  =  28.00  nkb   =    52  ngl    =     342

     Check: negative/imaginary core charge=   -0.000003    0.000000

     Initial potential from superposition of free atoms

     starting charge   27.99905, renormalised to   28.00000

     Parameters of the lda+U calculation:
     Number of iteration with fixed ns =  0
     Starting ns and Hubbard U :
 enter write_ns
U( 1) =  0.0000      U( 2) =  4.3000      U( 3) =  4.3000
alpha( 1) =  0.0000      alpha( 2) =  0.0000      alpha( 3) =  0.0000
atom  3   Tr[ns(na)]=   6.0000000
atom  3  spin  1
eigenvalues:  1.0000000 1.0000000 1.0000000 1.0000000 1.0000000
 eigenvectors
 1   1.0000000  0.0000000  0.0000000  0.0000000  0.0000000
 2   0.0000000  1.0000000  0.0000000  0.0000000  0.0000000
 3   0.0000000  0.0000000  1.0000000  0.0000000  0.0000000
 4   0.0000000  0.0000000  0.0000000  1.0000000  0.0000000
 5   0.0000000  0.0000000  0.0000000  0.0000000  1.0000000
 occupations
 1.000  0.000  0.000  0.000  0.000
 0.000  1.000  0.000  0.000  0.000
 0.000  0.000  1.000  0.000  0.000
 0.000  0.000  0.000  1.000  0.000
 0.000  0.000  0.000  0.000  1.000
atom  3  spin  2
eigenvalues:  0.2000000 0.2000000 0.2000000 0.2000000 0.2000000
 eigenvectors
 1   1.0000000  0.0000000  0.0000000  0.0000000  0.0000000
 2   0.0000000  1.0000000  0.0000000  0.0000000  0.0000000
 3   0.0000000  0.0000000  1.0000000  0.0000000  0.0000000
 4   0.0000000  0.0000000  0.0000000  1.0000000  0.0000000
 5   0.0000000  0.0000000  0.0000000  0.0000000  1.0000000
 occupations
 0.200  0.000  0.000  0.000  0.000
 0.000  0.200  0.000  0.000  0.000
 0.000  0.000  0.200  0.000  0.000
 0.000  0.000  0.000  0.200  0.000
 0.000  0.000  0.000  0.000  0.200
atom  4   Tr[ns(na)]=   6.0000000
atom  4  spin  1
eigenvalues:  0.2000000 0.2000000 0.2000000 0.2000000 0.2000000
 eigenvectors
 1   1.0000000  0.0000000  0.0000000  0.0000000  0.0000000
 2   0.0000000  1.0000000  0.0000000  0.0000000  0.0000000
 3   0.0000000  0.0000000  1.0000000  0.0000000  0.0000000
 4   0.0000000  0.0000000  0.0000000  1.0000000  0.0000000
 5   0.0000000  0.0000000  0.0000000  0.0000000  1.0000000
 occupations
 0.200  0.000  0.000  0.000  0.000
 0.000  0.200  0.000  0.000  0.000
 0.000  0.000  0.200  0.000  0.000
 0.000  0.000  0.000  0.200  0.000
 0.000  0.000  0.000  0.000  0.200
atom  4  spin  2
eigenvalues:  1.0000000 1.0000000 1.0000000 1.0000000 1.0000000
 eigenvectors
 1   1.0000000  0.0000000  0.0000000  0.0000000  0.0000000
 2   0.0000000  1.0000000  0.0000000  0.0000000  0.0000000
 3   0.0000000  0.0000000  1.0000000  0.0000000  0.0000000
 4   0.0000000  0.0000000  0.0000000  1.0000000  0.0000000
 5   0.0000000  0.0000000  0.0000000  0.0000000  1.0000000
 occupations
 1.000  0.000  0.000  0.000  0.000
 0.000  1.000  0.000  0.000  0.000
 0.000  0.000  1.000  0.000  0.000
 0.000  0.000  0.000  1.000  0.000
 0.000  0.000  0.000  0.000  1.000
nsum =  12.0000000
 exit write_ns
 Atomic wfc used for LDA+U Projector are NOT orthogonalized
     Starting wfc are atomic

     total cpu time spent up to now is      7.26 secs

     Self-consistent Calculation

     iteration #  1     ecut=    30.00 ryd     beta=0.30
     Davidson diagonalization with overlap
     ethr =  1.00E-02,  avg # of iterations =  3.2
 enter write_ns
U( 1) =  0.0000      U( 2) =  4.3000      U( 3) =  4.3000
alpha( 1) =  0.0000      alpha( 2) =  0.0000      alpha( 3) =  0.0000
atom  3   Tr[ns(na)]=   6.1226804
atom  3  spin  1
eigenvalues:  0.9969552 0.9969552 1.0025536 1.0025536 1.0030281
 eigenvectors
 1  -0.3999635 -0.2445215  0.4878693  0.6949847  0.2433478
 2  -0.6949847  0.4221684  0.0006777 -0.3999635  0.4228460
 3   0.5925494  0.3975896  0.2516818  0.0768805  0.6492714
 4   0.0768805 -0.5201656  0.6044055 -0.5925494  0.0842399
 5   0.0000000  0.5773503  0.5773503  0.0000000 -0.5773503
 occupations
 0.999  0.001  0.001  0.000  0.002
 0.001  1.001  0.001  0.002 -0.001
 0.001  0.001  1.001 -0.002 -0.001
 0.000  0.002 -0.002  0.999  0.000
 0.002 -0.001 -0.001  0.000  1.001
atom  3  spin  2
eigenvalues:  0.1553854 0.1553854 0.2567875 0.2765383 0.2765383
 eigenvectors
 1  -0.2309434 -0.0688265  0.0521761 -0.9689832 -0.0166504
 2  -0.9689832 -0.0205108 -0.0493501  0.2309434 -0.0698609
 3   0.0000000 -0.5773503 -0.5773503  0.0000000  0.5773503
 4  -0.0866911  0.2816731  0.5199409  0.0148770  0.8016140
 5  -0.0148770  0.7630001 -0.6254361 -0.0866911  0.1375640
 occupations
 0.156 -0.004 -0.004  0.000 -0.009
-0.004  0.269 -0.006 -0.008  0.006
-0.004 -0.006  0.269  0.008  0.006
 0.000 -0.008  0.008  0.156  0.000
-0.009  0.006  0.006  0.000  0.269
atom  4   Tr[ns(na)]=   6.1226804
atom  4  spin  1
eigenvalues:  0.1553854 0.1553854 0.2567875 0.2765383 0.2765383
 eigenvectors
 1  -0.2202778 -0.0685969  0.0527155 -0.9714633 -0.0158814
 2  -0.9714633 -0.0212662 -0.0487735  0.2202778 -0.0700397
 3   0.0000000 -0.5773503 -0.5773503  0.0000000  0.5773503
 4  -0.0867375  0.2840717  0.5179710  0.0146042  0.8020428
 5  -0.0146042  0.7621103 -0.6270685 -0.0867375  0.1350418
 occupations
 0.156 -0.004 -0.004  0.000 -0.009
-0.004  0.269 -0.006 -0.008  0.006
-0.004 -0.006  0.269  0.008  0.006
 0.000 -0.008  0.008  0.156  0.000
-0.009  0.006  0.006  0.000  0.269
atom  4  spin  2
eigenvalues:  0.9969552 0.9969552 1.0025536 1.0025536 1.0030281
 eigenvectors
 1  -0.4144005 -0.2356453  0.4877769  0.6864742  0.2521316
 2  -0.6864742  0.4271864 -0.0095183 -0.4144005  0.4176680
 3   0.5927604  0.3961449  0.2533577  0.0752362  0.6495026
 4   0.0752362 -0.5212667  0.6037049 -0.5927604  0.0824383
 5   0.0000000  0.5773503  0.5773503  0.0000000 -0.5773503
 occupations
 0.999  0.001  0.001  0.000  0.002
 0.001  1.001  0.001  0.002 -0.001
 0.001  0.001  1.001 -0.002 -0.001
 0.000  0.002 -0.002  0.999  0.000
 0.002 -0.001 -0.001  0.000  1.001
nsum =  12.2453608
 exit write_ns
 Modify starting ns matrices according to input values 
 enter write_ns
U( 1) =  0.0000      U( 2) =  4.3000      U( 3) =  4.3000
alpha( 1) =  0.0000      alpha( 2) =  0.0000      alpha( 3) =  0.0000
atom  3   Tr[ns(na)]=   6.8461422
atom  3  spin  1
eigenvalues:  0.9969552 0.9969552 1.0025536 1.0025536 1.0030281
 eigenvectors
 1  -0.3830737 -0.2546393  0.4877108  0.7044354  0.2330716
 2  -0.7044354  0.4161439  0.0124521 -0.3830737  0.4285960
 3   0.5928502  0.3955198  0.2540812  0.0745257  0.6496010
 4   0.0745257 -0.5217411  0.6034008 -0.5928502  0.0816597
 5   0.0000000  0.5773503  0.5773503  0.0000000 -0.5773503
 occupations
 0.999  0.001  0.001  0.000  0.002
 0.001  1.001  0.001  0.002 -0.001
 0.001  0.001  1.001 -0.002 -0.001
 0.000  0.002 -0.002  0.999  0.000
 0.002 -0.001 -0.001  0.000  1.001
atom  3  spin  2
eigenvalues:  0.1553854 0.1553854 0.2567875 0.2765383 1.0000000
 eigenvectors
 1  -0.1232880 -0.0661621  0.0572734 -0.9884652 -0.0088887
 2  -0.9884652 -0.0279349 -0.0433306  0.1232880 -0.0712655
 3   0.0000000 -0.5773503 -0.5773503  0.0000000  0.5773503
 4  -0.0866911  0.2816731  0.5199409  0.0148770  0.8016140
 5  -0.0148770  0.7630001 -0.6254361 -0.0866911  0.1375640
 occupations
 0.156 -0.013  0.002  0.001 -0.010
-0.013  0.691 -0.352 -0.055  0.082
 0.002 -0.352  0.552  0.047 -0.056
 0.001 -0.055  0.047  0.162 -0.009
-0.010  0.082 -0.056 -0.009  0.283
atom  4   Tr[ns(na)]=   6.8461422
atom  4  spin  1
eigenvalues:  0.1553854 0.1553854 0.2567875 0.2765383 1.0000000
 eigenvectors
 1  -0.1561049 -0.0670548  0.0558001 -0.9838163 -0.0112547
 2  -0.9838163 -0.0257183 -0.0452120  0.1561049 -0.0709303
 3   0.0000000 -0.5773503 -0.5773503  0.0000000  0.5773503
 4  -0.0867375  0.2840717  0.5179710  0.0146042  0.8020428
 5  -0.0146042  0.7621103 -0.6270685 -0.0867375  0.1350418
 occupations
 0.156 -0.012  0.002  0.001 -0.010
-0.012  0.690 -0.352 -0.055  0.081
 0.002 -0.352  0.554  0.047 -0.055
 0.001 -0.055  0.047  0.162 -0.008
-0.010  0.081 -0.055 -0.008  0.283
atom  4  spin  2
eigenvalues:  0.9969552 0.9969552 1.0025536 1.0025536 1.0030281
 eigenvectors
 1  -0.4109430 -0.2377906  0.4878186  0.6885495  0.2500280
 2  -0.6885495  0.4259959 -0.0070652 -0.4109430  0.4189307
 3   0.5938868  0.3877663  0.2629706  0.0657563  0.6507368
 4   0.0657563 -0.5275292  0.5995800 -0.5938868  0.0720508
 5   0.0000000  0.5773503  0.5773503  0.0000000 -0.5773503
 occupations
 0.999  0.001  0.001  0.000  0.002
 0.001  1.001  0.001  0.002 -0.001
 0.001  0.001  1.001 -0.002 -0.001
 0.000  0.002 -0.002  0.999  0.000
 0.002 -0.001 -0.001  0.000  1.001
nsum =  13.6922843
 exit write_ns

     total cpu time spent up to now is     15.74 secs

     total energy              =  -173.87440478 ryd
     estimated scf accuracy    <     2.60384606 ryd

     total magnetization       =     0.00 Bohr mag/cell
     absolute magnetization    =     8.54 Bohr mag/cell

     iteration #  2     ecut=    30.00 ryd     beta=0.30
     Davidson diagonalization with overlap
     ethr =  9.30E-03,  avg # of iterations =  2.2
 enter write_ns
U( 1) =  0.0000      U( 2) =  4.3000      U( 3) =  4.3000
alpha( 1) =  0.0000      alpha( 2) =  0.0000      alpha( 3) =  0.0000
atom  3   Tr[ns(na)]=   6.9106288
atom  3  spin  1
eigenvalues:  0.9929377 0.9929377 1.0010854 1.0010854 1.0024136
 eigenvectors
 1  -0.2462376 -0.1539104  0.2093096  0.9320939  0.0553992
 2   0.9320939 -0.1528297 -0.0568754  0.2462376 -0.2097052
 3  -0.2656115 -0.3824819 -0.4045751  0.0043047 -0.7870569
 4   0.0043047  0.6879891 -0.6752335  0.2656115  0.0127555
 5   0.0000000 -0.5773503 -0.5773503  0.0000000  0.5773503
 occupations
 0.994  0.001  0.001  0.000  0.002
 0.001  1.001  0.001  0.001 -0.001
 0.001  0.001  1.001 -0.001 -0.001
 0.000  0.001 -0.001  0.994  0.000
 0.002 -0.001 -0.001  0.000  1.001
atom  3  spin  2
eigenvalues:  0.2577719 0.3218722 0.3218722 0.5093263 0.5093263
 eigenvectors
 1   0.0000000  0.5773503  0.5773503  0.0000000 -0.5773503
 2  -0.5938708 -0.1802789  0.0695030 -0.7731203 -0.1107759
 3  -0.7731203  0.0238289 -0.1680405  0.5938708 -0.1442116
 4   0.2146264 -0.1994349 -0.5676416 -0.0594806 -0.7670765
 5   0.0594806 -0.7705998  0.5580156  0.2146264 -0.2125842
 occupations
 0.331 -0.017 -0.017  0.000 -0.033
-0.017  0.419 -0.081 -0.029  0.081
-0.017 -0.081  0.419  0.029  0.081
 0.000 -0.029  0.029  0.331  0.000
-0.033  0.081  0.081  0.000  0.419
atom  4   Tr[ns(na)]=   6.9106622
atom  4  spin  1
eigenvalues:  0.2579707 0.3218648 0.3218648 0.5092488 0.5092488
 eigenvectors
 1   0.0000000  0.5773503  0.5773503  0.0000000 -0.5773503
 2  -0.5992842 -0.1802115  0.0683573 -0.7688942 -0.1118542
 3  -0.7688942  0.0251129 -0.1686242  0.5992842 -0.1435112
 4   0.2153399 -0.2071783 -0.5619765 -0.0573497 -0.7691549
 5   0.0573497 -0.7685291  0.5636863  0.2153399 -0.2048428
 occupations
 0.331 -0.017 -0.017  0.000 -0.033
-0.017  0.419 -0.081 -0.029  0.081
-0.017 -0.081  0.419  0.029  0.081
 0.000 -0.029  0.029  0.331  0.000
-0.033  0.081  0.081  0.000  0.419
atom  4  spin  2
eigenvalues:  0.9929382 0.9929382 1.0010867 1.0010867 1.0024147
 eigenvectors
 1  -0.1989052 -0.1614417  0.2061974  0.9433201  0.0447557
 2   0.9433201 -0.1448878 -0.0673687  0.1989052 -0.2122565
 3  -0.2656704 -0.3890530 -0.3980833  0.0017597 -0.7871363
 4   0.0017597  0.6842868 -0.6790732  0.2656704  0.0052136
 5   0.0000000 -0.5773503 -0.5773503  0.0000000  0.5773503
 occupations
 0.994  0.001  0.001  0.000  0.002
 0.001  1.001  0.001  0.001 -0.001
 0.001  0.001  1.001 -0.001 -0.001
 0.000  0.001 -0.001  0.994  0.000
 0.002 -0.001 -0.001  0.000  1.001
nsum =  13.8212910
 exit write_ns

     total cpu time spent up to now is     24.01 secs

     total energy              =  -174.44376351 ryd
     estimated scf accuracy    <     0.18268950 ryd

     total magnetization       =     0.00 Bohr mag/cell
     absolute magnetization    =     7.15 Bohr mag/cell

     iteration #  3     ecut=    30.00 ryd     beta=0.30
     Davidson diagonalization with overlap
     ethr =  6.52E-04,  avg # of iterations =  1.8
 enter write_ns
U( 1) =  0.0000      U( 2) =  4.3000      U( 3) =  4.3000
alpha( 1) =  0.0000      alpha( 2) =  0.0000      alpha( 3) =  0.0000
atom  3   Tr[ns(na)]=   6.8122150
atom  3  spin  1
eigenvalues:  0.9938242 0.9938242 1.0016747 1.0016747 1.0028749
 eigenvectors
 1  -0.1869057 -0.1734397  0.2183768  0.9408917  0.0449371
 2   0.9408917 -0.1520244 -0.0741910  0.1869057 -0.2262154
 3  -0.2824585 -0.3976434 -0.3855713 -0.0025136 -0.7832147
 4  -0.0025136  0.6747990 -0.6817688  0.2824585 -0.0069698
 5   0.0000000 -0.5773503 -0.5773503  0.0000000  0.5773503
 occupations
 0.994  0.001  0.001  0.000  0.002
 0.001  1.002  0.001  0.002 -0.001
 0.001  0.001  1.002 -0.002 -0.001
 0.000  0.002 -0.002  0.994  0.000
 0.002 -0.001 -0.001  0.000  1.002
atom  3  spin  2
eigenvalues:  0.2436108 0.2768254 0.2768254 0.5105404 0.5105404
 eigenvectors
 1   0.0000000  0.5773503  0.5773503  0.0000000 -0.5773503
 2  -0.6647212 -0.1853635  0.0552607 -0.7097927 -0.1301028
 3  -0.7097927  0.0432101 -0.1821346  0.6647212 -0.1389245
 4   0.2258613 -0.2145173 -0.5547962 -0.0576784 -0.7693135
 5   0.0576784 -0.7644751  0.5680150  0.2258613 -0.1964601
 occupations
 0.290 -0.022 -0.022  0.000 -0.043
-0.022  0.413 -0.085 -0.037  0.085
-0.022 -0.085  0.413  0.037  0.085
 0.000 -0.037  0.037  0.290  0.000
-0.043  0.085  0.085  0.000  0.413
atom  4   Tr[ns(na)]=   6.8119208
atom  4  spin  1
eigenvalues:  0.2437358 0.2768030 0.2768030 0.5103522 0.5103522
 eigenvectors
 1   0.0000000  0.5773503  0.5773503  0.0000000 -0.5773503
 2  -0.5821005 -0.1892369  0.0751574 -0.7789003 -0.1140795
 3  -0.7789003  0.0224717 -0.1751198  0.5821005 -0.1526481
 4   0.2256605 -0.2082723 -0.5593624 -0.0595880 -0.7676347
 5   0.0595880 -0.7661421  0.5634402  0.2256605 -0.2027019
 occupations
 0.290 -0.022 -0.022  0.000 -0.043
-0.022  0.413 -0.085 -0.037  0.085
-0.022 -0.085  0.413  0.037  0.085
 0.000 -0.037  0.037  0.290  0.000
-0.043  0.085  0.085  0.000  0.413
atom  4  spin  2
eigenvalues:  0.9938247 0.9938247 1.0016750 1.0016750 1.0028753
 eigenvectors
 1   0.1965879  0.1718814 -0.2191515 -0.9389079 -0.0472701
 2   0.9389079 -0.1538186 -0.0719444  0.1965879 -0.2257630
 3  -0.2824962 -0.3892328 -0.3940014  0.0009930 -0.7832341
 4  -0.0009930 -0.6796772  0.6769241 -0.2824962 -0.0027531
 5   0.0000000 -0.5773503 -0.5773503  0.0000000  0.5773503
 occupations
 0.994  0.001  0.001  0.000  0.002
 0.001  1.002  0.001  0.002 -0.001
 0.001  0.001  1.002 -0.002 -0.001
 0.000  0.002 -0.002  0.994  0.000
 0.002 -0.001 -0.001  0.000  1.002
nsum =  13.6241359
 exit write_ns

     total cpu time spent up to now is     31.98 secs

     total energy              =  -174.45858474 ryd
     estimated scf accuracy    <     0.04588444 ryd

     total magnetization       =     0.00 Bohr mag/cell
     absolute magnetization    =     7.34 Bohr mag/cell

     iteration #  4     ecut=    30.00 ryd     beta=0.30
     Davidson diagonalization with overlap
     ethr =  1.64E-04,  avg # of iterations =  2.0
 enter write_ns
U( 1) =  0.0000      U( 2) =  4.3000      U( 3) =  4.3000
alpha( 1) =  0.0000      alpha( 2) =  0.0000      alpha( 3) =  0.0000
atom  3   Tr[ns(na)]=   6.8249381
atom  3  spin  1
eigenvalues:  0.9937973 0.9937973 1.0013690 1.0013690 1.0026872
 eigenvectors
 1  -0.1684806 -0.1703949  0.2093970  0.9472126  0.0390020
 2   0.9472126 -0.1434132 -0.0758597  0.1684806 -0.2192730
 3  -0.2727671 -0.3949582 -0.3905725 -0.0008792 -0.7855307
 4  -0.0008792  0.6790235 -0.6815556  0.2727671 -0.0025321
 5   0.0000000 -0.5773503 -0.5773503  0.0000000  0.5773503
 occupations
 0.994  0.001  0.001  0.000  0.002
 0.001  1.001  0.001  0.001 -0.001
 0.001  0.001  1.001 -0.001 -0.001
 0.000  0.001 -0.001  0.994  0.000
 0.002 -0.001 -0.001  0.000  1.001
atom  3  spin  2
eigenvalues:  0.2012085 0.2741218 0.2741218 0.5412331 0.5412331
 eigenvectors
 1   0.0000000  0.5773503  0.5773503  0.0000000 -0.5773503
 2  -0.5471227 -0.2271816  0.0972949 -0.7891187 -0.1298868
 3  -0.7891187  0.0188170 -0.2061536  0.5471227 -0.1873366
 4   0.2667474 -0.1740800 -0.5750007 -0.0824270 -0.7490807
 5   0.0824270 -0.7644588  0.5329871  0.2667474 -0.2314717
 occupations
 0.295 -0.029 -0.029  0.000 -0.058
-0.029  0.414 -0.106 -0.051  0.106
-0.029 -0.106  0.414  0.051  0.106
 0.000 -0.051  0.051  0.295  0.000
-0.058  0.106  0.106  0.000  0.414
atom  4   Tr[ns(na)]=   6.8304953
atom  4  spin  1
eigenvalues:  0.2015742 0.2743163 0.2743163 0.5436445 0.5436445
 eigenvectors
 1   0.0000000  0.5773503  0.5773503  0.0000000 -0.5773503
 2   0.6024139  0.2248646 -0.0821144  0.7479392  0.1427502
 3  -0.7479392  0.0350081 -0.2122425  0.6024139 -0.1772344
 4   0.2678587 -0.1890723 -0.5645136 -0.0770467 -0.7535859
 5   0.0770467 -0.7610050  0.5442439  0.2678587 -0.2167611
 occupations
 0.295 -0.029 -0.029  0.000 -0.059
-0.029  0.416 -0.107 -0.051  0.107
-0.029 -0.107  0.416  0.051  0.107
 0.000 -0.051  0.051  0.295  0.000
-0.059  0.107  0.107  0.000  0.416
atom  4  spin  2
eigenvalues:  0.9938067 0.9938067 1.0013543 1.0013543 1.0026775
 eigenvectors
 1  -0.2249368 -0.1620314  0.2142930  0.9351452  0.0522617
 2   0.9351452 -0.1538954 -0.0633756  0.2249368 -0.2172710
 3  -0.2736413 -0.3795878 -0.4055894  0.0052318 -0.7851773
 4   0.0052318  0.6874895 -0.6724775  0.2736413  0.0150120
 5   0.0000000 -0.5773503 -0.5773503  0.0000000  0.5773503
 occupations
 0.994  0.001  0.001  0.000  0.002
 0.001  1.001  0.001  0.001 -0.001
 0.001  0.001  1.001 -0.001 -0.001
 0.000  0.001 -0.001  0.994  0.000
 0.002 -0.001 -0.001  0.000  1.001
nsum =  13.6554334
 exit write_ns

     total cpu time spent up to now is     39.92 secs

     total energy              =  -174.46421419 ryd
     estimated scf accuracy    <     0.00977983 ryd

     total magnetization       =     0.01 Bohr mag/cell
     absolute magnetization    =     7.32 Bohr mag/cell

     iteration #  5     ecut=    30.00 ryd     beta=0.30
     Davidson diagonalization with overlap
     ethr =  3.49E-05,  avg # of iterations =  1.8
 enter write_ns
U( 1) =  0.0000      U( 2) =  4.3000      U( 3) =  4.3000
alpha( 1) =  0.0000      alpha( 2) =  0.0000      alpha( 3) =  0.0000
atom  3   Tr[ns(na)]=   6.8684223
atom  3  spin  1
eigenvalues:  0.9938486 0.9938486 1.0012371 1.0012371 1.0026519
 eigenvectors
 1  -0.1826233 -0.1717667  0.2150185  0.9428898  0.0432518
 2   0.9428898 -0.1491125 -0.0741981  0.1826233 -0.2233105
 3  -0.2785746 -0.3874053 -0.3967498  0.0019166 -0.7841551
 4   0.0019166  0.6817958 -0.6764007  0.2785746  0.0053950
 5   0.0000000 -0.5773503 -0.5773503  0.0000000  0.5773503
 occupations
 0.994  0.001  0.001  0.000  0.002
 0.001  1.001  0.001  0.001 -0.001
 0.001  0.001  1.001 -0.001 -0.001
 0.000  0.001 -0.001  0.994  0.000
 0.002 -0.001 -0.001  0.000  1.001
atom  3  spin  2
eigenvalues:  0.1778251 0.2741570 0.2741570 0.5747299 0.5747299
 eigenvectors
 1   0.0000000  0.5773503  0.5773503  0.0000000 -0.5773503
 2  -0.8488912 -0.2079754 -0.0129602 -0.4326078 -0.2209355
 3  -0.4326078  0.1350397 -0.2476318  0.8488912 -0.1125921
 4  -0.2875259  0.1513172  0.5851820  0.0977909  0.7364991
 5  -0.0977909  0.7630729 -0.5125810 -0.2875259  0.2504920
 occupations
 0.302 -0.036 -0.036  0.000 -0.071
-0.036  0.424 -0.123 -0.061  0.123
-0.036 -0.123  0.424  0.061  0.123
 0.000 -0.061  0.061  0.302  0.000
-0.071  0.123  0.123  0.000  0.424
atom  4   Tr[ns(na)]=   6.8019501
atom  4  spin  1
eigenvalues:  0.1758268 0.2723869 0.2723869 0.5441445 0.5441445
 eigenvectors
 1   0.0000000  0.5773503  0.5773503  0.0000000 -0.5773503
 2   0.8031006  0.2253771 -0.0102341  0.5077827  0.2151431
 3   0.5077827 -0.1183043  0.2543344 -0.8031006  0.1360302
 4  -0.2967477  0.1633460  0.5751341  0.0955348  0.7384800
 5  -0.0955348  0.7584155 -0.5206695 -0.2967477  0.2377460
 occupations
 0.299 -0.033 -0.033  0.000 -0.066
-0.033  0.404 -0.114 -0.057  0.114
-0.033 -0.114  0.404  0.057  0.114
 0.000 -0.057  0.057  0.299  0.000
-0.066  0.114  0.114  0.000  0.404
atom  4  spin  2
eigenvalues:  0.9937674 0.9937674 1.0013931 1.0013931 1.0027395
 eigenvectors
 1  -0.2038317 -0.1623652  0.2087548  0.9414667  0.0463896
 2   0.9414667 -0.1473077 -0.0669586  0.2038317 -0.2142663
 3  -0.2683968 -0.3740853 -0.4121223  0.0074970 -0.7862076
 4   0.0074970  0.6918561 -0.6698954  0.2683968  0.0219606
 5   0.0000000 -0.5773503 -0.5773503  0.0000000  0.5773503
 occupations
 0.994  0.001  0.001  0.000  0.002
 0.001  1.001  0.001  0.001 -0.001
 0.001  0.001  1.001 -0.001 -0.001
 0.000  0.001 -0.001  0.994  0.000
 0.002 -0.001 -0.001  0.000  1.001
nsum =  13.6703723
 exit write_ns

     total cpu time spent up to now is     47.84 secs

     total energy              =  -174.46916762 ryd
     estimated scf accuracy    <     0.00402160 ryd

     total magnetization       =    -0.07 Bohr mag/cell
     absolute magnetization    =     7.30 Bohr mag/cell

     iteration #  6     ecut=    30.00 ryd     beta=0.30
     Davidson diagonalization with overlap
     ethr =  1.44E-05,  avg # of iterations =  1.2
 enter write_ns
U( 1) =  0.0000      U( 2) =  4.3000      U( 3) =  4.3000
alpha( 1) =  0.0000      alpha( 2) =  0.0000      alpha( 3) =  0.0000
atom  3   Tr[ns(na)]=   6.6895217
atom  3  spin  1
eigenvalues:  0.9935692 0.9935692 1.0016317 1.0016317 1.0028313
 eigenvectors
 1  -0.1553553 -0.1582823  0.1910723  0.9556294  0.0327901
 2   0.9556294 -0.1292470 -0.0724530  0.1553553 -0.2017000
 3  -0.2502651 -0.3894642 -0.4010192  0.0021121 -0.7904835
 4   0.0021121  0.6879144 -0.6812431  0.2502651  0.0066713
 5   0.0000000 -0.5773503 -0.5773503  0.0000000  0.5773503
 occupations
 0.994  0.001  0.001  0.000  0.002
 0.001  1.002  0.001  0.001 -0.001
 0.001  0.001  1.002 -0.001 -0.001
 0.000  0.001 -0.001  0.994  0.000
 0.002 -0.001 -0.001  0.000  1.002
atom  3  spin  2
eigenvalues:  0.1666663 0.2686701 0.2686701 0.4961411 0.4961411
 eigenvectors
 1   0.0000000  0.5773503  0.5773503  0.0000000 -0.5773503
 2  -0.7714993 -0.2493535  0.0238441 -0.5396190 -0.2255094
 3  -0.5396190  0.1164315 -0.2741622  0.7714993 -0.1577307
 4   0.3185539 -0.1457887 -0.5807563 -0.1101074 -0.7265450
 5   0.1101074 -0.7547707  0.5036421  0.3185539 -0.2511286
 occupations
 0.295 -0.029 -0.029  0.000 -0.059
-0.029  0.369 -0.101 -0.051  0.101
-0.029 -0.101  0.369  0.051  0.101
 0.000 -0.051  0.051  0.295  0.000
-0.059  0.101  0.101  0.000  0.369
atom  4   Tr[ns(na)]=   6.9824576
atom  4  spin  1
eigenvalues:  0.1762679 0.2771220 0.2771220 0.6298206 0.6298206
 eigenvectors
 1   0.0000000  0.5773503  0.5773503  0.0000000 -0.5773503
 2  -0.6824345 -0.2351888  0.0605023 -0.6669284 -0.1746865
 3  -0.6669284  0.0659243 -0.2366416  0.6824345 -0.1707173
 4  -0.2843728  0.1608826  0.5797426  0.0928534  0.7406252
 5  -0.0928534  0.7623147 -0.5204857 -0.2843728  0.2418289
 occupations
 0.309 -0.041 -0.041  0.000 -0.082
-0.041  0.458 -0.141 -0.071  0.141
-0.041 -0.141  0.458  0.071  0.141
 0.000 -0.071  0.071  0.309  0.000
-0.082  0.141  0.141  0.000  0.458
atom  4  spin  2
eigenvalues:  0.9939372 0.9939372 1.0009613 1.0009613 1.0025073
 eigenvectors
 1  -0.2305364 -0.1737937  0.2320653  0.9270376  0.0582716
 2   0.9270376 -0.1676261 -0.0666967  0.2305364 -0.2343228
 3  -0.2957146 -0.3839100 -0.3960355  0.0026543 -0.7799454
 4   0.0026543  0.6789529 -0.6719522  0.2957146  0.0070006
 5   0.0000000 -0.5773503 -0.5773503  0.0000000  0.5773503
 occupations
 0.995  0.001  0.001  0.000  0.002
 0.001  1.001  0.001  0.001 -0.001
 0.001  0.001  1.001 -0.001 -0.001
 0.000  0.001 -0.001  0.995  0.000
 0.002 -0.001 -0.001  0.000  1.001
nsum =  13.6719793
 exit write_ns

     total cpu time spent up to now is     55.66 secs

     total energy              =  -174.47198809 ryd
     estimated scf accuracy    <     0.03445995 ryd

     total magnetization       =     0.30 Bohr mag/cell
     absolute magnetization    =     7.30 Bohr mag/cell

     iteration #  7     ecut=    30.00 ryd     beta=0.30
     Davidson diagonalization with overlap
     ethr =  1.44E-05,  avg # of iterations =  1.0
 enter write_ns
U( 1) =  0.0000      U( 2) =  4.3000      U( 3) =  4.3000
alpha( 1) =  0.0000      alpha( 2) =  0.0000      alpha( 3) =  0.0000
atom  3   Tr[ns(na)]=   6.8373094
atom  3  spin  1
eigenvalues:  0.9936381 0.9936381 1.0011319 1.0011319 1.0026092
 eigenvectors
 1  -0.2249932 -0.1642243  0.2172832  0.9340135  0.0530589
 2   0.9340135 -0.1560821 -0.0641813  0.2249932 -0.2202634
 3  -0.2774720 -0.3861234 -0.3982784  0.0024824 -0.7844018
 4   0.0024824  0.6828207 -0.6758030  0.2774720  0.0070177
 5   0.0000000 -0.5773503 -0.5773503  0.0000000  0.5773503
 occupations
 0.994  0.001  0.001  0.000  0.002
 0.001  1.001  0.001  0.001 -0.001
 0.001  0.001  1.001 -0.001 -0.001
 0.000  0.001 -0.001  0.994  0.000
 0.002 -0.001 -0.001  0.000  1.001
atom  3  spin  2
eigenvalues:  0.1558775 0.2714816 0.2714816 0.5731597 0.5731597
 eigenvectors
 1   0.0000000  0.5773503  0.5773503  0.0000000 -0.5773503
 2   0.7635342  0.2494381 -0.0279853  0.5522423  0.2214529
 3   0.5522423 -0.1116986  0.2718691 -0.7635342  0.1601705
 4  -0.3139026  0.1293959  0.5921282  0.1162287  0.7215241
 5  -0.1162287  0.7584375 -0.4912788 -0.3139026  0.2671586
 occupations
 0.305 -0.039 -0.039  0.000 -0.078
-0.039  0.412 -0.128 -0.067  0.128
-0.039 -0.128  0.412  0.067  0.128
 0.000 -0.067  0.067  0.305  0.000
-0.078  0.128  0.128  0.000  0.412
atom  4   Tr[ns(na)]=   6.8388715
atom  4  spin  1
eigenvalues:  0.1560393 0.2715701 0.2715701 0.5738006 0.5738006
 eigenvectors
 1   0.0000000  0.5773503  0.5773503  0.0000000 -0.5773503
 2   0.7589983  0.2503287 -0.0302058  0.5584718  0.2201229
 3   0.5584718 -0.1096487  0.2716153 -0.7589983  0.1619667
 4  -0.3181521  0.1586887  0.5726510  0.1039719  0.7313397
 5  -0.1039719  0.7528594 -0.5138582 -0.3181521  0.2390012
 occupations
 0.305 -0.039 -0.039  0.000 -0.078
-0.039  0.412 -0.128 -0.067  0.128
-0.039 -0.128  0.412  0.067  0.128
 0.000 -0.067  0.067  0.305  0.000
-0.078  0.128  0.128  0.000  0.412
atom  4  spin  2
eigenvalues:  0.9936350 0.9936350 1.0011125 1.0011125 1.0025958
 eigenvectors
 1  -0.1948864 -0.1701165  0.2163644  0.9402804  0.0462478
 2   0.9402804 -0.1516192 -0.0715156  0.1948864 -0.2231348
 3  -0.2790551 -0.3810149 -0.4029356  0.0045050 -0.7839506
 4   0.0045050  0.6852491 -0.6725931  0.2790551  0.0126559
 5   0.0000000 -0.5773503 -0.5773503  0.0000000  0.5773503
 occupations
 0.994  0.001  0.001  0.000  0.002
 0.001  1.001  0.001  0.001 -0.001
 0.001  0.001  1.001 -0.001 -0.001
 0.000  0.001 -0.001  0.994  0.000
 0.002 -0.001 -0.001  0.000  1.001
nsum =  13.6761808
 exit write_ns

     total cpu time spent up to now is     63.47 secs

     total energy              =  -174.47020695 ryd
     estimated scf accuracy    <     0.00123662 ryd

     total magnetization       =     0.00 Bohr mag/cell
     absolute magnetization    =     7.28 Bohr mag/cell

     iteration #  8     ecut=    30.00 ryd     beta=0.30
     Davidson diagonalization with overlap
     ethr =  4.42E-06,  avg # of iterations =  2.2
 enter write_ns
U( 1) =  0.0000      U( 2) =  4.3000      U( 3) =  4.3000
alpha( 1) =  0.0000      alpha( 2) =  0.0000      alpha( 3) =  0.0000
atom  3   Tr[ns(na)]=   6.8415864
atom  3  spin  1
eigenvalues:  0.9933629 0.9933629 1.0009444 1.0009444 1.0025390
 eigenvectors
 1  -0.1701455 -0.1849769  0.2281691  0.9396315  0.0431922
 2   0.9396315 -0.1566706 -0.0818594  0.1701455 -0.2385300
 3  -0.2968497 -0.4007967 -0.3787821 -0.0048398 -0.7795787
 4  -0.0048398  0.6687799 -0.6814901  0.2968497 -0.0127101
 5   0.0000000 -0.5773503 -0.5773503  0.0000000  0.5773503
 occupations
 0.994  0.001  0.001  0.000  0.002
 0.001  1.001  0.001  0.002 -0.001
 0.001  0.001  1.001 -0.002 -0.001
 0.000  0.002 -0.002  0.994  0.000
 0.002 -0.001 -0.001  0.000  1.001
atom  3  spin  2
eigenvalues:  0.1316577 0.2648387 0.2648387 0.5945489 0.5945489
 eigenvectors
 1   0.0000000 -0.5773503 -0.5773503  0.0000000  0.5773503
 2  -0.8023077 -0.2628879  0.0012680 -0.4677026 -0.2616199
 3  -0.4677026  0.1503143 -0.3028247  0.8023077 -0.1525105
 4   0.3419253 -0.0951341 -0.6039188 -0.1436794 -0.6990529
 5  -0.1436794  0.7522710 -0.4585241 -0.3419253  0.2937470
 occupations
 0.310 -0.046 -0.046  0.000 -0.093
-0.046  0.410 -0.139 -0.080  0.139
-0.046 -0.139  0.410  0.080  0.139
 0.000 -0.080  0.080  0.310  0.000
-0.093  0.139  0.139  0.000  0.410
atom  4   Tr[ns(na)]=   6.8290253
atom  4  spin  1
eigenvalues:  0.1313227 0.2645684 0.2645684 0.5886496 0.5886496
 eigenvectors
 1   0.0000000 -0.5773503 -0.5773503  0.0000000  0.5773503
 2  -0.7895227 -0.2684564  0.0088599 -0.4869458 -0.2595964
 3  -0.4869458  0.1447628 -0.3048714  0.7895227 -0.1601086
 4   0.3469707 -0.1087689 -0.5947366 -0.1383796 -0.7035055
 5  -0.1383796  0.7495405 -0.4689669 -0.3469707  0.2805736
 occupations
 0.310 -0.046 -0.046  0.000 -0.092
-0.046  0.406 -0.137 -0.079  0.137
-0.046 -0.137  0.406  0.079  0.137
 0.000 -0.079  0.079  0.310  0.000
-0.092  0.137  0.137  0.000  0.406
atom  4  spin  2
eigenvalues:  0.9933670 0.9933670 1.0009886 1.0009886 1.0025554
 eigenvectors
 1  -0.2073651 -0.1765238  0.2284805  0.9332396  0.0519567
 2   0.9332396 -0.1619105 -0.0719188  0.2073651 -0.2338293
 3  -0.2933431 -0.3818499 -0.3986607  0.0036478 -0.7805106
 4   0.0036478  0.6807949 -0.6710892  0.2933431  0.0097057
 5   0.0000000 -0.5773503 -0.5773503  0.0000000  0.5773503
 occupations
 0.994  0.001  0.001  0.000  0.002
 0.001  1.001  0.001  0.002 -0.001
 0.001  0.001  1.001 -0.002 -0.001
 0.000  0.002 -0.002  0.994  0.000
 0.002 -0.001 -0.001  0.000  1.001
nsum =  13.6706117
 exit write_ns

     total cpu time spent up to now is     71.69 secs

     total energy              =  -174.47146998 ryd
     estimated scf accuracy    <     0.00023191 ryd

     total magnetization       =    -0.01 Bohr mag/cell
     absolute magnetization    =     7.26 Bohr mag/cell

     iteration #  9     ecut=    30.00 ryd     beta=0.30
     Davidson diagonalization with overlap
     ethr =  8.28E-07,  avg # of iterations =  2.1
 enter write_ns
U( 1) =  0.0000      U( 2) =  4.3000      U( 3) =  4.3000
alpha( 1) =  0.0000      alpha( 2) =  0.0000      alpha( 3) =  0.0000
atom  3   Tr[ns(na)]=   6.8281314
atom  3  spin  1
eigenvalues:  0.9934661 0.9934661 1.0010608 1.0010608 1.0025902
 eigenvectors
 1  -0.1887676 -0.1759522  0.2221530  0.9391066  0.0462008
 2   0.9391066 -0.1549342 -0.0749120  0.1887676 -0.2298462
 3  -0.2871335 -0.3910412 -0.3910732  0.0000068 -0.7821144
 4   0.0000068  0.6773402 -0.6773217  0.2871335  0.0000185
 5   0.0000000 -0.5773503 -0.5773503  0.0000000  0.5773503
 occupations
 0.994  0.001  0.001  0.000  0.002
 0.001  1.001  0.001  0.001 -0.001
 0.001  0.001  1.001 -0.001 -0.001
 0.000  0.001 -0.001  0.994  0.000
 0.002 -0.001 -0.001  0.000  1.001
atom  3  spin  2
eigenvalues:  0.1392186 0.2659002 0.2659002 0.5827341 0.5827341
 eigenvectors
 1   0.0000000 -0.5773503 -0.5773503  0.0000000  0.5773503
 2  -0.7710466 -0.2682177  0.0212106 -0.5216168 -0.2470071
 3  -0.5216168  0.1303637 -0.2974652  0.7710466 -0.1671015
 4   0.3352926 -0.0878218 -0.6099346 -0.1448517 -0.6977564
 5  -0.1448517  0.7549957 -0.4535538 -0.3352926  0.3014419
 occupations
 0.308 -0.044 -0.044  0.000 -0.088
-0.044  0.407 -0.134 -0.076  0.134
-0.044 -0.134  0.407  0.076  0.134
 0.000 -0.076  0.076  0.308  0.000
-0.088  0.134  0.134  0.000  0.407
atom  4   Tr[ns(na)]=   6.8413809
atom  4  spin  1
eigenvalues:  0.1397390 0.2664207 0.2664207 0.5886078 0.5886078
 eigenvectors
 1   0.0000000 -0.5773503 -0.5773503  0.0000000  0.5773503
 2  -0.7934440 -0.2609491  0.0083374 -0.4883339 -0.2526117
 3  -0.4883339  0.1410318 -0.2965045  0.7934440 -0.1554727
 4   0.3390229 -0.1182310 -0.5916746 -0.1305377 -0.7099056
 5  -0.1305377  0.7514677 -0.4781249 -0.3390229  0.2733427
 occupations
 0.309 -0.045 -0.045  0.000 -0.089
-0.045  0.411 -0.135 -0.077  0.135
-0.045 -0.135  0.411  0.077  0.135
 0.000 -0.077  0.077  0.309  0.000
-0.089  0.135  0.135  0.000  0.411
atom  4  spin  2
eigenvalues:  0.9934815 0.9934815 1.0010262 1.0010262 1.0025693
 eigenvectors
 1  -0.2183579 -0.1730534  0.2272232  0.9315619  0.0541697
 2   0.9315619 -0.1624623 -0.0686375  0.2183579 -0.2310998
 3  -0.2906999 -0.3849975 -0.3962088  0.0024087 -0.7812063
 4   0.0024087  0.6797809 -0.6733081  0.2906999  0.0064729
 5   0.0000000 -0.5773503 -0.5773503  0.0000000  0.5773503
 occupations
 0.994  0.001  0.001  0.000  0.002
 0.001  1.001  0.001  0.001 -0.001
 0.001  0.001  1.001 -0.001 -0.001
 0.000  0.001 -0.001  0.994  0.000
 0.002 -0.001 -0.001  0.000  1.001
nsum =  13.6695123
 exit write_ns

     total cpu time spent up to now is     79.86 secs

     total energy              =  -174.47123044 ryd
     estimated scf accuracy    <     0.00023934 ryd

     total magnetization       =     0.01 Bohr mag/cell
     absolute magnetization    =     7.26 Bohr mag/cell

     iteration # 10     ecut=    30.00 ryd     beta=0.30
     Davidson diagonalization with overlap
     ethr =  8.28E-07,  avg # of iterations =  2.0
 enter write_ns
U( 1) =  0.0000      U( 2) =  4.3000      U( 3) =  4.3000
alpha( 1) =  0.0000      alpha( 2) =  0.0000      alpha( 3) =  0.0000
atom  3   Tr[ns(na)]=   6.8400031
atom  3  spin  1
eigenvalues:  0.9931817 0.9931817 1.0009636 1.0009636 1.0025594
 eigenvectors
 1  -0.2129009 -0.1821760  0.2377797  0.9283610  0.0556037
 2   0.9283610 -0.1693850 -0.0730766  0.2129009 -0.2424615
 3  -0.3046346 -0.3978759 -0.3797343 -0.0041033 -0.7776102
 4  -0.0041033  0.6681931 -0.6786672  0.3046346 -0.0104741
 5   0.0000000 -0.5773503 -0.5773503  0.0000000  0.5773503
 occupations
 0.994  0.001  0.001  0.000  0.002
 0.001  1.001  0.001  0.002 -0.001
 0.001  0.001  1.001 -0.002 -0.001
 0.000  0.002 -0.002  0.994  0.000
 0.002 -0.001 -0.001  0.000  1.001
atom  3  spin  2
eigenvalues:  0.1281299 0.2617223 0.2617223 0.5987893 0.5987893
 eigenvectors
 1   0.0000000 -0.5773503 -0.5773503  0.0000000  0.5773503
 2  -0.8202681 -0.2692107 -0.0178504 -0.4146844 -0.2870611
 3  -0.4146844  0.1760407 -0.3211637  0.8202681 -0.1451230
 4   0.3627642 -0.0920924 -0.5989660 -0.1536204 -0.6910584
 5  -0.1536204  0.7447959 -0.4521523 -0.3627642  0.2926436
 occupations
 0.314 -0.050 -0.050  0.000 -0.100
-0.050  0.407 -0.139 -0.086  0.139
-0.050 -0.139  0.407  0.086  0.139
 0.000 -0.086  0.086  0.314  0.000
-0.100  0.139  0.139  0.000  0.407
atom  4   Tr[ns(na)]=   6.8350692
atom  4  spin  1
eigenvalues:  0.1279827 0.2616235 0.2616235 0.5964787 0.5964787
 eigenvectors
 1   0.0000000 -0.5773503 -0.5773503  0.0000000  0.5773503
 2  -0.8215538 -0.2692755 -0.0192630 -0.4109921 -0.2885385
 3  -0.4109921  0.1777093 -0.3220541  0.8215538 -0.1443448
 4   0.3626542 -0.0862732 -0.6021155 -0.1568973 -0.6883887
 5  -0.1568973  0.7450730 -0.4472512 -0.3626542  0.2978217
 occupations
 0.314 -0.050 -0.050  0.000 -0.099
-0.050  0.405 -0.139 -0.086  0.139
-0.050 -0.139  0.405  0.086  0.139
 0.000 -0.086  0.086  0.314  0.000
-0.099  0.139  0.139  0.000  0.405
atom  4  spin  2
eigenvalues:  0.9931813 0.9931813 1.0009772 1.0009772 1.0025650
 eigenvectors
 1  -0.1897569 -0.1855336  0.2348549  0.9337988  0.0493213
 2   0.9337988 -0.1640692 -0.0786422  0.1897569 -0.2427114
 3  -0.3033339 -0.3872477 -0.3907761  0.0007942 -0.7780238
 4   0.0007942  0.6748070 -0.6727699  0.3033339  0.0020371
 5   0.0000000 -0.5773503 -0.5773503  0.0000000  0.5773503
 occupations
 0.994  0.001  0.001  0.000  0.002
 0.001  1.001  0.001  0.002 -0.001
 0.001  0.001  1.001 -0.002 -0.001
 0.000  0.002 -0.002  0.994  0.000
 0.002 -0.001 -0.001  0.000  1.001
