
     Program PWSCF     v.2.1    starts ...
     Today is 31Oct2004 at 17:44:55 

     Ultrasoft (Vanderbilt) Pseudopotentials

     Current dimensions of program pwscf are:

     ntypx = 10   npk = 40000  lmax =  3
     nchix =  6  ndmx =  2000  nbrx = 14  nqfx =  8
  HUBBARD L FOR TYPE Fe IS            2
  HUBBARD L FOR TYPE Fe IS            2
  MAXIMUM HUBBARD L IS            2


     bravais-lattice index     =            0
     lattice parameter (a_0)   =       8.1900  a.u.
     unit-cell volume          =     274.6766 (a.u.)^3
     number of atoms/cell      =            4
     number of atomic types    =            3
     kinetic-energy cutoff     =      30.0000  Ry
     charge density cutoff     =     240.0000  Ry
     convergence threshold     =      1.0E-06
     beta                      =       0.3000
     number of iterations used =            8  plain     mixing
     Exchange-correlation      =  SLA  PZ   NOGX NOGC (1100)
     iswitch =  0

     celldm(1)=   8.190000  celldm(2)=   0.000000  celldm(3)=   0.000000
     celldm(4)=   0.000000  celldm(5)=   0.000000  celldm(6)=   0.000000

     crystal axes: (cart. coord. in units of a_0)
               a(1) = (  0.500000  0.500000  1.000000 )  
               a(2) = (  0.500000  1.000000  0.500000 )  
               a(3) = (  1.000000  0.500000  0.500000 )  

     reciprocal axes: (cart. coord. in units 2 pi/a_0)
               b(1) = ( -0.500000 -0.500000  1.500000 )  
               b(2) = ( -0.500000  1.500000 -0.500000 )  
               b(3) = (  1.500000 -0.500000 -0.500000 )  


     PSEUDO 1 is O  (US)    zval =  6.0   lmax= 2   lloc= 0
     Version   0  0  0 of US pseudo code
     Using log mesh of  1269 points
     The pseudopotential has  4 beta functions with: 
                l(1) =   0
                l(2) =   0
                l(3) =   1
                l(4) =   1
     Q(r) pseudized with  0 coefficients,  rinner =    0.000   0.000   0.000
                                                       0.000   0.000

     PSEUDO 2 is Fe (US)    zval =  8.0   lmax= 2   lloc= 0
     Version   0  0  0 of US pseudo code
     Using log mesh of   957 points
     The pseudopotential has  6 beta functions with: 
                l(1) =   0
                l(2) =   0
                l(3) =   1
                l(4) =   1
                l(5) =   2
                l(6) =   2
     Q(r) pseudized with  0 coefficients,  rinner =    0.000   0.000   0.000
                                                       0.000   0.000

     PSEUDO 3 is Fe (US)    zval =  8.0   lmax= 2   lloc= 0
     Version   0  0  0 of US pseudo code
     Using log mesh of   957 points
     The pseudopotential has  6 beta functions with: 
                l(1) =   0
                l(2) =   0
                l(3) =   1
                l(4) =   1
                l(5) =   2
                l(6) =   2
     Q(r) pseudized with  0 coefficients,  rinner =    0.000   0.000   0.000
                                                       0.000   0.000

     atomic species   valence    mass     pseudopotential
        O1             6.00     1.00000     O ( 1.00)
        Fe1            8.00     1.00000     Fe( 1.00)
        Fe2            8.00     1.00000     Fe( 1.00)

     Starting magnetic structure 
     atomic species   magnetization
        O1           0.000
        Fe1          0.500
        Fe2         -0.500

     12 Sym.Ops. (with inversion)


   Cartesian axes

     site n.     atom                  positions (a_0 units)
         1           O1  tau(  1) = (   0.5000000   0.5000000   0.5000000  )
         2           O1  tau(  2) = (   1.5000000   1.5000000   1.5000000  )
         3           Fe1 tau(  3) = (   0.0000000   0.0000000   0.0000000  )
         4           Fe2 tau(  4) = (   1.0000000   1.0000000   1.0000000  )

     number of k points=    8  gaussian broad. (ryd)=  0.0100     ngauss =   0
                       cart. coord. in units 2pi/a_0
        k(   1) = (   0.0000000   0.0000000   0.0000000), wk =   0.1250000
        k(   2) = (  -0.7500000   0.2500000   0.2500000), wk =   0.3750000
        k(   3) = (  -0.5000000  -0.5000000   0.5000000), wk =   0.3750000
        k(   4) = (  -0.2500000  -0.2500000  -0.2500000), wk =   0.1250000
        k(   5) = (   0.0000000   0.0000000   0.0000000), wk =   0.1250000
        k(   6) = (  -0.7500000   0.2500000   0.2500000), wk =   0.3750000
        k(   7) = (  -0.5000000  -0.5000000   0.5000000), wk =   0.3750000
        k(   8) = (  -0.2500000  -0.2500000  -0.2500000), wk =   0.1250000

     G cutoff =  407.7738  (  17255 G-vectors)     FFT grid: ( 50, 50, 50)
     G cutoff =  203.8869  (   6111 G-vectors)  smooth grid: ( 36, 36, 36)

     nbndx  =    80  nbnd   =    20  natomwfc =    20  npwx   =     780
     nelec  =   28.00 nkb   =    52  ngl    =     342
  warning: negative or imaginary core charge    -0.000003    0.000000

     Initial potential from superposition of free atoms

     Parameters of the lda+U calculation:
     Number of iteration with fixed ns =  0
     Starting ns and Hubbard U :
 enter write_ns
U( 1) =  0.0000      U( 2) =  4.3000      U( 3) =  4.3000
alpha( 1) =  0.0000      alpha( 2) =  0.0000      alpha( 3) =  0.0000
atom  3   Tr[ns(na)]=   8.0000000
atom  3  spin  1
eigenvalues:  1.0000000 1.0000000 1.0000000 1.0000000 1.0000000
 eigenvectors
 1   1.0000000  0.0000000  0.0000000  0.0000000  0.0000000
 2   0.0000000  1.0000000  0.0000000  0.0000000  0.0000000
 3   0.0000000  0.0000000  1.0000000  0.0000000  0.0000000
 4   0.0000000  0.0000000  0.0000000  1.0000000  0.0000000
 5   0.0000000  0.0000000  0.0000000  0.0000000  1.0000000
 occupations
 1.000  0.000  0.000  0.000  0.000
 0.000  1.000  0.000  0.000  0.000
 0.000  0.000  1.000  0.000  0.000
 0.000  0.000  0.000  1.000  0.000
 0.000  0.000  0.000  0.000  1.000
atom  3  spin  2
eigenvalues:  0.6000000 0.6000000 0.6000000 0.6000000 0.6000000
 eigenvectors
 1   1.0000000  0.0000000  0.0000000  0.0000000  0.0000000
 2   0.0000000  1.0000000  0.0000000  0.0000000  0.0000000
 3   0.0000000  0.0000000  1.0000000  0.0000000  0.0000000
 4   0.0000000  0.0000000  0.0000000  1.0000000  0.0000000
 5   0.0000000  0.0000000  0.0000000  0.0000000  1.0000000
 occupations
 0.600  0.000  0.000  0.000  0.000
 0.000  0.600  0.000  0.000  0.000
 0.000  0.000  0.600  0.000  0.000
 0.000  0.000  0.000  0.600  0.000
 0.000  0.000  0.000  0.000  0.600
atom  4   Tr[ns(na)]=   8.0000000
atom  4  spin  1
eigenvalues:  0.6000000 0.6000000 0.6000000 0.6000000 0.6000000
 eigenvectors
 1   1.0000000  0.0000000  0.0000000  0.0000000  0.0000000
 2   0.0000000  1.0000000  0.0000000  0.0000000  0.0000000
 3   0.0000000  0.0000000  1.0000000  0.0000000  0.0000000
 4   0.0000000  0.0000000  0.0000000  1.0000000  0.0000000
 5   0.0000000  0.0000000  0.0000000  0.0000000  1.0000000
 occupations
 0.600  0.000  0.000  0.000  0.000
 0.000  0.600  0.000  0.000  0.000
 0.000  0.000  0.600  0.000  0.000
 0.000  0.000  0.000  0.600  0.000
 0.000  0.000  0.000  0.000  0.600
atom  4  spin  2
eigenvalues:  1.0000000 1.0000000 1.0000000 1.0000000 1.0000000
 eigenvectors
 1   1.0000000  0.0000000  0.0000000  0.0000000  0.0000000
 2   0.0000000  1.0000000  0.0000000  0.0000000  0.0000000
 3   0.0000000  0.0000000  1.0000000  0.0000000  0.0000000
 4   0.0000000  0.0000000  0.0000000  1.0000000  0.0000000
 5   0.0000000  0.0000000  0.0000000  0.0000000  1.0000000
 occupations
 1.000  0.000  0.000  0.000  0.000
 0.000  1.000  0.000  0.000  0.000
 0.000  0.000  1.000  0.000  0.000
 0.000  0.000  0.000  1.000  0.000
 0.000  0.000  0.000  0.000  1.000
nsum =  16.0000000
 exit write_ns
     Starting wfc are atomic
 Atomic wfc used for LDA+U Projector are NOT orthogonalized

     total cpu time spent up to now is     12.32 secs

     Self-consistent Calculation

     iteration #  1     ecut=    30.00 ryd     beta=0.30
     Davidson diagonalization (with overlap)
     ethr =  1.00E-02,  avg # of iterations =  2.2
 enter write_ns
U( 1) =  0.0000      U( 2) =  4.3000      U( 3) =  4.3000
alpha( 1) =  0.0000      alpha( 2) =  0.0000      alpha( 3) =  0.0000
atom  3   Tr[ns(na)]=   6.4609362
atom  3  spin  1
eigenvalues:  0.9936571 0.9936571 1.0011391 1.0011391 1.0032306
 eigenvectors
 1   0.7115215  0.0524946 -0.2863989 -0.5951857 -0.2339043
 2   0.5951857 -0.3003972  0.1047369  0.7115215 -0.1956602
 3  -0.3732673 -0.4008870 -0.3560828 -0.0127556 -0.7569699
 4  -0.0127556  0.6426213 -0.6684890  0.3732673 -0.0258677
 5   0.0000000 -0.5773503 -0.5773503  0.0000000  0.5773503
 occupations
 0.995  0.001  0.001  0.000  0.002
 0.001  1.001  0.001  0.002 -0.001
 0.001  0.001  1.001 -0.002 -0.001
 0.000  0.002 -0.002  0.995  0.000
 0.002 -0.001 -0.001  0.000  1.001
atom  3  spin  2
eigenvalues:  0.2016175 0.2016175 0.3368381 0.3368381 0.3912017
 eigenvectors
 1  -0.8990269 -0.0495223 -0.0045508 -0.4316869 -0.0540731
 2   0.4316869 -0.0338465  0.0598108 -0.8990269  0.0259643
 3  -0.0732597  0.3533551  0.4586622  0.0054853  0.8120173
 4   0.0054853 -0.7336272  0.6728280  0.0732597 -0.0607991
 5   0.0000000 -0.5773503 -0.5773503  0.0000000  0.5773503
 occupations
 0.202 -0.004 -0.004  0.000 -0.008
-0.004  0.354  0.018 -0.007 -0.018
-0.004  0.018  0.354  0.007 -0.018
 0.000 -0.007  0.007  0.202  0.000
-0.008 -0.018 -0.018  0.000  0.354
atom  4   Tr[ns(na)]=   6.4609362
atom  4  spin  1
eigenvalues:  0.2016175 0.2016175 0.3368381 0.3368381 0.3912017
 eigenvectors
 1  -0.9103834 -0.0485879 -0.0061682 -0.4071915 -0.0547561
 2   0.4071915 -0.0351747  0.0596657 -0.9103834  0.0244910
 3  -0.0732523  0.3523805  0.4595553  0.0055825  0.8119358
 4   0.0055825 -0.7340958  0.6722183  0.0732523 -0.0618774
 5   0.0000000 -0.5773503 -0.5773503  0.0000000  0.5773503
 occupations
 0.202 -0.004 -0.004  0.000 -0.008
-0.004  0.354  0.018 -0.007 -0.018
-0.004  0.018  0.354  0.007 -0.018
 0.000 -0.007  0.007  0.202  0.000
-0.008 -0.018 -0.018  0.000  0.354
atom  4  spin  2
eigenvalues:  0.9936571 0.9936571 1.0011391 1.0011391 1.0032306
 eigenvectors
 1  -0.6666351 -0.0740724  0.2932208  0.6450631  0.2191484
 2  -0.6450631  0.2958165 -0.0837596 -0.6666351  0.2120569
 3  -0.3731421 -0.4064668 -0.3502491 -0.0160049 -0.7567160
 4  -0.0160049  0.6391066 -0.6715639  0.3731421 -0.0324573
 5   0.0000000 -0.5773503 -0.5773503  0.0000000  0.5773503
 occupations
 0.995  0.001  0.001  0.000  0.002
 0.001  1.001  0.001  0.002 -0.001
 0.001  0.001  1.001 -0.002 -0.001
 0.000  0.002 -0.002  0.995  0.000
 0.002 -0.001 -0.001  0.000  1.001
nsum =  12.9218724
 exit write_ns

     total cpu time spent up to now is     25.75 secs

     total energy              =  -173.36430696 ryd
     estimated scf accuracy    <     1.92774314 ryd

     total magnetization       =     0.00 Bohr mag/cell
     absolute magnetization    =     7.88 Bohr mag/cell

     iteration #  2     ecut=    30.00 ryd     beta=0.30
     Davidson diagonalization (with overlap)
     ethr =  6.88E-03,  avg # of iterations =  2.2
 enter write_ns
U( 1) =  0.0000      U( 2) =  4.3000      U( 3) =  4.3000
alpha( 1) =  0.0000      alpha( 2) =  0.0000      alpha( 3) =  0.0000
atom  3   Tr[ns(na)]=   7.0377497
atom  3  spin  1
eigenvalues:  0.9909122 0.9909122 1.0013681 1.0013681 1.0025558
 eigenvectors
 1   0.9160928 -0.1295340 -0.0273623  0.3444268 -0.1568963
 2  -0.3444268 -0.1063817  0.1653706  0.9160928  0.0589889
 3  -0.2052905 -0.3997866 -0.3993195 -0.0000693 -0.7991060
 4  -0.0000693  0.6919113 -0.6921810  0.2052905 -0.0002697
 5   0.0000000 -0.5773503 -0.5773503  0.0000000  0.5773503
 occupations
 0.991  0.001  0.001  0.000  0.002
 0.001  1.001  0.001  0.001 -0.001
 0.001  0.001  1.001 -0.001 -0.001
 0.000  0.001 -0.001  0.991  0.000
 0.002 -0.001 -0.001  0.000  1.001
atom  3  spin  2
eigenvalues:  0.3416253 0.3416253 0.4329684 0.4329684 0.5014457
 eigenvectors
 1  -0.7873062 -0.3282516 -0.1402014 -0.1824698 -0.4684530
 2  -0.1824698  0.3514067 -0.4599776  0.7873062 -0.1085709
 3   0.5548514 -0.1192291 -0.5024454 -0.1974681 -0.6216746
 4  -0.1974681  0.6490110 -0.4277610 -0.5548514  0.2212500
 5   0.0000000 -0.5773503 -0.5773503  0.0000000  0.5773503
 occupations
 0.373 -0.018 -0.018  0.000 -0.035
-0.018  0.435  0.033 -0.031 -0.033
-0.018  0.033  0.435  0.031 -0.033
 0.000 -0.031  0.031  0.373  0.000
-0.035 -0.033 -0.033  0.000  0.435
atom  4   Tr[ns(na)]=   7.0377497
atom  4  spin  1
eigenvalues:  0.3416253 0.3416253 0.4329684 0.4329684 0.5014457
 eigenvectors
 1  -0.7839227 -0.3344736 -0.1319662 -0.1964980 -0.4664398
 2  -0.1964980  0.3454898 -0.4624076  0.7839227 -0.1169177
 3   0.5503180 -0.1047518 -0.5118434 -0.2097708 -0.6165952
 4  -0.2097708  0.6515043 -0.4164699 -0.5503180  0.2350344
 5   0.0000000 -0.5773503 -0.5773503  0.0000000  0.5773503
 occupations
 0.373 -0.018 -0.018  0.000 -0.035
-0.018  0.435  0.033 -0.031 -0.033
-0.018  0.033  0.435  0.031 -0.033
 0.000 -0.031  0.031  0.373  0.000
-0.035 -0.033 -0.033  0.000  0.435
atom  4  spin  2
eigenvalues:  0.9909122 0.9909122 1.0013681 1.0013681 1.0025558
 eigenvectors
 1   0.9616514 -0.1093270 -0.0553720  0.1818855 -0.1646990
 2  -0.1818855 -0.1270580  0.1582090  0.9616514  0.0311509
 3  -0.2052869 -0.3954527 -0.4036394  0.0012143 -0.7990921
 4   0.0012143  0.6943973 -0.6896708  0.2052869  0.0047266
 5   0.0000000 -0.5773503 -0.5773503  0.0000000  0.5773503
 occupations
 0.991  0.001  0.001  0.000  0.002
 0.001  1.001  0.001  0.001 -0.001
 0.001  0.001  1.001 -0.001 -0.001
 0.000  0.001 -0.001  0.991  0.000
 0.002 -0.001 -0.001  0.000  1.001
nsum =  14.0754994
 exit write_ns

     total cpu time spent up to now is     41.36 secs

     total energy              =  -174.40190079 ryd
     estimated scf accuracy    <     0.10325649 ryd

     total magnetization       =     0.00 Bohr mag/cell
     absolute magnetization    =     6.99 Bohr mag/cell

     iteration #  3     ecut=    30.00 ryd     beta=0.30
     Davidson diagonalization (with overlap)
     ethr =  3.69E-04,  avg # of iterations =  2.0
 enter write_ns
U( 1) =  0.0000      U( 2) =  4.3000      U( 3) =  4.3000
alpha( 1) =  0.0000      alpha( 2) =  0.0000      alpha( 3) =  0.0000
atom  3   Tr[ns(na)]=   6.9041784
atom  3  spin  1
eigenvalues:  0.9922688 0.9922688 1.0017168 1.0017168 1.0029432
 eigenvectors
 1   0.8602279 -0.1639696 -0.0078732  0.4511430 -0.1718428
 2  -0.4511430 -0.1037591  0.1938814  0.8602279  0.0901223
 3  -0.2376505 -0.3952065 -0.3978964  0.0004654 -0.7931029
 4   0.0004654  0.6876238 -0.6860708  0.2376505  0.0015530
 5   0.0000000 -0.5773503 -0.5773503  0.0000000  0.5773503
 occupations
 0.993  0.001  0.001  0.000  0.002
 0.001  1.002  0.001  0.002 -0.001
 0.001  0.001  1.002 -0.002 -0.001
 0.000  0.002 -0.002  0.993  0.000
 0.002 -0.001 -0.001  0.000  1.002
atom  3  spin  2
eigenvalues:  0.3026122 0.3026122 0.3944986 0.3944986 0.5190425
 eigenvectors
 1  -0.8548961 -0.2682407 -0.0868696 -0.2520912 -0.3551102
 2   0.2520912 -0.2551772  0.3598918 -0.8548961  0.1047147
 3   0.4400891 -0.2013818 -0.5049349 -0.1091981 -0.7063168
 4   0.1091981 -0.6993165  0.5240600  0.4400891 -0.1752565
 5   0.0000000 -0.5773503 -0.5773503  0.0000000  0.5773503
 occupations
 0.322 -0.015 -0.015  0.000 -0.030
-0.015  0.423  0.048 -0.026 -0.048
-0.015  0.048  0.423  0.026 -0.048
 0.000 -0.026  0.026  0.322  0.000
-0.030 -0.048 -0.048  0.000  0.423
atom  4   Tr[ns(na)]=   6.9041784
atom  4  spin  1
eigenvalues:  0.3026122 0.3026122 0.3944986 0.3944986 0.5190425
 eigenvectors
 1  -0.8639822 -0.2582000 -0.1006844 -0.2189339 -0.3588845
 2   0.2189339 -0.2653322  0.3562739 -0.8639822  0.0909417
 3   0.4370250 -0.1826872 -0.5187119 -0.1208792 -0.7013991
 4   0.1208792 -0.7044314  0.5104275  0.4370250 -0.1940039
 5   0.0000000 -0.5773503 -0.5773503  0.0000000  0.5773503
 occupations
 0.322 -0.015 -0.015  0.000 -0.030
-0.015  0.423  0.048 -0.026 -0.048
-0.015  0.048  0.423  0.026 -0.048
 0.000 -0.026  0.026  0.322  0.000
-0.030 -0.048 -0.048  0.000  0.423
atom  4  spin  2
eigenvalues:  0.9922688 0.9922688 1.0017168 1.0017168 1.0029432
 eigenvectors
 1  -0.9688922  0.1087233  0.0848268 -0.0690645  0.1935501
 2  -0.0690645 -0.1607210  0.1745176  0.9688922  0.0137966
 3   0.2375928  0.4116500  0.3812604  0.0052574  0.7929104
 4   0.0052574 -0.6779078  0.6954533 -0.2375928  0.0175455
 5   0.0000000 -0.5773503 -0.5773503  0.0000000  0.5773503
 occupations
 0.993  0.001  0.001  0.000  0.002
 0.001  1.002  0.001  0.002 -0.001
 0.001  0.001  1.002 -0.002 -0.001
 0.000  0.002 -0.002  0.993  0.000
 0.002 -0.001 -0.001  0.000  1.002
nsum =  13.8083569
 exit write_ns

     total cpu time spent up to now is     56.59 secs

     total energy              =  -174.45013499 ryd
     estimated scf accuracy    <     0.04324711 ryd

     total magnetization       =     0.00 Bohr mag/cell
     absolute magnetization    =     7.21 Bohr mag/cell

     iteration #  4     ecut=    30.00 ryd     beta=0.30
     Davidson diagonalization (with overlap)
     ethr =  1.54E-04,  avg # of iterations =  2.0
 enter write_ns
U( 1) =  0.0000      U( 2) =  4.3000      U( 3) =  4.3000
alpha( 1) =  0.0000      alpha( 2) =  0.0000      alpha( 3) =  0.0000
atom  3   Tr[ns(na)]=   6.8611872
atom  3  spin  1
eigenvalues:  0.9934766 0.9934766 1.0013499 1.0013499 1.0030844
 eigenvectors
 1   0.9525628 -0.1379541 -0.0951841  0.1008926 -0.2331382
 2  -0.1008926 -0.1895569  0.2142502  0.9525628  0.0246933
 3  -0.2871216 -0.3967815 -0.3853052 -0.0024325 -0.7820867
 4  -0.0024325  0.6739940 -0.6806199  0.2871216 -0.0066259
 5   0.0000000 -0.5773503 -0.5773503  0.0000000  0.5773503
 occupations
 0.994  0.001  0.001  0.000  0.002
 0.001  1.001  0.001  0.002 -0.001
 0.001  0.001  1.001 -0.002 -0.001
 0.000  0.002 -0.002  0.994  0.000
 0.002 -0.001 -0.001  0.000  1.001
atom  3  spin  2
eigenvalues:  0.2659073 0.2659073 0.3274181 0.3274181 0.6817989
 eigenvectors
 1  -0.6155515 -0.3942743 -0.2389345 -0.0871846 -0.6332088
 2  -0.0871846  0.5035321 -0.5932176  0.6155515 -0.0896855
 3   0.6662139  0.0152954 -0.4470529 -0.4118911 -0.4317575
 4  -0.4118911  0.5073814 -0.2404445 -0.6662139  0.2669369
 5   0.0000000 -0.5773503 -0.5773503  0.0000000  0.5773503
 occupations
 0.304 -0.012 -0.012  0.000 -0.024
-0.012  0.420  0.131 -0.021 -0.131
-0.012  0.131  0.420  0.021 -0.131
 0.000 -0.021  0.021  0.304  0.000
-0.024 -0.131 -0.131  0.000  0.420
atom  4   Tr[ns(na)]=   6.8611872
atom  4  spin  1
eigenvalues:  0.2659073 0.2659073 0.3274181 0.3274181 0.6817989
 eigenvectors
 1  -0.6154651 -0.3947714 -0.2383485 -0.0877925 -0.6331199
 2  -0.0877925  0.5031425 -0.5934533  0.6154651 -0.0903108
 3   0.7006530 -0.0305360 -0.4235407 -0.3501152 -0.4540767
 4  -0.3501152  0.5066926 -0.2797912 -0.7006530  0.2269014
 5   0.0000000 -0.5773503 -0.5773503  0.0000000  0.5773503
 occupations
 0.304 -0.012 -0.012  0.000 -0.024
-0.012  0.420  0.131 -0.021 -0.131
-0.012  0.131  0.420  0.021 -0.131
 0.000 -0.021  0.021  0.304  0.000
-0.024 -0.131 -0.131  0.000  0.420
atom  4  spin  2
eigenvalues:  0.9934766 0.9934766 1.0013499 1.0013499 1.0030844
 eigenvectors
 1  -0.9319955  0.0671621  0.1609422  0.2212231  0.2281044
 2   0.2212231 -0.2246162  0.1704722  0.9319955 -0.0541440
 3   0.2871093  0.3995425  0.3825104  0.0036101  0.7820529
 4   0.0036101 -0.6723610  0.6821944 -0.2871093  0.0098335
 5   0.0000000 -0.5773503 -0.5773503  0.0000000  0.5773503
 occupations
 0.994  0.001  0.001  0.000  0.002
 0.001  1.001  0.001  0.002 -0.001
 0.001  0.001  1.001 -0.002 -0.001
 0.000  0.002 -0.002  0.994  0.000
 0.002 -0.001 -0.001  0.000  1.001
nsum =  13.7223744
 exit write_ns

     total cpu time spent up to now is     72.83 secs

     total energy              =  -174.47230956 ryd
     estimated scf accuracy    <     0.01501370 ryd

     total magnetization       =     0.00 Bohr mag/cell
     absolute magnetization    =     7.30 Bohr mag/cell

     iteration #  5     ecut=    30.00 ryd     beta=0.30
     Davidson diagonalization (with overlap)
     ethr =  5.36E-05,  avg # of iterations =  1.5
 enter write_ns
U( 1) =  0.0000      U( 2) =  4.3000      U( 3) =  4.3000
alpha( 1) =  0.0000      alpha( 2) =  0.0000      alpha( 3) =  0.0000
atom  3   Tr[ns(na)]=   6.8545641
atom  3  spin  1
eigenvalues:  0.9935086 0.9935086 1.0013854 1.0013854 1.0032721
 eigenvectors
 1  -0.7723096  0.2172556 -0.0255489 -0.5647422  0.1917067
 2  -0.5647422 -0.0959313  0.2361145  0.7723096  0.1401832
 3   0.2907682  0.4081825  0.3727434  0.0076183  0.7809259
 4  -0.0076183  0.6660713 -0.6865320  0.2907682 -0.0204607
 5   0.0000000 -0.5773503 -0.5773503  0.0000000  0.5773503
 occupations
 0.994  0.001  0.001  0.000  0.002
 0.001  1.002  0.001  0.002 -0.001
 0.001  0.001  1.002 -0.002 -0.001
 0.000  0.002 -0.002  0.994  0.000
 0.002 -0.001 -0.001  0.000  1.002
atom  3  spin  2
eigenvalues:  0.2496185 0.2496185 0.3135591 0.3135591 0.7351489
 eigenvectors
 1  -0.4242917 -0.4163008 -0.3205287 -0.0318402 -0.7368295
 2  -0.0318402  0.6104661 -0.6657601  0.4242917 -0.0552940
 3  -0.5917849 -0.1140293  0.3412094  0.6846557  0.2271800
 4   0.6846557 -0.3281598  0.0653276  0.5917849 -0.2628322
 5   0.0000000 -0.5773503 -0.5773503  0.0000000  0.5773503
 occupations
 0.302 -0.010 -0.010  0.000 -0.020
-0.010  0.419  0.158 -0.017 -0.158
-0.010  0.158  0.419  0.017 -0.158
 0.000 -0.017  0.017  0.302  0.000
-0.020 -0.158 -0.158  0.000  0.419
atom  4   Tr[ns(na)]=   6.8545641
atom  4  spin  1
eigenvalues:  0.2496185 0.2496185 0.3135591 0.3135591 0.7351489
 eigenvectors
 1  -0.4238247 -0.4244801 -0.3115383 -0.0375484 -0.7360185
 2  -0.0375484  0.6048072 -0.6700142  0.4238247 -0.0652070
 3   0.7715337  0.0091501 -0.3053338 -0.4729677 -0.2961838
 4  -0.4729677  0.3472863 -0.1657190 -0.7715337  0.1815674
 5   0.0000000 -0.5773503 -0.5773503  0.0000000  0.5773503
 occupations
 0.302 -0.010 -0.010  0.000 -0.020
-0.010  0.419  0.158 -0.017 -0.158
-0.010  0.158  0.419  0.017 -0.158
 0.000 -0.017  0.017  0.302  0.000
-0.020 -0.158 -0.158  0.000  0.419
atom  4  spin  2
eigenvalues:  0.9935086 0.9935086 1.0013854 1.0013854 1.0032721
 eigenvectors
 1   0.7199683  0.0460977 -0.2248120 -0.6301123 -0.1787143
 2   0.6301123 -0.2329760  0.0765662  0.7199683 -0.1564098
 3  -0.2908523 -0.3976168 -0.3835348 -0.0030272 -0.7811516
 4  -0.0030272  0.6724320 -0.6805622  0.2908523 -0.0081303
 5   0.0000000 -0.5773503 -0.5773503  0.0000000  0.5773503
 occupations
 0.994  0.001  0.001  0.000  0.002
 0.001  1.002  0.001  0.002 -0.001
 0.001  0.001  1.002 -0.002 -0.001
 0.000  0.002 -0.002  0.994  0.000
 0.002 -0.001 -0.001  0.000  1.002
nsum =  13.7091281
 exit write_ns

     total cpu time spent up to now is     87.20 secs

     total energy              =  -174.48205033 ryd
     estimated scf accuracy    <     0.02107356 ryd

     total magnetization       =     0.00 Bohr mag/cell
     absolute magnetization    =     7.30 Bohr mag/cell

     iteration #  6     ecut=    30.00 ryd     beta=0.30
     Davidson diagonalization (with overlap)
     ethr =  5.36E-05,  avg # of iterations =  2.0
 enter write_ns
U( 1) =  0.0000      U( 2) =  4.3000      U( 3) =  4.3000
alpha( 1) =  0.0000      alpha( 2) =  0.0000      alpha( 3) =  0.0000
atom  3   Tr[ns(na)]=   6.8766941
atom  3  spin  1
eigenvalues:  0.9934242 0.9934242 1.0015346 1.0015346 1.0028199
 eigenvectors
 1  -0.6646512  0.2135844 -0.0619071 -0.6969807  0.1516773
 2   0.6969807  0.0518289 -0.2108839 -0.6646512 -0.1590551
 3  -0.2690967 -0.4097951 -0.3763275 -0.0066143 -0.7861226
 4  -0.0066143  0.6711409 -0.6904634  0.2690967 -0.0193226
 5   0.0000000 -0.5773503 -0.5773503  0.0000000  0.5773503
 occupations
 0.994  0.001  0.001  0.000  0.002
 0.001  1.002  0.001  0.001 -0.001
 0.001  0.001  1.002 -0.001 -0.001
 0.000  0.001 -0.001  0.994  0.000
 0.002 -0.001 -0.001  0.000  1.002
atom  3  spin  2
eigenvalues:  0.2854022 0.2854022 0.3458148 0.4836687 0.4836687
 eigenvectors
 1  -0.8707658 -0.2189893 -0.0374595 -0.3558671 -0.2564488
 2   0.3558671 -0.1696881  0.2744943 -0.8707658  0.1048062
 3   0.0000000 -0.5773503 -0.5773503  0.0000000  0.5773503
 4  -0.3312113  0.2304880  0.5192587  0.0736517  0.7497467
 5  -0.0736517  0.7326606 -0.5659388 -0.3312113  0.1667218
 occupations
 0.308 -0.026 -0.026  0.000 -0.052
-0.026  0.423 -0.038 -0.045  0.038
-0.026 -0.038  0.423  0.045  0.038
 0.000 -0.045  0.045  0.308  0.000
-0.052  0.038  0.038  0.000  0.423
atom  4   Tr[ns(na)]=   6.8766941
atom  4  spin  1
eigenvalues:  0.2854022 0.2854022 0.3458148 0.4836687 0.4836687
 eigenvectors
 1  -0.8638699 -0.2221637 -0.0322542 -0.3722947 -0.2544179
 2   0.3722947 -0.1655102  0.2751545 -0.8638699  0.1096443
 3   0.0000000 -0.5773503 -0.5773503  0.0000000  0.5773503
 4  -0.3325709  0.2445830  0.5082413  0.0672468  0.7528243
 5  -0.0672468  0.7280766 -0.5758534 -0.3325709  0.1522232
 occupations
 0.308 -0.026 -0.026  0.000 -0.052
-0.026  0.423 -0.038 -0.045  0.038
-0.026 -0.038  0.423  0.045  0.038
 0.000 -0.045  0.045  0.308  0.000
-0.052  0.038  0.038  0.000  0.423
atom  4  spin  2
eigenvalues:  0.9934242 0.9934242 1.0015346 1.0015346 1.0028199
 eigenvectors
 1  -0.9536139  0.0821747  0.1354456  0.1347729  0.2176203
 2   0.1347729 -0.2038427  0.1730867  0.9536139 -0.0307560
 3   0.2691387  0.4047550  0.3814904  0.0045978  0.7862453
 4   0.0045978 -0.6741925  0.6876244 -0.2691387  0.0134318
 5   0.0000000 -0.5773503 -0.5773503  0.0000000  0.5773503
 occupations
 0.994  0.001  0.001  0.000  0.002
 0.001  1.002  0.001  0.001 -0.001
 0.001  0.001  1.002 -0.001 -0.001
 0.000  0.001 -0.001  0.994  0.000
 0.002 -0.001 -0.001  0.000  1.002
nsum =  13.7533881
 exit write_ns

     total cpu time spent up to now is    103.34 secs

     total energy              =  -174.45599852 ryd
     estimated scf accuracy    <     0.00391637 ryd

     total magnetization       =     0.00 Bohr mag/cell
     absolute magnetization    =     7.27 Bohr mag/cell

     iteration #  7     ecut=    30.00 ryd     beta=0.30
     Davidson diagonalization (with overlap)
     ethr =  1.40E-05,  avg # of iterations =  2.0
 enter write_ns
U( 1) =  0.0000      U( 2) =  4.3000      U( 3) =  4.3000
alpha( 1) =  0.0000      alpha( 2) =  0.0000      alpha( 3) =  0.0000
atom  3   Tr[ns(na)]=   6.8452503
atom  3  spin  1
eigenvalues:  0.9938084 0.9938084 1.0015711 1.0015711 1.0030673
 eigenvectors
 1   0.6746937  0.0620995 -0.2296155 -0.6783415 -0.1675160
 2   0.6783415 -0.2292840  0.0608623  0.6746937 -0.1684217
 3  -0.2908718 -0.4042328 -0.3767845 -0.0059020 -0.7810173
 4  -0.0059020  0.6684572 -0.6843045  0.2908718 -0.0158473
 5   0.0000000 -0.5773503 -0.5773503  0.0000000  0.5773503
 occupations
 0.994  0.001  0.001  0.000  0.002
 0.001  1.002  0.001  0.002 -0.001
 0.001  0.001  1.002 -0.002 -0.001
 0.000  0.002 -0.002  0.994  0.000
 0.002 -0.001 -0.001  0.000  1.002
atom  3  spin  2
eigenvalues:  0.2686305 0.2686305 0.3541045 0.3541045 0.6059538
 eigenvectors
 1  -0.8044613 -0.3136074 -0.1362906 -0.1830545 -0.4498981
 2   0.1830545 -0.3384362  0.4408101 -0.8044613  0.1023739
 3  -0.5385108  0.1441406  0.4977990  0.1712867  0.6419397
 4  -0.1712867  0.6580285 -0.4538437 -0.5385108  0.2041848
 5   0.0000000 -0.5773503 -0.5773503  0.0000000  0.5773503
 occupations
 0.296 -0.016 -0.016  0.000 -0.033
-0.016  0.420  0.093 -0.028 -0.093
-0.016  0.093  0.420  0.028 -0.093
 0.000 -0.028  0.028  0.296  0.000
-0.033 -0.093 -0.093  0.000  0.420
atom  4   Tr[ns(na)]=   6.8452503
atom  4  spin  1
eigenvalues:  0.2686305 0.2686305 0.3541045 0.3541045 0.6059538
 eigenvectors
 1   0.7958371  0.3278834  0.1171915  0.2175094  0.4450749
 2   0.2175094 -0.3246247  0.4462677 -0.7958371  0.1216430
 3  -0.5395949  0.1483448  0.4948872  0.1678402  0.6432320
 4   0.1678402 -0.6570934  0.4570171  0.5395949 -0.2000764
 5   0.0000000 -0.5773503 -0.5773503  0.0000000  0.5773503
 occupations
 0.296 -0.016 -0.016  0.000 -0.033
-0.016  0.420  0.093 -0.028 -0.093
-0.016  0.093  0.420  0.028 -0.093
 0.000 -0.028  0.028  0.296  0.000
-0.033 -0.093 -0.093  0.000  0.420
atom  4  spin  2
eigenvalues:  0.9938084 0.9938084 1.0015711 1.0015711 1.0030673
 eigenvectors
 1  -0.4438493 -0.1271423  0.2373433  0.8475592  0.1102009
 2  -0.8475592  0.2006547  0.0097811 -0.4438493  0.2104359
 3   0.2907933  0.4112638  0.3695428  0.0089709  0.7808066
 4   0.0089709 -0.6641546  0.6882422 -0.2907933  0.0240876
 5   0.0000000 -0.5773503 -0.5773503  0.0000000  0.5773503
 occupations
 0.994  0.001  0.001  0.000  0.002
 0.001  1.002  0.001  0.002 -0.001
 0.001  0.001  1.002 -0.002 -0.001
 0.000  0.002 -0.002  0.994  0.000
 0.002 -0.001 -0.001  0.000  1.002
nsum =  13.6905005
 exit write_ns

     total cpu time spent up to now is    119.88 secs

     total energy              =  -174.46205532 ryd
     estimated scf accuracy    <     0.00776138 ryd

     total magnetization       =     0.00 Bohr mag/cell
     absolute magnetization    =     7.33 Bohr mag/cell

     iteration #  8     ecut=    30.00 ryd     beta=0.30
     Davidson diagonalization (with overlap)
     ethr =  1.40E-05,  avg # of iterations =  2.0
 enter write_ns
U( 1) =  0.0000      U( 2) =  4.3000      U( 3) =  4.3000
alpha( 1) =  0.0000      alpha( 2) =  0.0000      alpha( 3) =  0.0000
atom  3   Tr[ns(na)]=   6.8534695
atom  3  spin  1
eigenvalues:  0.9937893 0.9937893 1.0015539 1.0015539 1.0028066
 eigenvectors
 1  -0.7172321  0.2222918 -0.0468013 -0.6349623  0.1754905
 2   0.6349623  0.0742988 -0.2296597 -0.7172321 -0.1553610
 3  -0.2870420 -0.3976412 -0.3844552 -0.0027941 -0.7820964
 4  -0.0027941  0.6735089 -0.6811218  0.2870420 -0.0076129
 5   0.0000000 -0.5773503 -0.5773503  0.0000000  0.5773503
 occupations
 0.994  0.001  0.001  0.000  0.002
 0.001  1.002  0.001  0.002 -0.001
 0.001  0.001  1.002 -0.002 -0.001
 0.000  0.002 -0.002  0.994  0.000
 0.002 -0.001 -0.001  0.000  1.002
atom  3  spin  2
eigenvalues:  0.2733709 0.2733709 0.4009961 0.4009961 0.5112424
 eigenvectors
 1  -0.8678395 -0.2535960 -0.0944909 -0.2290209 -0.3480870
 2   0.2290209 -0.2555225  0.3473818 -0.8678395  0.0918594
 3  -0.4281994  0.2045508  0.5071647  0.1051158  0.7117155
 4   0.1051158 -0.7037208  0.5290066  0.4281994 -0.1747142
 5   0.0000000 -0.5773503 -0.5773503  0.0000000  0.5773503
 occupations
 0.298 -0.021 -0.021  0.000 -0.041
-0.021  0.421  0.045 -0.036 -0.045
-0.021  0.045  0.421  0.036 -0.045
 0.000 -0.036  0.036  0.298  0.000
-0.041 -0.045 -0.045  0.000  0.421
atom  4   Tr[ns(na)]=   6.8534695
atom  4  spin  1
eigenvalues:  0.2733709 0.2733709 0.4009961 0.4009961 0.5112424
 eigenvectors
 1  -0.8626465 -0.2591002 -0.0869039 -0.2478647 -0.3460041
 2   0.2478647 -0.2499396  0.3493571 -0.8626465  0.0994176
 3   0.4266220 -0.1942731 -0.5148205 -0.1113451 -0.7090936
 4   0.1113451 -0.7066271  0.5215591  0.4266220 -0.1850681
 5   0.0000000 -0.5773503 -0.5773503  0.0000000  0.5773503
 occupations
 0.298 -0.021 -0.021  0.000 -0.041
-0.021  0.421  0.045 -0.036 -0.045
-0.021  0.045  0.421  0.036 -0.045
 0.000 -0.036  0.036  0.298  0.000
-0.041 -0.045 -0.045  0.000  0.421
atom  4  spin  2
eigenvalues:  0.9937893 0.9937893 1.0015539 1.0015539 1.0028066
 eigenvectors
 1   0.9103747 -0.0482242 -0.1745240 -0.2980219 -0.2227482
 2   0.2980219 -0.2293652  0.1564459  0.9103747 -0.0729192
 3  -0.2869663 -0.4078416 -0.3740485 -0.0071607 -0.7818901
 4  -0.0071607  0.6673814 -0.6868919  0.2869663 -0.0195105
 5   0.0000000 -0.5773503 -0.5773503  0.0000000  0.5773503
 occupations
 0.994  0.001  0.001  0.000  0.002
 0.001  1.002  0.001  0.002 -0.001
 0.001  0.001  1.002 -0.002 -0.001
 0.000  0.002 -0.002  0.994  0.000
 0.002 -0.001 -0.001  0.000  1.002
nsum =  13.7069390
 exit write_ns

     total cpu time spent up to now is    135.11 secs

     total energy              =  -174.45481567 ryd
     estimated scf accuracy    <     0.00150409 ryd

     total magnetization       =     0.00 Bohr mag/cell
     absolute magnetization    =     7.32 Bohr mag/cell

     iteration #  9     ecut=    30.00 ryd     beta=0.30
     Davidson diagonalization (with overlap)
     ethr =  5.37E-06,  avg # of iterations =  1.0
 enter write_ns
U( 1) =  0.0000      U( 2) =  4.3000      U( 3) =  4.3000
alpha( 1) =  0.0000      alpha( 2) =  0.0000      alpha( 3) =  0.0000
atom  3   Tr[ns(na)]=   6.8532743
atom  3  spin  1
eigenvalues:  0.9937921 0.9937921 1.0015350 1.0015350 1.0027777
 eigenvectors
 1  -0.9450897  0.0834443  0.1489451  0.1537952  0.2323893
 2   0.1537952 -0.2201635  0.1823466  0.9450897 -0.0378169
 3  -0.2883462 -0.3978655 -0.3839061 -0.0029726 -0.7817716
 4  -0.0029726  0.6730043 -0.6810638  0.2883462 -0.0080595
 5   0.0000000 -0.5773503 -0.5773503  0.0000000  0.5773503
 occupations
 0.994  0.001  0.001  0.000  0.002
 0.001  1.002  0.001  0.002 -0.001
 0.001  0.001  1.002 -0.002 -0.001
 0.000  0.002 -0.002  0.994  0.000
 0.002 -0.001 -0.001  0.000  1.002
atom  3  spin  2
eigenvalues:  0.2722671 0.2722671 0.4019968 0.4019968 0.5113146
 eigenvectors
 1   0.8464008  0.2742994  0.0683180  0.2937880  0.3426174
 2  -0.2937880  0.2372537 -0.3561771  0.8464008 -0.1189234
 3   0.4304316 -0.1980553 -0.5108358 -0.1096488 -0.7088911
 4   0.1096488 -0.7042097  0.5236257  0.4304316 -0.1805839
 5   0.0000000 -0.5773503 -0.5773503  0.0000000  0.5773503
 occupations
 0.298 -0.021 -0.021  0.000 -0.042
-0.021  0.421  0.045 -0.037 -0.045
-0.021  0.045  0.421  0.037 -0.045
 0.000 -0.037  0.037  0.298  0.000
-0.042 -0.045 -0.045  0.000  0.421
atom  4   Tr[ns(na)]=   6.8532745
atom  4  spin  1
eigenvalues:  0.2722671 0.2722671 0.4019969 0.4019969 0.5113146
 eigenvectors
 1   0.8485623  0.2725274  0.0709649  0.2874855  0.3434922
 2  -0.2874855  0.2392869 -0.3556591  0.8485623 -0.1163722
 3   0.4308641 -0.2008540 -0.5087496 -0.1079363 -0.7096037
 4   0.1079363 -0.7034166  0.5256530  0.4308641 -0.1777636
 5   0.0000000 -0.5773503 -0.5773503  0.0000000  0.5773503
 occupations
 0.298 -0.021 -0.021  0.000 -0.042
-0.021  0.421  0.045 -0.037 -0.045
-0.021  0.045  0.421  0.037 -0.045
 0.000 -0.037  0.037  0.298  0.000
-0.042 -0.045 -0.045  0.000  0.421
atom  4  spin  2
eigenvalues:  0.9937921 0.9937921 1.0015350 1.0015350 1.0027777
 eigenvectors
 1  -0.9573238  0.1135543  0.1218434  0.0194627  0.2353976
 2   0.0194627 -0.2062532  0.2014675  0.9573238 -0.0047857
 3   0.2883516  0.3965242  0.3852619  0.0023983  0.7817861
 4   0.0023983 -0.6737955  0.6802977 -0.2883516  0.0065023
 5   0.0000000 -0.5773503 -0.5773503  0.0000000  0.5773503
 occupations
 0.994  0.001  0.001  0.000  0.002
 0.001  1.002  0.001  0.002 -0.001
 0.001  0.001  1.002 -0.002 -0.001
 0.000  0.002 -0.002  0.994  0.000
 0.002 -0.001 -0.001  0.000  1.002
nsum =  13.7065488
 exit write_ns

     total cpu time spent up to now is    149.33 secs

     total energy              =  -174.45484567 ryd
     estimated scf accuracy    <     0.00130828 ryd

     total magnetization       =     0.00 Bohr mag/cell
     absolute magnetization    =     7.32 Bohr mag/cell

     iteration # 10     ecut=    30.00 ryd     beta=0.30
     Davidson diagonalization (with overlap)
     ethr =  4.67E-06,  avg # of iterations =  2.0
 enter write_ns
U( 1) =  0.0000      U( 2) =  4.3000      U( 3) =  4.3000
alpha( 1) =  0.0000      alpha( 2) =  0.0000      alpha( 3) =  0.0000
atom  3   Tr[ns(na)]=   6.8585874
atom  3  spin  1
eigenvalues:  0.9937611 0.9937611 1.0015103 1.0015103 1.0027515
 eigenvectors
 1  -0.7994593  0.2082337 -0.0141362 -0.5288004  0.1940975
 2  -0.5288004 -0.1039007  0.2322860  0.7994593  0.1283853
 3   0.2849266  0.4083046  0.3740761  0.0071968  0.7823807
 4  -0.0071968  0.6676806 -0.6874424  0.2849266 -0.0197618
 5   0.0000000 -0.5773503 -0.5773503  0.0000000  0.5773503
 occupations
 0.994  0.001  0.001  0.000  0.002
 0.001  1.002  0.001  0.001 -0.001
 0.001  0.001  1.002 -0.001 -0.001
 0.000  0.001 -0.001  0.994  0.000
 0.002 -0.001 -0.001  0.000  1.002
atom  3  spin  2
eigenvalues:  0.2734876 0.2734876 0.4394343 0.4394417 0.4394417
 eigenvectors
 1  -0.8741964 -0.2398236 -0.0687143 -0.2799070 -0.3085379
 2  -0.2799070  0.2178066 -0.3165967  0.8741964 -0.0987900
 3   0.0000000  0.5773503  0.5773503  0.0000000 -0.5773503
 4   0.3864228 -0.2176407 -0.5122739 -0.0900558 -0.7299146
 5   0.0900558 -0.7171779  0.5470713  0.3864228 -0.1701066
 occupations
 0.300 -0.025 -0.025  0.000 -0.049
-0.025  0.422  0.009 -0.043 -0.009
-0.025  0.009  0.422  0.043 -0.009
 0.000 -0.043  0.043  0.300  0.000
-0.049 -0.009 -0.009  0.000  0.422
atom  4   Tr[ns(na)]=   6.8585838
atom  4  spin  1
eigenvalues:  0.2734875 0.2734875 0.4394337 0.4394404 0.4394404
 eigenvectors
 1  -0.8618769 -0.2486238 -0.0555672 -0.3158078 -0.3041910
 2  -0.3158078  0.2077065 -0.3191677  0.8618769 -0.1114612
 3   0.0000000  0.5773503  0.5773503  0.0000000 -0.5773503
 4   0.3860691 -0.2148362 -0.5144076 -0.0915656 -0.7292438
 5   0.0915656 -0.7180225  0.5450648  0.3860691 -0.1729577
 occupations
 0.300 -0.025 -0.025  0.000 -0.049
-0.025  0.422  0.009 -0.043 -0.009
-0.025  0.009  0.422  0.043 -0.009
 0.000 -0.043  0.043  0.300  0.000
-0.049 -0.009 -0.009  0.000  0.422
atom  4  spin  2
eigenvalues:  0.9937611 0.9937611 1.0015103 1.0015103 1.0027515
 eigenvectors
 1  -0.6742262  0.2250976 -0.0614052 -0.6813107  0.1636924
 2  -0.6813107 -0.0590556  0.2244681  0.6742262  0.1654125
 3  -0.2848848 -0.4117803 -0.3704868 -0.0086823 -0.7822671
 4   0.0086823 -0.6655427  0.6893836 -0.2848848  0.0238408
 5   0.0000000 -0.5773503 -0.5773503  0.0000000  0.5773503
 occupations
 0.994  0.001  0.001  0.000  0.002
 0.001  1.002  0.001  0.001 -0.001
 0.001  0.001  1.002 -0.001 -0.001
 0.000  0.001 -0.001  0.994  0.000
 0.002 -0.001 -0.001  0.000  1.002
nsum =  13.7171712
 exit write_ns

     total cpu time spent up to now is    165.02 secs

     total energy              =  -174.45338305 ryd
     estimated scf accuracy    <     0.00001760 ryd

     total magnetization       =     0.00 Bohr mag/cell
     absolute magnetization    =     7.31 Bohr mag/cell

     iteration # 11     ecut=    30.00 ryd     beta=0.30
     Davidson diagonalization (with overlap)
     ethr =  6.28E-08,  avg # of iterations =  3.0
 enter write_ns
U( 1) =  0.0000      U( 2) =  4.3000      U( 3) =  4.3000
alpha( 1) =  0.0000      alpha( 2) =  0.0000      alpha( 3) =  0.0000
atom  3   Tr[ns(na)]=   6.8586718
atom  3  spin  1
eigenvalues:  0.9937601 0.9937601 1.0015109 1.0015109 1.0027542
 eigenvectors
 1  -0.9549503  0.0985752  0.1333005  0.0825677  0.2318757
 2   0.0825677 -0.2108346  0.1907860  0.9549503 -0.0200486
 3   0.2850176  0.4011933  0.3813456  0.0041737  0.7825389
 4   0.0041737 -0.6719690  0.6834281 -0.2850176  0.0114591
 5   0.0000000 -0.5773503 -0.5773503  0.0000000  0.5773503
 occupations
 0.994  0.001  0.001  0.000  0.002
 0.001  1.002  0.001  0.001 -0.001
 0.001  0.001  1.002 -0.001 -0.001
 0.000  0.001 -0.001  0.994  0.000
 0.002 -0.001 -0.001  0.000  1.002
atom  3  spin  2
eigenvalues:  0.2734552 0.2734552 0.4375845 0.4404403 0.4404403
 eigenvectors
 1  -0.8703192 -0.2425423 -0.0639981 -0.2926685 -0.3065404
 2  -0.2926685  0.2139305 -0.3170131  0.8703192 -0.1030826
 3   0.0000000  0.5773503  0.5773503  0.0000000 -0.5773503
 4   0.3857650 -0.2177848 -0.5123826 -0.0898606 -0.7301673
 5   0.0898606 -0.7173865  0.5473004  0.3857650 -0.1700861
 occupations
 0.300 -0.025 -0.025  0.000 -0.050
-0.025  0.422  0.008 -0.043 -0.008
-0.025  0.008  0.422  0.043 -0.008
 0.000 -0.043  0.043  0.300  0.000
-0.050 -0.008 -0.008  0.000  0.422
atom  4   Tr[ns(na)]=   6.8586760
atom  4  spin  1
eigenvalues:  0.2734553 0.2734553 0.4375853 0.4404419 0.4404419
 eigenvectors
 1  -0.8840436 -0.2313790 -0.0799941 -0.2481501 -0.3113731
 2  -0.2481501  0.2259559 -0.3133580  0.8840436 -0.0874021
 3   0.0000000  0.5773503  0.5773503  0.0000000 -0.5773503
 4   0.3851912 -0.2132711 -0.5158131 -0.0922834 -0.7290842
 5   0.0922834 -0.7187418  0.5440691  0.3851912 -0.1746727
 occupations
 0.300 -0.025 -0.025  0.000 -0.050
-0.025  0.422  0.008 -0.043 -0.008
-0.025  0.008  0.422  0.043 -0.008
 0.000 -0.043  0.043  0.300  0.000
-0.050 -0.008 -0.008  0.000  0.422
atom  4  spin  2
eigenvalues:  0.9937601 0.9937601 1.0015109 1.0015109 1.0027542
 eigenvectors
 1  -0.6706273  0.2254298 -0.0625917 -0.6848405  0.1628381
 2  -0.6848405 -0.0578773  0.2241666  0.6706273  0.1662893
