
     Program PWSCF     v.3.2cvs starts ...
     Today is 17Oct2006 at  5:21:11 

     Ultrasoft (Vanderbilt) Pseudopotentials

     Current dimensions of program pwscf are:

     ntypx = 10   npk = 40000  lmax =  3
     nchix =  6  ndmx =  2000  nbrx = 14  nqfx =  8
  HUBBARD L FOR TYPE Fe IS            2
  HUBBARD L FOR TYPE Fe IS            2
  MAXIMUM HUBBARD L IS            2


     bravais-lattice index     =            0
     lattice parameter (a_0)   =       8.1900  a.u.
     unit-cell volume          =     274.6766 (a.u.)^3
     number of atoms/cell      =            4
     number of atomic types    =            3
     kinetic-energy cutoff     =      30.0000  Ry
     charge density cutoff     =     240.0000  Ry
     convergence threshold     =      1.0E-06
     beta                      =       0.3000
     number of iterations used =            8  plain     mixing
     Exchange-correlation      =  SLA  PZ   NOGX NOGC (1100)
     celldm(1)=   8.190000  celldm(2)=   0.000000  celldm(3)=   0.000000
     celldm(4)=   0.000000  celldm(5)=   0.000000  celldm(6)=   0.000000

     crystal axes: (cart. coord. in units of a_0)
               a(1) = (  0.500000  0.500000  1.000000 )  
               a(2) = (  0.500000  1.000000  0.500000 )  
               a(3) = (  1.000000  0.500000  0.500000 )  

     reciprocal axes: (cart. coord. in units 2 pi/a_0)
               b(1) = ( -0.500000 -0.500000  1.500000 )  
               b(2) = ( -0.500000  1.500000 -0.500000 )  
               b(3) = (  1.500000 -0.500000 -0.500000 )  


     PSEUDO 1 is O  (US)    zval =  6.0   lmax= 2   lloc= 0
     Version   0  0  0 of US pseudo code
     Using log mesh of  1269 points
     The pseudopotential has  4 beta functions with: 
                l(1) =   0
                l(2) =   0
                l(3) =   1
                l(4) =   1
     Q(r) pseudized with  0 coefficients,  rinner =    0.000   0.000   0.000
                                                       0.000   0.000

     PSEUDO 2 is Fe (US)    zval =  8.0   lmax= 2   lloc= 0
     Version   0  0  0 of US pseudo code
     Using log mesh of   957 points
     The pseudopotential has  6 beta functions with: 
                l(1) =   0
                l(2) =   0
                l(3) =   1
                l(4) =   1
                l(5) =   2
                l(6) =   2
     Q(r) pseudized with  0 coefficients,  rinner =    0.000   0.000   0.000
                                                       0.000   0.000

     PSEUDO 3 is Fe (US)    zval =  8.0   lmax= 2   lloc= 0
     Version   0  0  0 of US pseudo code
     Using log mesh of   957 points
     The pseudopotential has  6 beta functions with: 
                l(1) =   0
                l(2) =   0
                l(3) =   1
                l(4) =   1
                l(5) =   2
                l(6) =   2
     Q(r) pseudized with  0 coefficients,  rinner =    0.000   0.000   0.000
                                                       0.000   0.000

     atomic species   valence    mass     pseudopotential
        O1             6.00     1.00000     O ( 1.00)
        Fe1            8.00     1.00000     Fe( 1.00)
        Fe2            8.00     1.00000     Fe( 1.00)

     Starting magnetic structure 
     atomic species   magnetization
        O1           0.000
        Fe1          0.500
        Fe2         -0.500

     12 Sym.Ops. (with inversion)


   Cartesian axes

     site n.     atom                  positions (a_0 units)
         1           O1  tau(  1) = (   0.5000000   0.5000000   0.5000000  )
         2           O1  tau(  2) = (   1.5000000   1.5000000   1.5000000  )
         3           Fe1 tau(  3) = (   0.0000000   0.0000000   0.0000000  )
         4           Fe2 tau(  4) = (   1.0000000   1.0000000   1.0000000  )

     number of k points=    8  gaussian broad. (ryd)=  0.0100     ngauss =   0
                       cart. coord. in units 2pi/a_0
        k(    1) = (   0.0000000   0.0000000   0.0000000), wk =   0.1250000
        k(    2) = (  -0.7500000   0.2500000   0.2500000), wk =   0.3750000
        k(    3) = (  -0.5000000  -0.5000000   0.5000000), wk =   0.3750000
        k(    4) = (  -0.2500000  -0.2500000  -0.2500000), wk =   0.1250000
        k(    5) = (   0.0000000   0.0000000   0.0000000), wk =   0.1250000
        k(    6) = (  -0.7500000   0.2500000   0.2500000), wk =   0.3750000
        k(    7) = (  -0.5000000  -0.5000000   0.5000000), wk =   0.3750000
        k(    8) = (  -0.2500000  -0.2500000  -0.2500000), wk =   0.1250000

     G cutoff =  407.7738  (  17255 G-vectors)     FFT grid: ( 50, 50, 50)
     G cutoff =  203.8869  (   6111 G-vectors)  smooth grid: ( 36, 36, 36)

     nbndx  =    80  nbnd   =    20  natomwfc =    20  npwx   =     780
     nelec  =  28.00  nkb   =    52  ngl    =     342

     Check: negative/imaginary core charge=   -0.000003    0.000000

     Initial potential from superposition of free atoms

     starting charge   27.99905, renormalised to   28.00000

     Parameters of the lda+U calculation:
     Number of iteration with fixed ns =  0
     Starting ns and Hubbard U :
 enter write_ns
U( 1) =  0.0000      U( 2) =  4.3000      U( 3) =  4.3000
alpha( 1) =  0.0000      alpha( 2) =  0.0000      alpha( 3) =  0.0000
atom  3   Tr[ns(na)]=   6.0000000
atom  3  spin  1
eigenvalues:  1.0000000 1.0000000 1.0000000 1.0000000 1.0000000
 eigenvectors
 1   1.0000000  0.0000000  0.0000000  0.0000000  0.0000000
 2   0.0000000  1.0000000  0.0000000  0.0000000  0.0000000
 3   0.0000000  0.0000000  1.0000000  0.0000000  0.0000000
 4   0.0000000  0.0000000  0.0000000  1.0000000  0.0000000
 5   0.0000000  0.0000000  0.0000000  0.0000000  1.0000000
 occupations
 1.000  0.000  0.000  0.000  0.000
 0.000  1.000  0.000  0.000  0.000
 0.000  0.000  1.000  0.000  0.000
 0.000  0.000  0.000  1.000  0.000
 0.000  0.000  0.000  0.000  1.000
atom  3  spin  2
eigenvalues:  0.2000000 0.2000000 0.2000000 0.2000000 0.2000000
 eigenvectors
 1   1.0000000  0.0000000  0.0000000  0.0000000  0.0000000
 2   0.0000000  1.0000000  0.0000000  0.0000000  0.0000000
 3   0.0000000  0.0000000  1.0000000  0.0000000  0.0000000
 4   0.0000000  0.0000000  0.0000000  1.0000000  0.0000000
 5   0.0000000  0.0000000  0.0000000  0.0000000  1.0000000
 occupations
 0.200  0.000  0.000  0.000  0.000
 0.000  0.200  0.000  0.000  0.000
 0.000  0.000  0.200  0.000  0.000
 0.000  0.000  0.000  0.200  0.000
 0.000  0.000  0.000  0.000  0.200
atom  4   Tr[ns(na)]=   6.0000000
atom  4  spin  1
eigenvalues:  0.2000000 0.2000000 0.2000000 0.2000000 0.2000000
 eigenvectors
 1   1.0000000  0.0000000  0.0000000  0.0000000  0.0000000
 2   0.0000000  1.0000000  0.0000000  0.0000000  0.0000000
 3   0.0000000  0.0000000  1.0000000  0.0000000  0.0000000
 4   0.0000000  0.0000000  0.0000000  1.0000000  0.0000000
 5   0.0000000  0.0000000  0.0000000  0.0000000  1.0000000
 occupations
 0.200  0.000  0.000  0.000  0.000
 0.000  0.200  0.000  0.000  0.000
 0.000  0.000  0.200  0.000  0.000
 0.000  0.000  0.000  0.200  0.000
 0.000  0.000  0.000  0.000  0.200
atom  4  spin  2
eigenvalues:  1.0000000 1.0000000 1.0000000 1.0000000 1.0000000
 eigenvectors
 1   1.0000000  0.0000000  0.0000000  0.0000000  0.0000000
 2   0.0000000  1.0000000  0.0000000  0.0000000  0.0000000
 3   0.0000000  0.0000000  1.0000000  0.0000000  0.0000000
 4   0.0000000  0.0000000  0.0000000  1.0000000  0.0000000
 5   0.0000000  0.0000000  0.0000000  0.0000000  1.0000000
 occupations
 1.000  0.000  0.000  0.000  0.000
 0.000  1.000  0.000  0.000  0.000
 0.000  0.000  1.000  0.000  0.000
 0.000  0.000  0.000  1.000  0.000
 0.000  0.000  0.000  0.000  1.000
nsum =  12.0000000
 exit write_ns
 LDA+U Projector read from file 
     Starting wfc are atomic

     total cpu time spent up to now is      7.95 secs

     Self-consistent Calculation

     iteration #  1     ecut=    30.00 Ry     beta=0.30
     Davidson diagonalization with overlap
     ethr =  1.00E-02,  avg # of iterations =  3.1
 enter write_ns
U( 1) =  0.0000      U( 2) =  4.3000      U( 3) =  4.3000
alpha( 1) =  0.0000      alpha( 2) =  0.0000      alpha( 3) =  0.0000
atom  3   Tr[ns(na)]=   5.7760884
atom  3  spin  1
eigenvalues:  0.9907406 0.9907406 0.9912458 0.9955847 0.9955847
 eigenvectors
 1   0.2213436 -0.2253829 -0.5476013 -0.0532704 -0.7729842
 2   0.0532704 -0.7624404  0.5764076  0.2213436 -0.1860329
 3   0.0000000  0.5773503  0.5773503  0.0000000 -0.5773503
 4   0.8016729  0.1678959 -0.0148569  0.5527114  0.1530390
 5   0.5527114 -0.0797795  0.1852919 -0.8016729  0.1055124
 occupations
 0.995  0.000  0.000  0.000  0.001
 0.000  0.991  0.000  0.001  0.000
 0.000  0.000  0.991 -0.001  0.000
 0.000  0.001 -0.001  0.995  0.000
 0.001  0.000  0.000  0.000  0.991
atom  3  spin  2
eigenvalues:  0.0511290 0.0511290 0.2194885 0.2452228 0.2452228
 eigenvectors
 1  -0.6203154 -0.0436510  0.0162396 -0.7824885 -0.0274115
 2  -0.7824885  0.0064501 -0.0410280  0.6203154 -0.0345778
 3   0.0000000 -0.5773503 -0.5773503  0.0000000  0.5773503
 4  -0.0535840  0.3124812  0.4959145  0.0070199  0.8083958
 5  -0.0070199  0.7530439 -0.6471386 -0.0535840  0.1059053
 occupations
 0.052 -0.004 -0.004  0.000 -0.009
-0.004  0.236 -0.008 -0.007  0.008
-0.004 -0.008  0.236  0.007  0.008
 0.000 -0.007  0.007  0.052  0.000
-0.009  0.008  0.008  0.000  0.236
atom  4   Tr[ns(na)]=   6.0819606
atom  4  spin  1
eigenvalues:  0.1596415 0.1596415 0.2422496 0.2568331 0.2568331
 eigenvectors
 1  -0.7376792 -0.0878216  0.0192874 -0.6656184 -0.0685342
 2   0.6656184 -0.0284327  0.0902721 -0.7376792  0.0618394
 3   0.0000000 -0.5773503 -0.5773503  0.0000000  0.5773503
 4  -0.1114620  0.2823640  0.5174622  0.0189156  0.7998262
 5  -0.0189156  0.7605368 -0.6248028 -0.1114620  0.1357340
 occupations
 0.161 -0.004 -0.004  0.000 -0.009
-0.004  0.251 -0.004 -0.008  0.004
-0.004 -0.004  0.251  0.008  0.004
 0.000 -0.008  0.008  0.161  0.000
-0.009  0.004  0.004  0.000  0.251
atom  4  spin  2
eigenvalues:  0.9977251 0.9977251 1.0036930 1.0038092 1.0038092
 eigenvectors
 1  -0.5465781 -0.1043607  0.5344861  0.4686981  0.4301254
 2  -0.4686981  0.5569188 -0.1880804 -0.5465781  0.3688384
 3   0.0000000 -0.5773503 -0.5773503  0.0000000  0.5773503
 4  -0.6764692 -0.4001120 -0.1729661 -0.1548027 -0.5730782
 5   0.1548027 -0.4307289  0.5618716 -0.6764692  0.1311428
 occupations
 1.001  0.001  0.001  0.000  0.002
 0.001  1.002  0.001  0.002 -0.001
 0.001  0.001  1.002 -0.002 -0.001
 0.000  0.002 -0.002  1.001  0.000
 0.002 -0.001 -0.001  0.000  1.002
nsum =  11.8580490
 exit write_ns
 Modify starting ns matrices according to input values 
 enter write_ns
U( 1) =  0.0000      U( 2) =  4.3000      U( 3) =  4.3000
alpha( 1) =  0.0000      alpha( 2) =  0.0000      alpha( 3) =  0.0000
atom  3   Tr[ns(na)]=   6.5565999
atom  3  spin  1
eigenvalues:  0.9907406 0.9907406 0.9912458 0.9955847 0.9955847
 eigenvectors
 1   0.2227492 -0.2466558 -0.5312371 -0.0470481 -0.7778929
 2   0.0470481 -0.7558266  0.5915234  0.2227492 -0.1643031
 3   0.0000000  0.5773503  0.5773503  0.0000000 -0.5773503
 4   0.8136146  0.1661039 -0.0107852  0.5349772  0.1553187
 5   0.5349772 -0.0834465  0.1855734 -0.8136146  0.1021269
 occupations
 0.995  0.000  0.000  0.000  0.001
 0.000  0.991  0.000  0.001  0.000
 0.000  0.000  0.991 -0.001  0.000
 0.000  0.001 -0.001  0.995  0.000
 0.001  0.000  0.000  0.000  0.991
atom  3  spin  2
eigenvalues:  0.0511290 0.0511290 0.2452228 0.2452228 1.0000000
 eigenvectors
 1  -0.7537793 -0.0417172  0.0084080 -0.6549017 -0.0333092
 2   0.6549017 -0.0143767  0.0433165 -0.7537793  0.0289398
 3  -0.0535597  0.3099089  0.4981206  0.0072027  0.8080296
 4  -0.0072027  0.7541062 -0.6454421 -0.0535597  0.1086641
 5   0.0000000 -0.5773503 -0.5773503  0.0000000  0.5773503
 occupations
 0.052 -0.004 -0.004  0.000 -0.009
-0.004  0.496  0.252 -0.007 -0.252
-0.004  0.252  0.496  0.007 -0.252
 0.000 -0.007  0.007  0.052  0.000
-0.009 -0.252 -0.252  0.000  0.496
atom  4   Tr[ns(na)]=   6.8397109
atom  4  spin  1
eigenvalues:  0.1596415 0.1596415 0.2568331 0.2568331 1.0000000
 eigenvectors
 1   0.8309005  0.0824323 -0.0052373  0.5448145  0.0771949
 2  -0.5448145  0.0415447 -0.0921608  0.8309005 -0.0506161
 3   0.1117350 -0.2938210 -0.5079644 -0.0172296 -0.8017854
 4  -0.0172296  0.7561844 -0.6325486 -0.1117350  0.1236358
 5   0.0000000 -0.5773503 -0.5773503  0.0000000  0.5773503
 occupations
 0.161 -0.004 -0.004  0.000 -0.009
-0.004  0.504  0.248 -0.008 -0.248
-0.004  0.248  0.504  0.008 -0.248
 0.000 -0.008  0.008  0.161  0.000
-0.009 -0.248 -0.248  0.000  0.504
atom  4  spin  2
eigenvalues:  0.9977251 0.9977251 1.0036930 1.0038092 1.0038092
 eigenvectors
 1  -0.5677058 -0.0784468  0.5251985  0.4428721  0.4467517
 2  -0.4428721  0.5611557 -0.2126409 -0.5677058  0.3485148
 3   0.0000000 -0.5773503 -0.5773503  0.0000000  0.5773503
 4  -0.6772067 -0.3980336 -0.1756693 -0.1515440 -0.5737029
 5   0.1515440 -0.4326502  0.5610324 -0.6772067  0.1283821
 occupations
 1.001  0.001  0.001  0.000  0.002
 0.001  1.002  0.001  0.002 -0.001
 0.001  0.001  1.002 -0.002 -0.001
 0.000  0.002 -0.002  1.001  0.000
 0.002 -0.001 -0.001  0.000  1.002
nsum =  13.3963108
 exit write_ns

     total cpu time spent up to now is     16.24 secs

     total energy              =  -173.96257529 Ry
     Harris-Foulkes estimate   =  -176.61370819 Ry
     estimated scf accuracy    <     2.49081639 Ry

     total magnetization       =    -0.12 Bohr mag/cell
     absolute magnetization    =     8.49 Bohr mag/cell

     iteration #  2     ecut=    30.00 Ry     beta=0.30
     Davidson diagonalization with overlap
     ethr =  8.90E-03,  avg # of iterations =  2.1
 enter write_ns
U( 1) =  0.0000      U( 2) =  4.3000      U( 3) =  4.3000
alpha( 1) =  0.0000      alpha( 2) =  0.0000      alpha( 3) =  0.0000
atom  3   Tr[ns(na)]=   6.1303195
atom  3  spin  1
eigenvalues:  0.9893299 0.9893299 0.9973105 0.9979753 0.9979753
 eigenvectors
 1  -0.5442248 -0.0548409  0.0248848 -0.8362387 -0.0299561
 2  -0.8362387  0.0029279 -0.0489575  0.5442248 -0.0460296
 3   0.0000000 -0.5773503 -0.5773503  0.0000000  0.5773503
 4  -0.0665485  0.3005375  0.5054719  0.0097691  0.8060094
 5  -0.0097691  0.7571841 -0.6388652 -0.0665485  0.1183189
 occupations
 0.989  0.000  0.000  0.000  0.000
 0.000  0.998  0.000  0.000  0.000
 0.000  0.000  0.998  0.000  0.000
 0.000  0.000  0.000  0.989  0.000
 0.000  0.000  0.000  0.000  0.998
atom  3  spin  2
eigenvalues:  0.0789671 0.0789671 0.1123335 0.1123335 0.7757976
 eigenvectors
 1  -0.7819455 -0.3014170 -0.1982921 -0.0931670 -0.4997092
 2   0.0931670 -0.4029912  0.4625304 -0.7819455  0.0595392
 3   0.5139419  0.0392892 -0.5754338 -0.3402130 -0.5361446
 4   0.3402130 -0.6417701  0.2868596  0.5139419 -0.3549105
 5   0.0000000 -0.5773503 -0.5773503  0.0000000  0.5773503
 occupations
 0.092 -0.007 -0.007  0.000 -0.013
-0.007  0.325  0.225 -0.011 -0.225
-0.007  0.225  0.325  0.011 -0.225
 0.000 -0.011  0.011  0.092  0.000
-0.013 -0.225 -0.225  0.000  0.325
atom  4   Tr[ns(na)]=   6.9247311
atom  4  spin  1
eigenvalues:  0.2115760 0.2115760 0.3226698 0.3226698 0.8592777
 eigenvectors
 1   0.1622206  0.3922684  0.4133191 -0.0024474  0.8055875
 2  -0.0024474 -0.7037361  0.6915824 -0.1622206 -0.0121537
 3   0.1825629  0.1004856 -0.1249940 -0.9697161 -0.0245084
 4  -0.9697161  0.0863152  0.0438655 -0.1825629  0.1301807
 5   0.0000000 -0.5773503 -0.5773503  0.0000000  0.5773503
 occupations
 0.320 -0.007 -0.007  0.000 -0.015
-0.007  0.429  0.215 -0.013 -0.215
-0.007  0.215  0.429  0.013 -0.215
 0.000 -0.013  0.013  0.320  0.000
-0.015 -0.215 -0.215  0.000  0.429
atom  4  spin  2
eigenvalues:  0.9953972 0.9953972 1.0017291 1.0017291 1.0027094
 eigenvectors
 1  -0.3969249 -0.1868059  0.3310045  0.8229198  0.1441986
 2  -0.8229198  0.2743586  0.0245994 -0.3969249  0.2989580
 3   0.4051785  0.4240934  0.3194435  0.0329247  0.7435368
 4   0.0329247 -0.6137120  0.6741316 -0.4051785  0.0604196
 5   0.0000000  0.5773503  0.5773503  0.0000000 -0.5773503
 occupations
 0.996  0.001  0.001  0.000  0.002
 0.001  1.001  0.001  0.002 -0.001
 0.001  0.001  1.001 -0.002 -0.001
 0.000  0.002 -0.002  0.996  0.000
 0.002 -0.001 -0.001  0.000  1.001
nsum =  13.0550506
 exit write_ns

     total cpu time spent up to now is     24.39 secs

     total energy              =  -174.54207969 Ry
     Harris-Foulkes estimate   =  -176.20806727 Ry
     estimated scf accuracy    <     0.24355872 Ry

     total magnetization       =     0.08 Bohr mag/cell
     absolute magnetization    =     7.23 Bohr mag/cell

     iteration #  3     ecut=    30.00 Ry     beta=0.30
     Davidson diagonalization with overlap
     ethr =  8.70E-04,  avg # of iterations =  1.5
 enter write_ns
U( 1) =  0.0000      U( 2) =  4.3000      U( 3) =  4.3000
alpha( 1) =  0.0000      alpha( 2) =  0.0000      alpha( 3) =  0.0000
atom  3   Tr[ns(na)]=   6.1465813
atom  3  spin  1
eigenvalues:  0.9943881 0.9943881 0.9978374 0.9986763 0.9986763
 eigenvectors
 1  -0.6867120 -0.0570972  0.0166672 -0.7233631 -0.0404300
 2  -0.7233631  0.0137195 -0.0563074  0.6867120 -0.0425879
 3   0.0000000 -0.5773503 -0.5773503  0.0000000  0.5773503
 4  -0.0711476  0.2997394  0.5058978  0.0105114  0.8056372
 5  -0.0105114  0.7572150 -0.6381895 -0.0711476  0.1190256
 occupations
 0.994  0.000  0.000  0.000  0.000
 0.000  0.998  0.000  0.000  0.000
 0.000  0.000  0.998  0.000  0.000
 0.000  0.000  0.000  0.994  0.000
 0.000  0.000  0.000  0.000  0.998
atom  3  spin  2
eigenvalues:  0.0673983 0.0673983 0.0826380 0.0826380 0.8625425
 eigenvectors
 1   0.6957352  0.3668221  0.2046043  0.1140306  0.5714265
 2  -0.1140306  0.4480416 -0.5416981  0.6957352 -0.0936565
 3   0.5014726  0.1489878 -0.5560302 -0.5014726 -0.4070423
 4   0.5014726 -0.5560302  0.1489878  0.5014726 -0.4070423
 5   0.0000000 -0.5773503 -0.5773503  0.0000000  0.5773503
 occupations
 0.075 -0.003 -0.003  0.000 -0.006
-0.003  0.337  0.263 -0.005 -0.263
-0.003  0.263  0.337  0.005 -0.263
 0.000 -0.005  0.005  0.075  0.000
-0.006 -0.263 -0.263  0.000  0.337
atom  4   Tr[ns(na)]=   6.7708460
atom  4  spin  1
eigenvalues:  0.1665929 0.1665929 0.2740204 0.2740204 0.8896214
 eigenvectors
 1   0.0694680  0.3783146  0.4355360 -0.0028199  0.8138506
 2  -0.0028199 -0.7213336  0.6882969 -0.0694680 -0.0330368
 3  -0.1692923  0.0532655 -0.0436319 -0.9831105  0.0096336
 4  -0.9831105  0.0196290  0.0363148  0.1692923  0.0559437
 5   0.0000000 -0.5773503 -0.5773503  0.0000000  0.5773503
 occupations
 0.274 -0.003 -0.003  0.000 -0.006
-0.003  0.408  0.241 -0.005 -0.241
-0.003  0.241  0.408  0.005 -0.241
 0.000 -0.005  0.005  0.274  0.000
-0.006 -0.241 -0.241  0.000  0.408
atom  4  spin  2
eigenvalues:  0.9961440 0.9961440 1.0022615 1.0022615 1.0031869
 eigenvectors
 1  -0.3682212 -0.2033565  0.3439354  0.8276505  0.1405789
 2  -0.8276505  0.2797345  0.0362446 -0.3682212  0.3159791
 3   0.4220272  0.4230190  0.3139306  0.0360679  0.7369496
 4   0.0360679 -0.6067260  0.6697081 -0.4220272  0.0629822
 5   0.0000000  0.5773503  0.5773503  0.0000000 -0.5773503
 occupations
 0.997  0.001  0.001  0.000  0.002
 0.001  1.002  0.001  0.002 -0.001
 0.001  0.001  1.002 -0.002 -0.001
 0.000  0.002 -0.002  0.997  0.000
 0.002 -0.001 -0.001  0.000  1.002
nsum =  12.9174273
 exit write_ns

     total cpu time spent up to now is     32.09 secs

     total energy              =  -174.57337069 Ry
     Harris-Foulkes estimate   =  -176.24564011 Ry
     estimated scf accuracy    <     0.11099081 Ry

     total magnetization       =     0.00 Bohr mag/cell
     absolute magnetization    =     7.38 Bohr mag/cell

     iteration #  4     ecut=    30.00 Ry     beta=0.30
     Davidson diagonalization with overlap
     ethr =  3.96E-04,  avg # of iterations =  1.5
 enter write_ns
U( 1) =  0.0000      U( 2) =  4.3000      U( 3) =  4.3000
alpha( 1) =  0.0000      alpha( 2) =  0.0000      alpha( 3) =  0.0000
atom  3   Tr[ns(na)]=   6.1225329
atom  3  spin  1
eigenvalues:  0.9936074 0.9936074 0.9966741 0.9985865 0.9985865
 eigenvectors
 1  -0.4237015 -0.0294968  0.0169446 -0.9050759 -0.0125522
 2  -0.9050759 -0.0025360 -0.0242770  0.4237015 -0.0268129
 3   0.0000000 -0.5773503 -0.5773503  0.0000000  0.5773503
 4  -0.0360046  0.3215122  0.4887168  0.0042898  0.8102290
 5  -0.0042898  0.7499467 -0.6534111 -0.0360046  0.0965356
 occupations
 0.994  0.000  0.000  0.000  0.000
 0.000  0.998 -0.001  0.000  0.001
 0.000 -0.001  0.998  0.000  0.001
 0.000  0.000  0.000  0.994  0.000
 0.000  0.001  0.001  0.000  0.998
atom  3  spin  2
eigenvalues:  0.0380640 0.0380640 0.0619508 0.0619508 0.9414415
 eigenvectors
 1   0.0384841 -0.1964415 -0.5875315 -0.0110840 -0.7839730
 2   0.0110840 -0.7918385  0.5660426  0.0384841 -0.2257959
 3   0.6201448  0.0323517 -0.0120571  0.7834644  0.0202947
 4  -0.7834644  0.0047560 -0.0303954  0.6201448 -0.0256394
 5   0.0000000 -0.5773503 -0.5773503  0.0000000  0.5773503
 occupations
 0.062  0.000  0.000  0.000  0.001
 0.000  0.339  0.301  0.001 -0.301
 0.000  0.301  0.339 -0.001 -0.301
 0.000  0.001 -0.001  0.062  0.000
 0.001 -0.301 -0.301  0.000  0.339
atom  4   Tr[ns(na)]=   6.7702671
atom  4  spin  1
eigenvalues:  0.1282350 0.1282350 0.2783858 0.2783858 0.9572287
 eigenvectors
 1   0.0285145 -0.2843445 -0.5203554 -0.0048284 -0.8047000
 2   0.0048284 -0.7650211  0.6287601  0.0285145 -0.1362610
 3   0.4073382  0.0234861 -0.0138635  0.9128194  0.0096227
 4   0.9128194  0.0024484  0.0191154 -0.4073382  0.0215638
 5   0.0000000 -0.5773503 -0.5773503  0.0000000  0.5773503
 occupations
 0.278  0.002  0.002  0.000  0.004
 0.002  0.405  0.276  0.003 -0.276
 0.002  0.276  0.405 -0.003 -0.276
 0.000  0.003 -0.003  0.278  0.000
 0.004 -0.276 -0.276  0.000  0.405
atom  4  spin  2
eigenvalues:  0.9964725 0.9964725 1.0019784 1.0019784 1.0028952
 eigenvectors
 1  -0.4446496 -0.1839546  0.3660337  0.7754443  0.1820791
 2  -0.7754443  0.3164531  0.0010828 -0.4446496  0.3175359
 3  -0.4457916 -0.4296540 -0.2961149 -0.0473567 -0.7257689
 4   0.0473567 -0.5899849  0.6670838 -0.4457916  0.0770988
 5   0.0000000 -0.5773503 -0.5773503  0.0000000  0.5773503
 occupations
 0.998  0.001  0.001  0.000  0.002
 0.001  1.002  0.001  0.002 -0.001
 0.001  0.001  1.002 -0.002 -0.001
 0.000  0.002 -0.002  0.998  0.000
 0.002 -0.001 -0.001  0.000  1.002
nsum =  12.8928000
 exit write_ns

     total cpu time spent up to now is     39.71 secs

     total energy              =  -174.59594203 Ry
     Harris-Foulkes estimate   =  -176.36952389 Ry
     estimated scf accuracy    <     0.03252265 Ry

     total magnetization       =     0.00 Bohr mag/cell
     absolute magnetization    =     7.37 Bohr mag/cell

     iteration #  5     ecut=    30.00 Ry     beta=0.30
     Davidson diagonalization with overlap
     ethr =  1.16E-04,  avg # of iterations =  2.0
 enter write_ns
U( 1) =  0.0000      U( 2) =  4.3000      U( 3) =  4.3000
alpha( 1) =  0.0000      alpha( 2) =  0.0000      alpha( 3) =  0.0000
atom  3   Tr[ns(na)]=   6.1254193
atom  3  spin  1
eigenvalues:  0.9944318 0.9944318 0.9952395 0.9987147 0.9987147
 eigenvectors
 1  -0.4817996 -0.0292214  0.0151305 -0.8755500 -0.0140909
 2  -0.8755500 -0.0006003 -0.0250063  0.4817996 -0.0256066
 3   0.0000000 -0.5773503 -0.5773503  0.0000000  0.5773503
 4  -0.0355290  0.3187492  0.4911317  0.0043661  0.8098810
 5  -0.0043661  0.7511400 -0.6516150 -0.0355290  0.0995251
 occupations
 0.994  0.000  0.000  0.000  0.000
 0.000  0.998 -0.001  0.000  0.001
 0.000 -0.001  0.998  0.000  0.001
 0.000  0.000  0.000  0.994  0.000
 0.000  0.001  0.001  0.000  0.998
atom  3  spin  2
eigenvalues:  0.0246705 0.0246705 0.0615662 0.0615662 0.9714137
 eigenvectors
 1   0.1392878 -0.2933769 -0.5056296 -0.0213627 -0.7990064
 2   0.0213627 -0.7532320  0.6306878  0.1392878 -0.1225442
 3  -0.8280776 -0.1027312  0.0064941 -0.5426140 -0.0962371
 4  -0.5426140  0.0518131 -0.1148744  0.8280776 -0.0630612
 5   0.0000000 -0.5773503 -0.5773503  0.0000000  0.5773503
 occupations
 0.061  0.002  0.002  0.000  0.004
 0.002  0.341  0.315  0.004 -0.315
 0.002  0.315  0.341 -0.004 -0.315
 0.000  0.004 -0.004  0.061  0.000
 0.004 -0.315 -0.315  0.000  0.341
atom  4   Tr[ns(na)]=   6.7484338
atom  4  spin  1
eigenvalues:  0.1096799 0.1096799 0.2758116 0.2758116 0.9781494
 eigenvectors
 1   0.0636512 -0.2530852 -0.5441624 -0.0134172 -0.7972476
 2   0.0134172 -0.7744634  0.6064099  0.0636512 -0.1680535
 3   0.4765011  0.0530954 -0.0277333  0.8767640  0.0253621
 4   0.8767640  0.0013690  0.0452975 -0.4765011  0.0466664
 5   0.0000000 -0.5773503 -0.5773503  0.0000000  0.5773503
 occupations
 0.275  0.004  0.004  0.000  0.009
 0.004  0.400  0.289  0.008 -0.289
 0.004  0.289  0.400 -0.008 -0.289
 0.000  0.008 -0.008  0.275  0.000
 0.009 -0.289 -0.289  0.000  0.400
atom  4  spin  2
eigenvalues:  0.9967661 0.9967661 1.0018344 1.0019674 1.0019674
 eigenvectors
 1   0.4644195  0.1765868 -0.3683152 -0.7620471 -0.1917284
 2   0.7620471 -0.3233413  0.0087420  0.4644195 -0.3145993
 3   0.0000000 -0.5773503 -0.5773503  0.0000000  0.5773503
 4  -0.4493151 -0.4206990 -0.3048784 -0.0414088 -0.7255775
 5   0.0414088 -0.5949340  0.6618031 -0.4493151  0.0668691
 occupations
 0.998  0.001  0.001  0.000  0.002
 0.001  1.001  0.000  0.001  0.000
 0.001  0.000  1.001 -0.001  0.000
 0.000  0.001 -0.001  0.998  0.000
 0.002  0.000  0.000  0.000  1.001
nsum =  12.8738531
 exit write_ns

     total cpu time spent up to now is     47.58 secs

     total energy              =  -174.60032952 Ry
     Harris-Foulkes estimate   =  -176.49536717 Ry
     estimated scf accuracy    <     0.00254445 Ry

     total magnetization       =     0.00 Bohr mag/cell
     absolute magnetization    =     7.37 Bohr mag/cell

     iteration #  6     ecut=    30.00 Ry     beta=0.30
     Davidson diagonalization with overlap
     ethr =  9.09E-06,  avg # of iterations =  2.5
 enter write_ns
U( 1) =  0.0000      U( 2) =  4.3000      U( 3) =  4.3000
alpha( 1) =  0.0000      alpha( 2) =  0.0000      alpha( 3) =  0.0000
atom  3   Tr[ns(na)]=   6.1289837
atom  3  spin  1
eigenvalues:  0.9942921 0.9942921 0.9957116 0.9986986 0.9986986
 eigenvectors
 1  -0.4585985 -0.0359541  0.0194316 -0.8875495 -0.0165225
 2  -0.8875495 -0.0016795 -0.0302974  0.4585985 -0.0319769
 3   0.0000000 -0.5773503 -0.5773503  0.0000000  0.5773503
 4  -0.0437097  0.3127169  0.4960865  0.0057214  0.8088034
 5  -0.0057214  0.7533786 -0.6475101 -0.0437097  0.1058685
 occupations
 0.994  0.000  0.000  0.000  0.000
 0.000  0.998 -0.001  0.000  0.001
 0.000 -0.001  0.998  0.000  0.001
 0.000  0.000  0.000  0.994  0.000
 0.000  0.001  0.001  0.000  0.998
atom  3  spin  2
eigenvalues:  0.0248111 0.0248111 0.0631473 0.0631473 0.9713741
 eigenvectors
 1   0.1324392 -0.4416860 -0.3664301  0.0071207 -0.8081161
 2   0.0071207  0.6781245 -0.7215736 -0.1324392 -0.0434490
 3   0.8571666  0.0939154 -0.0002634  0.4976692  0.0936519
 4   0.4976692 -0.0539179  0.1082920 -0.8571666  0.0543741
 5   0.0000000 -0.5773503 -0.5773503  0.0000000  0.5773503
 occupations
 0.062  0.002  0.002  0.000  0.004
 0.002  0.341  0.315  0.004 -0.315
 0.002  0.315  0.341 -0.004 -0.315
 0.000  0.004 -0.004  0.062  0.000
 0.004 -0.315 -0.315  0.000  0.341
atom  4   Tr[ns(na)]=   6.7516888
atom  4  spin  1
eigenvalues:  0.1091802 0.1091802 0.2775747 0.2775747 0.9787152
 eigenvectors
 1  -0.0622096  0.2549652  0.5427604  0.0129577  0.7977255
 2  -0.0129577  0.7739299 -0.6077713 -0.0622096  0.1661586
 3   0.2804950  0.0504130 -0.0358303  0.9577498  0.0145827
 4   0.9577498  0.0122673  0.0375253 -0.2804950  0.0497926
 5   0.0000000 -0.5773503 -0.5773503  0.0000000  0.5773503
 occupations
 0.277  0.004  0.004  0.000  0.009
 0.004  0.399  0.290  0.008 -0.290
 0.004  0.290  0.399 -0.008 -0.290
 0.000  0.008 -0.008  0.277  0.000
 0.009 -0.290 -0.290  0.000  0.399
atom  4  spin  2
eigenvalues:  0.9967335 0.9967335 1.0019374 1.0019374 1.0021221
 eigenvectors
 1  -0.4171840 -0.1949709  0.3658483  0.7905061  0.1708774
 2  -0.7905061  0.3098787  0.0139104 -0.4171840  0.3237891
 3  -0.4463111 -0.4240683 -0.3023545 -0.0431745 -0.7264228
 4  -0.0431745  0.5939649 -0.6642364  0.4463111 -0.0702715
 5   0.0000000  0.5773503  0.5773503  0.0000000 -0.5773503
 occupations
 0.998  0.001  0.001  0.000  0.002
 0.001  1.001  0.000  0.001  0.000
 0.001  0.000  1.001 -0.001  0.000
 0.000  0.001 -0.001  0.998  0.000
 0.002  0.000  0.000  0.000  1.001
nsum =  12.8806725
 exit write_ns

     total cpu time spent up to now is     55.71 secs

     total energy              =  -174.60073273 Ry
     Harris-Foulkes estimate   =  -176.48172579 Ry
     estimated scf accuracy    <     0.00143151 Ry

     total magnetization       =     0.00 Bohr mag/cell
     absolute magnetization    =     7.36 Bohr mag/cell

     iteration #  7     ecut=    30.00 Ry     beta=0.30
     Davidson diagonalization with overlap
     ethr =  5.11E-06,  avg # of iterations =  1.5
 enter write_ns
U( 1) =  0.0000      U( 2) =  4.3000      U( 3) =  4.3000
alpha( 1) =  0.0000      alpha( 2) =  0.0000      alpha( 3) =  0.0000
atom  3   Tr[ns(na)]=   6.1263522
atom  3  spin  1
eigenvalues:  0.9942247 0.9942247 0.9955777 0.9987315 0.9987315
 eigenvectors
 1  -0.4303920 -0.0340502  0.0193374 -0.9016723 -0.0147128
 2  -0.9016723 -0.0026700 -0.0281534  0.4303920 -0.0308234
 3   0.0000000 -0.5773503 -0.5773503  0.0000000  0.5773503
 4  -0.0415462  0.3228416  0.4873897  0.0048714  0.8102313
 5  -0.0048714  0.7491818 -0.6541799 -0.0415462  0.0950019
 occupations
 0.994  0.000  0.000  0.000  0.000
 0.000  0.998 -0.001  0.000  0.001
 0.000 -0.001  0.998  0.000  0.001
 0.000  0.000  0.000  0.994  0.000
 0.000  0.001  0.001  0.000  0.998
atom  3  spin  2
eigenvalues:  0.0218489 0.0218489 0.0621011 0.0621011 0.9769623
 eigenvectors
 1   0.1414500 -0.4638120 -0.3413109  0.0124257 -0.8051229
 2   0.0124257  0.6618938 -0.7326199 -0.1414500 -0.0707260
 3  -0.8617738 -0.0998671 -0.0010681 -0.4870149 -0.1009352
 4  -0.4870149  0.0588917 -0.1159333  0.8617738 -0.0570416
 5   0.0000000 -0.5773503 -0.5773503  0.0000000  0.5773503
 occupations
 0.061  0.002  0.002  0.000  0.005
 0.002  0.341  0.318  0.004 -0.318
 0.002  0.318  0.341 -0.004 -0.318
 0.000  0.004 -0.004  0.061  0.000
 0.005 -0.318 -0.318  0.000  0.341
atom  4   Tr[ns(na)]=   6.7446581
atom  4  spin  1
eigenvalues:  0.1021653 0.1021653 0.2780054 0.2780054 0.9846404
 eigenvectors
 1   0.0726285 -0.2355408 -0.5572171 -0.0170147 -0.7927580
 2   0.0170147 -0.7794085  0.5936886  0.0726285 -0.1857199
 3   0.3704233  0.0602847 -0.0376604  0.9258629  0.0226242
 4   0.9258629  0.0086812  0.0478675 -0.3704233  0.0565486
 5   0.0000000 -0.5773503 -0.5773503  0.0000000  0.5773503
 occupations
 0.277  0.005  0.005  0.000  0.011
 0.005  0.397  0.294  0.009 -0.294
 0.005  0.294  0.397 -0.009 -0.294
 0.000  0.009 -0.009  0.277  0.000
 0.011 -0.294 -0.294  0.000  0.397
atom  4  spin  2
eigenvalues:  0.9967984 0.9967984 1.0019926 1.0019926 1.0020943
 eigenvectors
 1  -0.4709298 -0.1735434  0.3674269  0.7586267  0.1938835
 2  -0.7586267  0.3240727 -0.0117434 -0.4709298  0.3123293
 3  -0.4477478 -0.4287774 -0.2962552 -0.0472502 -0.7250326
 4  -0.0472502  0.5896408 -0.6661525  0.4477478 -0.0765117
 5   0.0000000  0.5773503  0.5773503  0.0000000 -0.5773503
 occupations
 0.998  0.001  0.001  0.000  0.002
 0.001  1.001  0.000  0.001  0.000
 0.001  0.000  1.001 -0.001  0.000
 0.000  0.001 -0.001  0.998  0.000
 0.002  0.000  0.000  0.000  1.001
nsum =  12.8710102
 exit write_ns

     total cpu time spent up to now is     63.43 secs

     total energy              =  -174.60097650 Ry
     Harris-Foulkes estimate   =  -176.51753854 Ry
     estimated scf accuracy    <     0.00017797 Ry

     total magnetization       =     0.00 Bohr mag/cell
     absolute magnetization    =     7.36 Bohr mag/cell

     iteration #  8     ecut=    30.00 Ry     beta=0.30
     Davidson diagonalization with overlap
     ethr =  6.36E-07,  avg # of iterations =  3.0
 enter write_ns
U( 1) =  0.0000      U( 2) =  4.3000      U( 3) =  4.3000
alpha( 1) =  0.0000      alpha( 2) =  0.0000      alpha( 3) =  0.0000
atom  3   Tr[ns(na)]=   6.1270482
atom  3  spin  1
eigenvalues:  0.9942437 0.9942437 0.9956371 0.9987280 0.9987280
 eigenvectors
 1  -0.4906830 -0.0346739  0.0176438 -0.8703026 -0.0170301
 2  -0.8703026 -0.0003543 -0.0298513  0.4906830 -0.0302056
 3   0.0000000 -0.5773503 -0.5773503  0.0000000  0.5773503
 4  -0.0421362  0.3164266  0.4929425  0.0053056  0.8093691
 5  -0.0053056  0.7518899 -0.6499784 -0.0421362  0.1019115
 occupations
 0.994  0.000  0.000  0.000  0.000
 0.000  0.998 -0.001  0.000  0.001
 0.000 -0.001  0.998  0.000  0.001
 0.000  0.000  0.000  0.994  0.000
 0.000  0.001  0.001  0.000  0.998
atom  3  spin  2
eigenvalues:  0.0226392 0.0226392 0.0623673 0.0623673 0.9754547
 eigenvectors
 1   0.1362528 -0.2543453 -0.5375102 -0.0281305 -0.7918555
 2   0.0281305 -0.7675096  0.6040243  0.1362528 -0.1634853
 3  -0.7282411 -0.1084334  0.0248955 -0.6710505 -0.0835379
 4  -0.6710505  0.0338572 -0.1108346  0.7282411 -0.0769774
 5   0.0000000 -0.5773503 -0.5773503  0.0000000  0.5773503
 occupations
 0.062  0.002  0.002  0.000  0.004
 0.002  0.341  0.317  0.004 -0.317
 0.002  0.317  0.341 -0.004 -0.317
 0.000  0.004 -0.004  0.062  0.000
 0.004 -0.317 -0.317  0.000  0.341
atom  4   Tr[ns(na)]=   6.7457799
atom  4  spin  1
eigenvalues:  0.1036975 0.1036975 0.2777011 0.2777011 0.9833416
 eigenvectors
 1  -0.0711590  0.2921562  0.5122445  0.0112407  0.8044007
 2  -0.0112407  0.7601654 -0.6330974 -0.0711590  0.1270680
 3   0.5922666  0.0584517 -0.0235230  0.8025150  0.0349288
 4   0.8025150 -0.0065851  0.0539132 -0.5922666  0.0473281
 5   0.0000000 -0.5773503 -0.5773503  0.0000000  0.5773503
 occupations
 0.277  0.005  0.005  0.000  0.010
 0.005  0.398  0.293  0.009 -0.293
 0.005  0.293  0.398 -0.009 -0.293
 0.000  0.009 -0.009  0.277  0.000
 0.010 -0.293 -0.293  0.000  0.398
atom  4  spin  2
eigenvalues:  0.9967760 0.9967760 1.0019844 1.0019844 1.0021203
 eigenvectors
 1  -0.4102695 -0.1981868  0.3669268  0.7932795  0.1687400
 2  -0.7932795  0.3092674  0.0170011 -0.4102695  0.3262685
 3  -0.4479801 -0.4209530 -0.3051839 -0.0412356 -0.7261369
 4  -0.0412356  0.5954334 -0.6622727  0.4479801 -0.0668393
 5   0.0000000  0.5773503  0.5773503  0.0000000 -0.5773503
 occupations
 0.998  0.001  0.001  0.000  0.002
 0.001  1.001  0.000  0.001  0.000
 0.001  0.000  1.001 -0.001  0.000
 0.000  0.001 -0.001  0.998  0.000
 0.002  0.000  0.000  0.000  1.001
nsum =  12.8728281
 exit write_ns

     total cpu time spent up to now is     71.87 secs

     total energy              =  -174.60101111 Ry
     Harris-Foulkes estimate   =  -176.50528602 Ry
     estimated scf accuracy    <     0.00002713 Ry

     total magnetization       =     0.00 Bohr mag/cell
     absolute magnetization    =     7.36 Bohr mag/cell

     iteration #  9     ecut=    30.00 Ry     beta=0.30
     Davidson diagonalization with overlap
     ethr =  9.69E-08,  avg # of iterations =  2.5
 enter write_ns
U( 1) =  0.0000      U( 2) =  4.3000      U( 3) =  4.3000
alpha( 1) =  0.0000      alpha( 2) =  0.0000      alpha( 3) =  0.0000
atom  3   Tr[ns(na)]=   6.1270353
atom  3  spin  1
eigenvalues:  0.9942354 0.9942354 0.9956178 0.9987310 0.9987310
 eigenvectors
 1   0.6031663  0.0342308 -0.0134042  0.7964956  0.0208267
 2  -0.7964956  0.0042854 -0.0317875  0.6031663 -0.0275021
 3   0.0000000 -0.5773503 -0.5773503  0.0000000  0.5773503
 4  -0.0419251  0.3171128  0.4923561  0.0052403  0.8094688
 5  -0.0052403  0.7516090 -0.6504322 -0.0419251  0.1011768
 occupations
 0.994  0.000  0.000  0.000  0.000
 0.000  0.998 -0.001  0.000  0.001
 0.000 -0.001  0.998  0.000  0.001
 0.000  0.000  0.000  0.994  0.000
 0.000  0.001  0.001  0.000  0.998
atom  3  spin  2
eigenvalues:  0.0224968 0.0224968 0.0623774 0.0623774 0.9757364
 eigenvectors
 1   0.1321880 -0.1441322 -0.6168162 -0.0474075 -0.7609484
 2   0.0474075 -0.7954528  0.5225485  0.1321880 -0.2729042
 3  -0.8446348 -0.1007201  0.0029030 -0.5165954 -0.0978171
 4   0.5165954 -0.0547986  0.1146255 -0.8446348  0.0598269
 5   0.0000000 -0.5773503 -0.5773503  0.0000000  0.5773503
 occupations
 0.062  0.002  0.002  0.000  0.005
 0.002  0.341  0.317  0.004 -0.317
 0.002  0.317  0.341 -0.004 -0.317
 0.000  0.004 -0.004  0.062  0.000
 0.005 -0.317 -0.317  0.000  0.341
atom  4   Tr[ns(na)]=   6.7449487
atom  4  spin  1
eigenvalues:  0.1030372 0.1030372 0.2777310 0.2777310 0.9837917
 eigenvectors
 1   0.0720915 -0.2627438 -0.5361041 -0.0142428 -0.7988479
 2   0.0142428 -0.7707349  0.6129103  0.0720915 -0.1578247
 3   0.5154854  0.0599887 -0.0289756  0.8537416  0.0310131
 4   0.8537416 -0.0011763  0.0525399 -0.5154854  0.0513636
 5   0.0000000 -0.5773503 -0.5773503  0.0000000  0.5773503
 occupations
 0.277  0.005  0.005  0.000  0.010
 0.005  0.397  0.293  0.009 -0.293
 0.005  0.293  0.397 -0.009 -0.293
 0.000  0.009 -0.009  0.277  0.000
 0.010 -0.293 -0.293  0.000  0.397
atom  4  spin  2
eigenvalues:  0.9967769 0.9967769 1.0019832 1.0019832 1.0021004
 eigenvectors
 1  -0.4466712 -0.1837597  0.3677256  0.7730793  0.1839658
 2  -0.7730793  0.3185192 -0.0001190 -0.4466712  0.3184002
 3  -0.4478503 -0.4291521 -0.2957716 -0.0475743 -0.7249237
 4  -0.0475743  0.5892987 -0.6663060  0.4478503 -0.0770073
 5   0.0000000  0.5773503  0.5773503  0.0000000 -0.5773503
 occupations
 0.998  0.001  0.001  0.000  0.002
 0.001  1.001  0.000  0.001  0.000
 0.001  0.000  1.001 -0.001  0.000
 0.000  0.001 -0.001  0.998  0.000
 0.002  0.000  0.000  0.000  1.001
nsum =  12.8719840
 exit write_ns

     total cpu time spent up to now is     79.91 secs

     total energy              =  -174.60101755 Ry
     Harris-Foulkes estimate   =  -176.50707421 Ry
     estimated scf accuracy    <     0.00000421 Ry

     total magnetization       =     0.00 Bohr mag/cell
     absolute magnetization    =     7.36 Bohr mag/cell

     iteration # 10     ecut=    30.00 Ry     beta=0.30
     Davidson diagonalization with overlap
     ethr =  1.50E-08,  avg # of iterations =  3.2
 enter write_ns
U( 1) =  0.0000      U( 2) =  4.3000      U( 3) =  4.3000
alpha( 1) =  0.0000      alpha( 2) =  0.0000      alpha( 3) =  0.0000
atom  3   Tr[ns(na)]=   6.1268404
atom  3  spin  1
eigenvalues:  0.9942156 0.9942156 0.9955971 0.9987310 0.9987310
 eigenvectors
 1  -0.4871763 -0.0342020  0.0175233 -0.8722983 -0.0166787
 2  -0.8722983 -0.0004876 -0.0293760  0.4871763 -0.0298636
 3   0.0000000 -0.5773503 -0.5773503  0.0000000  0.5773503
 4  -0.0415108  0.3089486  0.4993877  0.0056463  0.8083363
 5  -0.0056463  0.7550148 -0.6450648 -0.0415108  0.1099500
 occupations
 0.994  0.000  0.000  0.000  0.000
 0.000  0.998 -0.001  0.000  0.001
 0.000 -0.001  0.998  0.000  0.001
 0.000  0.000  0.000  0.994  0.000
 0.000  0.001  0.001  0.000  0.998
atom  3  spin  2
eigenvalues:  0.0224274 0.0224274 0.0623219 0.0623219 0.9758516
 eigenvectors
 1   0.1394210 -0.5023100 -0.2973261  0.0206345 -0.7996361
 2   0.0206345  0.6333314 -0.7516789 -0.1394210 -0.1183475
 3  -0.6260644 -0.1135882  0.0408163 -0.7669285 -0.0727719
 4  -0.7669285  0.0184495 -0.1075950  0.6260644 -0.0891455
 5   0.0000000 -0.5773503 -0.5773503  0.0000000  0.5773503
 occupations
 0.062  0.002  0.002  0.000  0.005
 0.002  0.341  0.318  0.004 -0.318
 0.002  0.318  0.341 -0.004 -0.318
 0.000  0.004 -0.004  0.062  0.000
 0.005 -0.318 -0.318  0.000  0.341
atom  4   Tr[ns(na)]=   6.7448021
atom  4  spin  1
eigenvalues:  0.1027252 0.1027252 0.2778526 0.2778526 0.9840351
 eigenvectors
 1  -0.0732455  0.2800549  0.5221003  0.0127602  0.8021551
 2  -0.0127602  0.7645592 -0.6248142 -0.0732455  0.1397450
 3   0.6203199  0.0600440 -0.0222827  0.7808172  0.0377613
 4   0.7808172 -0.0089365  0.0564679 -0.6203199  0.0475314
 5   0.0000000 -0.5773503 -0.5773503  0.0000000  0.5773503
 occupations
 0.277  0.005  0.005  0.000  0.011
 0.005  0.397  0.293  0.009 -0.293
 0.005  0.293  0.397 -0.009 -0.293
 0.000  0.009 -0.009  0.277  0.000
 0.011 -0.293 -0.293  0.000  0.397
atom  4  spin  2
eigenvalues:  0.9967765 0.9967765 1.0019826 1.0019826 1.0020932
 eigenvectors
 1  -0.4303478 -0.1904366  0.3677287  0.7822261  0.1772921
