
     Program PWSCF     v.2.1cvs starts ...
     Today is 28Jul2005 at 18:13:39 

     Ultrasoft (Vanderbilt) Pseudopotentials

     Current dimensions of program pwscf are:

     ntypx = 10   npk = 40000  lmax =  3
     nchix =  6  ndmx =  2000  nbrx = 14  nqfx =  8
  HUBBARD L FOR TYPE Fe IS            2
  HUBBARD L FOR TYPE Fe IS            2
  MAXIMUM HUBBARD L IS            2


     bravais-lattice index     =            0
     lattice parameter (a_0)   =       8.1900  a.u.
     unit-cell volume          =     274.6766 (a.u.)^3
     number of atoms/cell      =            4
     number of atomic types    =            3
     kinetic-energy cutoff     =      30.0000  Ry
     charge density cutoff     =     240.0000  Ry
     convergence threshold     =      1.0E-06
     beta                      =       0.3000
     number of iterations used =            8  plain     mixing
     Exchange-correlation      =  SLA  PZ   NOGX NOGC (1100)
     celldm(1)=   8.190000  celldm(2)=   0.000000  celldm(3)=   0.000000
     celldm(4)=   0.000000  celldm(5)=   0.000000  celldm(6)=   0.000000

     crystal axes: (cart. coord. in units of a_0)
               a(1) = (  0.500000  0.500000  1.000000 )  
               a(2) = (  0.500000  1.000000  0.500000 )  
               a(3) = (  1.000000  0.500000  0.500000 )  

     reciprocal axes: (cart. coord. in units 2 pi/a_0)
               b(1) = ( -0.500000 -0.500000  1.500000 )  
               b(2) = ( -0.500000  1.500000 -0.500000 )  
               b(3) = (  1.500000 -0.500000 -0.500000 )  


     PSEUDO 1 is O  (US)    zval =  6.0   lmax= 2   lloc= 0
     Version   0  0  0 of US pseudo code
     Using log mesh of  1269 points
     The pseudopotential has  4 beta functions with: 
                l(1) =   0
                l(2) =   0
                l(3) =   1
                l(4) =   1
     Q(r) pseudized with  0 coefficients,  rinner =    0.000   0.000   0.000
                                                       0.000   0.000

     PSEUDO 2 is Fe (US)    zval =  8.0   lmax= 2   lloc= 0
     Version   0  0  0 of US pseudo code
     Using log mesh of   957 points
     The pseudopotential has  6 beta functions with: 
                l(1) =   0
                l(2) =   0
                l(3) =   1
                l(4) =   1
                l(5) =   2
                l(6) =   2
     Q(r) pseudized with  0 coefficients,  rinner =    0.000   0.000   0.000
                                                       0.000   0.000

     PSEUDO 3 is Fe (US)    zval =  8.0   lmax= 2   lloc= 0
     Version   0  0  0 of US pseudo code
     Using log mesh of   957 points
     The pseudopotential has  6 beta functions with: 
                l(1) =   0
                l(2) =   0
                l(3) =   1
                l(4) =   1
                l(5) =   2
                l(6) =   2
     Q(r) pseudized with  0 coefficients,  rinner =    0.000   0.000   0.000
                                                       0.000   0.000

     atomic species   valence    mass     pseudopotential
        O1             6.00     1.00000     O ( 1.00)
        Fe1            8.00     1.00000     Fe( 1.00)
        Fe2            8.00     1.00000     Fe( 1.00)

     Starting magnetic structure 
     atomic species   magnetization
        O1           0.000
        Fe1          0.500
        Fe2         -0.500

     12 Sym.Ops. (with inversion)


   Cartesian axes

     site n.     atom                  positions (a_0 units)
         1           O1  tau(  1) = (   0.5000000   0.5000000   0.5000000  )
         2           O1  tau(  2) = (   1.5000000   1.5000000   1.5000000  )
         3           Fe1 tau(  3) = (   0.0000000   0.0000000   0.0000000  )
         4           Fe2 tau(  4) = (   1.0000000   1.0000000   1.0000000  )

     number of k points=    8  gaussian broad. (ryd)=  0.0100     ngauss =   0
                       cart. coord. in units 2pi/a_0
        k(    1) = (   0.0000000   0.0000000   0.0000000), wk =   0.1250000
        k(    2) = (  -0.7500000   0.2500000   0.2500000), wk =   0.3750000
        k(    3) = (  -0.5000000  -0.5000000   0.5000000), wk =   0.3750000
        k(    4) = (  -0.2500000  -0.2500000  -0.2500000), wk =   0.1250000
        k(    5) = (   0.0000000   0.0000000   0.0000000), wk =   0.1250000
        k(    6) = (  -0.7500000   0.2500000   0.2500000), wk =   0.3750000
        k(    7) = (  -0.5000000  -0.5000000   0.5000000), wk =   0.3750000
        k(    8) = (  -0.2500000  -0.2500000  -0.2500000), wk =   0.1250000

     G cutoff =  407.7738  (  17255 G-vectors)     FFT grid: ( 50, 50, 50)
     G cutoff =  203.8869  (   6111 G-vectors)  smooth grid: ( 36, 36, 36)

     nbndx  =    80  nbnd   =    20  natomwfc =    20  npwx   =     780
     nelec  =  28.00  nkb   =    52  ngl    =     342

     warning: negative or imaginary core charge    -0.000003    0.000000

     Initial potential from superposition of free atoms

     starting charge   27.99905, renormalised to   28.00000

     Parameters of the lda+U calculation:
     Number of iteration with fixed ns =  0
     Starting ns and Hubbard U :
 enter write_ns
U( 1) =  0.0000      U( 2) =  0.0000      U( 3) =  0.0000
alpha( 1) =  0.0000      alpha( 2) =  0.0000      alpha( 3) =  0.0000
atom  3   Tr[ns(na)]=   6.0000000
atom  3  spin  1
eigenvalues:  1.0000000 1.0000000 1.0000000 1.0000000 1.0000000
 eigenvectors
 1   1.0000000  0.0000000  0.0000000  0.0000000  0.0000000
 2   0.0000000  1.0000000  0.0000000  0.0000000  0.0000000
 3   0.0000000  0.0000000  1.0000000  0.0000000  0.0000000
 4   0.0000000  0.0000000  0.0000000  1.0000000  0.0000000
 5   0.0000000  0.0000000  0.0000000  0.0000000  1.0000000
 occupations
 1.000  0.000  0.000  0.000  0.000
 0.000  1.000  0.000  0.000  0.000
 0.000  0.000  1.000  0.000  0.000
 0.000  0.000  0.000  1.000  0.000
 0.000  0.000  0.000  0.000  1.000
atom  3  spin  2
eigenvalues:  0.2000000 0.2000000 0.2000000 0.2000000 0.2000000
 eigenvectors
 1   1.0000000  0.0000000  0.0000000  0.0000000  0.0000000
 2   0.0000000  1.0000000  0.0000000  0.0000000  0.0000000
 3   0.0000000  0.0000000  1.0000000  0.0000000  0.0000000
 4   0.0000000  0.0000000  0.0000000  1.0000000  0.0000000
 5   0.0000000  0.0000000  0.0000000  0.0000000  1.0000000
 occupations
 0.200  0.000  0.000  0.000  0.000
 0.000  0.200  0.000  0.000  0.000
 0.000  0.000  0.200  0.000  0.000
 0.000  0.000  0.000  0.200  0.000
 0.000  0.000  0.000  0.000  0.200
atom  4   Tr[ns(na)]=   6.0000000
atom  4  spin  1
eigenvalues:  0.2000000 0.2000000 0.2000000 0.2000000 0.2000000
 eigenvectors
 1   1.0000000  0.0000000  0.0000000  0.0000000  0.0000000
 2   0.0000000  1.0000000  0.0000000  0.0000000  0.0000000
 3   0.0000000  0.0000000  1.0000000  0.0000000  0.0000000
 4   0.0000000  0.0000000  0.0000000  1.0000000  0.0000000
 5   0.0000000  0.0000000  0.0000000  0.0000000  1.0000000
 occupations
 0.200  0.000  0.000  0.000  0.000
 0.000  0.200  0.000  0.000  0.000
 0.000  0.000  0.200  0.000  0.000
 0.000  0.000  0.000  0.200  0.000
 0.000  0.000  0.000  0.000  0.200
atom  4  spin  2
eigenvalues:  1.0000000 1.0000000 1.0000000 1.0000000 1.0000000
 eigenvectors
 1   1.0000000  0.0000000  0.0000000  0.0000000  0.0000000
 2   0.0000000  1.0000000  0.0000000  0.0000000  0.0000000
 3   0.0000000  0.0000000  1.0000000  0.0000000  0.0000000
 4   0.0000000  0.0000000  0.0000000  1.0000000  0.0000000
 5   0.0000000  0.0000000  0.0000000  0.0000000  1.0000000
 occupations
 1.000  0.000  0.000  0.000  0.000
 0.000  1.000  0.000  0.000  0.000
 0.000  0.000  1.000  0.000  0.000
 0.000  0.000  0.000  1.000  0.000
 0.000  0.000  0.000  0.000  1.000
nsum =  12.0000000
 exit write_ns
 Atomic wfc used for LDA+U Projector are NOT orthogonalized
     Starting wfc are atomic

     total cpu time spent up to now is      7.11 secs

     Self-consistent Calculation

     iteration #  1     ecut=    30.00 ryd     beta=0.30
     Davidson diagonalization (with overlap)
     ethr =  1.00E-02,  avg # of iterations =  3.2
 enter write_ns
U( 1) =  0.0000      U( 2) =  0.0000      U( 3) =  0.0000
alpha( 1) =  0.0000      alpha( 2) =  0.0000      alpha( 3) =  0.0000
atom  3   Tr[ns(na)]=   6.4251862
atom  3  spin  1
eigenvalues:  0.9871648 0.9871648 0.9966670 0.9966670 0.9980445
 eigenvectors
 1  -0.1998909 -0.1770813  0.2269356  0.9352543  0.0498543
 2  -0.9352543  0.1598047  0.0734546 -0.1998909  0.2332593
 3  -0.2921315 -0.3938949 -0.3869734 -0.0014950 -0.7808683
 4  -0.0014950  0.6742538 -0.6782499  0.2921315 -0.0039961
 5   0.0000000  0.5773503  0.5773503  0.0000000 -0.5773503
 occupations
 0.988  0.001  0.001  0.000  0.002
 0.001  0.997  0.001  0.002 -0.001
 0.001  0.001  0.997 -0.002 -0.001
 0.000  0.002 -0.002  0.988  0.000
 0.002 -0.001 -0.001  0.000  0.997
atom  3  spin  2
eigenvalues:  0.2000722 0.2000722 0.3336994 0.3336994 0.3919349
 eigenvectors
 1  -0.3343514 -0.0575249  0.0379189 -0.9397222 -0.0196061
 2  -0.9397222 -0.0105729 -0.0445316  0.3343514 -0.0551045
 3  -0.0707670  0.2929055  0.5116423  0.0111081  0.8045478
 4   0.0111081 -0.7599027  0.6336150  0.0707670 -0.1262878
 5   0.0000000 -0.5773503 -0.5773503  0.0000000  0.5773503
 occupations
 0.201 -0.004 -0.004  0.000 -0.008
-0.004  0.353  0.020 -0.007 -0.020
-0.004  0.020  0.353  0.007 -0.020
 0.000 -0.007  0.007  0.201  0.000
-0.008 -0.020 -0.020  0.000  0.353
atom  4   Tr[ns(na)]=   6.4251862
atom  4  spin  1
eigenvalues:  0.2000722 0.2000722 0.3336994 0.3336994 0.3919349
 eigenvectors
 1  -0.2338108 -0.0560964  0.0423860 -0.9696397 -0.0137105
 2  -0.9696397 -0.0165558 -0.0403030  0.2338108 -0.0568588
 3  -0.0707964  0.2949311  0.5099506  0.0109193  0.8048817
 4   0.0109193 -0.7591188  0.6349773  0.0707964 -0.1241416
 5   0.0000000 -0.5773503 -0.5773503  0.0000000  0.5773503
 occupations
 0.201 -0.004 -0.004  0.000 -0.008
-0.004  0.353  0.020 -0.007 -0.020
-0.004  0.020  0.353  0.007 -0.020
 0.000 -0.007  0.007  0.201  0.000
-0.008 -0.020 -0.020  0.000  0.353
atom  4  spin  2
eigenvalues:  0.9871648 0.9871648 0.9966670 0.9966670 0.9980445
 eigenvectors
 1  -0.1973570 -0.1775135  0.2267358  0.9357923  0.0492223
 2  -0.9357923  0.1593245  0.0740690 -0.1973570  0.2333935
 3  -0.2921296 -0.3946426 -0.3862208 -0.0018191 -0.7808634
 4  -0.0018191  0.6738164 -0.6786787  0.2921296 -0.0048624
 5   0.0000000  0.5773503  0.5773503  0.0000000 -0.5773503
 occupations
 0.988  0.001  0.001  0.000  0.002
 0.001  0.997  0.001  0.002 -0.001
 0.001  0.001  0.997 -0.002 -0.001
 0.000  0.002 -0.002  0.988  0.000
 0.002 -0.001 -0.001  0.000  0.997
nsum =  12.8503725
 exit write_ns

     total cpu time spent up to now is     14.56 secs

     total energy              =  -174.41116749 ryd
     estimated scf accuracy    <     1.83910576 ryd

     total magnetization       =     0.00 Bohr mag/cell
     absolute magnetization    =     7.80 Bohr mag/cell

     iteration #  2     ecut=    30.00 ryd     beta=0.30
     Davidson diagonalization (with overlap)
     ethr =  6.57E-03,  avg # of iterations =  2.0
 enter write_ns
U( 1) =  0.0000      U( 2) =  0.0000      U( 3) =  0.0000
alpha( 1) =  0.0000      alpha( 2) =  0.0000      alpha( 3) =  0.0000
atom  3   Tr[ns(na)]=   7.0723087
atom  3  spin  1
eigenvalues:  0.9820441 0.9820441 0.9993320 0.9993320 0.9994634
 eigenvectors
 1   0.0241566  0.0743191 -0.0764343 -0.9940053 -0.0021152
 2   0.9940053 -0.0453506 -0.0416869  0.0241566 -0.0870375
 3   0.1062881  0.3483434  0.4608934 -0.0085348  0.8092368
 4  -0.0085348 -0.7333100  0.6683292 -0.1062881 -0.0649808
 5   0.0000000 -0.5773503 -0.5773503  0.0000000  0.5773503
 occupations
 0.982  0.001  0.001  0.000  0.001
 0.001  0.999  0.000  0.001  0.000
 0.001  0.000  0.999 -0.001  0.000
 0.000  0.001 -0.001  0.982  0.000
 0.001  0.000  0.000  0.000  0.999
atom  3  spin  2
eigenvalues:  0.3640701 0.3640701 0.4473002 0.4673264 0.4673264
 eigenvectors
 1  -0.7751236 -0.3424465 -0.1319811 -0.1985276 -0.4744276
 2  -0.1985276  0.3501102 -0.4716225  0.7751236 -0.1215122
 3   0.0000000  0.5773503  0.5773503  0.0000000 -0.5773503
 4  -0.4609185 -0.1110401  0.6130750  0.3838285  0.5020349
 5  -0.3838285  0.6438090 -0.2257409 -0.4609185  0.4180680
 occupations
 0.401 -0.020 -0.020  0.000 -0.040
-0.020  0.436  0.006 -0.035 -0.006
-0.020  0.006  0.436  0.035 -0.006
 0.000 -0.035  0.035  0.401  0.000
-0.040 -0.006 -0.006  0.000  0.436
atom  4   Tr[ns(na)]=   7.0723087
atom  4  spin  1
eigenvalues:  0.3640701 0.3640701 0.4473002 0.4673264 0.4673264
 eigenvectors
 1   0.7778056  0.3375519  0.1385173  0.1877452  0.4760692
 2   0.1877452 -0.3548317  0.4697443 -0.7778056  0.1149127
 3   0.0000000  0.5773503  0.5773503  0.0000000 -0.5773503
 4   0.4638687  0.1060653 -0.6113135 -0.3802578 -0.5052482
 5   0.3802578 -0.6446472  0.2304684  0.4638687 -0.4141789
 occupations
 0.401 -0.020 -0.020  0.000 -0.040
-0.020  0.436  0.006 -0.035 -0.006
-0.020  0.006  0.436  0.035 -0.006
 0.000 -0.035  0.035  0.401  0.000
-0.040 -0.006 -0.006  0.000  0.436
atom  4  spin  2
eigenvalues:  0.9820441 0.9820441 0.9993320 0.9993320 0.9994634
 eigenvectors
 1   0.0279906  0.0741436 -0.0765945 -0.9939047 -0.0024509
 2   0.9939047 -0.0456369 -0.0413918  0.0279906 -0.0870287
 3   0.1062994  0.3493267  0.4599965 -0.0083922  0.8093232
 4  -0.0083922 -0.7328421  0.6689469 -0.1062994 -0.0638952
 5   0.0000000 -0.5773503 -0.5773503  0.0000000  0.5773503
 occupations
 0.982  0.001  0.001  0.000  0.001
 0.001  0.999  0.000  0.001  0.000
 0.001  0.000  0.999 -0.001  0.000
 0.000  0.001 -0.001  0.982  0.000
 0.001  0.000  0.000  0.000  0.999
nsum =  14.1446175
 exit write_ns

     total cpu time spent up to now is     21.61 secs

     total energy              =  -174.80051269 ryd
     estimated scf accuracy    <     0.10996786 ryd

     total magnetization       =     0.00 Bohr mag/cell
     absolute magnetization    =     6.81 Bohr mag/cell

     iteration #  3     ecut=    30.00 ryd     beta=0.30
     Davidson diagonalization (with overlap)
     ethr =  3.93E-04,  avg # of iterations =  2.0
 enter write_ns
U( 1) =  0.0000      U( 2) =  0.0000      U( 3) =  0.0000
alpha( 1) =  0.0000      alpha( 2) =  0.0000      alpha( 3) =  0.0000
atom  3   Tr[ns(na)]=   6.9340445
atom  3  spin  1
eigenvalues:  0.9835314 0.9835314 0.9994364 0.9994364 0.9997647
 eigenvectors
 1   0.0655130  0.0834123 -0.0900375 -0.9902524 -0.0066251
 2   0.9902524 -0.0558082 -0.0443331  0.0655130 -0.1001413
 3   0.1226574  0.3588319  0.4497705 -0.0079643  0.8086024
 4  -0.0079643 -0.7265220  0.6740185 -0.1226574 -0.0525035
 5   0.0000000 -0.5773503 -0.5773503  0.0000000  0.5773503
 occupations
 0.984  0.001  0.001  0.000  0.002
 0.001  0.999  0.000  0.001  0.000
 0.001  0.000  0.999 -0.001  0.000
 0.000  0.001 -0.001  0.984  0.000
 0.002  0.000  0.000  0.000  0.999
atom  3  spin  2
eigenvalues:  0.3297260 0.3297260 0.4284447 0.4284447 0.4520026
 eigenvectors
 1   0.8536292  0.2583355  0.0538409  0.3228422  0.3121764
 2  -0.3228422  0.2113202 -0.3293852  0.8536292 -0.1180650
 3   0.3742732 -0.0816842 -0.6006021 -0.1643463 -0.6822863
 4   0.1643463 -0.7406760  0.4410786  0.3742732 -0.2995974
 5   0.0000000 -0.5773503 -0.5773503  0.0000000  0.5773503
 occupations
 0.346 -0.015 -0.015  0.000 -0.030
-0.015  0.425  0.013 -0.026 -0.013
-0.015  0.013  0.425  0.026 -0.013
 0.000 -0.026  0.026  0.346  0.000
-0.030 -0.013 -0.013  0.000  0.425
atom  4   Tr[ns(na)]=   6.9340445
atom  4  spin  1
eigenvalues:  0.3297260 0.3297260 0.4284447 0.4284447 0.4520026
 eigenvectors
 1   0.8265097  0.2737052  0.0285534  0.3870292  0.3022587
 2  -0.3870292  0.1909944 -0.3325329  0.8265097 -0.1415385
 3   0.3751876 -0.0858302 -0.5981230 -0.1622481 -0.6839532
 4   0.1622481 -0.7402070  0.4444346  0.3751876 -0.2957724
 5   0.0000000 -0.5773503 -0.5773503  0.0000000  0.5773503
 occupations
 0.346 -0.015 -0.015  0.000 -0.030
-0.015  0.425  0.013 -0.026 -0.013
-0.015  0.013  0.425  0.026 -0.013
 0.000 -0.026  0.026  0.346  0.000
-0.030 -0.013 -0.013  0.000  0.425
atom  4  spin  2
eigenvalues:  0.9835314 0.9835314 0.9994364 0.9994364 0.9997647
 eigenvectors
 1   0.0676824  0.0832899 -0.0901344 -0.9901065 -0.0068445
 2   0.9901065 -0.0559908 -0.0441357  0.0676824 -0.1001265
 3   0.1226108  0.3547520  0.4535433 -0.0086520  0.8082953
 4  -0.0086520 -0.7285228  0.6714857 -0.1226108 -0.0570372
 5   0.0000000 -0.5773503 -0.5773503  0.0000000  0.5773503
 occupations
 0.984  0.001  0.001  0.000  0.002
 0.001  0.999  0.000  0.001  0.000
 0.001  0.000  0.999 -0.001  0.000
 0.000  0.001 -0.001  0.984  0.000
 0.002  0.000  0.000  0.000  0.999
nsum =  13.8680890
 exit write_ns

     total cpu time spent up to now is     28.59 secs

     total energy              =  -174.82203562 ryd
     estimated scf accuracy    <     0.01954787 ryd

     total magnetization       =     0.00 Bohr mag/cell
     absolute magnetization    =     7.04 Bohr mag/cell

     iteration #  4     ecut=    30.00 ryd     beta=0.30
     Davidson diagonalization (with overlap)
     ethr =  6.98E-05,  avg # of iterations =  2.0
 enter write_ns
U( 1) =  0.0000      U( 2) =  0.0000      U( 3) =  0.0000
alpha( 1) =  0.0000      alpha( 2) =  0.0000      alpha( 3) =  0.0000
atom  3   Tr[ns(na)]=   6.9566561
atom  3  spin  1
eigenvalues:  0.9850873 0.9850873 0.9995036 0.9995036 0.9998002
 eigenvectors
 1   0.1042110  0.0950737 -0.1074564 -0.9840736 -0.0123827
 2   0.9840736 -0.0691891 -0.0477417  0.1042110 -0.1169308
 3   0.1437932  0.3649011  0.4418617 -0.0079195  0.8067628
 4  -0.0079195 -0.7208937  0.6764605 -0.1437932 -0.0444332
 5   0.0000000 -0.5773503 -0.5773503  0.0000000  0.5773503
 occupations
 0.985  0.001  0.001  0.000  0.002
 0.001  0.999  0.000  0.001  0.000
 0.001  0.000  0.999 -0.001  0.000
 0.000  0.001 -0.001  0.985  0.000
 0.002  0.000  0.000  0.000  0.999
atom  3  spin  2
eigenvalues:  0.3376224 0.3376224 0.4183593 0.4470350 0.4470350
 eigenvectors
 1  -0.8532165 -0.2353066 -0.0299734 -0.3812881 -0.2652799
 2   0.3812881 -0.1704646  0.2890138 -0.8532165  0.1185492
 3   0.0000000  0.5773503  0.5773503  0.0000000 -0.5773503
 4   0.3311911 -0.1132864 -0.5968506 -0.1302057 -0.7101370
 5  -0.1302057  0.7545896 -0.4754037 -0.3311911  0.2791859
 occupations
 0.351 -0.015 -0.015  0.000 -0.030
-0.015  0.428 -0.005 -0.026  0.005
-0.015 -0.005  0.428  0.026  0.005
 0.000 -0.026  0.026  0.351  0.000
-0.030  0.005  0.005  0.000  0.428
atom  4   Tr[ns(na)]=   6.9566561
atom  4  spin  1
eigenvalues:  0.3376224 0.3376224 0.4183593 0.4470350 0.4470350
 eigenvectors
 1  -0.8367922 -0.2421263 -0.0180470 -0.4160982 -0.2601734
 2   0.4160982 -0.1606306  0.2900029 -0.8367922  0.1293722
 3   0.0000000  0.5773503  0.5773503  0.0000000 -0.5773503
 4   0.3352279 -0.1376259 -0.5811669 -0.1194290 -0.7187928
 5  -0.1194290  0.7505321 -0.4944536 -0.3352279  0.2560785
 occupations
 0.351 -0.015 -0.015  0.000 -0.030
-0.015  0.428 -0.005 -0.026  0.005
-0.015 -0.005  0.428  0.026  0.005
 0.000 -0.026  0.026  0.351  0.000
-0.030  0.005  0.005  0.000  0.428
atom  4  spin  2
eigenvalues:  0.9850873 0.9850873 0.9995036 0.9995036 0.9998002
 eigenvectors
 1  -0.1435735 -0.0922238  0.1092837  0.9791054  0.0170599
 2   0.9791054 -0.0729445 -0.0433959  0.1435735 -0.1163404
 3   0.1438309  0.3684908  0.4384835 -0.0072025  0.8069743
 4   0.0072025  0.7190654 -0.6786551  0.1438309  0.0404103
 5   0.0000000 -0.5773503 -0.5773503  0.0000000  0.5773503
 occupations
 0.985  0.001  0.001  0.000  0.002
 0.001  0.999  0.000  0.001  0.000
 0.001  0.000  0.999 -0.001  0.000
 0.000  0.001 -0.001  0.985  0.000
 0.002  0.000  0.000  0.000  0.999
nsum =  13.9133122
 exit write_ns

     total cpu time spent up to now is     35.46 secs

     total energy              =  -174.82399736 ryd
     estimated scf accuracy    <     0.00211410 ryd

     total magnetization       =     0.00 Bohr mag/cell
     absolute magnetization    =     7.04 Bohr mag/cell

     iteration #  5     ecut=    30.00 ryd     beta=0.30
     Davidson diagonalization (with overlap)
     ethr =  7.55E-06,  avg # of iterations =  2.8
 enter write_ns
U( 1) =  0.0000      U( 2) =  0.0000      U( 3) =  0.0000
alpha( 1) =  0.0000      alpha( 2) =  0.0000      alpha( 3) =  0.0000
atom  3   Tr[ns(na)]=   6.9399810
atom  3  spin  1
eigenvalues:  0.9853243 0.9853243 0.9995123 0.9995123 0.9999043
 eigenvectors
 1  -0.1770673 -0.0884323  0.1091751  0.9738981  0.0207428
 2   0.9738981 -0.0750081 -0.0390805  0.1770673 -0.1140886
 3   0.1417541  0.3605314  0.4461750 -0.0086887  0.8067064
 4   0.0086887  0.7233514 -0.6739051  0.1417541  0.0494464
 5   0.0000000 -0.5773503 -0.5773503  0.0000000  0.5773503
 occupations
 0.986  0.001  0.001  0.000  0.002
 0.001  0.999  0.000  0.001  0.000
 0.001  0.000  0.999 -0.001  0.000
 0.000  0.001 -0.001  0.986  0.000
 0.002  0.000  0.000  0.000  0.999
atom  3  spin  2
eigenvalues:  0.3315123 0.3315123 0.4255545 0.4409123 0.4409123
 eigenvectors
 1   0.8219419  0.2457251  0.0073006  0.4471637  0.2530258
 2   0.4471637 -0.1502995  0.2879540 -0.8219419  0.1376544
 3   0.0000000  0.5773503  0.5773503  0.0000000 -0.5773503
 4   0.3317847 -0.1343979 -0.5841265 -0.1198960 -0.7185244
 5   0.1198960 -0.7520858  0.4924349  0.3317847 -0.2596509
 occupations
 0.345 -0.015 -0.015  0.000 -0.029
-0.015  0.427 -0.001 -0.026  0.001
-0.015 -0.001  0.427  0.026  0.001
 0.000 -0.026  0.026  0.345  0.000
-0.029  0.001  0.001  0.000  0.427
atom  4   Tr[ns(na)]=   6.9399810
atom  4  spin  1
eigenvalues:  0.3315123 0.3315123 0.4255545 0.4409123 0.4409123
 eigenvectors
 1   0.8514579  0.2345020  0.0276099  0.3880249  0.2621119
 2  -0.3880249  0.1672710 -0.2867202  0.8514579 -0.1194492
 3   0.0000000  0.5773503  0.5773503  0.0000000 -0.5773503
 4   0.3306896 -0.1276073 -0.5885453 -0.1228844 -0.7161526
 5  -0.1228844  0.7532677 -0.4871450 -0.3306896  0.2661227
 occupations
 0.345 -0.015 -0.015  0.000 -0.029
-0.015  0.427 -0.001 -0.026  0.001
-0.015 -0.001  0.427  0.026  0.001
 0.000 -0.026  0.026  0.345  0.000
-0.029  0.001  0.001  0.000  0.427
atom  4  spin  2
eigenvalues:  0.9853243 0.9853243 0.9995123 0.9995123 0.9999043
 eigenvectors
 1   0.0702048  0.0960584 -0.1042826 -0.9873710 -0.0082242
 2   0.9873710 -0.0649559 -0.0507111  0.0702048 -0.1156669
 3   0.1418022  0.3647303  0.4422499 -0.0078645  0.8069802
 4  -0.0078645 -0.7212434  0.6764874 -0.1418022 -0.0447560
 5   0.0000000 -0.5773503 -0.5773503  0.0000000  0.5773503
 occupations
 0.986  0.001  0.001  0.000  0.002
 0.001  0.999  0.000  0.001  0.000
 0.001  0.000  0.999 -0.001  0.000
 0.000  0.001 -0.001  0.986  0.000
 0.002  0.000  0.000  0.000  0.999
nsum =  13.8799621
 exit write_ns

     total cpu time spent up to now is     42.81 secs

     total energy              =  -174.82456392 ryd
     estimated scf accuracy    <     0.00036284 ryd

     total magnetization       =     0.00 Bohr mag/cell
     absolute magnetization    =     7.07 Bohr mag/cell

     iteration #  6     ecut=    30.00 ryd     beta=0.30
     Davidson diagonalization (with overlap)
     ethr =  1.30E-06,  avg # of iterations =  4.0
 enter write_ns
U( 1) =  0.0000      U( 2) =  0.0000      U( 3) =  0.0000
alpha( 1) =  0.0000      alpha( 2) =  0.0000      alpha( 3) =  0.0000
atom  3   Tr[ns(na)]=   6.9404426
atom  3  spin  1
eigenvalues:  0.9855452 0.9855452 0.9995095 0.9995095 0.9999597
 eigenvectors
 1   0.0878410  0.0946123 -0.1048727 -0.9860167 -0.0102604
 2   0.9860167 -0.0664721 -0.0487006  0.0878410 -0.1151727
 3   0.1414062  0.3654654  0.4416060 -0.0077022  0.8070714
 4  -0.0077022 -0.7209242  0.6769644 -0.1414062 -0.0439598
 5   0.0000000 -0.5773503 -0.5773503  0.0000000  0.5773503
 occupations
 0.986  0.001  0.001  0.000  0.002
 0.001  0.999  0.000  0.001  0.000
 0.001  0.000  0.999 -0.001  0.000
 0.000  0.001 -0.001  0.986  0.000
 0.002  0.000  0.000  0.000  0.999
atom  3  spin  2
eigenvalues:  0.3305463 0.3305463 0.4309849 0.4391480 0.4391480
 eigenvectors
 1   0.8377157  0.2483192  0.0224621  0.4034141  0.2707813
 2   0.4034141 -0.1693042  0.2997028 -0.8377157  0.1303987
 3   0.0000000  0.5773503  0.5773503  0.0000000 -0.5773503
 4   0.3403926 -0.1008205 -0.6012274 -0.1400799 -0.7020479
 5   0.1400799 -0.7524464  0.4635363  0.3403926 -0.2889101
 occupations
 0.345 -0.015 -0.015  0.000 -0.030
-0.015  0.427  0.002 -0.026 -0.002
-0.015  0.002  0.427  0.026 -0.002
 0.000 -0.026  0.026  0.345  0.000
-0.030 -0.002 -0.002  0.000  0.427
atom  4   Tr[ns(na)]=   6.9404425
atom  4  spin  1
eigenvalues:  0.3305463 0.3305463 0.4309849 0.4391480 0.4391480
 eigenvectors
 1   0.8347790  0.2495360  0.0202961  0.4094564  0.2698321
 2   0.4094564 -0.1675055  0.2998573 -0.8347790  0.1323517
 3   0.0000000  0.5773503  0.5773503  0.0000000 -0.5773503
 4   0.3392084 -0.0945201 -0.6050855 -0.1429236 -0.6996056
 5   0.1429236 -0.7532638  0.4584887  0.3392084 -0.2947751
 occupations
 0.345 -0.015 -0.015  0.000 -0.030
-0.015  0.427  0.002 -0.026 -0.002
-0.015  0.002  0.427  0.026 -0.002
 0.000 -0.026  0.026  0.345  0.000
-0.030 -0.002 -0.002  0.000  0.427
atom  4  spin  2
eigenvalues:  0.9855452 0.9855452 0.9995095 0.9995095 0.9999597
 eigenvectors
 1   0.1046356  0.0934655 -0.1056876 -0.9843761 -0.0122221
 2   0.9843761 -0.0680752 -0.0469059  0.1046356 -0.1149811
 3   0.1413106  0.3573260  0.4491993 -0.0092936  0.8065253
 4  -0.0092936 -0.7249929  0.6719499 -0.1413106 -0.0530431
 5   0.0000000 -0.5773503 -0.5773503  0.0000000  0.5773503
 occupations
 0.986  0.001  0.001  0.000  0.002
 0.001  0.999  0.000  0.001  0.000
 0.001  0.000  0.999 -0.001  0.000
 0.000  0.001 -0.001  0.986  0.000
 0.002  0.000  0.000  0.000  0.999
nsum =  13.8808851
 exit write_ns

     total cpu time spent up to now is     50.28 secs

     total energy              =  -174.82464042 ryd
     estimated scf accuracy    <     0.00002892 ryd

     total magnetization       =     0.00 Bohr mag/cell
     absolute magnetization    =     7.08 Bohr mag/cell

     iteration #  7     ecut=    30.00 ryd     beta=0.30
     Davidson diagonalization (with overlap)
     ethr =  1.03E-07,  avg # of iterations =  3.2
 enter write_ns
U( 1) =  0.0000      U( 2) =  0.0000      U( 3) =  0.0000
alpha( 1) =  0.0000      alpha( 2) =  0.0000      alpha( 3) =  0.0000
atom  3   Tr[ns(na)]=   6.9384222
atom  3  spin  1
eigenvalues:  0.9855909 0.9855909 0.9995049 0.9995049 0.9999641
 eigenvectors
 1   0.1029872  0.0940104 -0.1060966 -0.9844557 -0.0120862
 2   0.9844557 -0.0682329 -0.0472990  0.1029872 -0.1155319
 3   0.1420587  0.3654393  0.4415562 -0.0077360  0.8069955
 4  -0.0077360 -0.7208517  0.6769055 -0.1420587 -0.0439461
 5   0.0000000 -0.5773503 -0.5773503  0.0000000  0.5773503
 occupations
 0.986  0.001  0.001  0.000  0.002
 0.001  0.999  0.000  0.001  0.000
 0.001  0.000  0.999 -0.001  0.000
 0.000  0.001 -0.001  0.986  0.000
 0.002  0.000  0.000  0.000  0.999
atom  3  spin  2
eigenvalues:  0.3299715 0.3299715 0.4302519 0.4390358 0.4390358
 eigenvectors
 1   0.8592632  0.2364983  0.0378475  0.3592177  0.2743458
 2   0.3592177 -0.1802449  0.2949360 -0.8592632  0.1146911
 3   0.0000000  0.5773503  0.5773503  0.0000000 -0.5773503
 4   0.3385908 -0.1109826 -0.5960050 -0.1341110 -0.7069876
 5   0.1341110 -0.7522831  0.4722553  0.3385908 -0.2800278
 occupations
 0.344 -0.015 -0.015  0.000 -0.030
-0.015  0.426  0.002 -0.026 -0.002
-0.015  0.002  0.426  0.026 -0.002
 0.000 -0.026  0.026  0.344  0.000
-0.030 -0.002 -0.002  0.000  0.426
atom  4   Tr[ns(na)]=   6.9384226
atom  4  spin  1
eigenvalues:  0.3299716 0.3299716 0.4302519 0.4390360 0.4390360
 eigenvectors
 1   0.8329477  0.2481680  0.0177756  0.4166158  0.2659436
 2   0.4166158 -0.1638054  0.2968225 -0.8329477  0.1330171
 3   0.0000000  0.5773503  0.5773503  0.0000000 -0.5773503
 4   0.3425144 -0.1338205 -0.5813600 -0.1237468 -0.7151806
 5   0.1237468 -0.7485581  0.4901710  0.3425144 -0.2583870
 occupations
 0.344 -0.015 -0.015  0.000 -0.030
-0.015  0.426  0.002 -0.026 -0.002
-0.015  0.002  0.426  0.026 -0.002
 0.000 -0.026  0.026  0.344  0.000
-0.030 -0.002 -0.002  0.000  0.426
atom  4  spin  2
eigenvalues:  0.9855909 0.9855909 0.9995049 0.9995049 0.9999641
 eigenvectors
 1   0.1228813  0.0926109 -0.1070318 -0.9821709 -0.0144209
 2   0.9821709 -0.0701207 -0.0451430  0.1228813 -0.1152637
 3   0.1419961  0.3599714  0.4466682 -0.0088113  0.8066397
 4  -0.0088113 -0.7235976  0.6735432 -0.1419961 -0.0500544
 5   0.0000000 -0.5773503 -0.5773503  0.0000000  0.5773503
 occupations
 0.986  0.001  0.001  0.000  0.002
 0.001  0.999  0.000  0.001  0.000
 0.001  0.000  0.999 -0.001  0.000
 0.000  0.001 -0.001  0.986  0.000
 0.002  0.000  0.000  0.000  0.999
nsum =  13.8768447
 exit write_ns

     total cpu time spent up to now is     58.22 secs

     total energy              =  -174.82465416 ryd
     estimated scf accuracy    <     0.00001511 ryd

     total magnetization       =     0.00 Bohr mag/cell
     absolute magnetization    =     7.09 Bohr mag/cell

     iteration #  8     ecut=    30.00 ryd     beta=0.30
     Davidson diagonalization (with overlap)
     ethr =  5.40E-08,  avg # of iterations =  2.0
 enter write_ns
U( 1) =  0.0000      U( 2) =  0.0000      U( 3) =  0.0000
alpha( 1) =  0.0000      alpha( 2) =  0.0000      alpha( 3) =  0.0000
atom  3   Tr[ns(na)]=   6.9392425
atom  3  spin  1
eigenvalues:  0.9856314 0.9856314 0.9995008 0.9995008 0.9999716
 eigenvectors
 1   0.0530557  0.0973775 -0.1036063 -0.9883975 -0.0062287
 2   0.9883975 -0.0634133 -0.0526248  0.0530557 -0.1160381
 3   0.1420481  0.3599458  0.4466861 -0.0088190  0.8066319
 4  -0.0088190 -0.7236035  0.6735240 -0.1420481 -0.0500795
 5   0.0000000 -0.5773503 -0.5773503  0.0000000  0.5773503
 occupations
 0.986  0.001  0.001  0.000  0.002
 0.001  0.999  0.000  0.001  0.000
 0.001  0.000  0.999 -0.001  0.000
 0.000  0.001 -0.001  0.986  0.000
 0.002  0.000  0.000  0.000  0.999
atom  3  spin  2
eigenvalues:  0.3300455 0.3300455 0.4309992 0.4389581 0.4389581
 eigenvectors
 1  -0.7922832 -0.2638431  0.0082995 -0.4871374 -0.2555435
 2  -0.4871374  0.1427464 -0.2998680  0.7922832 -0.1571216
 3   0.0000000  0.5773503  0.5773503  0.0000000 -0.5773503
 4   0.3435535 -0.1219663 -0.5881323 -0.1302134 -0.7100986
 5   0.1302134 -0.7495340  0.4803929  0.3435535 -0.2691411
 occupations
 0.345 -0.015 -0.015  0.000 -0.030
-0.015  0.427  0.002 -0.026 -0.002
-0.015  0.002  0.427  0.026 -0.002
 0.000 -0.026  0.026  0.345  0.000
-0.030 -0.002 -0.002  0.000  0.427
atom  4   Tr[ns(na)]=   6.9392365
atom  4  spin  1
eigenvalues:  0.3300453 0.3300453 0.4309982 0.4389559 0.4389559
 eigenvectors
 1  -0.7880846 -0.2650570  0.0108654 -0.4938988 -0.2541916
 2  -0.4938988  0.1404844 -0.2997883  0.7880846 -0.1593039
 3   0.0000000  0.5773503  0.5773503  0.0000000 -0.5773503
 4   0.3402048 -0.1032511 -0.5999196 -0.1387348 -0.7031707
 5   0.1387348 -0.7523395  0.4655879  0.3402048 -0.2867517
 occupations
 0.345 -0.015 -0.015  0.000 -0.030
-0.015  0.427  0.002 -0.026 -0.002
-0.015  0.002  0.427  0.026 -0.002
 0.000 -0.026  0.026  0.345  0.000
-0.030 -0.002 -0.002  0.000  0.427
atom  4  spin  2
eigenvalues:  0.9856313 0.9856313 0.9995008 0.9995008 0.9999716
 eigenvectors
 1   0.0442316  0.0979394 -0.1031322 -0.9888317 -0.0051928
 2   0.9888317 -0.0625415 -0.0535473  0.0442316 -0.1160887
 3   0.1421187  0.3661907  0.4408442 -0.0075901  0.8070349
 4  -0.0075901 -0.7204634  0.6773621 -0.1421187 -0.0431012
 5   0.0000000 -0.5773503 -0.5773503  0.0000000  0.5773503
 occupations
 0.986  0.001  0.001  0.000  0.002
 0.001  0.999  0.000  0.001  0.000
 0.001  0.000  0.999 -0.001  0.000
 0.000  0.001 -0.001  0.986  0.000
 0.002  0.000  0.000  0.000  0.999
nsum =  13.8784790
 exit write_ns

     total cpu time spent up to now is     65.69 secs

     total energy              =  -174.82465746 ryd
     estimated scf accuracy    <     0.00000174 ryd

     total magnetization       =     0.00 Bohr mag/cell
     absolute magnetization    =     7.09 Bohr mag/cell

     iteration #  9     ecut=    30.00 ryd     beta=0.30
     Davidson diagonalization (with overlap)
     ethr =  6.21E-09,  avg # of iterations =  2.5
 enter write_ns
U( 1) =  0.0000      U( 2) =  0.0000      U( 3) =  0.0000
alpha( 1) =  0.0000      alpha( 2) =  0.0000      alpha( 3) =  0.0000
atom  3   Tr[ns(na)]=   6.9388500
atom  3  spin  1
eigenvalues:  0.9856398 0.9856398 0.9995009 0.9995009 0.9999705
 eigenvectors
 1   0.0644130  0.0967935 -0.1043677 -0.9876902 -0.0075742
 2   0.9876902 -0.0646297 -0.0515108  0.0644130 -0.1161405
 3   0.1423082  0.3631153  0.4437031 -0.0082066  0.8068184
 4  -0.0082066 -0.7219889  0.6754615 -0.1423082 -0.0465274
 5   0.0000000 -0.5773503 -0.5773503  0.0000000  0.5773503
 occupations
 0.986  0.001  0.001  0.000  0.002
 0.001  0.999  0.000  0.001  0.000
 0.001  0.000  0.999 -0.001  0.000
 0.000  0.001 -0.001  0.986  0.000
 0.002  0.000  0.000  0.000  0.999
atom  3  spin  2
eigenvalues:  0.3300030 0.3300030 0.4304389 0.4390767 0.4390767
 eigenvectors
 1  -0.7905772 -0.2632400  0.0096611 -0.4912197 -0.2535789
 2  -0.4912197  0.1408260 -0.2983856  0.7905772 -0.1575595
 3   0.0000000  0.5773503  0.5773503  0.0000000 -0.5773503
 4   0.3409486 -0.1165807 -0.5920644 -0.1320794 -0.7086450
 5   0.1320794 -0.7509649  0.4764443  0.3409486 -0.2745207
 occupations
 0.345 -0.015 -0.015  0.000 -0.030
-0.015  0.426  0.002 -0.026 -0.002
-0.015  0.002  0.426  0.026 -0.002
 0.000 -0.026  0.026  0.345  0.000
-0.030 -0.002 -0.002  0.000  0.426
atom  4   Tr[ns(na)]=   6.9389268
atom  4  spin  1
eigenvalues:  0.3300064 0.3300064 0.4304522 0.4391046 0.4391046
 eigenvectors
 1   0.8023306  0.2597025 -0.0023833  0.4718066  0.2573192
 2   0.4718066 -0.1471873  0.2985026 -0.8023306  0.1513153
 3   0.0000000  0.5773503  0.5773503  0.0000000 -0.5773503
 4   0.3399762 -0.1112922 -0.5954134 -0.1344632 -0.7067056
 5   0.1344632 -0.7517787  0.4722712  0.3399762 -0.2795075
 occupations
 0.345 -0.015 -0.015  0.000 -0.030
-0.015  0.426  0.002 -0.026 -0.002
-0.015  0.002  0.426  0.026 -0.002
 0.000 -0.026  0.026  0.345  0.000
-0.030 -0.002 -0.002  0.000  0.426
atom  4  spin  2
eigenvalues:  0.9856403 0.9856403 0.9995007 0.9995007 0.9999706
 eigenvectors
 1  -0.1417314 -0.0914255  0.1080919  0.9795876  0.0166664
 2   0.9795876 -0.0720293 -0.0431622  0.1417314 -0.1151914
 3   0.1423487  0.3664063  0.4406154 -0.0075573  0.8070218
 4   0.0075573  0.7203237 -0.6774790  0.1423487  0.0428446
 5   0.0000000 -0.5773503 -0.5773503  0.0000000  0.5773503
 occupations
 0.986  0.001  0.001  0.000  0.002
 0.001  0.999  0.000  0.001  0.000
 0.001  0.000  0.999 -0.001  0.000
 0.000  0.001 -0.001  0.986  0.000
 0.002  0.000  0.000  0.000  0.999
nsum =  13.8777767
 exit write_ns

     total cpu time spent up to now is     72.82 secs

     End of self-consistent calculation

 ------ SPIN UP ------------


          k = 0.0000 0.0000 0.0000 (   731 PWs)   bands (ev):

    -8.9533  -7.7470   2.7539   5.1280   5.1280   7.5762   7.5997   7.5997
     7.7786   7.7786   8.0653   8.9390   8.9390  11.0571  11.0571  11.2581
    11.5026  12.8937  12.8937  15.3691

          k =-0.7500 0.2500 0.2500 (   764 PWs)   bands (ev):

    -7.7710  -7.7516   3.6508   3.9129   4.7746   5.3281   5.3837   6.0704
     7.7226   8.2479   8.6482   9.6399   9.8410  10.4294  11.7006  11.8251
    12.6018  12.6287  17.2955  17.6039

          k =-0.5000-0.5000 0.5000 (   780 PWs)   bands (ev):

    -7.7622  -7.7506   2.7897   4.0521   5.1683   5.1908   6.4319   6.4446
     7.1587   8.2362   8.5578   9.3835   9.6071  10.7267  11.7108  11.8188
    13.0246  13.0949  15.3294  16.7015

          k =-0.2500-0.2500-0.2500 (   748 PWs)   bands (ev):

    -8.4148  -8.3808   4.4377   4.8297   5.5356   5.5356   6.5043   6.5043
     7.8492   7.8492   8.2989   9.9328   9.9328  10.9604  10.9727  10.9727
    12.4963  12.4963  13.9942  14.2632

 ------ SPIN DOWN ----------


          k = 0.0000 0.0000 0.0000 (   731 PWs)   bands (ev):

    -8.9533  -7.7470   2.7539   5.1280   5.1280   7.5762   7.5997   7.5997
     7.7785   7.7785   8.0653   8.9390   8.9390  11.0571  11.0571  11.2581
    11.5026  12.8937  12.8937  15.3691

          k =-0.7500 0.2500 0.2500 (   764 PWs)   bands (ev):

    -7.7710  -7.7516   3.6508   3.9129   4.7746   5.3281   5.3837   6.0704
     7.7226   8.2478   8.6481   9.6399   9.8410  10.4294  11.7006  11.8251
    12.6018  12.6287  17.2955  17.6039

          k =-0.5000-0.5000 0.5000 (   780 PWs)   bands (ev):

    -7.7622  -7.7506   2.7897   4.0521   5.1683   5.1908   6.4319   6.4446
     7.1587   8.2362   8.5578   9.3835   9.6071  10.7267  11.7109  11.8188
    13.0247  13.0949  15.3294  16.7015

          k =-0.2500-0.2500-0.2500 (   748 PWs)   bands (ev):

    -8.4148  -8.3808   4.4377   4.8297   5.5356   5.5356   6.5043   6.5043
     7.8491   7.8491   8.2989   9.9328   9.9328  10.9605  10.9728  10.9728
    12.4963  12.4963  13.9942  14.2632

     the Fermi energy is    10.9772 ev

!    total energy              =  -174.82465789 ryd
     estimated scf accuracy    <     0.00000002 ryd

     band energy sum           =    10.14384924 ryd
     one-electron contribution =     0.56186067 ryd
     hartree contribution      =    27.86102370 ryd
     xc contribution           =   -65.73506325 ryd
     ewald contribution        =  -137.50929535 ryd
     Hubbard energy            =     0.00000000 ryd
     correction for metals     =    -0.00318367 ryd

     total magnetization       =     0.00 Bohr mag/cell
     absolute magnetization    =     7.09 Bohr mag/cell

     convergence has been achieved

     Writing file      feo_af.save for program phonon
 
     PWSCF        :  1m12.85s CPU time

     init_run     :     6.90s CPU
     electrons    :    65.71s CPU
 
     electrons    :    65.71s CPU
     c_bands      :    34.34s CPU (       9 calls,   3.816 s avg)
     sum_band     :    20.02s CPU (       9 calls,   2.224 s avg)
     v_of_rho     :     1.44s CPU (      10 calls,   0.144 s avg)
     newd         :     8.94s CPU (      10 calls,   0.894 s avg)
     mix_rho      :     0.25s CPU (       9 calls,   0.028 s avg)
 
     c_bands      :    34.34s CPU (       9 calls,   3.816 s avg)
     init_us_2    :     0.43s CPU (     160 calls,   0.003 s avg)
     cegterg      :    33.87s CPU (      72 calls,   0.470 s avg)
 
     sum_band     :    20.02s CPU (       9 calls,   2.224 s avg)
     becsum       :     0.01s CPU (      72 calls,   0.000 s avg)
     addusdens    :     8.71s CPU (       9 calls,   0.968 s avg)
 
     wfcrot       :     1.58s CPU (       8 calls,   0.198 s avg)
     cegterg      :    33.87s CPU (      72 calls,   0.470 s avg)
     h_psi        :    31.65s CPU (     270 calls,   0.117 s avg)
     g_psi        :     0.15s CPU (     190 calls,   0.001 s avg)
     overlap      :     0.45s CPU (     190 calls,   0.002 s avg)
     cdiaghg      :     1.08s CPU (     262 calls,   0.004 s avg)
     update       :     0.39s CPU (     190 calls,   0.002 s avg)
     last         :     0.18s CPU (      72 calls,   0.003 s avg)
 
     h_psi        :    31.65s CPU (     270 calls,   0.117 s avg)
     init         :     0.05s CPU (     270 calls,   0.000 s avg)
     firstfft     :    13.45s CPU (    3534 calls,   0.004 s avg)
     secondfft    :    13.10s CPU (    3534 calls,   0.004 s avg)
     add_vuspsi   :     0.54s CPU (     270 calls,   0.002 s avg)
     s_psi        :     0.72s CPU (     278 calls,   0.003 s avg)
 
     General routines
     ccalbec      :     0.76s CPU (     350 calls,   0.002 s avg)
     cft3         :     2.64s CPU (     136 calls,   0.019 s avg)
     cft3s        :    28.61s CPU (    8546 calls,   0.003 s avg)
     interpolate  :     1.34s CPU (      38 calls,   0.035 s avg)
     davcio       :     0.24s CPU (     456 calls,   0.001 s avg)
 
