
     Program PWSCF     v.2.1cvs starts ...
     Today is 28Jul2005 at 18:16:58 

     Ultrasoft (Vanderbilt) Pseudopotentials

     Current dimensions of program pwscf are:

     ntypx = 10   npk = 40000  lmax =  3
     nchix =  6  ndmx =  2000  nbrx = 14  nqfx =  8
  HUBBARD L FOR TYPE Fe IS            2
  HUBBARD L FOR TYPE Fe IS            2
  MAXIMUM HUBBARD L IS            2


     bravais-lattice index     =            0
     lattice parameter (a_0)   =       8.1900  a.u.
     unit-cell volume          =     274.6766 (a.u.)^3
     number of atoms/cell      =            4
     number of atomic types    =            3
     kinetic-energy cutoff     =      30.0000  Ry
     charge density cutoff     =     240.0000  Ry
     convergence threshold     =      1.0E-06
     beta                      =       0.3000
     number of iterations used =            8  plain     mixing
     Exchange-correlation      =  SLA  PZ   NOGX NOGC (1100)
     celldm(1)=   8.190000  celldm(2)=   0.000000  celldm(3)=   0.000000
     celldm(4)=   0.000000  celldm(5)=   0.000000  celldm(6)=   0.000000

     crystal axes: (cart. coord. in units of a_0)
               a(1) = (  0.500000  0.500000  1.000000 )  
               a(2) = (  0.500000  1.000000  0.500000 )  
               a(3) = (  1.000000  0.500000  0.500000 )  

     reciprocal axes: (cart. coord. in units 2 pi/a_0)
               b(1) = ( -0.500000 -0.500000  1.500000 )  
               b(2) = ( -0.500000  1.500000 -0.500000 )  
               b(3) = (  1.500000 -0.500000 -0.500000 )  


     PSEUDO 1 is O  (US)    zval =  6.0   lmax= 2   lloc= 0
     Version   0  0  0 of US pseudo code
     Using log mesh of  1269 points
     The pseudopotential has  4 beta functions with: 
                l(1) =   0
                l(2) =   0
                l(3) =   1
                l(4) =   1
     Q(r) pseudized with  0 coefficients,  rinner =    0.000   0.000   0.000
                                                       0.000   0.000

     PSEUDO 2 is Fe (US)    zval =  8.0   lmax= 2   lloc= 0
     Version   0  0  0 of US pseudo code
     Using log mesh of   957 points
     The pseudopotential has  6 beta functions with: 
                l(1) =   0
                l(2) =   0
                l(3) =   1
                l(4) =   1
                l(5) =   2
                l(6) =   2
     Q(r) pseudized with  0 coefficients,  rinner =    0.000   0.000   0.000
                                                       0.000   0.000

     PSEUDO 3 is Fe (US)    zval =  8.0   lmax= 2   lloc= 0
     Version   0  0  0 of US pseudo code
     Using log mesh of   957 points
     The pseudopotential has  6 beta functions with: 
                l(1) =   0
                l(2) =   0
                l(3) =   1
                l(4) =   1
                l(5) =   2
                l(6) =   2
     Q(r) pseudized with  0 coefficients,  rinner =    0.000   0.000   0.000
                                                       0.000   0.000

     atomic species   valence    mass     pseudopotential
        O1             6.00     1.00000     O ( 1.00)
        Fe1            8.00     1.00000     Fe( 1.00)
        Fe2            8.00     1.00000     Fe( 1.00)

     Starting magnetic structure 
     atomic species   magnetization
        O1           0.000
        Fe1          0.500
        Fe2         -0.500

     12 Sym.Ops. (with inversion)


   Cartesian axes

     site n.     atom                  positions (a_0 units)
         1           O1  tau(  1) = (   0.5000000   0.5000000   0.5000000  )
         2           O1  tau(  2) = (   1.5000000   1.5000000   1.5000000  )
         3           Fe1 tau(  3) = (   0.0000000   0.0000000   0.0000000  )
         4           Fe2 tau(  4) = (   1.0000000   1.0000000   1.0000000  )

     number of k points=    8  gaussian broad. (ryd)=  0.0100     ngauss =   0
                       cart. coord. in units 2pi/a_0
        k(    1) = (   0.0000000   0.0000000   0.0000000), wk =   0.1250000
        k(    2) = (  -0.7500000   0.2500000   0.2500000), wk =   0.3750000
        k(    3) = (  -0.5000000  -0.5000000   0.5000000), wk =   0.3750000
        k(    4) = (  -0.2500000  -0.2500000  -0.2500000), wk =   0.1250000
        k(    5) = (   0.0000000   0.0000000   0.0000000), wk =   0.1250000
        k(    6) = (  -0.7500000   0.2500000   0.2500000), wk =   0.3750000
        k(    7) = (  -0.5000000  -0.5000000   0.5000000), wk =   0.3750000
        k(    8) = (  -0.2500000  -0.2500000  -0.2500000), wk =   0.1250000

     G cutoff =  407.7738  (  17255 G-vectors)     FFT grid: ( 50, 50, 50)
     G cutoff =  203.8869  (   6111 G-vectors)  smooth grid: ( 36, 36, 36)

     nbndx  =    80  nbnd   =    20  natomwfc =    20  npwx   =     780
     nelec  =  28.00  nkb   =    52  ngl    =     342

     warning: negative or imaginary core charge    -0.000003    0.000000

     Initial potential from superposition of free atoms

     starting charge   27.99905, renormalised to   28.00000

     Parameters of the lda+U calculation:
     Number of iteration with fixed ns =  0
     Starting ns and Hubbard U :
 enter write_ns
U( 1) =  0.0000      U( 2) =  4.3000      U( 3) =  4.3000
alpha( 1) =  0.0000      alpha( 2) =  0.0000      alpha( 3) =  0.0000
atom  3   Tr[ns(na)]=   6.0000000
atom  3  spin  1
eigenvalues:  1.0000000 1.0000000 1.0000000 1.0000000 1.0000000
 eigenvectors
 1   1.0000000  0.0000000  0.0000000  0.0000000  0.0000000
 2   0.0000000  1.0000000  0.0000000  0.0000000  0.0000000
 3   0.0000000  0.0000000  1.0000000  0.0000000  0.0000000
 4   0.0000000  0.0000000  0.0000000  1.0000000  0.0000000
 5   0.0000000  0.0000000  0.0000000  0.0000000  1.0000000
 occupations
 1.000  0.000  0.000  0.000  0.000
 0.000  1.000  0.000  0.000  0.000
 0.000  0.000  1.000  0.000  0.000
 0.000  0.000  0.000  1.000  0.000
 0.000  0.000  0.000  0.000  1.000
atom  3  spin  2
eigenvalues:  0.2000000 0.2000000 0.2000000 0.2000000 0.2000000
 eigenvectors
 1   1.0000000  0.0000000  0.0000000  0.0000000  0.0000000
 2   0.0000000  1.0000000  0.0000000  0.0000000  0.0000000
 3   0.0000000  0.0000000  1.0000000  0.0000000  0.0000000
 4   0.0000000  0.0000000  0.0000000  1.0000000  0.0000000
 5   0.0000000  0.0000000  0.0000000  0.0000000  1.0000000
 occupations
 0.200  0.000  0.000  0.000  0.000
 0.000  0.200  0.000  0.000  0.000
 0.000  0.000  0.200  0.000  0.000
 0.000  0.000  0.000  0.200  0.000
 0.000  0.000  0.000  0.000  0.200
atom  4   Tr[ns(na)]=   6.0000000
atom  4  spin  1
eigenvalues:  0.2000000 0.2000000 0.2000000 0.2000000 0.2000000
 eigenvectors
 1   1.0000000  0.0000000  0.0000000  0.0000000  0.0000000
 2   0.0000000  1.0000000  0.0000000  0.0000000  0.0000000
 3   0.0000000  0.0000000  1.0000000  0.0000000  0.0000000
 4   0.0000000  0.0000000  0.0000000  1.0000000  0.0000000
 5   0.0000000  0.0000000  0.0000000  0.0000000  1.0000000
 occupations
 0.200  0.000  0.000  0.000  0.000
 0.000  0.200  0.000  0.000  0.000
 0.000  0.000  0.200  0.000  0.000
 0.000  0.000  0.000  0.200  0.000
 0.000  0.000  0.000  0.000  0.200
atom  4  spin  2
eigenvalues:  1.0000000 1.0000000 1.0000000 1.0000000 1.0000000
 eigenvectors
 1   1.0000000  0.0000000  0.0000000  0.0000000  0.0000000
 2   0.0000000  1.0000000  0.0000000  0.0000000  0.0000000
 3   0.0000000  0.0000000  1.0000000  0.0000000  0.0000000
 4   0.0000000  0.0000000  0.0000000  1.0000000  0.0000000
 5   0.0000000  0.0000000  0.0000000  0.0000000  1.0000000
 occupations
 1.000  0.000  0.000  0.000  0.000
 0.000  1.000  0.000  0.000  0.000
 0.000  0.000  1.000  0.000  0.000
 0.000  0.000  0.000  1.000  0.000
 0.000  0.000  0.000  0.000  1.000
nsum =  12.0000000
 exit write_ns
 Atomic wfc used for LDA+U Projector are NOT orthogonalized
     Starting wfc are atomic

     total cpu time spent up to now is      7.07 secs

     Self-consistent Calculation

     iteration #  1     ecut=    30.00 ryd     beta=0.30
     Davidson diagonalization (with overlap)
     ethr =  1.00E-02,  avg # of iterations =  3.2
 enter write_ns
U( 1) =  0.0000      U( 2) =  4.3000      U( 3) =  4.3000
alpha( 1) =  0.0000      alpha( 2) =  0.0000      alpha( 3) =  0.0000
atom  3   Tr[ns(na)]=   6.1226801
atom  3  spin  1
eigenvalues:  0.9969552 0.9969552 1.0025536 1.0025536 1.0030281
 eigenvectors
 1  -0.3963443 -0.2467134  0.4878593  0.6970550  0.2411458
 2  -0.6970550  0.4208913  0.0032144 -0.3963443  0.4241057
 3   0.5930987  0.3937546  0.2561185  0.0725221  0.6498731
 4   0.0725221 -0.5230745  0.6025388 -0.5930987  0.0794642
 5   0.0000000  0.5773503  0.5773503  0.0000000 -0.5773503
 occupations
 0.999  0.001  0.001  0.000  0.002
 0.001  1.001  0.001  0.002 -0.001
 0.001  0.001  1.001 -0.002 -0.001
 0.000  0.002 -0.002  0.999  0.000
 0.002 -0.001 -0.001  0.000  1.001
atom  3  spin  2
eigenvalues:  0.1553853 0.1553853 0.2567874 0.2765382 0.2765382
 eigenvectors
 1  -0.4133493 -0.0714891  0.0416878 -0.9063143 -0.0298013
 2  -0.9063143 -0.0068626 -0.0584800  0.4133493 -0.0653427
 3   0.0000000 -0.5773503 -0.5773503  0.0000000  0.5773503
 4  -0.0865456  0.2743994  0.5258692  0.0157013  0.8002686
 5  -0.0157013  0.7656460 -0.6204599 -0.0865456  0.1451862
 occupations
 0.156 -0.004 -0.004  0.000 -0.009
-0.004  0.269 -0.006 -0.008  0.006
-0.004 -0.006  0.269  0.008  0.006
 0.000 -0.008  0.008  0.156  0.000
-0.009  0.006  0.006  0.000  0.269
atom  4   Tr[ns(na)]=   6.1226801
atom  4  spin  1
eigenvalues:  0.1553853 0.1553853 0.2567874 0.2765382 0.2765382
 eigenvectors
 1  -0.3313495 -0.0705988  0.0467095 -0.9393992 -0.0238894
 2  -0.9393992 -0.0131752 -0.0545528  0.3313495 -0.0677280
 3   0.0000000 -0.5773503 -0.5773503  0.0000000  0.5773503
 4  -0.0863654  0.2658550  0.5327470  0.0166642  0.7986020
 5  -0.0166642  0.7686547 -0.6145645 -0.0863654  0.1540901
 occupations
 0.156 -0.004 -0.004  0.000 -0.009
-0.004  0.269 -0.006 -0.008  0.006
-0.004 -0.006  0.269  0.008  0.006
 0.000 -0.008  0.008  0.156  0.000
-0.009  0.006  0.006  0.000  0.269
atom  4  spin  2
eigenvalues:  0.9969552 0.9969552 1.0025536 1.0025536 1.0030281
 eigenvectors
 1  -0.3849793 -0.2535118  0.4877429  0.7033956  0.2342311
 2  -0.7033956  0.4168319  0.0111317 -0.3849793  0.4279635
 3   0.5938470  0.3880850  0.2626081  0.0661153  0.6506931
 4   0.0661153 -0.5272947  0.5997388 -0.5938470  0.0724442
 5   0.0000000  0.5773503  0.5773503  0.0000000 -0.5773503
 occupations
 0.999  0.001  0.001  0.000  0.002
 0.001  1.001  0.001  0.002 -0.001
 0.001  0.001  1.001 -0.002 -0.001
 0.000  0.002 -0.002  0.999  0.000
 0.002 -0.001 -0.001  0.000  1.001
nsum =  12.2453603
 exit write_ns
 Modify starting ns matrices according to input values 
 enter write_ns
U( 1) =  0.0000      U( 2) =  4.3000      U( 3) =  4.3000
alpha( 1) =  0.0000      alpha( 2) =  0.0000      alpha( 3) =  0.0000
atom  3   Tr[ns(na)]=   6.8461419
atom  3  spin  1
eigenvalues:  0.9969552 0.9969552 1.0025536 1.0025536 1.0030281
 eigenvectors
 1  -0.4028119 -0.2427872  0.4878681  0.6933377  0.2450808
 2  -0.6933377  0.4231682 -0.0013242 -0.4028119  0.4218440
 3   0.5931289  0.3935364  0.2563698  0.0722747  0.6499062
 4   0.0722747 -0.5232387  0.6024319 -0.5931289  0.0791932
 5   0.0000000  0.5773503  0.5773503  0.0000000 -0.5773503
 occupations
 0.999  0.001  0.001  0.000  0.002
 0.001  1.001  0.001  0.002 -0.001
 0.001  0.001  1.001 -0.002 -0.001
 0.000  0.002 -0.002  0.999  0.000
 0.002 -0.001 -0.001  0.000  1.001
atom  3  spin  2
eigenvalues:  0.1553853 0.1553853 0.2567874 0.2765382 1.0000000
 eigenvectors
 1  -0.3649941 -0.0710279  0.0447128 -0.9268455 -0.0263150
 2  -0.9268455 -0.0106220 -0.0562009  0.3649941 -0.0668229
 3   0.0000000 -0.5773503 -0.5773503  0.0000000  0.5773503
 4  -0.0865456  0.2743994  0.5258692  0.0157013  0.8002686
 5  -0.0157013  0.7656460 -0.6204599 -0.0865456  0.1451862
 occupations
 0.157 -0.013  0.003  0.001 -0.010
-0.013  0.693 -0.350 -0.055  0.087
 0.003 -0.350  0.548  0.046 -0.059
 0.001 -0.055  0.046  0.162 -0.009
-0.010  0.087 -0.059 -0.009  0.285
atom  4   Tr[ns(na)]=   6.8461419
atom  4  spin  1
eigenvalues:  0.1553853 0.1553853 0.2567874 0.2765382 1.0000000
 eigenvectors
 1  -0.5336515 -0.0717551  0.0332803 -0.8411179 -0.0384747
 2  -0.8411179  0.0029990 -0.0636412  0.5336515 -0.0606422
 3   0.0000000 -0.5773503 -0.5773503  0.0000000  0.5773503
 4  -0.0863654  0.2658550  0.5327470  0.0166642  0.7986020
 5  -0.0166642  0.7686547 -0.6145645 -0.0863654  0.1540901
 occupations
 0.157 -0.014  0.003  0.001 -0.011
-0.014  0.697 -0.348 -0.056  0.092
 0.003 -0.348  0.543  0.046 -0.062
 0.001 -0.056  0.046  0.162 -0.010
-0.011  0.092 -0.062 -0.010  0.287
atom  4  spin  2
eigenvalues:  0.9969552 0.9969552 1.0025536 1.0025536 1.0030281
 eigenvectors
 1  -0.3517467 -0.2726810  0.4866925  0.7205892  0.2140115
 2  -0.7205892  0.4045517  0.0338729 -0.3517467  0.4384245
 3   0.5938098  0.3883808  0.2622716  0.0664484  0.6506524
 4   0.0664484 -0.5270769  0.5998861 -0.5938098  0.0728092
 5   0.0000000  0.5773503  0.5773503  0.0000000 -0.5773503
 occupations
 0.999  0.001  0.001  0.000  0.002
 0.001  1.001  0.001  0.002 -0.001
 0.001  0.001  1.001 -0.002 -0.001
 0.000  0.002 -0.002  0.999  0.000
 0.002 -0.001 -0.001  0.000  1.001
nsum =  13.6922838
 exit write_ns

     total cpu time spent up to now is     14.26 secs

     total energy              =  -173.87440401 ryd
     estimated scf accuracy    <     2.60384704 ryd

     total magnetization       =     0.00 Bohr mag/cell
     absolute magnetization    =     8.54 Bohr mag/cell

     iteration #  2     ecut=    30.00 ryd     beta=0.30
     Davidson diagonalization (with overlap)
     ethr =  9.30E-03,  avg # of iterations =  2.2
 enter write_ns
U( 1) =  0.0000      U( 2) =  4.3000      U( 3) =  4.3000
alpha( 1) =  0.0000      alpha( 2) =  0.0000      alpha( 3) =  0.0000
atom  3   Tr[ns(na)]=   6.9103915
atom  3  spin  1
eigenvalues:  0.9929414 0.9929414 1.0010949 1.0010949 1.0024215
 eigenvectors
 1  -0.2124451 -0.1594531  0.2072918  0.9403103  0.0478387
 2   0.9403103 -0.1472996 -0.0644406  0.2124451 -0.2117403
 3  -0.2658418 -0.3846939 -0.4023514  0.0034434 -0.7870453
 4   0.0034434  0.6866985 -0.6765039  0.2658418  0.0101946
 5   0.0000000 -0.5773503 -0.5773503  0.0000000  0.5773503
 occupations
 0.994  0.001  0.001  0.000  0.002
 0.001  1.001  0.001  0.001 -0.001
 0.001  0.001  1.001 -0.001 -0.001
 0.000  0.001 -0.001  0.994  0.000
 0.002 -0.001 -0.001  0.000  1.001
atom  3  spin  2
eigenvalues:  0.2571362 0.3218879 0.3218879 0.5094928 0.5094928
 eigenvectors
 1   0.0000000 -0.5773503 -0.5773503  0.0000000  0.5773503
 2  -0.4049584 -0.1807713  0.1053439 -0.8868730 -0.0754274
 3   0.8868730  0.0172723  0.1479164 -0.4049584  0.1651887
 4  -0.2149249  0.2073214  0.5619450  0.0572028  0.7692664
 5   0.0572028 -0.7685753  0.5638332  0.2149249 -0.2047420
 occupations
 0.331 -0.017 -0.017  0.000 -0.033
-0.017  0.419 -0.081 -0.029  0.081
-0.017 -0.081  0.419  0.029  0.081
 0.000 -0.029  0.029  0.331  0.000
-0.033  0.081  0.081  0.000  0.419
atom  4   Tr[ns(na)]=   6.9102850
atom  4  spin  1
eigenvalues:  0.2564405 0.3219146 0.3219146 0.5097689 0.5097689
 eigenvectors
 1   0.0000000  0.5773503  0.5773503  0.0000000 -0.5773503
 2  -0.5094727 -0.1811574  0.0864693 -0.8313704 -0.0946881
 3   0.8313704 -0.0047451  0.1592594 -0.5094727  0.1545144
 4   0.2149044 -0.2131198 -0.5577477 -0.0554696 -0.7708675
 5   0.0554696 -0.7670763  0.5681053  0.2149044 -0.1989710
 occupations
 0.331 -0.017 -0.017  0.000 -0.033
-0.017  0.419 -0.081 -0.029  0.081
-0.017 -0.081  0.419  0.029  0.081
 0.000 -0.029  0.029  0.331  0.000
-0.033  0.081  0.081  0.000  0.419
atom  4  spin  2
eigenvalues:  0.9929396 0.9929396 1.0010902 1.0010902 1.0024177
 eigenvectors
 1  -0.1737390 -0.1652888  0.2043947  0.9482552  0.0391058
 2   0.9482552 -0.1405851 -0.0728518  0.1737390 -0.2134369
 3  -0.2657550 -0.3908251 -0.3963039  0.0010680 -0.7871290
 4   0.0010680  0.6832553 -0.6800922  0.2657550  0.0031631
 5   0.0000000 -0.5773503 -0.5773503  0.0000000  0.5773503
 occupations
 0.994  0.001  0.001  0.000  0.002
 0.001  1.001  0.001  0.001 -0.001
 0.001  0.001  1.001 -0.001 -0.001
 0.000  0.001 -0.001  0.994  0.000
 0.002 -0.001 -0.001  0.000  1.001
nsum =  13.8206765
 exit write_ns

     total cpu time spent up to now is     21.38 secs

     total energy              =  -174.44378112 ryd
     estimated scf accuracy    <     0.18283271 ryd

     total magnetization       =     0.00 Bohr mag/cell
     absolute magnetization    =     7.15 Bohr mag/cell

     iteration #  3     ecut=    30.00 ryd     beta=0.30
     Davidson diagonalization (with overlap)
     ethr =  6.53E-04,  avg # of iterations =  1.8
 enter write_ns
U( 1) =  0.0000      U( 2) =  4.3000      U( 3) =  4.3000
alpha( 1) =  0.0000      alpha( 2) =  0.0000      alpha( 3) =  0.0000
atom  3   Tr[ns(na)]=   6.8113298
atom  3  spin  1
eigenvalues:  0.9938272 0.9938272 1.0016727 1.0016727 1.0028749
 eigenvectors
 1   0.2309496  0.1661919 -0.2217531 -0.9310108 -0.0555612
 2   0.9310108 -0.1601075 -0.0638726  0.2309496 -0.2239802
 3  -0.2826207 -0.3853245 -0.3978487  0.0026094 -0.7831732
 4  -0.0026094 -0.6818633  0.6746324 -0.2826207 -0.0072308
 5   0.0000000 -0.5773503 -0.5773503  0.0000000  0.5773503
 occupations
 0.994  0.001  0.001  0.000  0.002
 0.001  1.002  0.001  0.002 -0.001
 0.001  0.001  1.002 -0.002 -0.001
 0.000  0.002 -0.002  0.994  0.000
 0.002 -0.001 -0.001  0.000  1.002
atom  3  spin  2
eigenvalues:  0.2429667 0.2768989 0.2768989 0.5103453 0.5103453
 eigenvectors
 1   0.0000000  0.5773503  0.5773503  0.0000000 -0.5773503
 2   0.5283824  0.1896225 -0.0864726  0.8165402  0.1031499
 3  -0.8165402  0.0096286 -0.1690322  0.5283824 -0.1594036
 4   0.2245262 -0.2044051 -0.5623476 -0.0605152 -0.7667527
 5   0.0605152 -0.7673564  0.5606982  0.2245262 -0.2066582
 occupations
 0.290 -0.022 -0.022  0.000 -0.043
-0.022  0.413 -0.085 -0.037  0.085
-0.022 -0.085  0.413  0.037  0.085
 0.000 -0.037  0.037  0.290  0.000
-0.043  0.085  0.085  0.000  0.413
atom  4   Tr[ns(na)]=   6.8123977
atom  4  spin  1
eigenvalues:  0.2425207 0.2769783 0.2769783 0.5110268 0.5110268
 eigenvectors
 1   0.0000000  0.5773503  0.5773503  0.0000000 -0.5773503
 2   0.6946805  0.1820963 -0.0471126  0.6810431  0.1349837
 3   0.6810431 -0.0507324  0.1830662 -0.6946805  0.1323338
 4   0.2234895 -0.2038363 -0.5629416 -0.0604295 -0.7667779
 5   0.0604295 -0.7677139  0.5603843  0.2234895 -0.2073295
 occupations
 0.290 -0.022 -0.022  0.000 -0.043
-0.022  0.413 -0.085 -0.037  0.085
-0.022 -0.085  0.413  0.037  0.085
 0.000 -0.037  0.037  0.290  0.000
-0.043  0.085  0.085  0.000  0.413
atom  4  spin  2
eigenvalues:  0.9938255 0.9938255 1.0016713 1.0016713 1.0028732
 eigenvectors
 1   0.1865460  0.1735337 -0.2183945 -0.9409453 -0.0448608
 2   0.9409453 -0.1519905 -0.0742893  0.1865460 -0.2262798
 3  -0.2825246 -0.3878626 -0.3953570  0.0015608 -0.7832196
 4  -0.0015608 -0.6804515  0.6761246 -0.2825246 -0.0043269
 5   0.0000000 -0.5773503 -0.5773503  0.0000000  0.5773503
 occupations
 0.994  0.001  0.001  0.000  0.002
 0.001  1.002  0.001  0.002 -0.001
 0.001  0.001  1.002 -0.002 -0.001
 0.000  0.002 -0.002  0.994  0.000
 0.002 -0.001 -0.001  0.000  1.002
nsum =  13.6237275
 exit write_ns

     total cpu time spent up to now is     28.21 secs

     total energy              =  -174.45845700 ryd
     estimated scf accuracy    <     0.04594639 ryd

     total magnetization       =     0.00 Bohr mag/cell
     absolute magnetization    =     7.34 Bohr mag/cell

     iteration #  4     ecut=    30.00 ryd     beta=0.30
     Davidson diagonalization (with overlap)
     ethr =  1.64E-04,  avg # of iterations =  1.8
 enter write_ns
U( 1) =  0.0000      U( 2) =  4.3000      U( 3) =  4.3000
alpha( 1) =  0.0000      alpha( 2) =  0.0000      alpha( 3) =  0.0000
atom  3   Tr[ns(na)]=   6.8373672
atom  3  spin  1
eigenvalues:  0.9938229 0.9938229 1.0013397 1.0013397 1.0026681
 eigenvectors
 1  -0.2184236 -0.1637340  0.2147001  0.9363699  0.0509661
 2   0.9363699 -0.1533825 -0.0651065  0.2184236 -0.2184890
 3  -0.2747772 -0.3924628 -0.3926051  0.0000288 -0.7850679
 4   0.0000288  0.6799298 -0.6798477  0.2747772  0.0000821
 5   0.0000000 -0.5773503 -0.5773503  0.0000000  0.5773503
 occupations
 0.994  0.001  0.001  0.000  0.002
 0.001  1.001  0.001  0.001 -0.001
 0.001  0.001  1.001 -0.001 -0.001
 0.000  0.001 -0.001  0.994  0.000
 0.002 -0.001 -0.001  0.000  1.001
atom  3  spin  2
eigenvalues:  0.2017219 0.2745195 0.2745195 0.5468066 0.5468066
 eigenvectors
 1   0.0000000  0.5773503  0.5773503  0.0000000 -0.5773503
 2  -0.6856471 -0.2185039  0.0566334 -0.6728556 -0.1618705
 3  -0.6728556  0.0607587 -0.2196093  0.6856471 -0.1588506
 4   0.2665717 -0.1854887 -0.5672699 -0.0780571 -0.7527586
 5   0.0780571 -0.7621188  0.5416973  0.2665717 -0.2204215
 occupations
 0.296 -0.030 -0.030  0.000 -0.059
-0.030  0.418 -0.108 -0.051  0.108
-0.030 -0.108  0.418  0.051  0.108
 0.000 -0.051  0.051  0.296  0.000
-0.059  0.108  0.108  0.000  0.418
atom  4   Tr[ns(na)]=   6.8174468
atom  4  spin  1
eigenvalues:  0.2004233 0.2738197 0.2738197 0.5381597 0.5381597
 eigenvectors
 1   0.0000000  0.5773503  0.5773503  0.0000000 -0.5773503
 2  -0.5778882 -0.2264622  0.0891378 -0.7667833 -0.1373244
 3  -0.7667833  0.0278205 -0.2100323  0.5778882 -0.1822118
 4   0.2676768 -0.1805371 -0.5704208 -0.0802361 -0.7509579
 5   0.0802361 -0.7628984  0.5377989  0.2676768 -0.2250995
 occupations
 0.294 -0.029 -0.029  0.000 -0.058
-0.029  0.412 -0.106 -0.050  0.106
-0.029 -0.106  0.412  0.050  0.106
 0.000 -0.050  0.050  0.294  0.000
-0.058  0.106  0.106  0.000  0.412
atom  4  spin  2
eigenvalues:  0.9937891 0.9937891 1.0013921 1.0013921 1.0027023
 eigenvectors
 1  -0.1843377 -0.1671690  0.2096201  0.9446330  0.0424511
 2   0.9446330 -0.1455334 -0.0720059  0.1843377 -0.2175393
 3  -0.2714527 -0.3897411 -0.3960882  0.0012659 -0.7858294
 4   0.0012659  0.6823804 -0.6787159  0.2714527  0.0036645
 5   0.0000000 -0.5773503 -0.5773503  0.0000000  0.5773503
 occupations
 0.994  0.001  0.001  0.000  0.002
 0.001  1.001  0.001  0.001 -0.001
 0.001  0.001  1.001 -0.001 -0.001
 0.000  0.001 -0.001  0.994  0.000
 0.002 -0.001 -0.001  0.000  1.001
nsum =  13.6548141
 exit write_ns

     total cpu time spent up to now is     35.01 secs

     total energy              =  -174.46404586 ryd
     estimated scf accuracy    <     0.00985150 ryd

     total magnetization       =    -0.02 Bohr mag/cell
     absolute magnetization    =     7.32 Bohr mag/cell

     iteration #  5     ecut=    30.00 ryd     beta=0.30
     Davidson diagonalization (with overlap)
     ethr =  3.52E-05,  avg # of iterations =  2.0
 enter write_ns
U( 1) =  0.0000      U( 2) =  4.3000      U( 3) =  4.3000
alpha( 1) =  0.0000      alpha( 2) =  0.0000      alpha( 3) =  0.0000
atom  3   Tr[ns(na)]=   6.7219753
atom  3  spin  1
eigenvalues:  0.9936561 0.9936561 1.0015784 1.0015784 1.0028143
 eigenvectors
 1  -0.1899821 -0.1573815  0.1985836  0.9476311  0.0412022
 2   0.9476311 -0.1384404 -0.0670761  0.1899821 -0.2055165
 3  -0.2566857 -0.3844070 -0.4046403  0.0038002 -0.7890472
 4   0.0038002  0.6891758 -0.6774941  0.2566857  0.0116817
 5   0.0000000 -0.5773503 -0.5773503  0.0000000  0.5773503
 occupations
 0.994  0.001  0.001  0.000  0.002
 0.001  1.002  0.001  0.001 -0.001
 0.001  0.001  1.002 -0.001 -0.001
 0.000  0.001 -0.001  0.994  0.000
 0.002 -0.001 -0.001  0.000  1.002
atom  3  spin  2
eigenvalues:  0.1730383 0.2701463 0.2701463 0.5076805 0.5076805
 eigenvectors
 1   0.0000000 -0.5773503 -0.5773503  0.0000000  0.5773503
 2   0.8096843  0.2313963 -0.0053592  0.4896382  0.2260371
 3   0.4896382 -0.1274085  0.2640993 -0.8096843  0.1366908
 4  -0.3045708  0.1380389  0.5892936  0.1090979  0.7273325
 5   0.1090979 -0.7601544  0.4996224  0.3045708 -0.2605320
 occupations
 0.295 -0.030 -0.030  0.000 -0.059
-0.030  0.380 -0.103 -0.051  0.103
-0.030 -0.103  0.380  0.051  0.103
 0.000 -0.051  0.051  0.295  0.000
-0.059  0.103  0.103  0.000  0.380
atom  4   Tr[ns(na)]=   6.9481956
atom  4  spin  1
eigenvalues:  0.1799371 0.2763687 0.2763687 0.6114887 0.6114887
 eigenvectors
 1   0.0000000  0.5773503  0.5773503  0.0000000 -0.5773503
 2  -0.8178873 -0.2114002  0.0046766 -0.4935724 -0.2067236
 3  -0.4935724  0.1166519 -0.2414039  0.8178873 -0.1247520
 4  -0.2817806  0.1667160  0.5765140  0.0897010  0.7432300
 5  -0.0897010  0.7619546 -0.5253575 -0.2817806  0.2365970
 occupations
 0.306 -0.039 -0.039  0.000 -0.077
-0.039  0.448 -0.134 -0.067  0.134
-0.039 -0.134  0.448  0.067  0.134
 0.000 -0.067  0.067  0.306  0.000
-0.077  0.134  0.134  0.000  0.448
atom  4  spin  2
eigenvalues:  0.9939385 0.9939385 1.0010668 1.0010668 1.0025332
 eigenvectors
 1  -0.1684309 -0.1813483  0.2231035  0.9419263  0.0417552
 2   0.9419263 -0.1529163 -0.0805941  0.1684309 -0.2335104
 3  -0.2905257 -0.3886599 -0.3926152  0.0008492 -0.7812752
 4   0.0008492  0.6777459 -0.6754623  0.2905257  0.0022836
 5   0.0000000 -0.5773503 -0.5773503  0.0000000  0.5773503
 occupations
 0.995  0.001  0.001  0.000  0.002
 0.001  1.001  0.001  0.001 -0.001
 0.001  0.001  1.001 -0.001 -0.001
 0.000  0.001 -0.001  0.995  0.000
 0.002 -0.001 -0.001  0.000  1.001
nsum =  13.6701709
 exit write_ns

     total cpu time spent up to now is     41.83 secs

     total energy              =  -174.47018127 ryd
     estimated scf accuracy    <     0.02184071 ryd

     total magnetization       =     0.23 Bohr mag/cell
     absolute magnetization    =     7.30 Bohr mag/cell

     iteration #  6     ecut=    30.00 ryd     beta=0.30
     Davidson diagonalization (with overlap)
     ethr =  3.52E-05,  avg # of iterations =  1.0
 enter write_ns
U( 1) =  0.0000      U( 2) =  4.3000      U( 3) =  4.3000
alpha( 1) =  0.0000      alpha( 2) =  0.0000      alpha( 3) =  0.0000
atom  3   Tr[ns(na)]=   6.8888770
atom  3  spin  1
eigenvalues:  0.9938565 0.9938565 1.0011813 1.0011813 1.0026323
 eigenvectors
 1  -0.2000562 -0.1699360  0.2176136  0.9388666  0.0476776
 2   0.9388666 -0.1531660 -0.0705859  0.2000562 -0.2237518
 3  -0.2801798 -0.3857741 -0.3979854  0.0025203 -0.7837595
 4   0.0025203  0.6822807 -0.6752305  0.2801798  0.0070502
 5   0.0000000 -0.5773503 -0.5773503  0.0000000  0.5773503
 occupations
 0.994  0.001  0.001  0.000  0.002
 0.001  1.001  0.001  0.001 -0.001
 0.001  0.001  1.001 -0.001 -0.001
 0.000  0.001 -0.001  0.994  0.000
 0.002 -0.001 -0.001  0.000  1.001
atom  3  spin  2
eigenvalues:  0.1767865 0.2746881 0.2746881 0.5850033 0.5850033
 eigenvectors
 1   0.0000000  0.5773503  0.5773503  0.0000000 -0.5773503
 2   0.7395580  0.2313359 -0.0391393  0.6008879  0.1921966
 3   0.6008879 -0.0883676  0.2445266 -0.7395580  0.1561589
 4  -0.2865784  0.1469723  0.5881826  0.0993001  0.7351549
 5  -0.0993001  0.7640292 -0.5092964 -0.2865784  0.2547329
 occupations
 0.303 -0.037 -0.037  0.000 -0.073
-0.037  0.430 -0.127 -0.063  0.127
-0.037 -0.127  0.430  0.063  0.127
 0.000 -0.063  0.063  0.303  0.000
-0.073  0.127  0.127  0.000  0.430
atom  4   Tr[ns(na)]=   6.7816006
atom  4  spin  1
eigenvalues:  0.1731608 0.2717176 0.2717176 0.5360097 0.5360097
 eigenvectors
 1   0.0000000  0.5773503  0.5773503  0.0000000 -0.5773503
 2  -0.6941009 -0.2467961  0.0579637 -0.6467597 -0.1888325
 3  -0.6467597  0.0755572 -0.2515103  0.6941009 -0.1759532
 4  -0.2985086  0.1450142  0.5864809  0.1040118  0.7314952
 5  -0.1040118  0.7609338 -0.5060529 -0.2985086  0.2548809
 occupations
 0.298 -0.032 -0.032  0.000 -0.065
-0.032  0.397 -0.112 -0.056  0.112
-0.032 -0.112  0.397  0.056  0.112
 0.000 -0.056  0.056  0.298  0.000
-0.065  0.112  0.112  0.000  0.397
atom  4  spin  2
eigenvalues:  0.9937205 0.9937205 1.0014053 1.0014053 1.0027336
 eigenvectors
 1  -0.2133080 -0.1587179  0.2065532  0.9404020  0.0478353
 2   0.9404020 -0.1468712 -0.0640181  0.2133080 -0.2108893
 3  -0.2648457 -0.3917650 -0.3955719  0.0007393 -0.7873368
 4   0.0007393  0.6829527 -0.6807548  0.2648457  0.0021979
 5   0.0000000 -0.5773503 -0.5773503  0.0000000  0.5773503
 occupations
 0.994  0.001  0.001  0.000  0.002
 0.001  1.001  0.001  0.001 -0.001
 0.001  0.001  1.001 -0.001 -0.001
 0.000  0.001 -0.001  0.994  0.000
 0.002 -0.001 -0.001  0.000  1.001
nsum =  13.6704776
 exit write_ns

     total cpu time spent up to now is     48.54 secs

     total energy              =  -174.46998496 ryd
     estimated scf accuracy    <     0.00650405 ryd

     total magnetization       =    -0.11 Bohr mag/cell
     absolute magnetization    =     7.30 Bohr mag/cell

     iteration #  7     ecut=    30.00 ryd     beta=0.30
     Davidson diagonalization (with overlap)
     ethr =  2.32E-05,  avg # of iterations =  1.0
 enter write_ns
U( 1) =  0.0000      U( 2) =  4.3000      U( 3) =  4.3000
alpha( 1) =  0.0000      alpha( 2) =  0.0000      alpha( 3) =  0.0000
atom  3   Tr[ns(na)]=   6.8337934
atom  3  spin  1
eigenvalues:  0.9936296 0.9936296 1.0011329 1.0011329 1.0026138
 eigenvectors
 1  -0.2031594 -0.1680847  0.2160785  0.9388719  0.0479939
 2   0.9388719 -0.1524623 -0.0693345  0.2031594 -0.2217967
 3  -0.2779303 -0.3940129 -0.3903116 -0.0007572 -0.7843245
 4  -0.0007572  0.6781765 -0.6803134  0.2779303 -0.0021369
 5   0.0000000 -0.5773503 -0.5773503  0.0000000  0.5773503
 occupations
 0.994  0.001  0.001  0.000  0.002
 0.001  1.001  0.001  0.001 -0.001
 0.001  0.001  1.001 -0.001 -0.001
 0.000  0.001 -0.001  0.994  0.000
 0.002 -0.001 -0.001  0.000  1.001
atom  3  spin  2
eigenvalues:  0.1550152 0.2712564 0.2712564 0.5720633 0.5720633
 eigenvectors
 1   0.0000000  0.5773503  0.5773503  0.0000000 -0.5773503
 2   0.7649152  0.2502764 -0.0272026  0.5493310  0.2230738
 3   0.5493310 -0.1130863  0.2732888 -0.7649152  0.1602025
 4  -0.3190111  0.1535100  0.5757447  0.1066399  0.7292548
 5  -0.1066399  0.7534418 -0.5096645 -0.3190111  0.2437773
 occupations
 0.305 -0.039 -0.039  0.000 -0.078
-0.039  0.410 -0.128 -0.067  0.128
-0.039 -0.128  0.410  0.067  0.128
 0.000 -0.067  0.067  0.305  0.000
-0.078  0.128  0.128  0.000  0.410
atom  4   Tr[ns(na)]=   6.8424267
atom  4  spin  1
eigenvalues:  0.1552234 0.2715814 0.2715814 0.5759736 0.5759736
 eigenvectors
 1   0.0000000  0.5773503  0.5773503  0.0000000 -0.5773503
 2  -0.7790117 -0.2462479  0.0201863 -0.5300862 -0.2260616
 3  -0.5300862  0.1188622 -0.2726881  0.7790117 -0.1538259
 4  -0.3163026  0.1444577  0.5821978  0.1100094  0.7266555
 5  -0.1100094  0.7556668 -0.5029375 -0.3163026  0.2527294
 occupations
 0.306 -0.039 -0.039  0.000 -0.078
-0.039  0.413 -0.129 -0.068  0.129
-0.039 -0.129  0.413  0.068  0.129
 0.000 -0.068  0.068  0.306  0.000
-0.078  0.129  0.129  0.000  0.413
atom  4  spin  2
eigenvalues:  0.9936422 0.9936422 1.0011122 1.0011122 1.0025846
 eigenvectors
 1  -0.1594039 -0.1755119  0.2132961  0.9470286  0.0377842
 2   0.9470286 -0.1449613 -0.0795171  0.1594039 -0.2244784
 3  -0.2787890 -0.3871738 -0.3969287  0.0020025 -0.7841025
 4   0.0020025  0.6818687 -0.6762367  0.2787890  0.0056320
 5   0.0000000 -0.5773503 -0.5773503  0.0000000  0.5773503
 occupations
 0.994  0.001  0.001  0.000  0.002
 0.001  1.001  0.001  0.001 -0.001
 0.001  0.001  1.001 -0.001 -0.001
 0.000  0.001 -0.001  0.994  0.000
 0.002 -0.001 -0.001  0.000  1.001
nsum =  13.6762201
 exit write_ns

     total cpu time spent up to now is     55.24 secs

     total energy              =  -174.47026201 ryd
     estimated scf accuracy    <     0.00120262 ryd

     total magnetization       =     0.01 Bohr mag/cell
     absolute magnetization    =     7.28 Bohr mag/cell

     iteration #  8     ecut=    30.00 ryd     beta=0.30
     Davidson diagonalization (with overlap)
     ethr =  4.30E-06,  avg # of iterations =  2.4
 enter write_ns
U( 1) =  0.0000      U( 2) =  4.3000      U( 3) =  4.3000
alpha( 1) =  0.0000      alpha( 2) =  0.0000      alpha( 3) =  0.0000
atom  3   Tr[ns(na)]=   6.8365642
atom  3  spin  1
eigenvalues:  0.9933569 0.9933569 1.0009582 1.0009582 1.0025446
 eigenvectors
 1  -0.1840081 -0.1819439  0.2284562  0.9373803  0.0465123
 2   0.9373803 -0.1587531 -0.0781915  0.1840081 -0.2369446
 3  -0.2957338 -0.3919105 -0.3880610 -0.0008427 -0.7799715
 4  -0.0008427  0.6743639 -0.6765864  0.2957338 -0.0022225
 5   0.0000000 -0.5773503 -0.5773503  0.0000000  0.5773503
 occupations
 0.994  0.001  0.001  0.000  0.002
 0.001  1.001  0.001  0.002 -0.001
 0.001  0.001  1.001 -0.002 -0.001
 0.000  0.002 -0.002  0.994  0.000
 0.002 -0.001 -0.001  0.000  1.001
atom  3  spin  2
eigenvalues:  0.1313944 0.2646139 0.2646139 0.5923836 0.5923836
 eigenvectors
 1   0.0000000 -0.5773503 -0.5773503  0.0000000  0.5773503
 2  -0.7939173 -0.2664156  0.0063233 -0.4806559 -0.2600923
 3  -0.4806559  0.1465136 -0.3039795  0.7939173 -0.1574659
 4   0.3467541 -0.1135872 -0.5920444 -0.1357457 -0.7056317
 5  -0.1357457  0.7492136 -0.4729763 -0.3467541  0.2762374
 occupations
 0.310 -0.046 -0.046  0.000 -0.092
-0.046  0.408 -0.139 -0.080  0.139
-0.046 -0.139  0.408  0.080  0.139
 0.000 -0.080  0.080  0.310  0.000
-0.092  0.139  0.139  0.000  0.408
atom  4   Tr[ns(na)]=   6.8343436
atom  4  spin  1
eigenvalues:  0.1313732 0.2647684 0.2647684 0.5911261 0.5911261
 eigenvectors
 1   0.0000000 -0.5773503 -0.5773503  0.0000000  0.5773503
 2  -0.7734608 -0.2724859  0.0187687 -0.5126258 -0.2537172
 3  -0.5126258  0.1356476 -0.3038035  0.7734608 -0.1681559
 4   0.3516207 -0.1393424 -0.5752716 -0.1238392 -0.7146139
 5  -0.1238392  0.7447157 -0.4930319 -0.3516207  0.2516838
 occupations
 0.310 -0.046 -0.046  0.000 -0.092
-0.046  0.408 -0.138 -0.080  0.138
-0.046 -0.138  0.408  0.080  0.138
 0.000 -0.080  0.080  0.310  0.000
-0.092  0.138  0.138  0.000  0.408
atom  4  spin  2
eigenvalues:  0.9933536 0.9933536 1.0009654 1.0009654 1.0025434
 eigenvectors
 1  -0.2744306 -0.1656772  0.2350744  0.9149661  0.0693972
 2   0.9149661 -0.1757868 -0.0555872  0.2744306 -0.2313740
 3  -0.2958365 -0.3845251 -0.3953963  0.0023808 -0.7799214
 4   0.0023808  0.6785700 -0.6722935  0.2958365  0.0062765
 5   0.0000000 -0.5773503 -0.5773503  0.0000000  0.5773503
 occupations
 0.994  0.001  0.001  0.000  0.002
 0.001  1.001  0.001  0.002 -0.001
 0.001  0.001  1.001 -0.002 -0.001
 0.000  0.002 -0.002  0.994  0.000
 0.002 -0.001 -0.001  0.000  1.001
nsum =  13.6709078
 exit write_ns

     total cpu time spent up to now is     62.24 secs

     total energy              =  -174.47144213 ryd
     estimated scf accuracy    <     0.00017578 ryd

     total magnetization       =     0.00 Bohr mag/cell
     absolute magnetization    =     7.26 Bohr mag/cell

     iteration #  9     ecut=    30.00 ryd     beta=0.30
     Davidson diagonalization (with overlap)
     ethr =  6.28E-07,  avg # of iterations =  2.1
 enter write_ns
U( 1) =  0.0000      U( 2) =  4.3000      U( 3) =  4.3000
alpha( 1) =  0.0000      alpha( 2) =  0.0000      alpha( 3) =  0.0000
atom  3   Tr[ns(na)]=   6.8337233
atom  3  spin  1
eigenvalues:  0.9934832 0.9934832 1.0010513 1.0010513 1.0025845
 eigenvectors
 1  -0.1861954 -0.1768923  0.2226114  0.9393585  0.0457191
 2   0.9393585 -0.1549207 -0.0757329  0.1861954 -0.2306536
 3  -0.2879870 -0.3894192 -0.3924838  0.0006517 -0.7819030
 4   0.0006517  0.6780325 -0.6762631  0.2879870  0.0017693
 5   0.0000000 -0.5773503 -0.5773503  0.0000000  0.5773503
 occupations
 0.994  0.001  0.001  0.000  0.002
 0.001  1.001  0.001  0.001 -0.001
 0.001  0.001  1.001 -0.001 -0.001
 0.000  0.001 -0.001  0.994  0.000
 0.002 -0.001 -0.001  0.000  1.001
atom  3  spin  2
eigenvalues:  0.1400596 0.2661812 0.2661812 0.5848238 0.5848238
 eigenvectors
 1   0.0000000  0.5773503  0.5773503  0.0000000 -0.5773503
 2  -0.8034152 -0.2579168  0.0021933 -0.4718088 -0.2557235
 3  -0.4718088  0.1463757 -0.2965504  0.8034152 -0.1501747
 4  -0.3401121  0.1249964  0.5873646  0.1274527  0.7123611
 5  -0.1274527  0.7503970 -0.4834486 -0.3401121  0.2669484
 occupations
 0.308 -0.044 -0.044  0.000 -0.088
-0.044  0.409 -0.134 -0.076  0.134
-0.044 -0.134  0.409  0.076  0.134
 0.000 -0.076  0.076  0.308  0.000
-0.088  0.134  0.134  0.000  0.409
atom  4   Tr[ns(na)]=   6.8353567
atom  4  spin  1
eigenvalues:  0.1401435 0.2663875 0.2663875 0.5853894 0.5853894
 eigenvectors
 1   0.0000000 -0.5773503 -0.5773503  0.0000000  0.5773503
 2  -0.8265611 -0.2499376 -0.0129588 -0.4301690 -0.2628965
 3  -0.4301690  0.1592651 -0.2960849  0.8265611 -0.1368198
 4   0.3362154 -0.1040624 -0.6006575 -0.1367864 -0.7047200
 5  -0.1367864  0.7536600 -0.4669507 -0.3362154  0.2867093
 occupations
 0.308 -0.044 -0.044  0.000 -0.088
-0.044  0.409 -0.134 -0.076  0.134
-0.044 -0.134  0.409  0.076  0.134
 0.000 -0.076  0.076  0.308  0.000
-0.088  0.134  0.134  0.000  0.409
atom  4  spin  2
eigenvalues:  0.9934919 0.9934919 1.0010470 1.0010470 1.0025817
 eigenvectors
 1  -0.2050516 -0.1741284  0.2246025  0.9352215  0.0504740
 2   0.9352215 -0.1588155 -0.0713919  0.2050516 -0.2302074
 3  -0.2886417 -0.3890323 -0.3927087  0.0007837 -0.7817411
 4   0.0007837  0.6780689 -0.6759463  0.2886417  0.0021226
 5   0.0000000 -0.5773503 -0.5773503  0.0000000  0.5773503
 occupations
 0.994  0.001  0.001  0.000  0.002
 0.001  1.001  0.001  0.001 -0.001
 0.001  0.001  1.001 -0.001 -0.001
 0.000  0.001 -0.001  0.994  0.000
 0.002 -0.001 -0.001  0.000  1.001
nsum =  13.6690799
 exit write_ns

     total cpu time spent up to now is     69.39 secs

     total energy              =  -174.47118962 ryd
     estimated scf accuracy    <     0.00019504 ryd

     total magnetization       =     0.00 Bohr mag/cell
     absolute magnetization    =     7.27 Bohr mag/cell

     iteration # 10     ecut=    30.00 ryd     beta=0.30
     Davidson diagonalization (with overlap)
     ethr =  6.28E-07,  avg # of iterations =  2.1
 enter write_ns
U( 1) =  0.0000      U( 2) =  4.3000      U( 3) =  4.3000
alpha( 1) =  0.0000      alpha( 2) =  0.0000      alpha( 3) =  0.0000
atom  3   Tr[ns(na)]=   6.8357300
atom  3  spin  1
eigenvalues:  0.9931798 0.9931798 1.0009745 1.0009745 1.0025643
 eigenvectors
 1  -0.1955026 -0.1841982  0.2349134  0.9327880  0.0507153
 2   0.9327880 -0.1649078 -0.0770664  0.1955026 -0.2419742
 3  -0.3027938 -0.3915442 -0.3866172 -0.0011069 -0.7781613
 4  -0.0011069  0.6724852 -0.6753298  0.3027938 -0.0028446
 5   0.0000000 -0.5773503 -0.5773503  0.0000000  0.5773503
 occupations
 0.994  0.001  0.001  0.000  0.002
 0.001  1.001  0.001  0.002 -0.001
 0.001  0.001  1.001 -0.002 -0.001
 0.000  0.002 -0.002  0.994  0.000
 0.002 -0.001 -0.001  0.000  1.001
atom  3  spin  2
eigenvalues:  0.1282696 0.2616844 0.2616844 0.5966093 0.5966093
 eigenvectors
 1   0.0000000 -0.5773503 -0.5773503  0.0000000  0.5773503
 2  -0.8338967 -0.2632338 -0.0288991 -0.3861961 -0.2921329
 3  -0.3861961  0.1853479 -0.3206411  0.8338967 -0.1352932
 4   0.3667330 -0.1102604 -0.5876354 -0.1448300 -0.6978958
 5  -0.1448300  0.7422018 -0.4665892 -0.3667330  0.2756126
 occupations
 0.314 -0.050 -0.050  0.000 -0.099
-0.050  0.406 -0.139 -0.086  0.139
-0.050 -0.139  0.406  0.086  0.139
 0.000 -0.086  0.086  0.314  0.000
-0.099  0.139  0.139  0.000  0.406
atom  4   Tr[ns(na)]=   6.8397651
atom  4  spin  1
eigenvalues:  0.1285019 0.2619959 0.2619959 0.5981989 0.5981989
 eigenvectors
 1   0.0000000 -0.5773503 -0.5773503  0.0000000  0.5773503
 2  -0.8192669 -0.2695969 -0.0170529 -0.4167257 -0.2866497
 3  -0.4167257  0.1753428 -0.3211491  0.8192669 -0.1458064
 4   0.3615782 -0.0867036 -0.6022419 -0.1562132 -0.6889455
 5  -0.1562132  0.7454674 -0.4478212 -0.3615782  0.2976461
 occupations
 0.314 -0.050 -0.050  0.000 -0.099
-0.050  0.407 -0.139 -0.086  0.139
-0.050 -0.139  0.407  0.086  0.139
 0.000 -0.086  0.086  0.314  0.000
-0.099  0.139  0.139  0.000  0.407
atom  4  spin  2
eigenvalues:  0.9931918 0.9931918 1.0009662 1.0009662 1.0025574
 eigenvectors
 1  -0.2140936 -0.1817507  0.2375941  0.9282032  0.0558433
 2   0.9282032 -0.1694161 -0.0726927  0.2140936 -0.2421088
 3  -0.3042975 -0.3941979 -0.3835512 -0.0024050 -0.7777491
 4  -0.0024050  0.6704771 -0.6766240  0.3042975 -0.0061469
 5   0.0000000 -0.5773503 -0.5773503  0.0000000  0.5773503
 occupations
 0.994  0.001  0.001  0.000  0.002
 0.001  1.001  0.001  0.002 -0.001
 0.001  0.001  1.001 -0.002 -0.001
 0.000  0.002 -0.002  0.994  0.000
