
     Program PWSCF     v.3.0    starts ...
     Today is 10Nov2005 at  4:48: 1 

     Ultrasoft (Vanderbilt) Pseudopotentials

     Current dimensions of program pwscf are:

     ntypx = 10   npk = 40000  lmax =  3
     nchix =  6  ndmx =  2000  nbrx = 14  nqfx =  8
  HUBBARD L FOR TYPE Fe IS            2
  HUBBARD L FOR TYPE Fe IS            2
  MAXIMUM HUBBARD L IS            2


     bravais-lattice index     =            0
     lattice parameter (a_0)   =       8.1900  a.u.
     unit-cell volume          =     274.6766 (a.u.)^3
     number of atoms/cell      =            4
     number of atomic types    =            3
     kinetic-energy cutoff     =      30.0000  Ry
     charge density cutoff     =     240.0000  Ry
     convergence threshold     =      1.0E-06
     beta                      =       0.3000
     number of iterations used =            8  plain     mixing
     Exchange-correlation      =  SLA  PZ   NOGX NOGC (1100)
     celldm(1)=   8.190000  celldm(2)=   0.000000  celldm(3)=   0.000000
     celldm(4)=   0.000000  celldm(5)=   0.000000  celldm(6)=   0.000000

     crystal axes: (cart. coord. in units of a_0)
               a(1) = (  0.500000  0.500000  1.000000 )  
               a(2) = (  0.500000  1.000000  0.500000 )  
               a(3) = (  1.000000  0.500000  0.500000 )  

     reciprocal axes: (cart. coord. in units 2 pi/a_0)
               b(1) = ( -0.500000 -0.500000  1.500000 )  
               b(2) = ( -0.500000  1.500000 -0.500000 )  
               b(3) = (  1.500000 -0.500000 -0.500000 )  


     PSEUDO 1 is O  (US)    zval =  6.0   lmax= 2   lloc= 0
     Version   0  0  0 of US pseudo code
     Using log mesh of  1269 points
     The pseudopotential has  4 beta functions with: 
                l(1) =   0
                l(2) =   0
                l(3) =   1
                l(4) =   1
     Q(r) pseudized with  0 coefficients,  rinner =    0.000   0.000   0.000
                                                       0.000   0.000

     PSEUDO 2 is Fe (US)    zval =  8.0   lmax= 2   lloc= 0
     Version   0  0  0 of US pseudo code
     Using log mesh of   957 points
     The pseudopotential has  6 beta functions with: 
                l(1) =   0
                l(2) =   0
                l(3) =   1
                l(4) =   1
                l(5) =   2
                l(6) =   2
     Q(r) pseudized with  0 coefficients,  rinner =    0.000   0.000   0.000
                                                       0.000   0.000

     PSEUDO 3 is Fe (US)    zval =  8.0   lmax= 2   lloc= 0
     Version   0  0  0 of US pseudo code
     Using log mesh of   957 points
     The pseudopotential has  6 beta functions with: 
                l(1) =   0
                l(2) =   0
                l(3) =   1
                l(4) =   1
                l(5) =   2
                l(6) =   2
     Q(r) pseudized with  0 coefficients,  rinner =    0.000   0.000   0.000
                                                       0.000   0.000

     atomic species   valence    mass     pseudopotential
        O1             6.00     1.00000     O ( 1.00)
        Fe1            8.00     1.00000     Fe( 1.00)
        Fe2            8.00     1.00000     Fe( 1.00)

     Starting magnetic structure 
     atomic species   magnetization
        O1           0.000
        Fe1          0.500
        Fe2         -0.500

     12 Sym.Ops. (with inversion)


   Cartesian axes

     site n.     atom                  positions (a_0 units)
         1           O1  tau(  1) = (   0.5000000   0.5000000   0.5000000  )
         2           O1  tau(  2) = (   1.5000000   1.5000000   1.5000000  )
         3           Fe1 tau(  3) = (   0.0000000   0.0000000   0.0000000  )
         4           Fe2 tau(  4) = (   1.0000000   1.0000000   1.0000000  )

     number of k points=    8  gaussian broad. (ryd)=  0.0100     ngauss =   0
                       cart. coord. in units 2pi/a_0
        k(    1) = (   0.0000000   0.0000000   0.0000000), wk =   0.1250000
        k(    2) = (  -0.7500000   0.2500000   0.2500000), wk =   0.3750000
        k(    3) = (  -0.5000000  -0.5000000   0.5000000), wk =   0.3750000
        k(    4) = (  -0.2500000  -0.2500000  -0.2500000), wk =   0.1250000
        k(    5) = (   0.0000000   0.0000000   0.0000000), wk =   0.1250000
        k(    6) = (  -0.7500000   0.2500000   0.2500000), wk =   0.3750000
        k(    7) = (  -0.5000000  -0.5000000   0.5000000), wk =   0.3750000
        k(    8) = (  -0.2500000  -0.2500000  -0.2500000), wk =   0.1250000

     G cutoff =  407.7738  (  17255 G-vectors)     FFT grid: ( 50, 50, 50)
     G cutoff =  203.8869  (   6111 G-vectors)  smooth grid: ( 36, 36, 36)

     nbndx  =    80  nbnd   =    20  natomwfc =    20  npwx   =     780
     nelec  =  28.00  nkb   =    52  ngl    =     342

     Check: negative/imaginary core charge=   -0.000003    0.000000

     Initial potential from superposition of free atoms

     starting charge   27.99905, renormalised to   28.00000

     Parameters of the lda+U calculation:
     Number of iteration with fixed ns =  0
     Starting ns and Hubbard U :
 enter write_ns
U( 1) =  0.0000      U( 2) =  4.3000      U( 3) =  4.3000
alpha( 1) =  0.0000      alpha( 2) =  0.0000      alpha( 3) =  0.0000
atom  3   Tr[ns(na)]=   6.0000000
atom  3  spin  1
eigenvalues:  1.0000000 1.0000000 1.0000000 1.0000000 1.0000000
 eigenvectors
 1   1.0000000  0.0000000  0.0000000  0.0000000  0.0000000
 2   0.0000000  1.0000000  0.0000000  0.0000000  0.0000000
 3   0.0000000  0.0000000  1.0000000  0.0000000  0.0000000
 4   0.0000000  0.0000000  0.0000000  1.0000000  0.0000000
 5   0.0000000  0.0000000  0.0000000  0.0000000  1.0000000
 occupations
 1.000  0.000  0.000  0.000  0.000
 0.000  1.000  0.000  0.000  0.000
 0.000  0.000  1.000  0.000  0.000
 0.000  0.000  0.000  1.000  0.000
 0.000  0.000  0.000  0.000  1.000
atom  3  spin  2
eigenvalues:  0.2000000 0.2000000 0.2000000 0.2000000 0.2000000
 eigenvectors
 1   1.0000000  0.0000000  0.0000000  0.0000000  0.0000000
 2   0.0000000  1.0000000  0.0000000  0.0000000  0.0000000
 3   0.0000000  0.0000000  1.0000000  0.0000000  0.0000000
 4   0.0000000  0.0000000  0.0000000  1.0000000  0.0000000
 5   0.0000000  0.0000000  0.0000000  0.0000000  1.0000000
 occupations
 0.200  0.000  0.000  0.000  0.000
 0.000  0.200  0.000  0.000  0.000
 0.000  0.000  0.200  0.000  0.000
 0.000  0.000  0.000  0.200  0.000
 0.000  0.000  0.000  0.000  0.200
atom  4   Tr[ns(na)]=   6.0000000
atom  4  spin  1
eigenvalues:  0.2000000 0.2000000 0.2000000 0.2000000 0.2000000
 eigenvectors
 1   1.0000000  0.0000000  0.0000000  0.0000000  0.0000000
 2   0.0000000  1.0000000  0.0000000  0.0000000  0.0000000
 3   0.0000000  0.0000000  1.0000000  0.0000000  0.0000000
 4   0.0000000  0.0000000  0.0000000  1.0000000  0.0000000
 5   0.0000000  0.0000000  0.0000000  0.0000000  1.0000000
 occupations
 0.200  0.000  0.000  0.000  0.000
 0.000  0.200  0.000  0.000  0.000
 0.000  0.000  0.200  0.000  0.000
 0.000  0.000  0.000  0.200  0.000
 0.000  0.000  0.000  0.000  0.200
atom  4  spin  2
eigenvalues:  1.0000000 1.0000000 1.0000000 1.0000000 1.0000000
 eigenvectors
 1   1.0000000  0.0000000  0.0000000  0.0000000  0.0000000
 2   0.0000000  1.0000000  0.0000000  0.0000000  0.0000000
 3   0.0000000  0.0000000  1.0000000  0.0000000  0.0000000
 4   0.0000000  0.0000000  0.0000000  1.0000000  0.0000000
 5   0.0000000  0.0000000  0.0000000  0.0000000  1.0000000
 occupations
 1.000  0.000  0.000  0.000  0.000
 0.000  1.000  0.000  0.000  0.000
 0.000  0.000  1.000  0.000  0.000
 0.000  0.000  0.000  1.000  0.000
 0.000  0.000  0.000  0.000  1.000
nsum =  12.0000000
 exit write_ns
 Atomic wfc used for LDA+U Projector are NOT orthogonalized
     Starting wfc are atomic

     total cpu time spent up to now is      7.35 secs

     Self-consistent Calculation

     iteration #  1     ecut=    30.00 ryd     beta=0.30
     Davidson diagonalization with overlap
     ethr =  1.00E-02,  avg # of iterations =  3.2
 enter write_ns
U( 1) =  0.0000      U( 2) =  4.3000      U( 3) =  4.3000
alpha( 1) =  0.0000      alpha( 2) =  0.0000      alpha( 3) =  0.0000
atom  3   Tr[ns(na)]=   6.1226801
atom  3  spin  1
eigenvalues:  0.9969552 0.9969552 1.0025536 1.0025536 1.0030281
 eigenvectors
 1  -0.4004648 -0.2442169  0.4878698  0.6946959  0.2436528
 2  -0.6946959  0.4223448  0.0003257 -0.4004648  0.4226704
 3   0.5931020  0.3937307  0.2561461  0.0724949  0.6498768
 4   0.0724949 -0.5230926  0.6025270 -0.5931020  0.0794345
 5   0.0000000  0.5773503  0.5773503  0.0000000 -0.5773503
 occupations
 0.999  0.001  0.001  0.000  0.002
 0.001  1.001  0.001  0.002 -0.001
 0.001  0.001  1.001 -0.002 -0.001
 0.000  0.002 -0.002  0.999  0.000
 0.002 -0.001 -0.001  0.000  1.001
atom  3  spin  2
eigenvalues:  0.1553853 0.1553853 0.2567874 0.2765382 0.2765382
 eigenvectors
 1  -0.3593357 -0.0709618  0.0450547 -0.9290539 -0.0259071
 2  -0.9290539 -0.0110549 -0.0559273  0.3593357 -0.0669821
 3   0.0000000 -0.5773503 -0.5773503  0.0000000  0.5773503
 4  -0.0867419  0.2843006  0.5177827  0.0145781  0.8020833
 5  -0.0145781  0.7620250 -0.6272240 -0.0867419  0.1348009
 occupations
 0.156 -0.004 -0.004  0.000 -0.009
-0.004  0.269 -0.006 -0.008  0.006
-0.004 -0.006  0.269  0.008  0.006
 0.000 -0.008  0.008  0.156  0.000
-0.009  0.006  0.006  0.000  0.269
atom  4   Tr[ns(na)]=   6.1226801
atom  4  spin  1
eigenvalues:  0.1553853 0.1553853 0.2567874 0.2765382 0.2765382
 eigenvectors
 1  -0.3244571 -0.0705004  0.0471080 -0.9418019 -0.0233924
 2  -0.9418019 -0.0136922 -0.0542091  0.3244571 -0.0679012
 3   0.0000000 -0.5773503 -0.5773503  0.0000000  0.5773503
 4  -0.0867080  0.2825415  0.5192286  0.0147783  0.8017701
 5  -0.0147783  0.7626789 -0.6260276 -0.0867080  0.1366513
 occupations
 0.156 -0.004 -0.004  0.000 -0.009
-0.004  0.269 -0.006 -0.008  0.006
-0.004 -0.006  0.269  0.008  0.006
 0.000 -0.008  0.008  0.156  0.000
-0.009  0.006  0.006  0.000  0.269
atom  4  spin  2
eigenvalues:  0.9969552 0.9969552 1.0025536 1.0025536 1.0030281
 eigenvectors
 1  -0.3810828 -0.2558135  0.4876738  0.7055143  0.2318603
 2  -0.7055143  0.4154232  0.0138293 -0.3810828  0.4292526
 3   0.5914013  0.4049162  0.2430971  0.0852643  0.6480133
 4   0.0852643 -0.5144828  0.6079091 -0.5914013  0.0934263
 5   0.0000000  0.5773503  0.5773503  0.0000000 -0.5773503
 occupations
 0.999  0.001  0.001  0.000  0.002
 0.001  1.001  0.001  0.002 -0.001
 0.001  0.001  1.001 -0.002 -0.001
 0.000  0.002 -0.002  0.999  0.000
 0.002 -0.001 -0.001  0.000  1.001
nsum =  12.2453603
 exit write_ns

     total cpu time spent up to now is     14.97 secs

     total energy              =  -173.87440401 ryd
     estimated scf accuracy    <     2.40343176 ryd

     total magnetization       =     0.00 Bohr mag/cell
     absolute magnetization    =     8.54 Bohr mag/cell

     iteration #  2     ecut=    30.00 ryd     beta=0.30
     Davidson diagonalization with overlap
     ethr =  8.58E-03,  avg # of iterations =  2.2
 enter write_ns
U( 1) =  0.0000      U( 2) =  4.3000      U( 3) =  4.3000
alpha( 1) =  0.0000      alpha( 2) =  0.0000      alpha( 3) =  0.0000
atom  3   Tr[ns(na)]=   6.9138793
atom  3  spin  1
eigenvalues:  0.9930388 0.9930388 1.0013931 1.0013931 1.0026209
 eigenvectors
 1  -0.1899428 -0.1702827  0.2151751  0.9415996  0.0448924
 2  -0.9415996  0.1501501  0.0723941 -0.1899428  0.2225442
 3  -0.2780487 -0.3943530 -0.3899422 -0.0009028 -0.7842952
 4  -0.0009028  0.6779463 -0.6804928  0.2780487 -0.0025466
 5   0.0000000  0.5773503  0.5773503  0.0000000 -0.5773503
 occupations
 0.994  0.001  0.001  0.000  0.002
 0.001  1.001  0.001  0.002 -0.001
 0.001  0.001  1.001 -0.002 -0.001
 0.000  0.002 -0.002  0.994  0.000
 0.002 -0.001 -0.001  0.000  1.001
atom  3  spin  2
eigenvalues:  0.3123236 0.3123236 0.4063957 0.4456758 0.4456758
 eigenvectors
 1   0.7902626  0.2842508 -0.0023670  0.4639207  0.2818839
 2  -0.4639207  0.1613791 -0.3268580  0.7902626 -0.1654789
 3   0.0000000  0.5773503  0.5773503  0.0000000 -0.5773503
 4   0.3659260 -0.0791615 -0.6047551 -0.1623602 -0.6839167
 5  -0.1623602  0.7440150 -0.4405634 -0.3659260  0.3034516
 occupations
 0.334 -0.020 -0.020  0.000 -0.040
-0.020  0.418 -0.006 -0.035  0.006
-0.020 -0.006  0.418  0.035  0.006
 0.000 -0.035  0.035  0.334  0.000
-0.040  0.006  0.006  0.000  0.418
atom  4   Tr[ns(na)]=   6.9138793
atom  4  spin  1
eigenvalues:  0.3123236 0.3123236 0.4063957 0.4456758 0.4456758
 eigenvectors
 1   0.8035084  0.2794034  0.0072052  0.4405811  0.2866086
 2  -0.4405811  0.1696335 -0.3267872  0.8035084 -0.1571537
 3   0.0000000  0.5773503  0.5773503  0.0000000 -0.5773503
 4   0.3715339 -0.1058956 -0.5885023 -0.1490812 -0.6943979
 5  -0.1490812  0.7406828 -0.4620497 -0.3715339  0.2786331
 occupations
 0.334 -0.020 -0.020  0.000 -0.040
-0.020  0.418 -0.006 -0.035  0.006
-0.020 -0.006  0.418  0.035  0.006
 0.000 -0.035  0.035  0.334  0.000
-0.040  0.006  0.006  0.000  0.418
atom  4  spin  2
eigenvalues:  0.9930388 0.9930388 1.0013931 1.0013931 1.0026209
 eigenvectors
 1  -0.2152271 -0.1661781  0.2170464  0.9361439  0.0508683
 2   0.9361439 -0.1546806 -0.0665742  0.2152271 -0.2212548
 3  -0.2780304 -0.3840345 -0.4002092  0.0033107 -0.7842437
 4   0.0033107  0.6838442 -0.6745058  0.2780304  0.0093385
 5   0.0000000 -0.5773503 -0.5773503  0.0000000  0.5773503
 occupations
 0.994  0.001  0.001  0.000  0.002
 0.001  1.001  0.001  0.002 -0.001
 0.001  0.001  1.001 -0.002 -0.001
 0.000  0.002 -0.002  0.994  0.000
 0.002 -0.001 -0.001  0.000  1.001
nsum =  13.8277586
 exit write_ns

     total cpu time spent up to now is     22.40 secs

     total energy              =  -174.43468878 ryd
     estimated scf accuracy    <     0.17790704 ryd

     total magnetization       =     0.00 Bohr mag/cell
     absolute magnetization    =     7.22 Bohr mag/cell

     iteration #  3     ecut=    30.00 ryd     beta=0.30
     Davidson diagonalization with overlap
     ethr =  6.35E-04,  avg # of iterations =  1.8
 enter write_ns
U( 1) =  0.0000      U( 2) =  4.3000      U( 3) =  4.3000
alpha( 1) =  0.0000      alpha( 2) =  0.0000      alpha( 3) =  0.0000
atom  3   Tr[ns(na)]=   6.7995774
atom  3  spin  1
eigenvalues:  0.9937851 0.9937851 1.0016949 1.0016949 1.0028991
 eigenvectors
 1   0.2006294  0.1773650 -0.2275326 -0.9348805 -0.0501676
 2   0.9348805 -0.1603303 -0.0734375  0.2006294 -0.2337677
 3  -0.2928108 -0.3837778 -0.3968920  0.0028399 -0.7806697
 4  -0.0028399 -0.6798655  0.6722941 -0.2928108 -0.0075715
 5   0.0000000 -0.5773503 -0.5773503  0.0000000  0.5773503
 occupations
 0.994  0.001  0.001  0.000  0.002
 0.001  1.002  0.001  0.002 -0.001
 0.001  0.001  1.002 -0.002 -0.001
 0.000  0.002 -0.002  0.994  0.000
 0.002 -0.001 -0.001  0.000  1.002
atom  3  spin  2
eigenvalues:  0.2786363 0.2786363 0.3999961 0.4242248 0.4242248
 eigenvectors
 1   0.7438280  0.2432694 -0.0375776  0.5863605  0.2056918
 2  -0.5863605  0.0970608 -0.2592079  0.7438280 -0.1621471
 3   0.0000000  0.5773503  0.5773503  0.0000000 -0.5773503
 4   0.3019011 -0.1375323 -0.5902961 -0.1084293 -0.7278284
 5  -0.1084293  0.7610195 -0.4996162 -0.3019011  0.2614033
 occupations
 0.294 -0.018 -0.018  0.000 -0.036
-0.018  0.406 -0.003 -0.031  0.003
-0.018 -0.003  0.406  0.031  0.003
 0.000 -0.031  0.031  0.294  0.000
-0.036  0.003  0.003  0.000  0.406
atom  4   Tr[ns(na)]=   6.7995774
atom  4  spin  1
eigenvalues:  0.2786363 0.2786363 0.3999961 0.4242248 0.4242248
 eigenvectors
 1   0.7541992  0.2414940 -0.0329343  0.5729593  0.2085597
 2  -0.5729593  0.1013974 -0.2598386  0.7541992 -0.1584412
 3   0.0000000  0.5773503  0.5773503  0.0000000 -0.5773503
 4   0.3031022 -0.1460878 -0.5846363 -0.1050250 -0.7307240
 5  -0.1050250  0.7594236 -0.5062275 -0.3031022  0.2531961
 occupations
 0.294 -0.018 -0.018  0.000 -0.036
-0.018  0.406 -0.003 -0.031  0.003
-0.018 -0.003  0.406  0.031  0.003
 0.000 -0.031  0.031  0.294  0.000
-0.036  0.003  0.003  0.000  0.406
atom  4  spin  2
eigenvalues:  0.9937851 0.9937851 1.0016949 1.0016949 1.0028991
 eigenvectors
 1  -0.2009223 -0.1773148  0.2275556  0.9348176  0.0502408
 2  -0.9348176  0.1603858  0.0733662 -0.2009223  0.2337520
 3  -0.2928242 -0.3914487 -0.3892567 -0.0004747 -0.7807054
 4  -0.0004747  0.6754779 -0.6767435  0.2928242 -0.0012656
 5   0.0000000  0.5773503  0.5773503  0.0000000 -0.5773503
 occupations
 0.994  0.001  0.001  0.000  0.002
 0.001  1.002  0.001  0.002 -0.001
 0.001  0.001  1.002 -0.002 -0.001
 0.000  0.002 -0.002  0.994  0.000
 0.002 -0.001 -0.001  0.000  1.002
nsum =  13.5991548
 exit write_ns

     total cpu time spent up to now is     29.54 secs

     total energy              =  -174.44744783 ryd
     estimated scf accuracy    <     0.04567934 ryd

     total magnetization       =     0.00 Bohr mag/cell
     absolute magnetization    =     7.41 Bohr mag/cell

     iteration #  4     ecut=    30.00 ryd     beta=0.30
     Davidson diagonalization with overlap
     ethr =  1.63E-04,  avg # of iterations =  2.0
 enter write_ns
U( 1) =  0.0000      U( 2) =  4.3000      U( 3) =  4.3000
alpha( 1) =  0.0000      alpha( 2) =  0.0000      alpha( 3) =  0.0000
atom  3   Tr[ns(na)]=   6.8652721
atom  3  spin  1
eigenvalues:  0.9935730 0.9935730 1.0013235 1.0013235 1.0025796
 eigenvectors
 1  -0.2050723 -0.1720385  0.2218470  0.9362965  0.0498084
 2   0.9362965 -0.1568403 -0.0705696  0.2050723 -0.2274099
 3  -0.2851197 -0.3936074 -0.3889930 -0.0009706 -0.7826004
 4  -0.0009706  0.6764198 -0.6790839  0.2851197 -0.0026641
 5   0.0000000 -0.5773503 -0.5773503  0.0000000  0.5773503
 occupations
 0.994  0.001  0.001  0.000  0.002
 0.001  1.001  0.001  0.001 -0.001
 0.001  0.001  1.001 -0.001 -0.001
 0.000  0.001 -0.001  0.994  0.000
 0.002 -0.001 -0.001  0.000  1.001
atom  3  spin  2
eigenvalues:  0.2817807 0.2817807 0.3685989 0.4703695 0.4703695
 eigenvectors
 1  -0.7011764 -0.2607377  0.0565111 -0.6288605 -0.2042266
 2   0.6288605 -0.0852836  0.2684473 -0.7011764  0.1831637
 3   0.0000000  0.5773503  0.5773503  0.0000000 -0.5773503
 4   0.3169708 -0.1418830 -0.5836262 -0.1114258 -0.7255092
 5  -0.1114258  0.7558296 -0.5007891 -0.3169708  0.2550406
 occupations
 0.303 -0.024 -0.024  0.000 -0.049
-0.024  0.422 -0.027 -0.042  0.027
-0.024 -0.027  0.422  0.042  0.027
 0.000 -0.042  0.042  0.303  0.000
-0.049  0.027  0.027  0.000  0.422
atom  4   Tr[ns(na)]=   6.8652721
atom  4  spin  1
eigenvalues:  0.2817807 0.2817807 0.3685989 0.4703695 0.4703695
 eigenvectors
 1   0.7889566  0.2446629 -0.0148691  0.5144525  0.2297937
 2  -0.5144525  0.1240868 -0.2739277  0.7889566 -0.1498409
 3   0.0000000  0.5773503  0.5773503  0.0000000 -0.5773503
 4   0.3162312 -0.1369096 -0.5869067 -0.1135077 -0.7238163
 5  -0.1135077  0.7567463 -0.4969403 -0.3162312  0.2598060
 occupations
 0.303 -0.024 -0.024  0.000 -0.049
-0.024  0.422 -0.027 -0.042  0.027
-0.024 -0.027  0.422  0.042  0.027
 0.000 -0.042  0.042  0.303  0.000
-0.049  0.027  0.027  0.000  0.422
atom  4  spin  2
eigenvalues:  0.9935730 0.9935730 1.0013235 1.0013235 1.0025796
 eigenvectors
 1   0.1972094  0.1733484 -0.2212471 -0.9379841 -0.0478987
 2   0.9379841 -0.1553914 -0.0724284  0.1972094 -0.2278198
 3  -0.2851209 -0.3899926 -0.3926109  0.0005507 -0.7826035
 4  -0.0005507 -0.6785104  0.6769987 -0.2851209 -0.0015117
 5   0.0000000 -0.5773503 -0.5773503  0.0000000  0.5773503
 occupations
 0.994  0.001  0.001  0.000  0.002
 0.001  1.001  0.001  0.001 -0.001
 0.001  0.001  1.001 -0.001 -0.001
 0.000  0.001 -0.001  0.994  0.000
 0.002 -0.001 -0.001  0.000  1.001
nsum =  13.7305441
 exit write_ns

     total cpu time spent up to now is     36.66 secs

     total energy              =  -174.45455569 ryd
     estimated scf accuracy    <     0.00599716 ryd

     total magnetization       =     0.00 Bohr mag/cell
     absolute magnetization    =     7.30 Bohr mag/cell

     iteration #  5     ecut=    30.00 ryd     beta=0.30
     Davidson diagonalization with overlap
     ethr =  2.14E-05,  avg # of iterations =  2.2
 enter write_ns
U( 1) =  0.0000      U( 2) =  4.3000      U( 3) =  4.3000
alpha( 1) =  0.0000      alpha( 2) =  0.0000      alpha( 3) =  0.0000
atom  3   Tr[ns(na)]=   6.8574089
atom  3  spin  1
eigenvalues:  0.9937624 0.9937624 1.0015003 1.0015003 1.0028045
 eigenvectors
 1  -0.2117695 -0.1686860  0.2193800  0.9359494  0.0506939
 2   0.9359494 -0.1559273 -0.0681228  0.2117695 -0.2240500
 3  -0.2813377 -0.3887881 -0.3947210  0.0012300 -0.7835092
 4   0.0012300  0.6802515 -0.6768262  0.2813377  0.0034254
 5   0.0000000 -0.5773503 -0.5773503  0.0000000  0.5773503
 occupations
 0.994  0.001  0.001  0.000  0.002
 0.001  1.002  0.001  0.001 -0.001
 0.001  0.001  1.002 -0.001 -0.001
 0.000  0.001 -0.001  0.994  0.000
 0.002 -0.001 -0.001  0.000  1.002
atom  3  spin  2
eigenvalues:  0.2778345 0.2778345 0.3370564 0.4856769 0.4856769
 eigenvectors
 1  -0.8274126 -0.2273894 -0.0047926 -0.4579857 -0.2321820
 2   0.4579857 -0.1368174  0.2653337 -0.8274126  0.1285164
 3   0.0000000  0.5773503  0.5773503  0.0000000 -0.5773503
 4   0.3055829 -0.1352155 -0.5907758 -0.1107090 -0.7259913
 5  -0.1107090  0.7602358 -0.4972180 -0.3055829  0.2630179
 occupations
 0.300 -0.026 -0.026  0.000 -0.052
-0.026  0.421 -0.042 -0.045  0.042
-0.026 -0.042  0.421  0.045  0.042
 0.000 -0.045  0.045  0.300  0.000
-0.052  0.042  0.042  0.000  0.421
atom  4   Tr[ns(na)]=   6.8574089
atom  4  spin  1
eigenvalues:  0.2778345 0.2778345 0.3370564 0.4856769 0.4856769
 eigenvectors
 1   0.6977881  0.2530270 -0.0572192  0.6383215  0.1958078
 2  -0.6383215  0.0800142 -0.2591349  0.6977881 -0.1791208
 3   0.0000000  0.5773503  0.5773503  0.0000000 -0.5773503
 4   0.3073419 -0.1475535 -0.5826166 -0.1057278 -0.7301701
 5  -0.1057278  0.7579378 -0.5067540 -0.3073419  0.2511838
 occupations
 0.300 -0.026 -0.026  0.000 -0.052
-0.026  0.421 -0.042 -0.045  0.042
-0.026 -0.042  0.421  0.045  0.042
 0.000 -0.045  0.045  0.300  0.000
-0.052  0.042  0.042  0.000  0.421
atom  4  spin  2
eigenvalues:  0.9937624 0.9937624 1.0015003 1.0015003 1.0028045
 eigenvectors
 1  -0.2192730 -0.1674294  0.2199195  0.9342200  0.0524901
 2   0.9342200 -0.1572758 -0.0663602  0.2192730 -0.2236360
 3  -0.2813146 -0.4009083 -0.3825365 -0.0038087 -0.7834449
 4  -0.0038087  0.6731797 -0.6837867  0.2813146 -0.0106070
 5   0.0000000 -0.5773503 -0.5773503  0.0000000  0.5773503
 occupations
 0.994  0.001  0.001  0.000  0.002
 0.001  1.002  0.001  0.001 -0.001
 0.001  0.001  1.002 -0.001 -0.001
 0.000  0.001 -0.001  0.994  0.000
 0.002 -0.001 -0.001  0.000  1.002
nsum =  13.7148178
 exit write_ns

     total cpu time spent up to now is     43.95 secs

     total energy              =  -174.45689774 ryd
     estimated scf accuracy    <     0.00472078 ryd

     total magnetization       =     0.00 Bohr mag/cell
     absolute magnetization    =     7.31 Bohr mag/cell

     iteration #  6     ecut=    30.00 ryd     beta=0.30
     Davidson diagonalization with overlap
     ethr =  1.69E-05,  avg # of iterations =  1.0
 enter write_ns
U( 1) =  0.0000      U( 2) =  4.3000      U( 3) =  4.3000
alpha( 1) =  0.0000      alpha( 2) =  0.0000      alpha( 3) =  0.0000
atom  3   Tr[ns(na)]=   6.8591761
atom  3  spin  1
eigenvalues:  0.9937425 0.9937425 1.0014862 1.0014862 1.0027970
 eigenvectors
 1  -0.1558301 -0.1772037  0.2144048  0.9470810  0.0372011
 2   0.9470810 -0.1452647 -0.0808306  0.1558301 -0.2260953
 3  -0.2806323 -0.3914451 -0.3922407  0.0001645 -0.7836858
 4   0.0001645  0.6789215 -0.6784621  0.2806323  0.0004594
 5   0.0000000 -0.5773503 -0.5773503  0.0000000  0.5773503
 occupations
 0.994  0.001  0.001  0.000  0.002
 0.001  1.002  0.001  0.001 -0.001
 0.001  0.001  1.002 -0.001 -0.001
 0.000  0.001 -0.001  0.994  0.000
 0.002 -0.001 -0.001  0.000  1.002
atom  3  spin  2
eigenvalues:  0.2781109 0.2781109 0.3183478 0.4956760 0.4956760
 eigenvectors
 1   0.7391498  0.2466843 -0.0396550  0.5902295  0.2070293
 2  -0.5902295  0.0966336 -0.2619516  0.7391498 -0.1653180
 3   0.0000000  0.5773503  0.5773503  0.0000000 -0.5773503
 4   0.3056534 -0.1392464 -0.5882632 -0.1089162 -0.7275095
 5  -0.1089162  0.7596617 -0.5004218 -0.3056534  0.2592399
 occupations
 0.301 -0.027 -0.027  0.000 -0.055
-0.027  0.421 -0.051 -0.047  0.051
-0.027 -0.051  0.421  0.047  0.051
 0.000 -0.047  0.047  0.301  0.000
-0.055  0.051  0.051  0.000  0.421
atom  4   Tr[ns(na)]=   6.8591761
atom  4  spin  1
eigenvalues:  0.2781109 0.2781109 0.3183478 0.4956760 0.4956760
 eigenvectors
 1  -0.7193168 -0.2497320  0.0482578 -0.6142448 -0.2014742
 2   0.6142448 -0.0884596  0.2605041 -0.7193168  0.1720445
 3   0.0000000  0.5773503  0.5773503  0.0000000 -0.5773503
 4   0.3083129 -0.1584343 -0.5754053 -0.1011430 -0.7338396
 5  -0.1011430  0.7558929 -0.5151546 -0.3083129  0.2407383
 occupations
 0.301 -0.027 -0.027  0.000 -0.055
-0.027  0.421 -0.051 -0.047  0.051
-0.027 -0.051  0.421  0.047  0.051
 0.000 -0.047  0.047  0.301  0.000
-0.055  0.051  0.051  0.000  0.421
atom  4  spin  2
eigenvalues:  0.9937425 0.9937425 1.0014862 1.0014862 1.0027970
 eigenvectors
 1  -0.2200086 -0.1668924  0.2194147  0.9342600  0.0525223
 2   0.9342600 -0.1570029 -0.0660316  0.2200086 -0.2230345
 3  -0.2806317 -0.3932337 -0.3904506 -0.0005754 -0.7836843
 4  -0.0005754  0.6778871 -0.6794939  0.2806317 -0.0016068
 5   0.0000000 -0.5773503 -0.5773503  0.0000000  0.5773503
 occupations
 0.994  0.001  0.001  0.000  0.002
 0.001  1.002  0.001  0.001 -0.001
 0.001  0.001  1.002 -0.001 -0.001
 0.000  0.001 -0.001  0.994  0.000
 0.002 -0.001 -0.001  0.000  1.002
nsum =  13.7183522
 exit write_ns

     total cpu time spent up to now is     50.93 secs

     total energy              =  -174.45788620 ryd
     estimated scf accuracy    <     0.00558921 ryd

     total magnetization       =     0.00 Bohr mag/cell
     absolute magnetization    =     7.31 Bohr mag/cell

     iteration #  7     ecut=    30.00 ryd     beta=0.30
     Davidson diagonalization with overlap
     ethr =  1.69E-05,  avg # of iterations =  1.5
 enter write_ns
U( 1) =  0.0000      U( 2) =  4.3000      U( 3) =  4.3000
alpha( 1) =  0.0000      alpha( 2) =  0.0000      alpha( 3) =  0.0000
atom  3   Tr[ns(na)]=   6.8430282
atom  3  spin  1
eigenvalues:  0.9938403 0.9938403 1.0014146 1.0014146 1.0029958
 eigenvectors
 1  -0.1611421 -0.1860341  0.2268349  0.9414381  0.0408008
 2   0.9414381 -0.1545195 -0.0838505  0.1611421 -0.2383700
 3  -0.2961574 -0.3996181 -0.3801610 -0.0042665 -0.7797791
 4  -0.0042665  0.6696918 -0.6809253  0.2961574 -0.0112336
 5   0.0000000 -0.5773503 -0.5773503  0.0000000  0.5773503
 occupations
 0.995  0.001  0.001  0.000  0.002
 0.001  1.001  0.001  0.002 -0.001
 0.001  0.001  1.001 -0.002 -0.001
 0.000  0.002 -0.002  0.995  0.000
 0.002 -0.001 -0.001  0.000  1.001
atom  3  spin  2
eigenvalues:  0.2716438 0.2716438 0.3425320 0.3425320 0.6211712
 eigenvectors
 1  -0.7837665 -0.3444615 -0.0897564 -0.2654337 -0.4342179
 2   0.2654337 -0.3025167  0.4495707 -0.7837665  0.1470541
 3   0.4619422  0.0546695 -0.6105421 -0.3191622 -0.5558727
 4   0.3191622 -0.6734299  0.2893698  0.4619422 -0.3840601
 5   0.0000000 -0.5773503 -0.5773503  0.0000000  0.5773503
 occupations
 0.294 -0.013 -0.013  0.000 -0.027
-0.013  0.421  0.100 -0.023 -0.100
-0.013  0.100  0.421  0.023 -0.100
 0.000 -0.023  0.023  0.294  0.000
-0.027 -0.100 -0.100  0.000  0.421
atom  4   Tr[ns(na)]=   6.8430283
atom  4  spin  1
eigenvalues:  0.2716438 0.2716438 0.3425320 0.3425320 0.6211712
 eigenvectors
 1  -0.7960830 -0.3288693 -0.1121719 -0.2258251 -0.4410412
 2   0.2258251 -0.3193978  0.4445081 -0.7960830  0.1251103
 3   0.4689138  0.0397056 -0.6039676 -0.3088282 -0.5642620
 4   0.3088282 -0.6744777  0.3028528  0.4689138 -0.3716249
 5   0.0000000 -0.5773503 -0.5773503  0.0000000  0.5773503
 occupations
 0.294 -0.013 -0.013  0.000 -0.027
-0.013  0.421  0.100 -0.023 -0.100
-0.013  0.100  0.421  0.023 -0.100
 0.000 -0.023  0.023  0.294  0.000
-0.027 -0.100 -0.100  0.000  0.421
atom  4  spin  2
eigenvalues:  0.9938403 0.9938403 1.0014146 1.0014146 1.0029958
 eigenvectors
 1  -0.1927574 -0.1807245  0.2295302  0.9354770  0.0488057
 2   0.9354770 -0.1606973 -0.0761633  0.1927574 -0.2368606
 3  -0.2961863 -0.3923190 -0.3875362 -0.0010488 -0.7798552
 4  -0.0010488  0.6739937 -0.6767551  0.2961863 -0.0027614
 5   0.0000000 -0.5773503 -0.5773503  0.0000000  0.5773503
 occupations
 0.995  0.001  0.001  0.000  0.002
 0.001  1.001  0.001  0.002 -0.001
 0.001  0.001  1.001 -0.002 -0.001
 0.000  0.002 -0.002  0.995  0.000
 0.002 -0.001 -0.001  0.000  1.001
nsum =  13.6860564
 exit write_ns

     total cpu time spent up to now is     58.01 secs

     total energy              =  -174.46401256 ryd
     estimated scf accuracy    <     0.01364157 ryd

     total magnetization       =     0.00 Bohr mag/cell
     absolute magnetization    =     7.34 Bohr mag/cell

     iteration #  8     ecut=    30.00 ryd     beta=0.30
     Davidson diagonalization with overlap
     ethr =  1.69E-05,  avg # of iterations =  1.0
 enter write_ns
U( 1) =  0.0000      U( 2) =  4.3000      U( 3) =  4.3000
alpha( 1) =  0.0000      alpha( 2) =  0.0000      alpha( 3) =  0.0000
atom  3   Tr[ns(na)]=   6.8620465
atom  3  spin  1
eigenvalues:  0.9937988 0.9937988 1.0015345 1.0015345 1.0028726
 eigenvectors
 1  -0.1732321 -0.1734216  0.2144960  0.9445740  0.0410744
 2   0.9445740 -0.1475536 -0.0764107  0.1732321 -0.2239643
 3  -0.2788682 -0.3876909 -0.3963973  0.0017878 -0.7840882
 4   0.0017878  0.6815536 -0.6765270  0.2788682  0.0050266
 5   0.0000000 -0.5773503 -0.5773503  0.0000000  0.5773503
 occupations
 0.994  0.001  0.001  0.000  0.002
 0.001  1.002  0.001  0.001 -0.001
 0.001  0.001  1.002 -0.001 -0.001
 0.000  0.001 -0.001  0.994  0.000
 0.002 -0.001 -0.001  0.000  1.002
atom  3  spin  2
eigenvalues:  0.2766468 0.2766468 0.3236466 0.4957836 0.4957836
 eigenvectors
 1  -0.7907589 -0.2447685  0.0138073 -0.5111310 -0.2309613
 2   0.5111310 -0.1253739  0.2746627 -0.7907589  0.1492888
 3   0.0000000  0.5773503  0.5773503  0.0000000 -0.5773503
 4   0.3160191 -0.1303287 -0.5909897 -0.1165218 -0.7213184
 5  -0.1165218  0.7576614 -0.4916987 -0.3160191  0.2659627
 occupations
 0.302 -0.028 -0.028  0.000 -0.057
-0.028  0.422 -0.049 -0.049  0.049
-0.028 -0.049  0.422  0.049  0.049
 0.000 -0.049  0.049  0.302  0.000
-0.057  0.049  0.049  0.000  0.422
atom  4   Tr[ns(na)]=   6.8620460
atom  4  spin  1
eigenvalues:  0.2766468 0.2766468 0.3236466 0.4957833 0.4957833
 eigenvectors
 1   0.7985116  0.2428153 -0.0095896  0.4989327  0.2332257
 2  -0.4989327  0.1291164 -0.2748424  0.7985116 -0.1457260
 3   0.0000000  0.5773503  0.5773503  0.0000000 -0.5773503
 4   0.3156332 -0.1278293 -0.5926080 -0.1175634 -0.7204373
 5  -0.1175634  0.7580871 -0.4897470 -0.3156332  0.2683401
 occupations
 0.302 -0.028 -0.028  0.000 -0.057
-0.028  0.422 -0.049 -0.049  0.049
-0.028 -0.049  0.422  0.049  0.049
 0.000 -0.049  0.049  0.302  0.000
-0.057  0.049  0.049  0.000  0.422
atom  4  spin  2
eigenvalues:  0.9937988 0.9937988 1.0015345 1.0015345 1.0028726
 eigenvectors
 1  -0.2060598 -0.1681716  0.2170296  0.9379599  0.0488580
 2   0.9379599 -0.1535103 -0.0688857  0.2060598 -0.2223960
 3  -0.2788730 -0.3903946 -0.3937073  0.0006802 -0.7841020
 4   0.0006802  0.6800085 -0.6780959  0.2788730  0.0019126
 5   0.0000000 -0.5773503 -0.5773503  0.0000000  0.5773503
 occupations
 0.994  0.001  0.001  0.000  0.002
 0.001  1.002  0.001  0.001 -0.001
 0.001  0.001  1.002 -0.001 -0.001
 0.000  0.001 -0.001  0.994  0.000
 0.002 -0.001 -0.001  0.000  1.002
nsum =  13.7240926
 exit write_ns

     total cpu time spent up to now is     65.03 secs

     total energy              =  -174.45792680 ryd
     estimated scf accuracy    <     0.00464198 ryd

     total magnetization       =     0.00 Bohr mag/cell
     absolute magnetization    =     7.30 Bohr mag/cell

     iteration #  9     ecut=    30.00 ryd     beta=0.30
     Davidson diagonalization with overlap
     ethr =  1.66E-05,  avg # of iterations =  1.0
 enter write_ns
U( 1) =  0.0000      U( 2) =  4.3000      U( 3) =  4.3000
alpha( 1) =  0.0000      alpha( 2) =  0.0000      alpha( 3) =  0.0000
atom  3   Tr[ns(na)]=   6.8513752
atom  3  spin  1
eigenvalues:  0.9938240 0.9938240 1.0015025 1.0015025 1.0027654
 eigenvectors
 1  -0.1832095 -0.1779334  0.2230738  0.9396672  0.0451404
 2   0.9396672 -0.1548535 -0.0766681  0.1832095 -0.2315216
 3  -0.2888896 -0.3946558 -0.3870137 -0.0016307 -0.7816696
 4  -0.0016307  0.6747396 -0.6791518  0.2888896 -0.0044122
 5   0.0000000 -0.5773503 -0.5773503  0.0000000  0.5773503
 occupations
 0.994  0.001  0.001  0.000  0.002
 0.001  1.001  0.001  0.002 -0.001
 0.001  0.001  1.001 -0.002 -0.001
 0.000  0.002 -0.002  0.994  0.000
 0.002 -0.001 -0.001  0.000  1.001
atom  3  spin  2
eigenvalues:  0.2730683 0.2730683 0.4124664 0.4124664 0.4868874
 eigenvectors
 1   0.7759947  0.2942053 -0.0101685  0.4800991  0.2840368
 2  -0.4800991  0.1581179 -0.3338482  0.7759947 -0.1757303
 3   0.3716619 -0.0689074 -0.6080183 -0.1708931 -0.6769257
 4   0.1708931 -0.7418628  0.4306069  0.3716619 -0.3112558
 5   0.0000000 -0.5773503 -0.5773503  0.0000000  0.5773503
 occupations
 0.296 -0.021 -0.021  0.000 -0.042
-0.021  0.422  0.033 -0.037 -0.033
-0.021  0.033  0.422  0.037 -0.033
 0.000 -0.037  0.037  0.296  0.000
-0.042 -0.033 -0.033  0.000  0.422
atom  4   Tr[ns(na)]=   6.8513834
atom  4  spin  1
eigenvalues:  0.2730686 0.2730686 0.4124694 0.4124694 0.4868890
 eigenvectors
 1   0.8036814  0.2840731  0.0100947  0.4321598  0.2941679
 2  -0.4321598  0.1756661 -0.3338476  0.8036814 -0.1581815
 3   0.3704721 -0.0637929 -0.6109727 -0.1734491 -0.6747656
 4   0.1734491 -0.7423214  0.4264070  0.3704721 -0.3159144
 5   0.0000000 -0.5773503 -0.5773503  0.0000000  0.5773503
 occupations
 0.296 -0.021 -0.021  0.000 -0.042
-0.021  0.422  0.033 -0.037 -0.033
-0.021  0.033  0.422  0.037 -0.033
 0.000 -0.037  0.037  0.296  0.000
-0.042 -0.033 -0.033  0.000  0.422
atom  4  spin  2
eigenvalues:  0.9938240 0.9938240 1.0015025 1.0015025 1.0027654
 eigenvectors
 1  -0.2290723 -0.1701254  0.2265659  0.9295513  0.0564406
 2   0.9295513 -0.1633939 -0.0656359  0.2290723 -0.2290298
 3  -0.2888841 -0.3849598 -0.3966926  0.0025035 -0.7816525
 4   0.0025035  0.6803179 -0.6735439  0.2888841  0.0067739
 5   0.0000000 -0.5773503 -0.5773503  0.0000000  0.5773503
 occupations
 0.994  0.001  0.001  0.000  0.002
 0.001  1.001  0.001  0.002 -0.001
 0.001  0.001  1.001 -0.002 -0.001
 0.000  0.002 -0.002  0.994  0.000
 0.002 -0.001 -0.001  0.000  1.001
nsum =  13.7027586
 exit write_ns

     total cpu time spent up to now is     72.04 secs

     total energy              =  -174.45394006 ryd
     estimated scf accuracy    <     0.00092261 ryd

     total magnetization       =     0.00 Bohr mag/cell
     absolute magnetization    =     7.32 Bohr mag/cell

     iteration # 10     ecut=    30.00 ryd     beta=0.30
     Davidson diagonalization with overlap
     ethr =  3.30E-06,  avg # of iterations =  1.0
 enter write_ns
U( 1) =  0.0000      U( 2) =  4.3000      U( 3) =  4.3000
alpha( 1) =  0.0000      alpha( 2) =  0.0000      alpha( 3) =  0.0000
atom  3   Tr[ns(na)]=   6.8611253
atom  3  spin  1
eigenvalues:  0.9937643 0.9937643 1.0015141 1.0015141 1.0027779
 eigenvectors
 1  -0.2263530 -0.1674490  0.2220742  0.9318929  0.0546252
 2   0.9318929 -0.1597525 -0.0651389  0.2263530 -0.2248914
 3  -0.2834398 -0.3948320 -0.3881698 -0.0013924 -0.7830018
 4  -0.0013924  0.6761763 -0.6800227  0.2834398 -0.0038464
 5   0.0000000 -0.5773503 -0.5773503  0.0000000  0.5773503
 occupations
 0.994  0.001  0.001  0.000  0.002
 0.001  1.002  0.001  0.001 -0.001
 0.001  0.001  1.002 -0.001 -0.001
 0.000  0.001 -0.001  0.994  0.000
 0.002 -0.001 -0.001  0.000  1.002
atom  3  spin  2
eigenvalues:  0.2741581 0.2741581 0.4140318 0.4527213 0.4527213
 eigenvectors
 1   0.7865970  0.2744635 -0.0090756  0.4852028  0.2653880
 2  -0.4852028  0.1479820 -0.3116834  0.7865970 -0.1637014
 3   0.0000000  0.5773503  0.5773503  0.0000000 -0.5773503
 4   0.3529915 -0.0993529 -0.5981469 -0.1457407 -0.6974998
 5  -0.1457407  0.7480420 -0.4600631 -0.3529915  0.2879788
 occupations
 0.300 -0.026 -0.026  0.000 -0.051
-0.026  0.422 -0.004 -0.045  0.004
-0.026 -0.004  0.422  0.045  0.004
 0.000 -0.045  0.045  0.300  0.000
-0.051  0.004  0.004  0.000  0.422
atom  4   Tr[ns(na)]=   6.8610053
atom  4  spin  1
eigenvalues:  0.2741541 0.2741541 0.4140110 0.4526759 0.4526759
 eigenvectors
 1   0.7959725  0.2715259 -0.0029457  0.4696355  0.2685802
 2  -0.4696355  0.1533641 -0.3118304  0.7959725 -0.1584663
 3   0.0000000  0.5773503  0.5773503  0.0000000 -0.5773503
 4   0.3529598 -0.0990212 -0.5983404 -0.1459099 -0.6973616
 5  -0.1459099  0.7480739 -0.4597919 -0.3529598  0.2882821
 occupations
 0.300 -0.026 -0.026  0.000 -0.051
-0.026  0.422 -0.004 -0.045  0.004
-0.026 -0.004  0.422  0.045  0.004
 0.000 -0.045  0.045  0.300  0.000
-0.051  0.004  0.004  0.000  0.422
atom  4  spin  2
eigenvalues:  0.9937641 0.9937641 1.0015141 1.0015141 1.0027779
 eigenvectors
 1  -0.2283876 -0.1670938  0.2222078  0.9313994  0.0551140
 2   0.9313994 -0.1601119 -0.0646515  0.2283876 -0.2247634
 3  -0.2834284 -0.3953250 -0.3876763 -0.0015985 -0.7830013
 4  -0.0015985  0.6758910 -0.6803070  0.2834284 -0.0044159
 5   0.0000000 -0.5773503 -0.5773503  0.0000000  0.5773503
 occupations
 0.994  0.001  0.001  0.000  0.002
 0.001  1.002  0.001  0.001 -0.001
 0.001  0.001  1.002 -0.001 -0.001
 0.000  0.001 -0.001  0.994  0.000
 0.002 -0.001 -0.001  0.000  1.002
nsum =  13.7221306
 exit write_ns

     total cpu time spent up to now is     79.05 secs

     total energy              =  -174.45370358 ryd
     estimated scf accuracy    <     0.00042620 ryd

     total magnetization       =     0.00 Bohr mag/cell
     absolute magnetization    =     7.31 Bohr mag/cell

     iteration # 11     ecut=    30.00 ryd     beta=0.30
     Davidson diagonalization with overlap
     ethr =  1.52E-06,  avg # of iterations =  1.1
 enter write_ns
U( 1) =  0.0000      U( 2) =  4.3000      U( 3) =  4.3000
alpha( 1) =  0.0000      alpha( 2) =  0.0000      alpha( 3) =  0.0000
atom  3   Tr[ns(na)]=   6.8545563
atom  3  spin  1
eigenvalues:  0.9937706 0.9937706 1.0014944 1.0014944 1.0027336
 eigenvectors
 1  -0.2228130 -0.1707354  0.2254604  0.9313305  0.0547250
 2   0.9313305 -0.1617652 -0.0669786  0.2228130 -0.2287438
 3  -0.2880442 -0.3977209 -0.3841273 -0.0028914 -0.7818481
 4  -0.0028914  0.6731762 -0.6810245  0.2880442 -0.0078483
 5   0.0000000 -0.5773503 -0.5773503  0.0000000  0.5773503
 occupations
 0.994  0.001  0.001  0.000  0.002
 0.001  1.001  0.001  0.002 -0.001
 0.001  0.001  1.001 -0.002 -0.001
 0.000  0.002 -0.002  0.994  0.000
 0.002 -0.001 -0.001  0.000  1.001
atom  3  spin  2
eigenvalues:  0.2718202 0.2718202 0.4140917 0.4140917 0.4894689
 eigenvectors
 1   0.7778945  0.3053576 -0.0031933  0.4586103  0.3021643
 2  -0.4586103  0.1726110 -0.3507529  0.7778945 -0.1781419
 3   0.3854676 -0.0488831 -0.6126844 -0.1896615 -0.6615675
 4   0.1896615 -0.7356897  0.4101788  0.3854676 -0.3255108
 5   0.0000000 -0.5773503 -0.5773503  0.0000000  0.5773503
 occupations
 0.298 -0.023 -0.023  0.000 -0.045
-0.023  0.422  0.034 -0.039 -0.034
-0.023  0.034  0.422  0.039 -0.034
 0.000 -0.039  0.039  0.298  0.000
-0.045 -0.034 -0.034  0.000  0.422
atom  4   Tr[ns(na)]=   6.8556178
atom  4  spin  1
eigenvalues:  0.2718659 0.2718659 0.4144795 0.4144795 0.4896604
 eigenvectors
 1   0.7936447  0.2988014  0.0090515  0.4312662  0.3078529
 2  -0.4312662  0.1829649 -0.3502520  0.7936447 -0.1672872
 3   0.3838383 -0.0442963 -0.6153936 -0.1918483 -0.6596900
 4   0.1918483 -0.7361699  0.4064467  0.3838383 -0.3297232
 5   0.0000000 -0.5773503 -0.5773503  0.0000000  0.5773503
 occupations
 0.298 -0.023 -0.023  0.000 -0.045
-0.023  0.422  0.034 -0.039 -0.034
-0.023  0.034  0.422  0.039 -0.034
 0.000 -0.039  0.039  0.298  0.000
-0.045 -0.034 -0.034  0.000  0.422
atom  4  spin  2
eigenvalues:  0.9937721 0.9937721 1.0014942 1.0014942 1.0027339
 eigenvectors
 1   0.2079821  0.1733418 -0.2244428 -0.9347246 -0.0511010
 2   0.9347246 -0.1590853 -0.0705757  0.2079821 -0.2296611
