
     Program PWSCF     v.3.1    starts ...
     Today is  9May2006 at  5:10:30 

     Ultrasoft (Vanderbilt) Pseudopotentials

     Current dimensions of program pwscf are:

     ntypx = 10   npk = 40000  lmax =  3
     nchix =  6  ndmx =  2000  nbrx = 14  nqfx =  8
  HUBBARD L FOR TYPE Fe IS            2
  HUBBARD L FOR TYPE Fe IS            2
  MAXIMUM HUBBARD L IS            2


     bravais-lattice index     =            0
     lattice parameter (a_0)   =       8.1900  a.u.
     unit-cell volume          =     274.6766 (a.u.)^3
     number of atoms/cell      =            4
     number of atomic types    =            3
     kinetic-energy cutoff     =      30.0000  Ry
     charge density cutoff     =     240.0000  Ry
     convergence threshold     =      1.0E-06
     beta                      =       0.3000
     number of iterations used =            8  plain     mixing
     Exchange-correlation      =  SLA  PZ   NOGX NOGC (1100)
     celldm(1)=   8.190000  celldm(2)=   0.000000  celldm(3)=   0.000000
     celldm(4)=   0.000000  celldm(5)=   0.000000  celldm(6)=   0.000000

     crystal axes: (cart. coord. in units of a_0)
               a(1) = (  0.500000  0.500000  1.000000 )  
               a(2) = (  0.500000  1.000000  0.500000 )  
               a(3) = (  1.000000  0.500000  0.500000 )  

     reciprocal axes: (cart. coord. in units 2 pi/a_0)
               b(1) = ( -0.500000 -0.500000  1.500000 )  
               b(2) = ( -0.500000  1.500000 -0.500000 )  
               b(3) = (  1.500000 -0.500000 -0.500000 )  


     PSEUDO 1 is O  (US)    zval =  6.0   lmax= 2   lloc= 0
     Version   0  0  0 of US pseudo code
     Using log mesh of  1269 points
     The pseudopotential has  4 beta functions with: 
                l(1) =   0
                l(2) =   0
                l(3) =   1
                l(4) =   1
     Q(r) pseudized with  0 coefficients,  rinner =    0.000   0.000   0.000
                                                       0.000   0.000

     PSEUDO 2 is Fe (US)    zval =  8.0   lmax= 2   lloc= 0
     Version   0  0  0 of US pseudo code
     Using log mesh of   957 points
     The pseudopotential has  6 beta functions with: 
                l(1) =   0
                l(2) =   0
                l(3) =   1
                l(4) =   1
                l(5) =   2
                l(6) =   2
     Q(r) pseudized with  0 coefficients,  rinner =    0.000   0.000   0.000
                                                       0.000   0.000

     PSEUDO 3 is Fe (US)    zval =  8.0   lmax= 2   lloc= 0
     Version   0  0  0 of US pseudo code
     Using log mesh of   957 points
     The pseudopotential has  6 beta functions with: 
                l(1) =   0
                l(2) =   0
                l(3) =   1
                l(4) =   1
                l(5) =   2
                l(6) =   2
     Q(r) pseudized with  0 coefficients,  rinner =    0.000   0.000   0.000
                                                       0.000   0.000

     atomic species   valence    mass     pseudopotential
        O1             6.00     1.00000     O ( 1.00)
        Fe1            8.00     1.00000     Fe( 1.00)
        Fe2            8.00     1.00000     Fe( 1.00)

     Starting magnetic structure 
     atomic species   magnetization
        O1           0.000
        Fe1          0.500
        Fe2         -0.500

     12 Sym.Ops. (with inversion)


   Cartesian axes

     site n.     atom                  positions (a_0 units)
         1           O1  tau(  1) = (   0.5000000   0.5000000   0.5000000  )
         2           O1  tau(  2) = (   1.5000000   1.5000000   1.5000000  )
         3           Fe1 tau(  3) = (   0.0000000   0.0000000   0.0000000  )
         4           Fe2 tau(  4) = (   1.0000000   1.0000000   1.0000000  )

     number of k points=    8  gaussian broad. (ryd)=  0.0100     ngauss =   0
                       cart. coord. in units 2pi/a_0
        k(    1) = (   0.0000000   0.0000000   0.0000000), wk =   0.1250000
        k(    2) = (  -0.7500000   0.2500000   0.2500000), wk =   0.3750000
        k(    3) = (  -0.5000000  -0.5000000   0.5000000), wk =   0.3750000
        k(    4) = (  -0.2500000  -0.2500000  -0.2500000), wk =   0.1250000
        k(    5) = (   0.0000000   0.0000000   0.0000000), wk =   0.1250000
        k(    6) = (  -0.7500000   0.2500000   0.2500000), wk =   0.3750000
        k(    7) = (  -0.5000000  -0.5000000   0.5000000), wk =   0.3750000
        k(    8) = (  -0.2500000  -0.2500000  -0.2500000), wk =   0.1250000

     G cutoff =  407.7738  (  17255 G-vectors)     FFT grid: ( 50, 50, 50)
     G cutoff =  203.8869  (   6111 G-vectors)  smooth grid: ( 36, 36, 36)

     nbndx  =    80  nbnd   =    20  natomwfc =    20  npwx   =     780
     nelec  =  28.00  nkb   =    52  ngl    =     342

     Check: negative/imaginary core charge=   -0.000003    0.000000

     Initial potential from superposition of free atoms

     starting charge   27.99905, renormalised to   28.00000

     Parameters of the lda+U calculation:
     Number of iteration with fixed ns =  0
     Starting ns and Hubbard U :
 enter write_ns
U( 1) =  0.0000      U( 2) =  4.3000      U( 3) =  4.3000
alpha( 1) =  0.0000      alpha( 2) =  0.0000      alpha( 3) =  0.0000
atom  3   Tr[ns(na)]=   6.0000000
atom  3  spin  1
eigenvalues:  1.0000000 1.0000000 1.0000000 1.0000000 1.0000000
 eigenvectors
 1   1.0000000  0.0000000  0.0000000  0.0000000  0.0000000
 2   0.0000000  1.0000000  0.0000000  0.0000000  0.0000000
 3   0.0000000  0.0000000  1.0000000  0.0000000  0.0000000
 4   0.0000000  0.0000000  0.0000000  1.0000000  0.0000000
 5   0.0000000  0.0000000  0.0000000  0.0000000  1.0000000
 occupations
 1.000  0.000  0.000  0.000  0.000
 0.000  1.000  0.000  0.000  0.000
 0.000  0.000  1.000  0.000  0.000
 0.000  0.000  0.000  1.000  0.000
 0.000  0.000  0.000  0.000  1.000
atom  3  spin  2
eigenvalues:  0.2000000 0.2000000 0.2000000 0.2000000 0.2000000
 eigenvectors
 1   1.0000000  0.0000000  0.0000000  0.0000000  0.0000000
 2   0.0000000  1.0000000  0.0000000  0.0000000  0.0000000
 3   0.0000000  0.0000000  1.0000000  0.0000000  0.0000000
 4   0.0000000  0.0000000  0.0000000  1.0000000  0.0000000
 5   0.0000000  0.0000000  0.0000000  0.0000000  1.0000000
 occupations
 0.200  0.000  0.000  0.000  0.000
 0.000  0.200  0.000  0.000  0.000
 0.000  0.000  0.200  0.000  0.000
 0.000  0.000  0.000  0.200  0.000
 0.000  0.000  0.000  0.000  0.200
atom  4   Tr[ns(na)]=   6.0000000
atom  4  spin  1
eigenvalues:  0.2000000 0.2000000 0.2000000 0.2000000 0.2000000
 eigenvectors
 1   1.0000000  0.0000000  0.0000000  0.0000000  0.0000000
 2   0.0000000  1.0000000  0.0000000  0.0000000  0.0000000
 3   0.0000000  0.0000000  1.0000000  0.0000000  0.0000000
 4   0.0000000  0.0000000  0.0000000  1.0000000  0.0000000
 5   0.0000000  0.0000000  0.0000000  0.0000000  1.0000000
 occupations
 0.200  0.000  0.000  0.000  0.000
 0.000  0.200  0.000  0.000  0.000
 0.000  0.000  0.200  0.000  0.000
 0.000  0.000  0.000  0.200  0.000
 0.000  0.000  0.000  0.000  0.200
atom  4  spin  2
eigenvalues:  1.0000000 1.0000000 1.0000000 1.0000000 1.0000000
 eigenvectors
 1   1.0000000  0.0000000  0.0000000  0.0000000  0.0000000
 2   0.0000000  1.0000000  0.0000000  0.0000000  0.0000000
 3   0.0000000  0.0000000  1.0000000  0.0000000  0.0000000
 4   0.0000000  0.0000000  0.0000000  1.0000000  0.0000000
 5   0.0000000  0.0000000  0.0000000  0.0000000  1.0000000
 occupations
 1.000  0.000  0.000  0.000  0.000
 0.000  1.000  0.000  0.000  0.000
 0.000  0.000  1.000  0.000  0.000
 0.000  0.000  0.000  1.000  0.000
 0.000  0.000  0.000  0.000  1.000
nsum =  12.0000000
 exit write_ns
 Atomic wfc used for LDA+U Projector are NOT orthogonalized
     Starting wfc are atomic

     total cpu time spent up to now is      7.45 secs

     Self-consistent Calculation

     iteration #  1     ecut=    30.00 ryd     beta=0.30
     Davidson diagonalization with overlap
     ethr =  1.00E-02,  avg # of iterations =  3.2
 enter write_ns
U( 1) =  0.0000      U( 2) =  4.3000      U( 3) =  4.3000
alpha( 1) =  0.0000      alpha( 2) =  0.0000      alpha( 3) =  0.0000
atom  3   Tr[ns(na)]=   6.1226801
atom  3  spin  1
eigenvalues:  0.9969552 0.9969552 1.0025536 1.0025536 1.0030281
 eigenvectors
 1  -0.4004648 -0.2442169  0.4878698  0.6946959  0.2436528
 2  -0.6946959  0.4223448  0.0003257 -0.4004648  0.4226704
 3   0.5931020  0.3937307  0.2561461  0.0724949  0.6498768
 4   0.0724949 -0.5230926  0.6025270 -0.5931020  0.0794345
 5   0.0000000  0.5773503  0.5773503  0.0000000 -0.5773503
 occupations
 0.999  0.001  0.001  0.000  0.002
 0.001  1.001  0.001  0.002 -0.001
 0.001  0.001  1.001 -0.002 -0.001
 0.000  0.002 -0.002  0.999  0.000
 0.002 -0.001 -0.001  0.000  1.001
atom  3  spin  2
eigenvalues:  0.1553853 0.1553853 0.2567874 0.2765382 0.2765382
 eigenvectors
 1  -0.3593357 -0.0709618  0.0450547 -0.9290539 -0.0259071
 2  -0.9290539 -0.0110549 -0.0559273  0.3593357 -0.0669821
 3   0.0000000 -0.5773503 -0.5773503  0.0000000  0.5773503
 4  -0.0867419  0.2843006  0.5177827  0.0145781  0.8020833
 5  -0.0145781  0.7620250 -0.6272240 -0.0867419  0.1348009
 occupations
 0.156 -0.004 -0.004  0.000 -0.009
-0.004  0.269 -0.006 -0.008  0.006
-0.004 -0.006  0.269  0.008  0.006
 0.000 -0.008  0.008  0.156  0.000
-0.009  0.006  0.006  0.000  0.269
atom  4   Tr[ns(na)]=   6.1226801
atom  4  spin  1
eigenvalues:  0.1553853 0.1553853 0.2567874 0.2765382 0.2765382
 eigenvectors
 1  -0.3244571 -0.0705004  0.0471080 -0.9418019 -0.0233924
 2  -0.9418019 -0.0136922 -0.0542091  0.3244571 -0.0679012
 3   0.0000000 -0.5773503 -0.5773503  0.0000000  0.5773503
 4  -0.0867080  0.2825415  0.5192286  0.0147783  0.8017701
 5  -0.0147783  0.7626789 -0.6260276 -0.0867080  0.1366513
 occupations
 0.156 -0.004 -0.004  0.000 -0.009
-0.004  0.269 -0.006 -0.008  0.006
-0.004 -0.006  0.269  0.008  0.006
 0.000 -0.008  0.008  0.156  0.000
-0.009  0.006  0.006  0.000  0.269
atom  4  spin  2
eigenvalues:  0.9969552 0.9969552 1.0025536 1.0025536 1.0030281
 eigenvectors
 1  -0.3810828 -0.2558135  0.4876738  0.7055143  0.2318603
 2  -0.7055143  0.4154232  0.0138293 -0.3810828  0.4292526
 3   0.5914013  0.4049162  0.2430971  0.0852643  0.6480133
 4   0.0852643 -0.5144828  0.6079091 -0.5914013  0.0934263
 5   0.0000000  0.5773503  0.5773503  0.0000000 -0.5773503
 occupations
 0.999  0.001  0.001  0.000  0.002
 0.001  1.001  0.001  0.002 -0.001
 0.001  0.001  1.001 -0.002 -0.001
 0.000  0.002 -0.002  0.999  0.000
 0.002 -0.001 -0.001  0.000  1.001
nsum =  12.2453603
 exit write_ns
 Modify starting ns matrices according to input values 
 enter write_ns
U( 1) =  0.0000      U( 2) =  4.3000      U( 3) =  4.3000
alpha( 1) =  0.0000      alpha( 2) =  0.0000      alpha( 3) =  0.0000
atom  3   Tr[ns(na)]=   6.8461419
atom  3  spin  1
eigenvalues:  0.9969552 0.9969552 1.0025536 1.0025536 1.0030281
 eigenvectors
 1   0.4172783  0.2338502 -0.4877328 -0.6847287 -0.2538826
 2   0.6847287 -0.4281718  0.0115657  0.4172783 -0.4166061
 3   0.5927401  0.3962861  0.2531942  0.0753968  0.6494802
 4  -0.0753968  0.5211593 -0.6037735  0.5927401 -0.0826142
 5   0.0000000 -0.5773503 -0.5773503  0.0000000  0.5773503
 occupations
 0.999  0.001  0.001  0.000  0.002
 0.001  1.001  0.001  0.002 -0.001
 0.001  0.001  1.001 -0.002 -0.001
 0.000  0.002 -0.002  0.999  0.000
 0.002 -0.001 -0.001  0.000  1.001
atom  3  spin  2
eigenvalues:  0.1553853 0.1553853 0.2567874 0.2765382 1.0000000
 eigenvectors
 1   0.4359972  0.0716390 -0.0402048  0.8956393  0.0314342
 2  -0.8956393 -0.0050637 -0.0595093  0.4359972 -0.0645730
 3   0.0000000 -0.5773503 -0.5773503  0.0000000  0.5773503
 4  -0.0867419  0.2843006  0.5177827  0.0145781  0.8020833
 5  -0.0145781  0.7620250 -0.6272240 -0.0867419  0.1348009
 occupations
 0.156 -0.012  0.002  0.001 -0.010
-0.012  0.689 -0.352 -0.055  0.081
 0.002 -0.352  0.554  0.047 -0.055
 0.001 -0.055  0.047  0.162 -0.008
-0.010  0.081 -0.055 -0.008  0.282
atom  4   Tr[ns(na)]=   6.8461419
atom  4  spin  1
eigenvalues:  0.1553853 0.1553853 0.2567874 0.2765382 1.0000000
 eigenvectors
 1  -0.3713997 -0.0710997  0.0443228 -0.9242973 -0.0267769
 2  -0.9242973 -0.0101302 -0.0565090  0.3713997 -0.0666392
 3   0.0000000 -0.5773503 -0.5773503  0.0000000  0.5773503
 4  -0.0867080  0.2825415  0.5192286  0.0147783  0.8017701
 5  -0.0147783  0.7626789 -0.6260276 -0.0867080  0.1366513
 occupations
 0.156 -0.012  0.002  0.001 -0.010
-0.012  0.690 -0.352 -0.055  0.082
 0.002 -0.352  0.553  0.047 -0.056
 0.001 -0.055  0.047  0.162 -0.009
-0.010  0.082 -0.056 -0.009  0.283
atom  4  spin  2
eigenvalues:  0.9969552 0.9969552 1.0025536 1.0025536 1.0030281
 eigenvectors
 1  -0.3940987 -0.2480669  0.4878464  0.6983271  0.2397795
 2  -0.6983271  0.4200950  0.0047847 -0.3940987  0.4248797
 3   0.5911831  0.4062200  0.2415542  0.0867643  0.6477742
 4   0.0867643 -0.5134540  0.6085238 -0.5911831  0.0950699
 5   0.0000000  0.5773503  0.5773503  0.0000000 -0.5773503
 occupations
 0.999  0.001  0.001  0.000  0.002
 0.001  1.001  0.001  0.002 -0.001
 0.001  0.001  1.001 -0.002 -0.001
 0.000  0.002 -0.002  0.999  0.000
 0.002 -0.001 -0.001  0.000  1.001
nsum =  13.6922838
 exit write_ns

     total cpu time spent up to now is     16.12 secs

     total energy              =  -173.87440401 ryd
     estimated scf accuracy    <     2.60384704 ryd

     total magnetization       =     0.00 Bohr mag/cell
     absolute magnetization    =     8.54 Bohr mag/cell

     iteration #  2     ecut=    30.00 ryd     beta=0.30
     Davidson diagonalization with overlap
     ethr =  9.30E-03,  avg # of iterations =  2.2
 enter write_ns
U( 1) =  0.0000      U( 2) =  4.3000      U( 3) =  4.3000
alpha( 1) =  0.0000      alpha( 2) =  0.0000      alpha( 3) =  0.0000
atom  3   Tr[ns(na)]=   6.9106707
atom  3  spin  1
eigenvalues:  0.9929380 0.9929380 1.0010862 1.0010862 1.0024143
 eigenvectors
 1  -0.2154094 -0.1588714  0.2073387  0.9396916  0.0484673
 2   0.9396916 -0.1476896 -0.0637418  0.2154094 -0.2114314
 3  -0.2656423 -0.3844160 -0.4026693  0.0035568 -0.7870853
 4   0.0035568  0.6869051 -0.6763666  0.2656423  0.0105385
 5   0.0000000 -0.5773503 -0.5773503  0.0000000  0.5773503
 occupations
 0.994  0.001  0.001  0.000  0.002
 0.001  1.001  0.001  0.001 -0.001
 0.001  0.001  1.001 -0.001 -0.001
 0.000  0.001 -0.001  0.994  0.000
 0.002 -0.001 -0.001  0.000  1.001
atom  3  spin  2
eigenvalues:  0.2579906 0.3218642 0.3218642 0.5092444 0.5092444
 eigenvectors
 1   0.0000000  0.5773503  0.5773503  0.0000000 -0.5773503
 2  -0.5440008 -0.1815336  0.0799941 -0.8089495 -0.1015395
 3  -0.8089495  0.0124393 -0.1634323  0.5440008 -0.1509930
 4   0.2155353 -0.2097100 -0.5601145 -0.0566416 -0.7698245
 5   0.0566416 -0.7678406  0.5655345  0.2155353 -0.2023061
 occupations
 0.331 -0.017 -0.017  0.000 -0.033
-0.017  0.419 -0.081 -0.029  0.081
-0.017 -0.081  0.419  0.029  0.081
 0.000 -0.029  0.029  0.331  0.000
-0.033  0.081  0.081  0.000  0.419
atom  4   Tr[ns(na)]=   6.9106460
atom  4  spin  1
eigenvalues:  0.2578447 0.3218697 0.3218697 0.5093012 0.5093012
 eigenvectors
 1   0.0000000  0.5773503  0.5773503  0.0000000 -0.5773503
 2  -0.4934156 -0.1818770  0.0898207 -0.8407852 -0.0920562
 3   0.8407852 -0.0012907  0.1581554 -0.4934156  0.1568647
 4   0.2162833 -0.2214233 -0.5514198 -0.0533188 -0.7728431
 5   0.0533188 -0.7645636  0.5740400  0.2162833 -0.1905236
 occupations
 0.331 -0.017 -0.017  0.000 -0.033
-0.017  0.419 -0.081 -0.029  0.081
-0.017 -0.081  0.419  0.029  0.081
 0.000 -0.029  0.029  0.331  0.000
-0.033  0.081  0.081  0.000  0.419
atom  4  spin  2
eigenvalues:  0.9929377 0.9929377 1.0010853 1.0010853 1.0024135
 eigenvectors
 1  -0.2050702 -0.1604717  0.2066086  0.9420081  0.0461369
 2   0.9420081 -0.1459227 -0.0660112  0.2050702 -0.2119339
 3  -0.2656130 -0.3830714 -0.4039967  0.0040771 -0.7870681
 4   0.0040771  0.6876616 -0.6755803  0.2656130  0.0120812
 5   0.0000000 -0.5773503 -0.5773503  0.0000000  0.5773503
 occupations
 0.994  0.001  0.001  0.000  0.002
 0.001  1.001  0.001  0.001 -0.001
 0.001  0.001  1.001 -0.001 -0.001
 0.000  0.001 -0.001  0.994  0.000
 0.002 -0.001 -0.001  0.000  1.001
nsum =  13.8213167
 exit write_ns

     total cpu time spent up to now is     24.45 secs

     total energy              =  -174.44376262 ryd
     estimated scf accuracy    <     0.18268336 ryd

     total magnetization       =     0.00 Bohr mag/cell
     absolute magnetization    =     7.15 Bohr mag/cell

     iteration #  3     ecut=    30.00 ryd     beta=0.30
     Davidson diagonalization with overlap
     ethr =  6.52E-04,  avg # of iterations =  1.8
 enter write_ns
U( 1) =  0.0000      U( 2) =  4.3000      U( 3) =  4.3000
alpha( 1) =  0.0000      alpha( 2) =  0.0000      alpha( 3) =  0.0000
atom  3   Tr[ns(na)]=   6.8119686
atom  3  spin  1
eigenvalues:  0.9938245 0.9938245 1.0016751 1.0016751 1.0028753
 eigenvectors
 1   0.2370209  0.1650620 -0.2220527 -0.9295269 -0.0569907
 2   0.9295269 -0.1611057 -0.0623950  0.2370209 -0.2235008
 3  -0.2824750 -0.3845366 -0.3986617  0.0029413 -0.7831983
 4  -0.0029413 -0.6823472  0.6741921 -0.2824750 -0.0081551
 5   0.0000000 -0.5773503 -0.5773503  0.0000000  0.5773503
 occupations
 0.994  0.001  0.001  0.000  0.002
 0.001  1.002  0.001  0.002 -0.001
 0.001  0.001  1.002 -0.002 -0.001
 0.000  0.002 -0.002  0.994  0.000
 0.002 -0.001 -0.001  0.000  1.002
atom  3  spin  2
eigenvalues:  0.2437586 0.2768006 0.2768006 0.5103672 0.5103672
 eigenvectors
 1   0.0000000  0.5773503  0.5773503  0.0000000 -0.5773503
 2  -0.5413992 -0.1901515  0.0840419 -0.8077172 -0.1061096
 3  -0.8077172  0.0127408 -0.1710465  0.5413992 -0.1583057
 4   0.2250070 -0.1998587 -0.5655047 -0.0620624 -0.7653634
 5   0.0620624 -0.7683770  0.5572712  0.2250070 -0.2111058
 occupations
 0.290 -0.022 -0.022  0.000 -0.043
-0.022  0.413 -0.085 -0.037  0.085
-0.022 -0.085  0.413  0.037  0.085
 0.000 -0.037  0.037  0.290  0.000
-0.043  0.085  0.085  0.000  0.413
atom  4   Tr[ns(na)]=   6.8121841
atom  4  spin  1
eigenvalues:  0.2436670 0.2768170 0.2768170 0.5105050 0.5105050
 eigenvectors
 1   0.0000000  0.5773503  0.5773503  0.0000000 -0.5773503
 2  -0.6612114 -0.1856454  0.0561766 -0.7130338 -0.1294689
 3  -0.7130338  0.0423153 -0.1819313  0.6612114 -0.1396160
 4   0.2262804 -0.2189532 -0.5514724 -0.0563861 -0.7704255
 5   0.0563861 -0.7631981  0.5712181  0.2262804 -0.1919800
 occupations
 0.290 -0.022 -0.022  0.000 -0.043
-0.022  0.413 -0.085 -0.037  0.085
-0.022 -0.085  0.413  0.037  0.085
 0.000 -0.037  0.037  0.290  0.000
-0.043  0.085  0.085  0.000  0.413
atom  4  spin  2
eigenvalues:  0.9938242 0.9938242 1.0016748 1.0016748 1.0028750
 eigenvectors
 1  -0.2166728 -0.1685275  0.2206214  0.9344858  0.0520939
 2  -0.9344858  0.1574523  0.0672230 -0.2166728  0.2246753
 3  -0.2824628 -0.3963422 -0.3868846 -0.0019692 -0.7832267
 4  -0.0019692  0.6755641 -0.6810244  0.2824628 -0.0054604
 5   0.0000000  0.5773503  0.5773503  0.0000000 -0.5773503
 occupations
 0.994  0.001  0.001  0.000  0.002
 0.001  1.002  0.001  0.002 -0.001
 0.001  0.001  1.002 -0.002 -0.001
 0.000  0.002 -0.002  0.994  0.000
 0.002 -0.001 -0.001  0.000  1.002
nsum =  13.6241527
 exit write_ns

     total cpu time spent up to now is     32.45 secs

     total energy              =  -174.45858999 ryd
     estimated scf accuracy    <     0.04588189 ryd

     total magnetization       =     0.00 Bohr mag/cell
     absolute magnetization    =     7.34 Bohr mag/cell

     iteration #  4     ecut=    30.00 ryd     beta=0.30
     Davidson diagonalization with overlap
     ethr =  1.64E-04,  avg # of iterations =  2.0
 enter write_ns
U( 1) =  0.0000      U( 2) =  4.3000      U( 3) =  4.3000
alpha( 1) =  0.0000      alpha( 2) =  0.0000      alpha( 3) =  0.0000
atom  3   Tr[ns(na)]=   6.8297660
atom  3  spin  1
eigenvalues:  0.9938052 0.9938052 1.0013561 1.0013561 1.0026787
 eigenvectors
 1  -0.2305151 -0.1610415  0.2145742  0.9338204  0.0535327
 2   0.9338204 -0.1547916 -0.0620702  0.2305151 -0.2168619
 3  -0.2735715 -0.3949671 -0.3903767 -0.0009232 -0.7853438
 4  -0.0009232  0.6788025 -0.6814528  0.2735715 -0.0026503
 5   0.0000000 -0.5773503 -0.5773503  0.0000000  0.5773503
 occupations
 0.994  0.001  0.001  0.000  0.002
 0.001  1.001  0.001  0.001 -0.001
 0.001  0.001  1.001 -0.001 -0.001
 0.000  0.001 -0.001  0.994  0.000
 0.002 -0.001 -0.001  0.000  1.001
atom  3  spin  2
eigenvalues:  0.2015389 0.2742924 0.2742924 0.5433204 0.5433204
 eigenvectors
 1   0.0000000  0.5773503  0.5773503  0.0000000 -0.5773503
 2   0.5464151  0.2268782 -0.0973586  0.7897486  0.1295196
 3  -0.7897486  0.0185682 -0.2057664  0.5464151 -0.1871982
 4   0.2674283 -0.1841330 -0.5680149 -0.0788027 -0.7521478
 5   0.0788027 -0.7621963  0.5405620  0.2674283 -0.2216343
 occupations
 0.295 -0.029 -0.029  0.000 -0.059
-0.029  0.415 -0.107 -0.051  0.107
-0.029 -0.107  0.415  0.051  0.107
 0.000 -0.051  0.051  0.295  0.000
-0.059  0.107  0.107  0.000  0.415
atom  4   Tr[ns(na)]=   6.8256932
atom  4  spin  1
eigenvalues:  0.2012708 0.2741499 0.2741499 0.5415532 0.5415532
 eigenvectors
 1   0.0000000  0.5773503  0.5773503  0.0000000 -0.5773503
 2   0.5452038  0.2271874 -0.0977805  0.7904628  0.1294069
 3  -0.7904628  0.0182595 -0.2058798  0.5452038 -0.1876203
 4   0.2675327 -0.1819190 -0.5695089 -0.0796712 -0.7514279
 5   0.0796712 -0.7626432  0.5388681  0.2675327 -0.2237751
 occupations
 0.295 -0.029 -0.029  0.000 -0.059
-0.029  0.414 -0.106 -0.051  0.106
-0.029 -0.106  0.414  0.051  0.106
 0.000 -0.051  0.051  0.295  0.000
-0.059  0.106  0.106  0.000  0.414
atom  4  spin  2
eigenvalues:  0.9937984 0.9937984 1.0013669 1.0013669 1.0026858
 eigenvectors
 1  -0.2231078 -0.1618694  0.2135435  0.9358153  0.0516741
 2   0.9358153 -0.1531235 -0.0636213  0.2231078 -0.2167447
 3  -0.2728873 -0.3870215 -0.3984558  0.0022935 -0.7854773
 4   0.0022935  0.6835441 -0.6769425  0.2728873  0.0066016
 5   0.0000000 -0.5773503 -0.5773503  0.0000000  0.5773503
 occupations
 0.994  0.001  0.001  0.000  0.002
 0.001  1.001  0.001  0.001 -0.001
 0.001  0.001  1.001 -0.001 -0.001
 0.000  0.001 -0.001  0.994  0.000
 0.002 -0.001 -0.001  0.000  1.001
nsum =  13.6554592
 exit write_ns

     total cpu time spent up to now is     40.45 secs

     total energy              =  -174.46422052 ryd
     estimated scf accuracy    <     0.00977742 ryd

     total magnetization       =     0.00 Bohr mag/cell
     absolute magnetization    =     7.32 Bohr mag/cell

     iteration #  5     ecut=    30.00 ryd     beta=0.30
     Davidson diagonalization with overlap
     ethr =  3.49E-05,  avg # of iterations =  1.8
 enter write_ns
U( 1) =  0.0000      U( 2) =  4.3000      U( 3) =  4.3000
alpha( 1) =  0.0000      alpha( 2) =  0.0000      alpha( 3) =  0.0000
atom  3   Tr[ns(na)]=   6.8107762
atom  3  spin  1
eigenvalues:  0.9937785 0.9937785 1.0013717 1.0013717 1.0027288
 eigenvectors
 1  -0.2094533 -0.1622803  0.2102074  0.9398459  0.0479272
 2   0.9398459 -0.1490341 -0.0660218  0.2094533 -0.2150559
 3  -0.2698397 -0.3871199 -0.3990564  0.0023654 -0.7861763
 4   0.0023654  0.6842944 -0.6774028  0.2698397  0.0068916
 5   0.0000000 -0.5773503 -0.5773503  0.0000000  0.5773503
 occupations
 0.994  0.001  0.001  0.000  0.002
 0.001  1.001  0.001  0.001 -0.001
 0.001  0.001  1.001 -0.001 -0.001
 0.000  0.001 -0.001  0.994  0.000
 0.002 -0.001 -0.001  0.000  1.001
atom  3  spin  2
eigenvalues:  0.1761078 0.2726231 0.2726231 0.5481964 0.5481964
 eigenvectors
 1   0.0000000  0.5773503  0.5773503  0.0000000 -0.5773503
 2  -0.7551652 -0.2341186  0.0326449 -0.5772839 -0.2014737
 3  -0.5772839  0.0974734 -0.2514894  0.7551652 -0.1540160
 4  -0.2942030  0.1521130  0.5830427  0.0995665  0.7351557
 5  -0.0995665  0.7610622 -0.5122649 -0.2942030  0.2487974
 occupations
 0.299 -0.033 -0.033  0.000 -0.066
-0.033  0.406 -0.115 -0.058  0.115
-0.033 -0.115  0.406  0.058  0.115
 0.000 -0.058  0.058  0.299  0.000
-0.066  0.115  0.115  0.000  0.406
atom  4   Tr[ns(na)]=   6.8595919
atom  4  spin  1
eigenvalues:  0.1775747 0.2739214 0.2739214 0.5706599 0.5706599
 eigenvectors
 1   0.0000000  0.5773503  0.5773503  0.0000000 -0.5773503
 2   0.7559046  0.2297960 -0.0323555  0.5794587  0.1974405
 3   0.5794587 -0.0953119  0.2466651 -0.7559046  0.1513533
 4  -0.2908118  0.1701821  0.5720700  0.0909086  0.7422521
 5  -0.0909086  0.7588242 -0.5267941 -0.2908118  0.2320301
 occupations
 0.301 -0.035 -0.035  0.000 -0.070
-0.035  0.421 -0.122 -0.061  0.122
-0.035 -0.122  0.421  0.061  0.122
 0.000 -0.061  0.061  0.301  0.000
-0.070  0.122  0.122  0.000  0.421
atom  4  spin  2
eigenvalues:  0.9938381 0.9938381 1.0012570 1.0012570 1.0026643
 eigenvectors
 1  -0.1353925 -0.1781422  0.2100427  0.9512090  0.0319005
 2   0.9512090 -0.1396859 -0.0844327  0.1353925 -0.2241187
 3  -0.2772494 -0.3879977 -0.3964740  0.0017296 -0.7844717
 4   0.0017296  0.6818193 -0.6769256  0.2772494  0.0048938
 5   0.0000000 -0.5773503 -0.5773503  0.0000000  0.5773503
 occupations
 0.994  0.001  0.001  0.000  0.002
 0.001  1.001  0.001  0.001 -0.001
 0.001  0.001  1.001 -0.001 -0.001
 0.000  0.001 -0.001  0.994  0.000
 0.002 -0.001 -0.001  0.000  1.001
nsum =  13.6703681
 exit write_ns

     total cpu time spent up to now is     48.39 secs

     total energy              =  -174.46919964 ryd
     estimated scf accuracy    <     0.00325246 ryd

     total magnetization       =     0.05 Bohr mag/cell
     absolute magnetization    =     7.30 Bohr mag/cell

     iteration #  6     ecut=    30.00 ryd     beta=0.30
     Davidson diagonalization with overlap
     ethr =  1.16E-05,  avg # of iterations =  1.8
 enter write_ns
U( 1) =  0.0000      U( 2) =  4.3000      U( 3) =  4.3000
alpha( 1) =  0.0000      alpha( 2) =  0.0000      alpha( 3) =  0.0000
atom  3   Tr[ns(na)]=   7.0031442
atom  3  spin  1
eigenvalues:  0.9939463 0.9939463 1.0009037 1.0009037 1.0024707
 eigenvectors
 1  -0.2034534 -0.1811818  0.2334404  0.9319627  0.0522587
 2   0.9319627 -0.1649485 -0.0744338  0.2034534 -0.2393822
 3  -0.3000829 -0.3929651 -0.3858899 -0.0015738 -0.7788550
 4  -0.0015738  0.6724658 -0.6765507  0.3000829 -0.0040848
 5   0.0000000 -0.5773503 -0.5773503  0.0000000  0.5773503
 occupations
 0.995  0.001  0.001  0.000  0.002
 0.001  1.001  0.001  0.001 -0.001
 0.001  0.001  1.001 -0.001 -0.001
 0.000  0.001 -0.001  0.995  0.000
 0.002 -0.001 -0.001  0.000  1.001
atom  3  spin  2
eigenvalues:  0.1747493 0.2776667 0.2776667 0.6404454 0.6404454
 eigenvectors
 1   0.0000000  0.5773503  0.5773503  0.0000000 -0.5773503
 2   0.7466267  0.2279451 -0.0361802  0.5937229  0.1917648
 3   0.5937229 -0.0898268  0.2423196 -0.7466267  0.1524928
 4  -0.2875039  0.1799764  0.5662782  0.0859257  0.7462545
 5  -0.0859257  0.7577911 -0.5347597 -0.2875039  0.2230315
 occupations
 0.310 -0.042 -0.042  0.000 -0.085
-0.042  0.463 -0.144 -0.073  0.144
-0.042 -0.144  0.463  0.073  0.144
 0.000 -0.073  0.073  0.310  0.000
-0.085  0.144  0.144  0.000  0.463
atom  4   Tr[ns(na)]=   6.6695624
atom  4  spin  1
eigenvalues:  0.1636630 0.2677881 0.2677881 0.4885320 0.4885320
 eigenvectors
 1   0.0000000 -0.5773503 -0.5773503  0.0000000  0.5773503
 2   0.8004462  0.2471979 -0.0073632  0.4905142  0.2398347
 3   0.4905142 -0.1342175  0.2811884 -0.8004462  0.1469709
 4  -0.3235912  0.1322409  0.5877476  0.1181967  0.7199885
 5   0.1181967 -0.7550218  0.4920349  0.3235912 -0.2629869
 occupations
 0.294 -0.029 -0.029  0.000 -0.058
-0.029  0.363 -0.100 -0.050  0.100
-0.029 -0.100  0.363  0.050  0.100
 0.000 -0.050  0.050  0.294  0.000
-0.058  0.100  0.100  0.000  0.363
atom  4  spin  2
eigenvalues:  0.9935204 0.9935204 1.0016819 1.0016819 1.0028547
 eigenvectors
 1  -0.1276223 -0.1594310  0.1859170  0.9607433  0.0264860
 2   0.9607433 -0.1226309 -0.0767559  0.1276223 -0.1993867
 3  -0.2462938 -0.3818865 -0.4092897  0.0049252 -0.7911762
 4   0.0049252  0.6930893 -0.6772680  0.2462938  0.0158213
 5   0.0000000 -0.5773503 -0.5773503  0.0000000  0.5773503
 occupations
 0.994  0.001  0.001  0.000  0.002
 0.001  1.002  0.001  0.001 -0.001
 0.001  0.001  1.002 -0.001 -0.001
 0.000  0.001 -0.001  0.994  0.000
 0.002 -0.001 -0.001  0.000  1.002
nsum =  13.6727067
 exit write_ns

     total cpu time spent up to now is     56.38 secs

     total energy              =  -174.47268721 ryd
     estimated scf accuracy    <     0.04408654 ryd

     total magnetization       =    -0.34 Bohr mag/cell
     absolute magnetization    =     7.30 Bohr mag/cell

     iteration #  7     ecut=    30.00 ryd     beta=0.30
     Davidson diagonalization with overlap
     ethr =  1.16E-05,  avg # of iterations =  1.0
 enter write_ns
U( 1) =  0.0000      U( 2) =  4.3000      U( 3) =  4.3000
alpha( 1) =  0.0000      alpha( 2) =  0.0000      alpha( 3) =  0.0000
atom  3   Tr[ns(na)]=   6.8390495
atom  3  spin  1
eigenvalues:  0.9936336 0.9936336 1.0011105 1.0011105 1.0025930
 eigenvectors
 1  -0.1785355 -0.1727138  0.2150791  0.9435259  0.0423653
 2   0.9435259 -0.1486356 -0.0752568  0.1785355 -0.2238924
 3  -0.2790768 -0.3916304 -0.3924256  0.0001634 -0.7840560
 4   0.0001634  0.6792420 -0.6787829  0.2790768  0.0004591
 5   0.0000000 -0.5773503 -0.5773503  0.0000000  0.5773503
 occupations
 0.994  0.001  0.001  0.000  0.002
 0.001  1.001  0.001  0.001 -0.001
 0.001  0.001  1.001 -0.001 -0.001
 0.000  0.001 -0.001  0.994  0.000
 0.002 -0.001 -0.001  0.000  1.001
atom  3  spin  2
eigenvalues:  0.1561130 0.2716041 0.2716041 0.5738235 0.5738235
 eigenvectors
 1   0.0000000  0.5773503  0.5773503  0.0000000 -0.5773503
 2   0.7797808  0.2459030 -0.0198140  0.5291170  0.2260891
 3   0.5291170 -0.1190930  0.2725048 -0.7797808  0.1534118
 4  -0.3173322  0.1533613  0.5762907  0.1061954  0.7296521
 5  -0.1061954  0.7539864 -0.5098080 -0.3173322  0.2441784
 occupations
 0.305 -0.039 -0.039  0.000 -0.078
-0.039  0.412 -0.128 -0.067  0.128
-0.039 -0.128  0.412  0.067  0.128
 0.000 -0.067  0.067  0.305  0.000
-0.078  0.128  0.128  0.000  0.412
atom  4   Tr[ns(na)]=   6.8372238
atom  4  spin  1
eigenvalues:  0.1559352 0.2715012 0.2715012 0.5730592 0.5730592
 eigenvectors
 1   0.0000000 -0.5773503 -0.5773503  0.0000000  0.5773503
 2  -0.7829553 -0.2452344  0.0181634 -0.5243567 -0.2270710
 3  -0.5243567  0.1206129 -0.2726857  0.7829553 -0.1520728
 4   0.3124876 -0.1204148 -0.5979033 -0.1199274 -0.7183181
 5  -0.1199274  0.7599208 -0.4842427 -0.3124876  0.2756781
 occupations
 0.305 -0.039 -0.039  0.000 -0.078
-0.039  0.411 -0.128 -0.067  0.128
-0.039 -0.128  0.411  0.067  0.128
 0.000 -0.067  0.067  0.305  0.000
-0.078  0.128  0.128  0.000  0.411
atom  4  spin  2
eigenvalues:  0.9936391 0.9936391 1.0011375 1.0011375 1.0026148
 eigenvectors
 1  -0.1971922 -0.1686374  0.2150966  0.9403465  0.0464592
 2   0.9403465 -0.1510093 -0.0705397  0.1971922 -0.2215490
 3  -0.2772385 -0.3884486 -0.3960290  0.0015467 -0.7844776
 4   0.0015467  0.6815658 -0.6771892  0.2772385  0.0043766
 5   0.0000000 -0.5773503 -0.5773503  0.0000000  0.5773503
 occupations
 0.994  0.001  0.001  0.000  0.002
 0.001  1.001  0.001  0.001 -0.001
 0.001  0.001  1.001 -0.001 -0.001
 0.000  0.001 -0.001  0.994  0.000
 0.002 -0.001 -0.001  0.000  1.001
nsum =  13.6762733
 exit write_ns

     total cpu time spent up to now is     64.25 secs

     total energy              =  -174.47020130 ryd
     estimated scf accuracy    <     0.00124609 ryd

     total magnetization       =     0.00 Bohr mag/cell
     absolute magnetization    =     7.28 Bohr mag/cell

     iteration #  8     ecut=    30.00 ryd     beta=0.30
     Davidson diagonalization with overlap
     ethr =  4.45E-06,  avg # of iterations =  2.1
 enter write_ns
U( 1) =  0.0000      U( 2) =  4.3000      U( 3) =  4.3000
alpha( 1) =  0.0000      alpha( 2) =  0.0000      alpha( 3) =  0.0000
atom  3   Tr[ns(na)]=   6.8264805
atom  3  spin  1
eigenvalues:  0.9933676 0.9933676 1.0009977 1.0009977 1.0025589
 eigenvectors
 1  -0.2328243 -0.1716082  0.2297847  0.9274470  0.0581766
 2   0.9274470 -0.1662545 -0.0654897  0.2328243 -0.2317443
 3  -0.2926302 -0.3940070 -0.3867357 -0.0015735 -0.7807427
 4  -0.0015735  0.6740439 -0.6782420  0.2926302 -0.0041981
 5   0.0000000 -0.5773503 -0.5773503  0.0000000  0.5773503
 occupations
 0.994  0.001  0.001  0.000  0.002
 0.001  1.001  0.001  0.002 -0.001
 0.001  0.001  1.001 -0.002 -0.001
 0.000  0.002 -0.002  0.994  0.000
 0.002 -0.001 -0.001  0.000  1.001
atom  3  spin  2
eigenvalues:  0.1313289 0.2645542 0.2645542 0.5873768 0.5873768
 eigenvectors
 1   0.0000000 -0.5773503 -0.5773503  0.0000000  0.5773503
 2  -0.7993575 -0.2656341  0.0025207 -0.4703521 -0.2631134
 3  -0.4703521  0.1504532 -0.3052725  0.7993575 -0.1548193
 4   0.3480468 -0.1128609 -0.5920667 -0.1366012 -0.7049276
 5  -0.1366012  0.7488200 -0.4721504 -0.3480468  0.2766696
 occupations
 0.310 -0.046 -0.046  0.000 -0.091
-0.046  0.405 -0.137 -0.079  0.137
-0.046 -0.137  0.405  0.079  0.137
 0.000 -0.079  0.079  0.310  0.000
-0.091  0.137  0.137  0.000  0.405
atom  4   Tr[ns(na)]=   6.8441441
atom  4  spin  1
eigenvalues:  0.1318115 0.2649230 0.2649230 0.5956812 0.5956812
 eigenvectors
 1   0.0000000 -0.5773503 -0.5773503  0.0000000  0.5773503
 2  -0.8070798 -0.2609733 -0.0017097 -0.4599020 -0.2626830
 3  -0.4599020  0.1526472 -0.3023331  0.8070798 -0.1496859
 4   0.3462464 -0.1217918 -0.5874241 -0.1312470 -0.7092160
 5  -0.1312470  0.7486155 -0.4797826 -0.3462464  0.2688329
 occupations
 0.310 -0.046 -0.046  0.000 -0.093
-0.046  0.411 -0.140 -0.080  0.140
-0.046 -0.140  0.411  0.080  0.140
 0.000 -0.080  0.080  0.310  0.000
-0.093  0.140  0.140  0.000  0.411
atom  4  spin  2
eigenvalues:  0.9933624 0.9933624 1.0009320 1.0009320 1.0025355
 eigenvectors
 1  -0.2314109 -0.1749028  0.2338749  0.9261117  0.0589721
 2   0.9261117 -0.1690753 -0.0669326  0.2314109 -0.2360079
 3  -0.2979312 -0.3856683 -0.3937338  0.0017800 -0.7794020
 4   0.0017800  0.6773103 -0.6726537  0.2979312  0.0046566
 5   0.0000000 -0.5773503 -0.5773503  0.0000000  0.5773503
 occupations
 0.994  0.001  0.001  0.000  0.002
 0.001  1.001  0.001  0.002 -0.001
 0.001  0.001  1.001 -0.002 -0.001
 0.000  0.002 -0.002  0.994  0.000
 0.002 -0.001 -0.001  0.000  1.001
nsum =  13.6706246
 exit write_ns

     total cpu time spent up to now is     72.52 secs

     total energy              =  -174.47147303 ryd
     estimated scf accuracy    <     0.00028177 ryd

     total magnetization       =     0.02 Bohr mag/cell
     absolute magnetization    =     7.26 Bohr mag/cell

     iteration #  9     ecut=    30.00 ryd     beta=0.30
     Davidson diagonalization with overlap
     ethr =  1.01E-06,  avg # of iterations =  1.9
 enter write_ns
U( 1) =  0.0000      U( 2) =  4.3000      U( 3) =  4.3000
alpha( 1) =  0.0000      alpha( 2) =  0.0000      alpha( 3) =  0.0000
atom  3   Tr[ns(na)]=   6.8437593
atom  3  spin  1
eigenvalues:  0.9934831 0.9934831 1.0010194 1.0010194 1.0025664
 eigenvectors
 1  -0.2130426 -0.1743603  0.2273412  0.9325880  0.0529809
 2   0.9325880 -0.1618440 -0.0700784  0.2130426 -0.2319225
 3  -0.2913628 -0.3893930 -0.3916767  0.0004918 -0.7810697
 4   0.0004918  0.6770855 -0.6757670  0.2913628  0.0013185
 5   0.0000000 -0.5773503 -0.5773503  0.0000000  0.5773503
 occupations
 0.994  0.001  0.001  0.000  0.002
 0.001  1.001  0.001  0.001 -0.001
 0.001  0.001  1.001 -0.001 -0.001
 0.000  0.001 -0.001  0.994  0.000
 0.002 -0.001 -0.001  0.000  1.001
atom  3  spin  2
eigenvalues:  0.1397765 0.2665207 0.2665207 0.5896849 0.5896849
 eigenvectors
 1   0.0000000 -0.5773503 -0.5773503  0.0000000  0.5773503
 2  -0.7334001 -0.2749258  0.0416915 -0.5748075 -0.2332343
 3  -0.5748075  0.1105873 -0.2933864  0.7334001 -0.1827990
 4   0.3389894 -0.1199559 -0.5906737 -0.1296411 -0.7106297
 5  -0.1296411  0.7513079 -0.4795388 -0.3389894  0.2717690
 occupations
 0.309 -0.045 -0.045  0.000 -0.089
-0.045  0.411 -0.136 -0.077  0.136
-0.045 -0.136  0.411  0.077  0.136
 0.000 -0.077  0.077  0.309  0.000
-0.089  0.136  0.136  0.000  0.411
atom  4   Tr[ns(na)]=   6.8257350
atom  4  spin  1
eigenvalues:  0.1390805 0.2657960 0.2657960 0.5817114 0.5817114
 eigenvectors
 1   0.0000000 -0.5773503 -0.5773503  0.0000000  0.5773503
 2  -0.8022505 -0.2597504  0.0024261 -0.4719134 -0.2573243
 3  -0.4719134  0.1471655 -0.2985332  0.8022505 -0.1513676
 4   0.3433990 -0.1308348 -0.5829002 -0.1255749 -0.7137350
 5  -0.1255749  0.7486127 -0.4876126 -0.3433990  0.2610001
 occupations
 0.308 -0.044 -0.044  0.000 -0.088
-0.044  0.406 -0.133 -0.076  0.133
-0.044 -0.133  0.406  0.076  0.133
 0.000 -0.076  0.076  0.308  0.000
-0.088  0.133  0.133  0.000  0.406
atom  4  spin  2
eigenvalues:  0.9934557 0.9934557 1.0010661 1.0010661 1.0025961
 eigenvectors
 1  -0.2150503 -0.1713795  0.2239602  0.9335200  0.0525807
 2   0.9335200 -0.1596609 -0.0685885  0.2150503 -0.2282495
 3  -0.2868629 -0.3866603 -0.3955021  0.0018722 -0.7821624
 4   0.0018722  0.6799249 -0.6748201  0.2868629  0.0051048
 5   0.0000000 -0.5773503 -0.5773503  0.0000000  0.5773503
 occupations
 0.994  0.001  0.001  0.000  0.002
 0.001  1.001  0.001  0.001 -0.001
 0.001  0.001  1.001 -0.001 -0.001
 0.000  0.001 -0.001  0.994  0.000
 0.002 -0.001 -0.001  0.000  1.001
nsum =  13.6694943
 exit write_ns

     total cpu time spent up to now is     80.62 secs

     total energy              =  -174.47123112 ryd
     estimated scf accuracy    <     0.00029621 ryd

     total magnetization       =    -0.02 Bohr mag/cell
     absolute magnetization    =     7.26 Bohr mag/cell

     iteration # 10     ecut=    30.00 ryd     beta=0.30
     Davidson diagonalization with overlap
     ethr =  1.01E-06,  avg # of iterations =  2.0
 enter write_ns
U( 1) =  0.0000      U( 2) =  4.3000      U( 3) =  4.3000
alpha( 1) =  0.0000      alpha( 2) =  0.0000      alpha( 3) =  0.0000
atom  3   Tr[ns(na)]=   6.8346109
atom  3  spin  1
eigenvalues:  0.9931835 0.9931835 1.0009787 1.0009787 1.0025662
 eigenvectors
 1  -0.1666360 -0.1894297  0.2327160  0.9382528  0.0432863
 2   0.9382528 -0.1593500 -0.0843759  0.1666360 -0.2437260
 3  -0.3031405 -0.3989180 -0.3790661 -0.0044659 -0.7779841
 4  -0.0044659  0.6680233 -0.6794847  0.3031405 -0.0114615
 5   0.0000000 -0.5773503 -0.5773503  0.0000000  0.5773503
 occupations
 0.994  0.001  0.001  0.000  0.002
 0.001  1.001  0.001  0.002 -0.001
 0.001  0.001  1.001 -0.002 -0.001
 0.000  0.002 -0.002  0.994  0.000
 0.002 -0.001 -0.001  0.000  1.001
atom  3  spin  2
eigenvalues:  0.1279976 0.2616104 0.2616104 0.5962509 0.5962509
 eigenvectors
 1   0.0000000 -0.5773503 -0.5773503  0.0000000  0.5773503
 2  -0.8247988 -0.2678994 -0.0218590 -0.4043503 -0.2897584
 3  -0.4043503  0.1799124 -0.3219639  0.8247988 -0.1420515
 4   0.3649447 -0.0969083 -0.5956364 -0.1517338 -0.6925447
 5  -0.1517338  0.7437317 -0.4557909 -0.3649447  0.2879408
 occupations
 0.314 -0.050 -0.050  0.000 -0.099
-0.050  0.405 -0.139 -0.086  0.139
-0.050 -0.139  0.405  0.086  0.139
 0.000 -0.086  0.086  0.314  0.000
-0.099  0.139  0.139  0.000  0.405
atom  4   Tr[ns(na)]=   6.8402695
atom  4  spin  1
eigenvalues:  0.1281506 0.2616975 0.2616975 0.5989390 0.5989390
 eigenvectors
 1   0.0000000 -0.5773503 -0.5773503  0.0000000  0.5773503
 2  -0.8308482 -0.2644078 -0.0261787 -0.3932607 -0.2905865
 3  -0.3932607  0.1828845 -0.3204262  0.8308482 -0.1375417
 4   0.3644912 -0.1015185 -0.5932530 -0.1489413 -0.6947715
 5  -0.1489413  0.7436413 -0.4597383 -0.3644912  0.2839030
 occupations
 0.314 -0.050 -0.050  0.000 -0.100
-0.050  0.407 -0.140 -0.086  0.140
-0.050 -0.140  0.407  0.086  0.140
 0.000 -0.086  0.086  0.314  0.000
-0.100  0.140  0.140  0.000  0.407
atom  4  spin  2
eigenvalues:  0.9931805 0.9931805 1.0009633 1.0009633 1.0025582
 eigenvectors
 1  -0.2018811 -0.1843388  0.2371185  0.9307268  0.0527796
 2   0.9307268 -0.1673728 -0.0759557  0.2018811 -0.2433285
 3  -0.3049451 -0.3879869 -0.3896193  0.0003696 -0.7776062
 4   0.0003696  0.6738979 -0.6729554  0.3049451  0.0009425
 5   0.0000000 -0.5773503 -0.5773503  0.0000000  0.5773503
 occupations
 0.994  0.001  0.001  0.000  0.002
 0.001  1.001  0.001  0.002 -0.001
 0.001  0.001  1.001 -0.002 -0.001
 0.000  0.002 -0.002  0.994  0.000
 0.002 -0.001 -0.001  0.000  1.001
