
     Program PWSCF     v.3.1    starts ...
     Today is  9May2006 at  5: 8:21 

     Ultrasoft (Vanderbilt) Pseudopotentials

     Current dimensions of program pwscf are:

     ntypx = 10   npk = 40000  lmax =  3
     nchix =  6  ndmx =  2000  nbrx = 14  nqfx =  8
  HUBBARD L FOR TYPE Fe IS            2
  HUBBARD L FOR TYPE Fe IS            2
  MAXIMUM HUBBARD L IS            2


     bravais-lattice index     =            0
     lattice parameter (a_0)   =       8.1900  a.u.
     unit-cell volume          =     274.6766 (a.u.)^3
     number of atoms/cell      =            4
     number of atomic types    =            3
     kinetic-energy cutoff     =      30.0000  Ry
     charge density cutoff     =     240.0000  Ry
     convergence threshold     =      1.0E-06
     beta                      =       0.3000
     number of iterations used =            8  plain     mixing
     Exchange-correlation      =  SLA  PZ   NOGX NOGC (1100)
     celldm(1)=   8.190000  celldm(2)=   0.000000  celldm(3)=   0.000000
     celldm(4)=   0.000000  celldm(5)=   0.000000  celldm(6)=   0.000000

     crystal axes: (cart. coord. in units of a_0)
               a(1) = (  0.500000  0.500000  1.000000 )  
               a(2) = (  0.500000  1.000000  0.500000 )  
               a(3) = (  1.000000  0.500000  0.500000 )  

     reciprocal axes: (cart. coord. in units 2 pi/a_0)
               b(1) = ( -0.500000 -0.500000  1.500000 )  
               b(2) = ( -0.500000  1.500000 -0.500000 )  
               b(3) = (  1.500000 -0.500000 -0.500000 )  


     PSEUDO 1 is O  (US)    zval =  6.0   lmax= 2   lloc= 0
     Version   0  0  0 of US pseudo code
     Using log mesh of  1269 points
     The pseudopotential has  4 beta functions with: 
                l(1) =   0
                l(2) =   0
                l(3) =   1
                l(4) =   1
     Q(r) pseudized with  0 coefficients,  rinner =    0.000   0.000   0.000
                                                       0.000   0.000

     PSEUDO 2 is Fe (US)    zval =  8.0   lmax= 2   lloc= 0
     Version   0  0  0 of US pseudo code
     Using log mesh of   957 points
     The pseudopotential has  6 beta functions with: 
                l(1) =   0
                l(2) =   0
                l(3) =   1
                l(4) =   1
                l(5) =   2
                l(6) =   2
     Q(r) pseudized with  0 coefficients,  rinner =    0.000   0.000   0.000
                                                       0.000   0.000

     PSEUDO 3 is Fe (US)    zval =  8.0   lmax= 2   lloc= 0
     Version   0  0  0 of US pseudo code
     Using log mesh of   957 points
     The pseudopotential has  6 beta functions with: 
                l(1) =   0
                l(2) =   0
                l(3) =   1
                l(4) =   1
                l(5) =   2
                l(6) =   2
     Q(r) pseudized with  0 coefficients,  rinner =    0.000   0.000   0.000
                                                       0.000   0.000

     atomic species   valence    mass     pseudopotential
        O1             6.00     1.00000     O ( 1.00)
        Fe1            8.00     1.00000     Fe( 1.00)
        Fe2            8.00     1.00000     Fe( 1.00)

     Starting magnetic structure 
     atomic species   magnetization
        O1           0.000
        Fe1          0.500
        Fe2         -0.500

     12 Sym.Ops. (with inversion)


   Cartesian axes

     site n.     atom                  positions (a_0 units)
         1           O1  tau(  1) = (   0.5000000   0.5000000   0.5000000  )
         2           O1  tau(  2) = (   1.5000000   1.5000000   1.5000000  )
         3           Fe1 tau(  3) = (   0.0000000   0.0000000   0.0000000  )
         4           Fe2 tau(  4) = (   1.0000000   1.0000000   1.0000000  )

     number of k points=    8  gaussian broad. (ryd)=  0.0100     ngauss =   0
                       cart. coord. in units 2pi/a_0
        k(    1) = (   0.0000000   0.0000000   0.0000000), wk =   0.1250000
        k(    2) = (  -0.7500000   0.2500000   0.2500000), wk =   0.3750000
        k(    3) = (  -0.5000000  -0.5000000   0.5000000), wk =   0.3750000
        k(    4) = (  -0.2500000  -0.2500000  -0.2500000), wk =   0.1250000
        k(    5) = (   0.0000000   0.0000000   0.0000000), wk =   0.1250000
        k(    6) = (  -0.7500000   0.2500000   0.2500000), wk =   0.3750000
        k(    7) = (  -0.5000000  -0.5000000   0.5000000), wk =   0.3750000
        k(    8) = (  -0.2500000  -0.2500000  -0.2500000), wk =   0.1250000

     G cutoff =  407.7738  (  17255 G-vectors)     FFT grid: ( 50, 50, 50)
     G cutoff =  203.8869  (   6111 G-vectors)  smooth grid: ( 36, 36, 36)

     nbndx  =    80  nbnd   =    20  natomwfc =    20  npwx   =     780
     nelec  =  28.00  nkb   =    52  ngl    =     342

     Check: negative/imaginary core charge=   -0.000003    0.000000

     Initial potential from superposition of free atoms

     starting charge   27.99905, renormalised to   28.00000

     Parameters of the lda+U calculation:
     Number of iteration with fixed ns =  0
     Starting ns and Hubbard U :
 enter write_ns
U( 1) =  0.0000      U( 2) =  4.3000      U( 3) =  4.3000
alpha( 1) =  0.0000      alpha( 2) =  0.0000      alpha( 3) =  0.0000
atom  3   Tr[ns(na)]=   6.0000000
atom  3  spin  1
eigenvalues:  1.0000000 1.0000000 1.0000000 1.0000000 1.0000000
 eigenvectors
 1   1.0000000  0.0000000  0.0000000  0.0000000  0.0000000
 2   0.0000000  1.0000000  0.0000000  0.0000000  0.0000000
 3   0.0000000  0.0000000  1.0000000  0.0000000  0.0000000
 4   0.0000000  0.0000000  0.0000000  1.0000000  0.0000000
 5   0.0000000  0.0000000  0.0000000  0.0000000  1.0000000
 occupations
 1.000  0.000  0.000  0.000  0.000
 0.000  1.000  0.000  0.000  0.000
 0.000  0.000  1.000  0.000  0.000
 0.000  0.000  0.000  1.000  0.000
 0.000  0.000  0.000  0.000  1.000
atom  3  spin  2
eigenvalues:  0.2000000 0.2000000 0.2000000 0.2000000 0.2000000
 eigenvectors
 1   1.0000000  0.0000000  0.0000000  0.0000000  0.0000000
 2   0.0000000  1.0000000  0.0000000  0.0000000  0.0000000
 3   0.0000000  0.0000000  1.0000000  0.0000000  0.0000000
 4   0.0000000  0.0000000  0.0000000  1.0000000  0.0000000
 5   0.0000000  0.0000000  0.0000000  0.0000000  1.0000000
 occupations
 0.200  0.000  0.000  0.000  0.000
 0.000  0.200  0.000  0.000  0.000
 0.000  0.000  0.200  0.000  0.000
 0.000  0.000  0.000  0.200  0.000
 0.000  0.000  0.000  0.000  0.200
atom  4   Tr[ns(na)]=   6.0000000
atom  4  spin  1
eigenvalues:  0.2000000 0.2000000 0.2000000 0.2000000 0.2000000
 eigenvectors
 1   1.0000000  0.0000000  0.0000000  0.0000000  0.0000000
 2   0.0000000  1.0000000  0.0000000  0.0000000  0.0000000
 3   0.0000000  0.0000000  1.0000000  0.0000000  0.0000000
 4   0.0000000  0.0000000  0.0000000  1.0000000  0.0000000
 5   0.0000000  0.0000000  0.0000000  0.0000000  1.0000000
 occupations
 0.200  0.000  0.000  0.000  0.000
 0.000  0.200  0.000  0.000  0.000
 0.000  0.000  0.200  0.000  0.000
 0.000  0.000  0.000  0.200  0.000
 0.000  0.000  0.000  0.000  0.200
atom  4  spin  2
eigenvalues:  1.0000000 1.0000000 1.0000000 1.0000000 1.0000000
 eigenvectors
 1   1.0000000  0.0000000  0.0000000  0.0000000  0.0000000
 2   0.0000000  1.0000000  0.0000000  0.0000000  0.0000000
 3   0.0000000  0.0000000  1.0000000  0.0000000  0.0000000
 4   0.0000000  0.0000000  0.0000000  1.0000000  0.0000000
 5   0.0000000  0.0000000  0.0000000  0.0000000  1.0000000
 occupations
 1.000  0.000  0.000  0.000  0.000
 0.000  1.000  0.000  0.000  0.000
 0.000  0.000  1.000  0.000  0.000
 0.000  0.000  0.000  1.000  0.000
 0.000  0.000  0.000  0.000  1.000
nsum =  12.0000000
 exit write_ns
 Atomic wfc used for LDA+U Projector are NOT orthogonalized
     Starting wfc are atomic

     total cpu time spent up to now is      7.53 secs

     Self-consistent Calculation

     iteration #  1     ecut=    30.00 ryd     beta=0.30
     Davidson diagonalization with overlap
     ethr =  1.00E-02,  avg # of iterations =  3.2
 enter write_ns
U( 1) =  0.0000      U( 2) =  4.3000      U( 3) =  4.3000
alpha( 1) =  0.0000      alpha( 2) =  0.0000      alpha( 3) =  0.0000
atom  3   Tr[ns(na)]=   6.1226801
atom  3  spin  1
eigenvalues:  0.9969552 0.9969552 1.0025536 1.0025536 1.0030281
 eigenvectors
 1  -0.4004648 -0.2442169  0.4878698  0.6946959  0.2436528
 2  -0.6946959  0.4223448  0.0003257 -0.4004648  0.4226704
 3   0.5931020  0.3937307  0.2561461  0.0724949  0.6498768
 4   0.0724949 -0.5230926  0.6025270 -0.5931020  0.0794345
 5   0.0000000  0.5773503  0.5773503  0.0000000 -0.5773503
 occupations
 0.999  0.001  0.001  0.000  0.002
 0.001  1.001  0.001  0.002 -0.001
 0.001  0.001  1.001 -0.002 -0.001
 0.000  0.002 -0.002  0.999  0.000
 0.002 -0.001 -0.001  0.000  1.001
atom  3  spin  2
eigenvalues:  0.1553853 0.1553853 0.2567874 0.2765382 0.2765382
 eigenvectors
 1  -0.3593357 -0.0709618  0.0450547 -0.9290539 -0.0259071
 2  -0.9290539 -0.0110549 -0.0559273  0.3593357 -0.0669821
 3   0.0000000 -0.5773503 -0.5773503  0.0000000  0.5773503
 4  -0.0867419  0.2843006  0.5177827  0.0145781  0.8020833
 5  -0.0145781  0.7620250 -0.6272240 -0.0867419  0.1348009
 occupations
 0.156 -0.004 -0.004  0.000 -0.009
-0.004  0.269 -0.006 -0.008  0.006
-0.004 -0.006  0.269  0.008  0.006
 0.000 -0.008  0.008  0.156  0.000
-0.009  0.006  0.006  0.000  0.269
atom  4   Tr[ns(na)]=   6.1226801
atom  4  spin  1
eigenvalues:  0.1553853 0.1553853 0.2567874 0.2765382 0.2765382
 eigenvectors
 1  -0.3244571 -0.0705004  0.0471080 -0.9418019 -0.0233924
 2  -0.9418019 -0.0136922 -0.0542091  0.3244571 -0.0679012
 3   0.0000000 -0.5773503 -0.5773503  0.0000000  0.5773503
 4  -0.0867080  0.2825415  0.5192286  0.0147783  0.8017701
 5  -0.0147783  0.7626789 -0.6260276 -0.0867080  0.1366513
 occupations
 0.156 -0.004 -0.004  0.000 -0.009
-0.004  0.269 -0.006 -0.008  0.006
-0.004 -0.006  0.269  0.008  0.006
 0.000 -0.008  0.008  0.156  0.000
-0.009  0.006  0.006  0.000  0.269
atom  4  spin  2
eigenvalues:  0.9969552 0.9969552 1.0025536 1.0025536 1.0030281
 eigenvectors
 1  -0.3810828 -0.2558135  0.4876738  0.7055143  0.2318603
 2  -0.7055143  0.4154232  0.0138293 -0.3810828  0.4292526
 3   0.5914013  0.4049162  0.2430971  0.0852643  0.6480133
 4   0.0852643 -0.5144828  0.6079091 -0.5914013  0.0934263
 5   0.0000000  0.5773503  0.5773503  0.0000000 -0.5773503
 occupations
 0.999  0.001  0.001  0.000  0.002
 0.001  1.001  0.001  0.002 -0.001
 0.001  0.001  1.001 -0.002 -0.001
 0.000  0.002 -0.002  0.999  0.000
 0.002 -0.001 -0.001  0.000  1.001
nsum =  12.2453603
 exit write_ns

     total cpu time spent up to now is     15.99 secs

     total energy              =  -173.87440401 ryd
     estimated scf accuracy    <     2.40343176 ryd

     total magnetization       =     0.00 Bohr mag/cell
     absolute magnetization    =     8.54 Bohr mag/cell

     iteration #  2     ecut=    30.00 ryd     beta=0.30
     Davidson diagonalization with overlap
     ethr =  8.58E-03,  avg # of iterations =  2.2
 enter write_ns
U( 1) =  0.0000      U( 2) =  4.3000      U( 3) =  4.3000
alpha( 1) =  0.0000      alpha( 2) =  0.0000      alpha( 3) =  0.0000
atom  3   Tr[ns(na)]=   6.9138793
atom  3  spin  1
eigenvalues:  0.9930388 0.9930388 1.0013931 1.0013931 1.0026209
 eigenvectors
 1  -0.1899428 -0.1702827  0.2151751  0.9415996  0.0448924
 2  -0.9415996  0.1501501  0.0723941 -0.1899428  0.2225442
 3  -0.2780487 -0.3943530 -0.3899422 -0.0009028 -0.7842952
 4  -0.0009028  0.6779463 -0.6804928  0.2780487 -0.0025466
 5   0.0000000  0.5773503  0.5773503  0.0000000 -0.5773503
 occupations
 0.994  0.001  0.001  0.000  0.002
 0.001  1.001  0.001  0.002 -0.001
 0.001  0.001  1.001 -0.002 -0.001
 0.000  0.002 -0.002  0.994  0.000
 0.002 -0.001 -0.001  0.000  1.001
atom  3  spin  2
eigenvalues:  0.3123236 0.3123236 0.4063957 0.4456758 0.4456758
 eigenvectors
 1   0.7902626  0.2842508 -0.0023670  0.4639207  0.2818839
 2  -0.4639207  0.1613791 -0.3268580  0.7902626 -0.1654789
 3   0.0000000  0.5773503  0.5773503  0.0000000 -0.5773503
 4   0.3659260 -0.0791615 -0.6047551 -0.1623602 -0.6839167
 5  -0.1623602  0.7440150 -0.4405634 -0.3659260  0.3034516
 occupations
 0.334 -0.020 -0.020  0.000 -0.040
-0.020  0.418 -0.006 -0.035  0.006
-0.020 -0.006  0.418  0.035  0.006
 0.000 -0.035  0.035  0.334  0.000
-0.040  0.006  0.006  0.000  0.418
atom  4   Tr[ns(na)]=   6.9138793
atom  4  spin  1
eigenvalues:  0.3123236 0.3123236 0.4063957 0.4456758 0.4456758
 eigenvectors
 1   0.8035084  0.2794034  0.0072052  0.4405811  0.2866086
 2  -0.4405811  0.1696335 -0.3267872  0.8035084 -0.1571537
 3   0.0000000  0.5773503  0.5773503  0.0000000 -0.5773503
 4   0.3715339 -0.1058956 -0.5885023 -0.1490812 -0.6943979
 5  -0.1490812  0.7406828 -0.4620497 -0.3715339  0.2786331
 occupations
 0.334 -0.020 -0.020  0.000 -0.040
-0.020  0.418 -0.006 -0.035  0.006
-0.020 -0.006  0.418  0.035  0.006
 0.000 -0.035  0.035  0.334  0.000
-0.040  0.006  0.006  0.000  0.418
atom  4  spin  2
eigenvalues:  0.9930388 0.9930388 1.0013931 1.0013931 1.0026209
 eigenvectors
 1  -0.2152271 -0.1661781  0.2170464  0.9361439  0.0508683
 2   0.9361439 -0.1546806 -0.0665742  0.2152271 -0.2212548
 3  -0.2780304 -0.3840345 -0.4002092  0.0033107 -0.7842437
 4   0.0033107  0.6838442 -0.6745058  0.2780304  0.0093385
 5   0.0000000 -0.5773503 -0.5773503  0.0000000  0.5773503
 occupations
 0.994  0.001  0.001  0.000  0.002
 0.001  1.001  0.001  0.002 -0.001
 0.001  0.001  1.001 -0.002 -0.001
 0.000  0.002 -0.002  0.994  0.000
 0.002 -0.001 -0.001  0.000  1.001
nsum =  13.8277586
 exit write_ns

     total cpu time spent up to now is     24.36 secs

     total energy              =  -174.43468878 ryd
     estimated scf accuracy    <     0.17790704 ryd

     total magnetization       =     0.00 Bohr mag/cell
     absolute magnetization    =     7.22 Bohr mag/cell

     iteration #  3     ecut=    30.00 ryd     beta=0.30
     Davidson diagonalization with overlap
     ethr =  6.35E-04,  avg # of iterations =  2.0
 enter write_ns
U( 1) =  0.0000      U( 2) =  4.3000      U( 3) =  4.3000
alpha( 1) =  0.0000      alpha( 2) =  0.0000      alpha( 3) =  0.0000
atom  3   Tr[ns(na)]=   6.8006631
atom  3  spin  1
eigenvalues:  0.9937848 0.9937848 1.0016893 1.0016893 1.0028979
 eigenvectors
 1  -0.2304431 -0.1722306  0.2298858  0.9279337  0.0576551
 2  -0.9279337  0.1660118  0.0661502 -0.2304431  0.2321620
 3  -0.2929437 -0.4003369 -0.3802455 -0.0043533 -0.7805823
 4  -0.0043533  0.6702043 -0.6818040  0.2929437 -0.0115998
 5   0.0000000  0.5773503  0.5773503  0.0000000 -0.5773503
 occupations
 0.994  0.001  0.001  0.000  0.002
 0.001  1.002  0.001  0.002 -0.001
 0.001  0.001  1.002 -0.002 -0.001
 0.000  0.002 -0.002  0.994  0.000
 0.002 -0.001 -0.001  0.000  1.002
atom  3  spin  2
eigenvalues:  0.2785364 0.2785364 0.4109926 0.4193759 0.4193759
 eigenvectors
 1  -0.7695852 -0.2417941  0.0255739 -0.5494262 -0.2162201
 2  -0.5494262  0.1100696 -0.2644346  0.7695852 -0.1543650
 3   0.0000000  0.5773503  0.5773503  0.0000000 -0.5773503
 4   0.3063315 -0.1380444 -0.5888327 -0.1096838 -0.7268771
 5   0.1096838 -0.7596254  0.4993627  0.3063315 -0.2602627
 occupations
 0.293 -0.018 -0.018  0.000 -0.035
-0.018  0.407  0.002 -0.031 -0.002
-0.018  0.002  0.407  0.031 -0.002
 0.000 -0.031  0.031  0.293  0.000
-0.035 -0.002 -0.002  0.000  0.407
atom  4   Tr[ns(na)]=   6.8006631
atom  4  spin  1
eigenvalues:  0.2785364 0.2785364 0.4109926 0.4193759 0.4193759
 eigenvectors
 1  -0.7532231 -0.2449033  0.0332802 -0.5716515 -0.2116231
 2  -0.5716515  0.1029663 -0.2635756  0.7532231 -0.1606093
 3   0.0000000  0.5773503  0.5773503  0.0000000 -0.5773503
 4   0.3072473 -0.1444578 -0.5845924 -0.1070916 -0.7290502
 5   0.1070916 -0.7584319  0.5043201  0.3072473 -0.2541118
 occupations
 0.293 -0.018 -0.018  0.000 -0.035
-0.018  0.407  0.002 -0.031 -0.002
-0.018  0.002  0.407  0.031 -0.002
 0.000 -0.031  0.031  0.293  0.000
-0.035 -0.002 -0.002  0.000  0.407
atom  4  spin  2
eigenvalues:  0.9937848 0.9937848 1.0016893 1.0016893 1.0028979
 eigenvectors
 1   0.2145988  0.1750343 -0.2287253 -0.9317255 -0.0536910
 2   0.9317255 -0.1630531 -0.0700576  0.2145988 -0.2331107
 3  -0.2929727 -0.3870789 -0.3935806  0.0014087 -0.7806595
 4  -0.0014087 -0.6779478  0.6741941 -0.2929727 -0.0037538
 5   0.0000000 -0.5773503 -0.5773503  0.0000000  0.5773503
 occupations
 0.994  0.001  0.001  0.000  0.002
 0.001  1.002  0.001  0.002 -0.001
 0.001  0.001  1.002 -0.002 -0.001
 0.000  0.002 -0.002  0.994  0.000
 0.002 -0.001 -0.001  0.000  1.002
nsum =  13.6013262
 exit write_ns

     total cpu time spent up to now is     32.37 secs

     total energy              =  -174.44761961 ryd
     estimated scf accuracy    <     0.04587668 ryd

     total magnetization       =     0.00 Bohr mag/cell
     absolute magnetization    =     7.40 Bohr mag/cell

     iteration #  4     ecut=    30.00 ryd     beta=0.30
     Davidson diagonalization with overlap
     ethr =  1.64E-04,  avg # of iterations =  1.8
 enter write_ns
U( 1) =  0.0000      U( 2) =  4.3000      U( 3) =  4.3000
alpha( 1) =  0.0000      alpha( 2) =  0.0000      alpha( 3) =  0.0000
atom  3   Tr[ns(na)]=   6.8603650
atom  3  spin  1
eigenvalues:  0.9936105 0.9936105 1.0013475 1.0013475 1.0026028
 eigenvectors
 1  -0.2207439 -0.1708327  0.2249572  0.9319620  0.0541246
 2   0.9319620 -0.1611280 -0.0673814  0.2207439 -0.2285094
 3  -0.2875953 -0.3843214 -0.3976386  0.0028278 -0.7819601
 4   0.0028278  0.6810416 -0.6733529  0.2875953  0.0076887
 5   0.0000000 -0.5773503 -0.5773503  0.0000000  0.5773503
 occupations
 0.994  0.001  0.001  0.000  0.002
 0.001  1.001  0.001  0.002 -0.001
 0.001  0.001  1.001 -0.002 -0.001
 0.000  0.002 -0.002  0.994  0.000
 0.002 -0.001 -0.001  0.000  1.001
atom  3  spin  2
eigenvalues:  0.2808749 0.2808749 0.3985080 0.4537941 0.4537941
 eigenvectors
 1   0.7696738  0.2537078 -0.0243051  0.5385334  0.2294027
 2  -0.5385334  0.1184131 -0.2789240  0.7696738 -0.1605108
 3   0.0000000  0.5773503  0.5773503  0.0000000 -0.5773503
 4   0.3236246 -0.1423408 -0.5815258 -0.1133626 -0.7238666
 5  -0.1133626  0.7536687 -0.5001051 -0.3236246  0.2535635
 occupations
 0.301 -0.023 -0.023  0.000 -0.045
-0.023  0.422 -0.012 -0.039  0.012
-0.023 -0.012  0.422  0.039  0.012
 0.000 -0.039  0.039  0.301  0.000
-0.045  0.012  0.012  0.000  0.422
atom  4   Tr[ns(na)]=   6.8603650
atom  4  spin  1
eigenvalues:  0.2808749 0.2808749 0.3985080 0.4537941 0.4537941
 eigenvectors
 1  -0.7427935 -0.2591257  0.0377347 -0.5750425 -0.2213909
 2   0.5750425 -0.1060340  0.2774264 -0.7427935  0.1713924
 3   0.0000000  0.5773503  0.5773503  0.0000000 -0.5773503
 4   0.3190510 -0.1134047 -0.6002319 -0.1256600 -0.7136365
 5  -0.1256600  0.7585623 -0.4774925 -0.3190510  0.2810698
 occupations
 0.301 -0.023 -0.023  0.000 -0.045
-0.023  0.422 -0.012 -0.039  0.012
-0.023 -0.012  0.422  0.039  0.012
 0.000 -0.039  0.039  0.301  0.000
-0.045  0.012  0.012  0.000  0.422
atom  4  spin  2
eigenvalues:  0.9936105 0.9936105 1.0013475 1.0013475 1.0026028
 eigenvectors
 1   0.2098989  0.1726936 -0.2241590 -0.9344643 -0.0514655
 2   0.9344643 -0.1591319 -0.0699911  0.2098989 -0.2291229
 3  -0.2876074 -0.3886155 -0.3933775  0.0010112 -0.7819930
 4  -0.0010112 -0.6786005  0.6758512 -0.2876074 -0.0027493
 5   0.0000000 -0.5773503 -0.5773503  0.0000000  0.5773503
 occupations
 0.994  0.001  0.001  0.000  0.002
 0.001  1.001  0.001  0.002 -0.001
 0.001  0.001  1.001 -0.002 -0.001
 0.000  0.002 -0.002  0.994  0.000
 0.002 -0.001 -0.001  0.000  1.001
nsum =  13.7207300
 exit write_ns

     total cpu time spent up to now is     40.31 secs

     total energy              =  -174.45325800 ryd
     estimated scf accuracy    <     0.00422693 ryd

     total magnetization       =     0.00 Bohr mag/cell
     absolute magnetization    =     7.31 Bohr mag/cell

     iteration #  5     ecut=    30.00 ryd     beta=0.30
     Davidson diagonalization with overlap
     ethr =  1.51E-05,  avg # of iterations =  2.2
 enter write_ns
U( 1) =  0.0000      U( 2) =  4.3000      U( 3) =  4.3000
alpha( 1) =  0.0000      alpha( 2) =  0.0000      alpha( 3) =  0.0000
atom  3   Tr[ns(na)]=   6.8555890
atom  3  spin  1
eigenvalues:  0.9938034 0.9938034 1.0015004 1.0015004 1.0027991
 eigenvectors
 1  -0.2005096 -0.1722778  0.2208151  0.9375506  0.0485372
 2   0.9375506 -0.1555106 -0.0714417  0.2005096 -0.2269523
 3  -0.2842402 -0.3877654 -0.3950410  0.0015253 -0.7828064
 4   0.0015253  0.6800305 -0.6758299  0.2842402  0.0042006
 5   0.0000000 -0.5773503 -0.5773503  0.0000000  0.5773503
 occupations
 0.994  0.001  0.001  0.000  0.002
 0.001  1.002  0.001  0.001 -0.001
 0.001  0.001  1.002 -0.001 -0.001
 0.000  0.001 -0.001  0.994  0.000
 0.002 -0.001 -0.001  0.000  1.002
atom  3  spin  2
eigenvalues:  0.2771341 0.2771341 0.3718457 0.4680342 0.4680342
 eigenvectors
 1   0.7317581  0.2544302 -0.0430037  0.5943441  0.2114265
 2  -0.5943441  0.0972390 -0.2689625  0.7317581 -0.1717235
 3   0.0000000  0.5773503  0.5773503  0.0000000 -0.5773503
 4   0.3156065 -0.1481733 -0.5800471 -0.1080636 -0.7282204
 5  -0.1080636  0.7553285 -0.5059861 -0.3156065  0.2493424
 occupations
 0.298 -0.025 -0.025  0.000 -0.049
-0.025  0.422 -0.025 -0.042  0.025
-0.025 -0.025  0.422  0.042  0.025
 0.000 -0.042  0.042  0.298  0.000
-0.049  0.025  0.025  0.000  0.422
atom  4   Tr[ns(na)]=   6.8555890
atom  4  spin  1
eigenvalues:  0.2771341 0.2771341 0.3718457 0.4680342 0.4680342
 eigenvectors
 1   0.7781661  0.2455696 -0.0207345  0.5321395  0.2248351
 2  -0.5321395  0.1178375 -0.2715883  0.7781661 -0.1537508
 3   0.0000000  0.5773503  0.5773503  0.0000000 -0.5773503
 4   0.3131553 -0.1315374 -0.5910272 -0.1149736 -0.7225646
 5  -0.1149736  0.7584026 -0.4931160 -0.3131553  0.2652865
 occupations
 0.298 -0.025 -0.025  0.000 -0.049
-0.025  0.422 -0.025 -0.042  0.025
-0.025 -0.025  0.422  0.042  0.025
 0.000 -0.042  0.042  0.298  0.000
-0.049  0.025  0.025  0.000  0.422
atom  4  spin  2
eigenvalues:  0.9938034 0.9938034 1.0015004 1.0015004 1.0027991
 eigenvectors
 1  -0.2305133 -0.1671952  0.2229954  0.9306282  0.0558002
 2   0.9306282 -0.1609627 -0.0643139  0.2305133 -0.2252766
 3  -0.2842419 -0.3886286 -0.3941824  0.0011643 -0.7828111
 4   0.0011643  0.6795375 -0.6763310  0.2842419  0.0032065
 5   0.0000000 -0.5773503 -0.5773503  0.0000000  0.5773503
 occupations
 0.994  0.001  0.001  0.000  0.002
 0.001  1.002  0.001  0.001 -0.001
 0.001  0.001  1.002 -0.001 -0.001
 0.000  0.001 -0.001  0.994  0.000
 0.002 -0.001 -0.001  0.000  1.002
nsum =  13.7111780
 exit write_ns

     total cpu time spent up to now is     48.83 secs

     total energy              =  -174.45487395 ryd
     estimated scf accuracy    <     0.00252831 ryd

     total magnetization       =     0.00 Bohr mag/cell
     absolute magnetization    =     7.32 Bohr mag/cell

     iteration #  6     ecut=    30.00 ryd     beta=0.30
     Davidson diagonalization with overlap
     ethr =  9.03E-06,  avg # of iterations =  1.0
 enter write_ns
U( 1) =  0.0000      U( 2) =  4.3000      U( 3) =  4.3000
alpha( 1) =  0.0000      alpha( 2) =  0.0000      alpha( 3) =  0.0000
atom  3   Tr[ns(na)]=   6.8612539
atom  3  spin  1
eigenvalues:  0.9937745 0.9937745 1.0015089 1.0015089 1.0028133
 eigenvectors
 1  -0.2232864 -0.1661676  0.2194112  0.9335713  0.0532436
 2   0.9335713 -0.1574173 -0.0651967  0.2232864 -0.2226141
 3  -0.2802963 -0.3805082 -0.4031397  0.0046736 -0.7836479
 4   0.0046736  0.6851922 -0.6721258  0.2802963  0.0130663
 5   0.0000000 -0.5773503 -0.5773503  0.0000000  0.5773503
 occupations
 0.994  0.001  0.001  0.000  0.002
 0.001  1.002  0.001  0.001 -0.001
 0.001  0.001  1.002 -0.001 -0.001
 0.000  0.001 -0.001  0.994  0.000
 0.002 -0.001 -0.001  0.000  1.002
atom  3  spin  2
eigenvalues:  0.2777245 0.2777245 0.3323904 0.4900172 0.4900172
 eigenvectors
 1   0.7912895  0.2407902 -0.0142065  0.5141392  0.2265837
 2  -0.5141392  0.1226160 -0.2698384  0.7912895 -0.1472224
 3   0.0000000  0.5773503  0.5773503  0.0000000 -0.5773503
 4   0.3127131 -0.1456320 -0.5824187 -0.1083162 -0.7280507
 5  -0.1083162  0.7565999 -0.5044209 -0.3127131  0.2521790
 occupations
 0.301 -0.027 -0.027  0.000 -0.054
-0.027  0.422 -0.045 -0.047  0.045
-0.027 -0.045  0.422  0.047  0.045
 0.000 -0.047  0.047  0.301  0.000
-0.054  0.045  0.045  0.000  0.422
atom  4   Tr[ns(na)]=   6.8612539
atom  4  spin  1
eigenvalues:  0.2777245 0.2777245 0.3323904 0.4900172 0.4900172
 eigenvectors
 1   0.7367589  0.2517036 -0.0407345  0.5896307  0.2109690
 2  -0.5896307  0.0982849 -0.2671241  0.7367589 -0.1688392
 3   0.0000000  0.5773503  0.5773503  0.0000000 -0.5773503
 4   0.3110697 -0.1343770 -0.5898474 -0.1129494 -0.7242244
 5  -0.1129494  0.7586797 -0.4957138 -0.3110697  0.2629659
 occupations
 0.301 -0.027 -0.027  0.000 -0.054
-0.027  0.422 -0.045 -0.047  0.045
-0.027 -0.045  0.422  0.047  0.045
 0.000 -0.047  0.047  0.301  0.000
-0.054  0.045  0.045  0.000  0.422
atom  4  spin  2
eigenvalues:  0.9937745 0.9937745 1.0015089 1.0015089 1.0028133
 eigenvectors
 1  -0.1807154 -0.1731362  0.2162285  0.9427376  0.0430924
 2   0.9427376 -0.1497190 -0.0750808  0.1807154 -0.2247998
 3  -0.2803186 -0.3992618 -0.3844484 -0.0030591 -0.7837102
 4  -0.0030591  0.6744366 -0.6829892  0.2803186 -0.0085525
 5   0.0000000 -0.5773503 -0.5773503  0.0000000  0.5773503
 occupations
 0.994  0.001  0.001  0.000  0.002
 0.001  1.002  0.001  0.001 -0.001
 0.001  0.001  1.002 -0.001 -0.001
 0.000  0.001 -0.001  0.994  0.000
 0.002 -0.001 -0.001  0.000  1.002
nsum =  13.7225078
 exit write_ns

     total cpu time spent up to now is     56.74 secs

     total energy              =  -174.45720376 ryd
     estimated scf accuracy    <     0.00457265 ryd

     total magnetization       =     0.00 Bohr mag/cell
     absolute magnetization    =     7.31 Bohr mag/cell

     iteration #  7     ecut=    30.00 ryd     beta=0.30
     Davidson diagonalization with overlap
     ethr =  9.03E-06,  avg # of iterations =  1.2
 enter write_ns
U( 1) =  0.0000      U( 2) =  4.3000      U( 3) =  4.3000
alpha( 1) =  0.0000      alpha( 2) =  0.0000      alpha( 3) =  0.0000
atom  3   Tr[ns(na)]=   6.8546040
atom  3  spin  1
eigenvalues:  0.9938372 0.9938372 1.0014826 1.0014826 1.0027868
 eigenvectors
 1  -0.1524992 -0.1838074  0.2215908  0.9446845  0.0377835
 2   0.9446845 -0.1497498 -0.0843069  0.1524992 -0.2340568
 3  -0.2903639 -0.3859460 -0.3953523  0.0020183 -0.7812983
 4   0.0020183  0.6793395 -0.6739088  0.2903639  0.0054307
 5   0.0000000 -0.5773503 -0.5773503  0.0000000  0.5773503
 occupations
 0.994  0.001  0.001  0.000  0.002
 0.001  1.001  0.001  0.002 -0.001
 0.001  0.001  1.001 -0.002 -0.001
 0.000  0.002 -0.002  0.994  0.000
 0.002 -0.001 -0.001  0.000  1.001
atom  3  spin  2
eigenvalues:  0.2766375 0.2766375 0.3980570 0.3980570 0.5117886
 eigenvectors
 1  -0.8022524 -0.2862869 -0.0100028 -0.4319066 -0.2962897
 2   0.4319066 -0.1768380  0.3363508 -0.8022524  0.1595127
 3   0.3716636 -0.0570530 -0.6138401 -0.1780842 -0.6708930
 4   0.1780842 -0.7417410  0.4202798  0.3716636 -0.3214612
 5   0.0000000 -0.5773503 -0.5773503  0.0000000  0.5773503
 occupations
 0.297 -0.019 -0.019  0.000 -0.037
-0.019  0.422  0.045 -0.032 -0.045
-0.019  0.045  0.422  0.032 -0.045
 0.000 -0.032  0.032  0.297  0.000
-0.037 -0.045 -0.045  0.000  0.422
atom  4   Tr[ns(na)]=   6.8546041
atom  4  spin  1
eigenvalues:  0.2766375 0.2766375 0.3980570 0.3980570 0.5117886
 eigenvectors
 1  -0.8360600 -0.2702201 -0.0385554 -0.3621545 -0.3087755
 2   0.3621545 -0.2005316  0.3342833 -0.8360600  0.1337517
 3   0.3827208 -0.1064323 -0.5844203 -0.1528808 -0.6908526
 4   0.1528808 -0.7362791  0.4603127  0.3827208 -0.2759665
 5   0.0000000 -0.5773503 -0.5773503  0.0000000  0.5773503
 occupations
 0.297 -0.019 -0.019  0.000 -0.037
-0.019  0.422  0.045 -0.032 -0.045
-0.019  0.045  0.422  0.032 -0.045
 0.000 -0.032  0.032  0.297  0.000
-0.037 -0.045 -0.045  0.000  0.422
atom  4  spin  2
eigenvalues:  0.9938372 0.9938372 1.0014826 1.0014826 1.0027868
 eigenvectors
 1  -0.1453670 -0.1849320  0.2209484  0.9458082  0.0360164
 2   0.9458082 -0.1483587 -0.0859765  0.1453670 -0.2343352
 3  -0.2903701 -0.3891256 -0.3921896  0.0006574 -0.7813152
 4   0.0006574  0.6775233 -0.6757543  0.2903701  0.0017690
 5   0.0000000 -0.5773503 -0.5773503  0.0000000  0.5773503
 occupations
 0.994  0.001  0.001  0.000  0.002
 0.001  1.001  0.001  0.002 -0.001
 0.001  0.001  1.001 -0.002 -0.001
 0.000  0.002 -0.002  0.994  0.000
 0.002 -0.001 -0.001  0.000  1.001
nsum =  13.7092080
 exit write_ns

     total cpu time spent up to now is     64.65 secs

     total energy              =  -174.45487911 ryd
     estimated scf accuracy    <     0.00220867 ryd

     total magnetization       =     0.00 Bohr mag/cell
     absolute magnetization    =     7.32 Bohr mag/cell

     iteration #  8     ecut=    30.00 ryd     beta=0.30
     Davidson diagonalization with overlap
     ethr =  7.89E-06,  avg # of iterations =  1.0
 enter write_ns
U( 1) =  0.0000      U( 2) =  4.3000      U( 3) =  4.3000
alpha( 1) =  0.0000      alpha( 2) =  0.0000      alpha( 3) =  0.0000
atom  3   Tr[ns(na)]=   6.8591843
atom  3  spin  1
eigenvalues:  0.9938150 0.9938150 1.0015289 1.0015289 1.0028239
 eigenvectors
 1  -0.1753446 -0.1756152  0.2178583  0.9429565  0.0422431
 2   0.9429565 -0.1501696 -0.0770024  0.1753446 -0.2271720
 3  -0.2829942 -0.3884342 -0.3946763  0.0013024 -0.7831105
 4   0.0013024  0.6799956 -0.6763916  0.2829942  0.0036039
 5   0.0000000 -0.5773503 -0.5773503  0.0000000  0.5773503
 occupations
 0.994  0.001  0.001  0.000  0.002
 0.001  1.002  0.001  0.001 -0.001
 0.001  0.001  1.002 -0.001 -0.001
 0.000  0.001 -0.001  0.994  0.000
 0.002 -0.001 -0.001  0.000  1.002
atom  3  spin  2
eigenvalues:  0.2759805 0.2759805 0.3836839 0.4650138 0.4650138
 eigenvectors
 1  -0.8115413 -0.2481155 -0.0004141 -0.4669822 -0.2485296
 2   0.4669822 -0.1437277  0.2867382 -0.8115413  0.1430105
 3   0.0000000  0.5773503  0.5773503  0.0000000 -0.5773503
 4   0.3271054 -0.1151205 -0.5969596 -0.1277910 -0.7120801
 5  -0.1277910  0.7557744 -0.4775845 -0.3271054  0.2781899
 occupations
 0.299 -0.025 -0.025  0.000 -0.051
-0.025  0.422 -0.019 -0.044  0.019
-0.025 -0.019  0.422  0.044  0.019
 0.000 -0.044  0.044  0.299  0.000
-0.051  0.019  0.019  0.000  0.422
atom  4   Tr[ns(na)]=   6.8591835
atom  4  spin  1
eigenvalues:  0.2759805 0.2759805 0.3836838 0.4650134 0.4650134
 eigenvectors
 1  -0.8040290 -0.2503651  0.0041359 -0.4798007 -0.2462292
 2   0.4798007 -0.1397727  0.2867089 -0.8040290  0.1469362
 3   0.0000000  0.5773503  0.5773503  0.0000000 -0.5773503
 4   0.3264441 -0.1112327 -0.5994074 -0.1294714 -0.7106401
 5  -0.1294714  0.7563563 -0.4745085 -0.3264441  0.2818478
 occupations
 0.299 -0.025 -0.025  0.000 -0.051
-0.025  0.422 -0.019 -0.044  0.019
-0.025 -0.019  0.422  0.044  0.019
 0.000 -0.044  0.044  0.299  0.000
-0.051  0.019  0.019  0.000  0.422
atom  4  spin  2
eigenvalues:  0.9938150 0.9938150 1.0015289 1.0015289 1.0028239
 eigenvectors
 1  -0.1773237 -0.1752995  0.2180194  0.9425863  0.0427199
 2   0.9425863 -0.1505379 -0.0765449  0.1773237 -0.2270828
 3  -0.2829851 -0.3853012 -0.3977845  0.0026045 -0.7830857
 4   0.0026045  0.6817757 -0.6745685  0.2829851  0.0072072
 5   0.0000000 -0.5773503 -0.5773503  0.0000000  0.5773503
 occupations
 0.994  0.001  0.001  0.000  0.002
 0.001  1.002  0.001  0.001 -0.001
 0.001  0.001  1.002 -0.001 -0.001
 0.000  0.001 -0.001  0.994  0.000
 0.002 -0.001 -0.001  0.000  1.002
nsum =  13.7183678
 exit write_ns

     total cpu time spent up to now is     72.63 secs

     total energy              =  -174.45452596 ryd
     estimated scf accuracy    <     0.00142969 ryd

     total magnetization       =     0.00 Bohr mag/cell
     absolute magnetization    =     7.31 Bohr mag/cell

     iteration #  9     ecut=    30.00 ryd     beta=0.30
     Davidson diagonalization with overlap
     ethr =  5.11E-06,  avg # of iterations =  1.5
 enter write_ns
U( 1) =  0.0000      U( 2) =  4.3000      U( 3) =  4.3000
alpha( 1) =  0.0000      alpha( 2) =  0.0000      alpha( 3) =  0.0000
atom  3   Tr[ns(na)]=   6.8505958
atom  3  spin  1
eigenvalues:  0.9938137 0.9938137 1.0014955 1.0014955 1.0027556
 eigenvectors
 1  -0.1670457 -0.1813107  0.2226564  0.9423040  0.0413456
 2   0.9423040 -0.1524216 -0.0808089  0.1670457 -0.2332305
 3  -0.2900932 -0.3957945 -0.3855670 -0.0021923 -0.7813615
 4  -0.0021923  0.6737265 -0.6796314  0.2900932 -0.0059049
 5   0.0000000 -0.5773503 -0.5773503  0.0000000  0.5773503
 occupations
 0.994  0.001  0.001  0.000  0.002
 0.001  1.001  0.001  0.002 -0.001
 0.001  0.001  1.001 -0.002 -0.001
 0.000  0.002 -0.002  0.994  0.000
 0.002 -0.001 -0.001  0.000  1.001
atom  3  spin  2
eigenvalues:  0.2712075 0.2712075 0.3970952 0.3970952 0.5206164
 eigenvectors
 1  -0.8376876 -0.2808485 -0.0579279 -0.3182427 -0.3387764
 2   0.3182427 -0.2290374  0.3577406 -0.8376876  0.1287033
 3   0.4033229 -0.0679121 -0.5969484 -0.1852880 -0.6648605
 4   0.1852880 -0.7285057  0.4230664  0.4033229 -0.3054393
 5   0.0000000 -0.5773503 -0.5773503  0.0000000  0.5773503
 occupations
 0.296 -0.020 -0.020  0.000 -0.041
-0.020  0.422  0.049 -0.035 -0.049
-0.020  0.049  0.422  0.035 -0.049
 0.000 -0.035  0.035  0.296  0.000
-0.041 -0.049 -0.049  0.000  0.422
atom  4   Tr[ns(na)]=   6.8506178
atom  4  spin  1
eigenvalues:  0.2712086 0.2712086 0.3971031 0.3971031 0.5206205
 eigenvectors
 1  -0.8143340 -0.2956415 -0.0336790 -0.3739919 -0.3293205
 2   0.3739919 -0.2095779  0.3608220 -0.8143340  0.1512441
 3   0.4000457 -0.0552976 -0.6041831 -0.1922333 -0.6594807
 4   0.1922333 -0.7295766  0.4126774  0.4000457 -0.3168992
 5   0.0000000 -0.5773503 -0.5773503  0.0000000  0.5773503
 occupations
 0.296 -0.020 -0.020  0.000 -0.041
-0.020  0.422  0.049 -0.035 -0.049
-0.020  0.049  0.422  0.035 -0.049
 0.000 -0.035  0.035  0.296  0.000
-0.041 -0.049 -0.049  0.000  0.422
atom  4  spin  2
eigenvalues:  0.9938137 0.9938137 1.0014955 1.0014955 1.0027556
 eigenvectors
 1  -0.2037754 -0.1752113  0.2256483  0.9350484  0.0504370
 2  -0.9350484  0.1593980  0.0720385 -0.2037754  0.2314364
 3  -0.2901030 -0.3919749 -0.3894070 -0.0005504 -0.7813820
 4  -0.0005504  0.6759553 -0.6774379  0.2901030 -0.0014826
 5   0.0000000  0.5773503  0.5773503  0.0000000 -0.5773503
 occupations
 0.994  0.001  0.001  0.000  0.002
 0.001  1.001  0.001  0.002 -0.001
 0.001  0.001  1.001 -0.002 -0.001
 0.000  0.002 -0.002  0.994  0.000
 0.002 -0.001 -0.001  0.000  1.001
nsum =  13.7012136
 exit write_ns

     total cpu time spent up to now is     80.63 secs

     total energy              =  -174.45536478 ryd
     estimated scf accuracy    <     0.00241285 ryd

     total magnetization       =     0.00 Bohr mag/cell
     absolute magnetization    =     7.33 Bohr mag/cell

     iteration # 10     ecut=    30.00 ryd     beta=0.30
     Davidson diagonalization with overlap
     ethr =  5.11E-06,  avg # of iterations =  1.0
 enter write_ns
U( 1) =  0.0000      U( 2) =  4.3000      U( 3) =  4.3000
alpha( 1) =  0.0000      alpha( 2) =  0.0000      alpha( 3) =  0.0000
atom  3   Tr[ns(na)]=   6.8551060
atom  3  spin  1
eigenvalues:  0.9937908 0.9937908 1.0015059 1.0015059 1.0027469
 eigenvectors
 1  -0.2062347 -0.1732349  0.2237758  0.9353218  0.0505408
 2   0.9353218 -0.1583767 -0.0708375  0.2062347 -0.2292142
 3  -0.2874591 -0.3845190 -0.3974766  0.0027500 -0.7819956
 4   0.0027500  0.6809686 -0.6734876  0.2874591  0.0074810
 5   0.0000000 -0.5773503 -0.5773503  0.0000000  0.5773503
 occupations
 0.994  0.001  0.001  0.000  0.002
 0.001  1.001  0.001  0.002 -0.001
 0.001  0.001  1.001 -0.002 -0.001
 0.000  0.002 -0.002  0.994  0.000
 0.002 -0.001 -0.001  0.000  1.001
atom  3  spin  2
eigenvalues:  0.2725161 0.2725161 0.4187342 0.4187342 0.4792651
 eigenvectors
 1  -0.8171084 -0.2814871 -0.0233261 -0.3995543 -0.3048132
 2   0.3995543 -0.1894513  0.3385006 -0.8171084  0.1490493
 3   0.3778098 -0.0697516 -0.6054413 -0.1730605 -0.6751929
 4   0.1730605 -0.7393745  0.4300939  0.3778098 -0.3092806
 5   0.0000000 -0.5773503 -0.5773503  0.0000000  0.5773503
 occupations
 0.298 -0.023 -0.023  0.000 -0.045
-0.023  0.422  0.029 -0.039 -0.029
-0.023  0.029  0.422  0.039 -0.029
 0.000 -0.039  0.039  0.298  0.000
-0.045 -0.029 -0.029  0.000  0.422
atom  4   Tr[ns(na)]=   6.8550249
atom  4  spin  1
eigenvalues:  0.2725128 0.2725128 0.4187042 0.4187042 0.4792507
 eigenvectors
 1   0.7963885  0.2905148  0.0065991  0.4393703  0.2971140
 2  -0.4393703  0.1753488 -0.3392676  0.7963885 -0.1639188
 3   0.3753248 -0.0591577 -0.6115262 -0.1784669 -0.6706839
 4   0.1784669 -0.7402844  0.4213742  0.3753248 -0.3189101
 5   0.0000000 -0.5773503 -0.5773503  0.0000000  0.5773503
 occupations
 0.298 -0.023 -0.023  0.000 -0.045
-0.023  0.422  0.029 -0.039 -0.029
-0.023  0.029  0.422  0.039 -0.029
 0.000 -0.039  0.039  0.298  0.000
-0.045 -0.029 -0.029  0.000  0.422
atom  4  spin  2
eigenvalues:  0.9937907 0.9937907 1.0015059 1.0015059 1.0027469
 eigenvectors
 1  -0.1927553 -0.1754916  0.2227279  0.9381946  0.0472362
 2  -0.9381946  0.1558638  0.0740483 -0.1927553  0.2299121
 3  -0.2874648 -0.3921439 -0.3898882 -0.0004787 -0.7820320
 4  -0.0004787  0.6766085 -0.6779108  0.2874648 -0.0013023
 5   0.0000000  0.5773503  0.5773503  0.0000000 -0.5773503
 occupations
 0.994  0.001  0.001  0.000  0.002
 0.001  1.001  0.001  0.002 -0.001
 0.001  0.001  1.001 -0.002 -0.001
 0.000  0.002 -0.002  0.994  0.000
 0.002 -0.001 -0.001  0.000  1.001
nsum =  13.7101309
 exit write_ns

     total cpu time spent up to now is     88.57 secs

     total energy              =  -174.45375781 ryd
     estimated scf accuracy    <     0.00052623 ryd

     total magnetization       =     0.00 Bohr mag/cell
     absolute magnetization    =     7.32 Bohr mag/cell

     iteration # 11     ecut=    30.00 ryd     beta=0.30
     Davidson diagonalization with overlap
     ethr =  1.88E-06,  avg # of iterations =  1.0
 enter write_ns
U( 1) =  0.0000      U( 2) =  4.3000      U( 3) =  4.3000
alpha( 1) =  0.0000      alpha( 2) =  0.0000      alpha( 3) =  0.0000
atom  3   Tr[ns(na)]=   6.8570466
atom  3  spin  1
eigenvalues:  0.9937544 0.9937544 1.0015018 1.0015018 1.0027357
 eigenvectors
 1   0.2193377  0.1702667 -0.2237639 -0.9327207 -0.0534972
 2   0.9327207 -0.1600768 -0.0674169  0.2193377 -0.2274937
 3  -0.2862191 -0.3881597 -0.3941697  0.0012695 -0.7823294
 4  -0.0012695 -0.6792521  0.6757822 -0.2862191 -0.0034698
 5   0.0000000 -0.5773503 -0.5773503  0.0000000  0.5773503
 occupations
 0.994  0.001  0.001  0.000  0.002
 0.001  1.001  0.001  0.002 -0.001
 0.001  0.001  1.001 -0.002 -0.001
 0.000  0.002 -0.002  0.994  0.000
 0.002 -0.001 -0.001  0.000  1.001
atom  3  spin  2
eigenvalues:  0.2727715 0.2727715 0.4289409 0.4289409 0.4603737
 eigenvectors
 1   0.8110575  0.2826594  0.0170726  0.4149199  0.2997320
 2  -0.4149199  0.1829073 -0.3362439  0.8110575 -0.1533366
 3   0.3771002 -0.0795479 -0.6007263 -0.1668010 -0.6802742
 4   0.1668010 -0.7395860  0.4386835  0.3771002 -0.3009025
 5   0.0000000 -0.5773503 -0.5773503  0.0000000  0.5773503
 occupations
 0.299 -0.024 -0.024  0.000 -0.048
-0.024  0.422  0.019 -0.041 -0.019
-0.024  0.019  0.422  0.041 -0.019
 0.000 -0.041  0.041  0.299  0.000
-0.048 -0.019 -0.019  0.000  0.422
atom  4   Tr[ns(na)]=   6.8596933
atom  4  spin  1
eigenvalues:  0.2728739 0.2728739 0.4299151 0.4299151 0.4608628
 eigenvectors
 1   0.8191063  0.2784916  0.0233148  0.3998457  0.3018064
 2  -0.3998457  0.1877088 -0.3350352  0.8191063 -0.1473264
 3   0.3776185 -0.0860968 -0.5971440 -0.1630721 -0.6832409
 4   0.1630721 -0.7392306  0.4441773  0.3776185 -0.2950532
 5   0.0000000 -0.5773503 -0.5773503  0.0000000  0.5773503
 occupations
 0.299 -0.024 -0.024  0.000 -0.048
-0.024  0.423  0.019 -0.042 -0.019
-0.024  0.019  0.423  0.042 -0.019
 0.000 -0.042  0.042  0.299  0.000
-0.048 -0.019 -0.019  0.000  0.423
atom  4  spin  2
eigenvalues:  0.9937581 0.9937581 1.0015005 1.0015005 1.0027356
 eigenvectors
 1  -0.1940261 -0.1746632  0.2220253  0.9382474  0.0473622
 2  -0.9382474  0.1555310  0.0734973 -0.1940261  0.2290282
