
     Program PWSCF     v.2.1cvs starts ...
     Today is 28Jul2005 at 18:14:52 

     Ultrasoft (Vanderbilt) Pseudopotentials

     Current dimensions of program pwscf are:

     ntypx = 10   npk = 40000  lmax =  3
     nchix =  6  ndmx =  2000  nbrx = 14  nqfx =  8
  HUBBARD L FOR TYPE Fe IS            2
  HUBBARD L FOR TYPE Fe IS            2
  MAXIMUM HUBBARD L IS            2


     bravais-lattice index     =            0
     lattice parameter (a_0)   =       8.1900  a.u.
     unit-cell volume          =     274.6766 (a.u.)^3
     number of atoms/cell      =            4
     number of atomic types    =            3
     kinetic-energy cutoff     =      30.0000  Ry
     charge density cutoff     =     240.0000  Ry
     convergence threshold     =      1.0E-06
     beta                      =       0.3000
     number of iterations used =            8  plain     mixing
     Exchange-correlation      =  SLA  PZ   NOGX NOGC (1100)
     celldm(1)=   8.190000  celldm(2)=   0.000000  celldm(3)=   0.000000
     celldm(4)=   0.000000  celldm(5)=   0.000000  celldm(6)=   0.000000

     crystal axes: (cart. coord. in units of a_0)
               a(1) = (  0.500000  0.500000  1.000000 )  
               a(2) = (  0.500000  1.000000  0.500000 )  
               a(3) = (  1.000000  0.500000  0.500000 )  

     reciprocal axes: (cart. coord. in units 2 pi/a_0)
               b(1) = ( -0.500000 -0.500000  1.500000 )  
               b(2) = ( -0.500000  1.500000 -0.500000 )  
               b(3) = (  1.500000 -0.500000 -0.500000 )  


     PSEUDO 1 is O  (US)    zval =  6.0   lmax= 2   lloc= 0
     Version   0  0  0 of US pseudo code
     Using log mesh of  1269 points
     The pseudopotential has  4 beta functions with: 
                l(1) =   0
                l(2) =   0
                l(3) =   1
                l(4) =   1
     Q(r) pseudized with  0 coefficients,  rinner =    0.000   0.000   0.000
                                                       0.000   0.000

     PSEUDO 2 is Fe (US)    zval =  8.0   lmax= 2   lloc= 0
     Version   0  0  0 of US pseudo code
     Using log mesh of   957 points
     The pseudopotential has  6 beta functions with: 
                l(1) =   0
                l(2) =   0
                l(3) =   1
                l(4) =   1
                l(5) =   2
                l(6) =   2
     Q(r) pseudized with  0 coefficients,  rinner =    0.000   0.000   0.000
                                                       0.000   0.000

     PSEUDO 3 is Fe (US)    zval =  8.0   lmax= 2   lloc= 0
     Version   0  0  0 of US pseudo code
     Using log mesh of   957 points
     The pseudopotential has  6 beta functions with: 
                l(1) =   0
                l(2) =   0
                l(3) =   1
                l(4) =   1
                l(5) =   2
                l(6) =   2
     Q(r) pseudized with  0 coefficients,  rinner =    0.000   0.000   0.000
                                                       0.000   0.000

     atomic species   valence    mass     pseudopotential
        O1             6.00     1.00000     O ( 1.00)
        Fe1            8.00     1.00000     Fe( 1.00)
        Fe2            8.00     1.00000     Fe( 1.00)

     Starting magnetic structure 
     atomic species   magnetization
        O1           0.000
        Fe1          0.500
        Fe2         -0.500

     12 Sym.Ops. (with inversion)


   Cartesian axes

     site n.     atom                  positions (a_0 units)
         1           O1  tau(  1) = (   0.5000000   0.5000000   0.5000000  )
         2           O1  tau(  2) = (   1.5000000   1.5000000   1.5000000  )
         3           Fe1 tau(  3) = (   0.0000000   0.0000000   0.0000000  )
         4           Fe2 tau(  4) = (   1.0000000   1.0000000   1.0000000  )

     number of k points=    8  gaussian broad. (ryd)=  0.0100     ngauss =   0
                       cart. coord. in units 2pi/a_0
        k(    1) = (   0.0000000   0.0000000   0.0000000), wk =   0.1250000
        k(    2) = (  -0.7500000   0.2500000   0.2500000), wk =   0.3750000
        k(    3) = (  -0.5000000  -0.5000000   0.5000000), wk =   0.3750000
        k(    4) = (  -0.2500000  -0.2500000  -0.2500000), wk =   0.1250000
        k(    5) = (   0.0000000   0.0000000   0.0000000), wk =   0.1250000
        k(    6) = (  -0.7500000   0.2500000   0.2500000), wk =   0.3750000
        k(    7) = (  -0.5000000  -0.5000000   0.5000000), wk =   0.3750000
        k(    8) = (  -0.2500000  -0.2500000  -0.2500000), wk =   0.1250000

     G cutoff =  407.7738  (  17255 G-vectors)     FFT grid: ( 50, 50, 50)
     G cutoff =  203.8869  (   6111 G-vectors)  smooth grid: ( 36, 36, 36)

     nbndx  =    80  nbnd   =    20  natomwfc =    20  npwx   =     780
     nelec  =  28.00  nkb   =    52  ngl    =     342

     warning: negative or imaginary core charge    -0.000003    0.000000

     Initial potential from superposition of free atoms

     starting charge   27.99905, renormalised to   28.00000

     Parameters of the lda+U calculation:
     Number of iteration with fixed ns =  0
     Starting ns and Hubbard U :
 enter write_ns
U( 1) =  0.0000      U( 2) =  4.3000      U( 3) =  4.3000
alpha( 1) =  0.0000      alpha( 2) =  0.0000      alpha( 3) =  0.0000
atom  3   Tr[ns(na)]=   6.0000000
atom  3  spin  1
eigenvalues:  1.0000000 1.0000000 1.0000000 1.0000000 1.0000000
 eigenvectors
 1   1.0000000  0.0000000  0.0000000  0.0000000  0.0000000
 2   0.0000000  1.0000000  0.0000000  0.0000000  0.0000000
 3   0.0000000  0.0000000  1.0000000  0.0000000  0.0000000
 4   0.0000000  0.0000000  0.0000000  1.0000000  0.0000000
 5   0.0000000  0.0000000  0.0000000  0.0000000  1.0000000
 occupations
 1.000  0.000  0.000  0.000  0.000
 0.000  1.000  0.000  0.000  0.000
 0.000  0.000  1.000  0.000  0.000
 0.000  0.000  0.000  1.000  0.000
 0.000  0.000  0.000  0.000  1.000
atom  3  spin  2
eigenvalues:  0.2000000 0.2000000 0.2000000 0.2000000 0.2000000
 eigenvectors
 1   1.0000000  0.0000000  0.0000000  0.0000000  0.0000000
 2   0.0000000  1.0000000  0.0000000  0.0000000  0.0000000
 3   0.0000000  0.0000000  1.0000000  0.0000000  0.0000000
 4   0.0000000  0.0000000  0.0000000  1.0000000  0.0000000
 5   0.0000000  0.0000000  0.0000000  0.0000000  1.0000000
 occupations
 0.200  0.000  0.000  0.000  0.000
 0.000  0.200  0.000  0.000  0.000
 0.000  0.000  0.200  0.000  0.000
 0.000  0.000  0.000  0.200  0.000
 0.000  0.000  0.000  0.000  0.200
atom  4   Tr[ns(na)]=   6.0000000
atom  4  spin  1
eigenvalues:  0.2000000 0.2000000 0.2000000 0.2000000 0.2000000
 eigenvectors
 1   1.0000000  0.0000000  0.0000000  0.0000000  0.0000000
 2   0.0000000  1.0000000  0.0000000  0.0000000  0.0000000
 3   0.0000000  0.0000000  1.0000000  0.0000000  0.0000000
 4   0.0000000  0.0000000  0.0000000  1.0000000  0.0000000
 5   0.0000000  0.0000000  0.0000000  0.0000000  1.0000000
 occupations
 0.200  0.000  0.000  0.000  0.000
 0.000  0.200  0.000  0.000  0.000
 0.000  0.000  0.200  0.000  0.000
 0.000  0.000  0.000  0.200  0.000
 0.000  0.000  0.000  0.000  0.200
atom  4  spin  2
eigenvalues:  1.0000000 1.0000000 1.0000000 1.0000000 1.0000000
 eigenvectors
 1   1.0000000  0.0000000  0.0000000  0.0000000  0.0000000
 2   0.0000000  1.0000000  0.0000000  0.0000000  0.0000000
 3   0.0000000  0.0000000  1.0000000  0.0000000  0.0000000
 4   0.0000000  0.0000000  0.0000000  1.0000000  0.0000000
 5   0.0000000  0.0000000  0.0000000  0.0000000  1.0000000
 occupations
 1.000  0.000  0.000  0.000  0.000
 0.000  1.000  0.000  0.000  0.000
 0.000  0.000  1.000  0.000  0.000
 0.000  0.000  0.000  1.000  0.000
 0.000  0.000  0.000  0.000  1.000
nsum =  12.0000000
 exit write_ns
 Atomic wfc used for LDA+U Projector are NOT orthogonalized
     Starting wfc are atomic

     total cpu time spent up to now is      7.11 secs

     Self-consistent Calculation

     iteration #  1     ecut=    30.00 ryd     beta=0.30
     Davidson diagonalization with overlap
     ethr =  1.00E-02,  avg # of iterations =  3.2
 enter write_ns
U( 1) =  0.0000      U( 2) =  4.3000      U( 3) =  4.3000
alpha( 1) =  0.0000      alpha( 2) =  0.0000      alpha( 3) =  0.0000
atom  3   Tr[ns(na)]=   6.1226801
atom  3  spin  1
eigenvalues:  0.9969552 0.9969552 1.0025536 1.0025536 1.0030281
 eigenvectors
 1  -0.3963443 -0.2467134  0.4878593  0.6970550  0.2411458
 2  -0.6970550  0.4208913  0.0032144 -0.3963443  0.4241057
 3   0.5930987  0.3937546  0.2561185  0.0725221  0.6498731
 4   0.0725221 -0.5230745  0.6025388 -0.5930987  0.0794642
 5   0.0000000  0.5773503  0.5773503  0.0000000 -0.5773503
 occupations
 0.999  0.001  0.001  0.000  0.002
 0.001  1.001  0.001  0.002 -0.001
 0.001  0.001  1.001 -0.002 -0.001
 0.000  0.002 -0.002  0.999  0.000
 0.002 -0.001 -0.001  0.000  1.001
atom  3  spin  2
eigenvalues:  0.1553853 0.1553853 0.2567874 0.2765382 0.2765382
 eigenvectors
 1  -0.4133493 -0.0714891  0.0416878 -0.9063143 -0.0298013
 2  -0.9063143 -0.0068626 -0.0584800  0.4133493 -0.0653427
 3   0.0000000 -0.5773503 -0.5773503  0.0000000  0.5773503
 4  -0.0865456  0.2743994  0.5258692  0.0157013  0.8002686
 5  -0.0157013  0.7656460 -0.6204599 -0.0865456  0.1451862
 occupations
 0.156 -0.004 -0.004  0.000 -0.009
-0.004  0.269 -0.006 -0.008  0.006
-0.004 -0.006  0.269  0.008  0.006
 0.000 -0.008  0.008  0.156  0.000
-0.009  0.006  0.006  0.000  0.269
atom  4   Tr[ns(na)]=   6.1226801
atom  4  spin  1
eigenvalues:  0.1553853 0.1553853 0.2567874 0.2765382 0.2765382
 eigenvectors
 1  -0.3313495 -0.0705988  0.0467095 -0.9393992 -0.0238894
 2  -0.9393992 -0.0131752 -0.0545528  0.3313495 -0.0677280
 3   0.0000000 -0.5773503 -0.5773503  0.0000000  0.5773503
 4  -0.0863654  0.2658550  0.5327470  0.0166642  0.7986020
 5  -0.0166642  0.7686547 -0.6145645 -0.0863654  0.1540901
 occupations
 0.156 -0.004 -0.004  0.000 -0.009
-0.004  0.269 -0.006 -0.008  0.006
-0.004 -0.006  0.269  0.008  0.006
 0.000 -0.008  0.008  0.156  0.000
-0.009  0.006  0.006  0.000  0.269
atom  4  spin  2
eigenvalues:  0.9969552 0.9969552 1.0025536 1.0025536 1.0030281
 eigenvectors
 1  -0.3849793 -0.2535118  0.4877429  0.7033956  0.2342311
 2  -0.7033956  0.4168319  0.0111317 -0.3849793  0.4279635
 3   0.5938470  0.3880850  0.2626081  0.0661153  0.6506931
 4   0.0661153 -0.5272947  0.5997388 -0.5938470  0.0724442
 5   0.0000000  0.5773503  0.5773503  0.0000000 -0.5773503
 occupations
 0.999  0.001  0.001  0.000  0.002
 0.001  1.001  0.001  0.002 -0.001
 0.001  0.001  1.001 -0.002 -0.001
 0.000  0.002 -0.002  0.999  0.000
 0.002 -0.001 -0.001  0.000  1.001
nsum =  12.2453603
 exit write_ns

     total cpu time spent up to now is     14.38 secs

     total energy              =  -173.87440401 ryd
     estimated scf accuracy    <     2.40343176 ryd

     total magnetization       =     0.00 Bohr mag/cell
     absolute magnetization    =     8.54 Bohr mag/cell

     iteration #  2     ecut=    30.00 ryd     beta=0.30
     Davidson diagonalization with overlap
     ethr =  8.58E-03,  avg # of iterations =  2.2
 enter write_ns
U( 1) =  0.0000      U( 2) =  4.3000      U( 3) =  4.3000
alpha( 1) =  0.0000      alpha( 2) =  0.0000      alpha( 3) =  0.0000
atom  3   Tr[ns(na)]=   6.9138793
atom  3  spin  1
eigenvalues:  0.9930388 0.9930388 1.0013931 1.0013931 1.0026209
 eigenvectors
 1   0.2038245  0.1680473 -0.2162206 -0.9386925 -0.0481733
 2   0.9386925 -0.1526479 -0.0692093  0.2038245 -0.2218571
 3  -0.2780483 -0.3896933 -0.3946009  0.0010045 -0.7842942
 4  -0.0010045 -0.6806354  0.6778020 -0.2780483 -0.0028334
 5   0.0000000 -0.5773503 -0.5773503  0.0000000  0.5773503
 occupations
 0.994  0.001  0.001  0.000  0.002
 0.001  1.001  0.001  0.002 -0.001
 0.001  0.001  1.001 -0.002 -0.001
 0.000  0.002 -0.002  0.994  0.000
 0.002 -0.001 -0.001  0.000  1.001
atom  3  spin  2
eigenvalues:  0.3123236 0.3123236 0.4063957 0.4456758 0.4456758
 eigenvectors
 1   0.7950810  0.2825440  0.0010586  0.4556133  0.2836026
 2  -0.4556133  0.1643492 -0.3268649  0.7950810 -0.1625157
 3   0.0000000  0.5773503  0.5773503  0.0000000 -0.5773503
 4   0.3675717 -0.0867872 -0.6002054 -0.1585991 -0.6869926
 5  -0.1585991  0.7431641 -0.4467420 -0.3675717  0.2964221
 occupations
 0.334 -0.020 -0.020  0.000 -0.040
-0.020  0.418 -0.006 -0.035  0.006
-0.020 -0.006  0.418  0.035  0.006
 0.000 -0.035  0.035  0.334  0.000
-0.040  0.006  0.006  0.000  0.418
atom  4   Tr[ns(na)]=   6.9138793
atom  4  spin  1
eigenvalues:  0.3123236 0.3123236 0.4063957 0.4456758 0.4456758
 eigenvectors
 1  -0.8142227 -0.2750958 -0.0153345 -0.4204506 -0.2904304
 2   0.4204506 -0.1765335  0.3265067 -0.8142227  0.1499732
 3   0.0000000  0.5773503  0.5773503  0.0000000 -0.5773503
 4   0.3693921 -0.0954276 -0.5949672 -0.1543119 -0.6903948
 5  -0.1543119  0.7421041 -0.4536948 -0.3693921  0.2884093
 occupations
 0.334 -0.020 -0.020  0.000 -0.040
-0.020  0.418 -0.006 -0.035  0.006
-0.020 -0.006  0.418  0.035  0.006
 0.000 -0.035  0.035  0.334  0.000
-0.040  0.006  0.006  0.000  0.418
atom  4  spin  2
eigenvalues:  0.9930388 0.9930388 1.0013931 1.0013931 1.0026209
 eigenvectors
 1   0.2095533  0.1671119 -0.2166392 -0.9374303 -0.0495273
 2   0.9374303 -0.1536713 -0.0678875  0.2095533 -0.2215588
 3  -0.2780463 -0.3885583 -0.3957301  0.0014679 -0.7842884
 4  -0.0014679 -0.6812840  0.6771434 -0.2780463 -0.0041406
 5   0.0000000 -0.5773503 -0.5773503  0.0000000  0.5773503
 occupations
 0.994  0.001  0.001  0.000  0.002
 0.001  1.001  0.001  0.002 -0.001
 0.001  0.001  1.001 -0.002 -0.001
 0.000  0.002 -0.002  0.994  0.000
 0.002 -0.001 -0.001  0.000  1.001
nsum =  13.8277586
 exit write_ns

     total cpu time spent up to now is     21.57 secs

     total energy              =  -174.43468878 ryd
     estimated scf accuracy    <     0.17790704 ryd

     total magnetization       =     0.00 Bohr mag/cell
     absolute magnetization    =     7.22 Bohr mag/cell

     iteration #  3     ecut=    30.00 ryd     beta=0.30
     Davidson diagonalization with overlap
     ethr =  6.35E-04,  avg # of iterations =  1.8
 enter write_ns
U( 1) =  0.0000      U( 2) =  4.3000      U( 3) =  4.3000
alpha( 1) =  0.0000      alpha( 2) =  0.0000      alpha( 3) =  0.0000
atom  3   Tr[ns(na)]=   6.7995774
atom  3  spin  1
eigenvalues:  0.9937851 0.9937851 1.0016949 1.0016949 1.0028991
 eigenvectors
 1   0.1911980  0.1789717 -0.2267810 -0.9368549 -0.0478092
 2   0.9368549 -0.1585347 -0.0757267  0.1911980 -0.2342614
 3  -0.2928172 -0.3855551 -0.3951317  0.0020738 -0.7806868
 4  -0.0020738 -0.6788592  0.6733301 -0.2928172 -0.0055290
 5   0.0000000 -0.5773503 -0.5773503  0.0000000  0.5773503
 occupations
 0.994  0.001  0.001  0.000  0.002
 0.001  1.002  0.001  0.002 -0.001
 0.001  0.001  1.002 -0.002 -0.001
 0.000  0.002 -0.002  0.994  0.000
 0.002 -0.001 -0.001  0.000  1.002
atom  3  spin  2
eigenvalues:  0.2786363 0.2786363 0.3999961 0.4242248 0.4242248
 eigenvectors
 1  -0.7294693 -0.2455396  0.0438185 -0.6041303 -0.2017211
 2   0.6041303 -0.0911652  0.2582261 -0.7294693  0.1670610
 3   0.0000000  0.5773503  0.5773503  0.0000000 -0.5773503
 4   0.3051636 -0.1614115 -0.5742822 -0.0988756 -0.7356936
 5  -0.0988756  0.7563149 -0.5179439 -0.3051636  0.2383710
 occupations
 0.294 -0.018 -0.018  0.000 -0.036
-0.018  0.406 -0.003 -0.031  0.003
-0.018 -0.003  0.406  0.031  0.003
 0.000 -0.031  0.031  0.294  0.000
-0.036  0.003  0.003  0.000  0.406
atom  4   Tr[ns(na)]=   6.7995774
atom  4  spin  1
eigenvalues:  0.2786363 0.2786363 0.3999961 0.4242248 0.4242248
 eigenvectors
 1   0.8322090  0.2233714  0.0067605  0.4522466  0.2301319
 2  -0.4522466  0.1367699 -0.2618303  0.8322090 -0.1250604
 3   0.0000000  0.5773503  0.5773503  0.0000000 -0.5773503
 4   0.3019021 -0.1375398 -0.5902912 -0.1084264 -0.7278310
 5  -0.1084264  0.7610182 -0.4996220 -0.3019021  0.2613962
 occupations
 0.294 -0.018 -0.018  0.000 -0.036
-0.018  0.406 -0.003 -0.031  0.003
-0.018 -0.003  0.406  0.031  0.003
 0.000 -0.031  0.031  0.294  0.000
-0.036  0.003  0.003  0.000  0.406
atom  4  spin  2
eigenvalues:  0.9937851 0.9937851 1.0016949 1.0016949 1.0028991
 eigenvectors
 1   0.2119025  0.1754163 -0.2284027 -0.9323900 -0.0529864
 2   0.9323900 -0.1624601 -0.0706849  0.2119025 -0.2331450
 3  -0.2928185 -0.3860132 -0.3946772  0.0018762 -0.7806904
 4  -0.0018762 -0.6785988  0.6735966 -0.2928185 -0.0050022
 5   0.0000000 -0.5773503 -0.5773503  0.0000000  0.5773503
 occupations
 0.994  0.001  0.001  0.000  0.002
 0.001  1.002  0.001  0.002 -0.001
 0.001  0.001  1.002 -0.002 -0.001
 0.000  0.002 -0.002  0.994  0.000
 0.002 -0.001 -0.001  0.000  1.002
nsum =  13.5991548
 exit write_ns

     total cpu time spent up to now is     28.38 secs

     total energy              =  -174.44744783 ryd
     estimated scf accuracy    <     0.04567934 ryd

     total magnetization       =     0.00 Bohr mag/cell
     absolute magnetization    =     7.41 Bohr mag/cell

     iteration #  4     ecut=    30.00 ryd     beta=0.30
     Davidson diagonalization with overlap
     ethr =  1.63E-04,  avg # of iterations =  2.0
 enter write_ns
U( 1) =  0.0000      U( 2) =  4.3000      U( 3) =  4.3000
alpha( 1) =  0.0000      alpha( 2) =  0.0000      alpha( 3) =  0.0000
atom  3   Tr[ns(na)]=   6.8652721
atom  3  spin  1
eigenvalues:  0.9935730 0.9935730 1.0013235 1.0013235 1.0025796
 eigenvectors
 1  -0.2217972 -0.1692039  0.2230745  0.9324762  0.0538706
 2   0.9324762 -0.1598943 -0.0665877  0.2217972 -0.2264820
 3  -0.2851122 -0.3858362 -0.3967435  0.0022943 -0.7825796
 4   0.0022943  0.6808825 -0.6745852  0.2851122  0.0062973
 5   0.0000000 -0.5773503 -0.5773503  0.0000000  0.5773503
 occupations
 0.994  0.001  0.001  0.000  0.002
 0.001  1.001  0.001  0.001 -0.001
 0.001  0.001  1.001 -0.001 -0.001
 0.000  0.001 -0.001  0.994  0.000
 0.002 -0.001 -0.001  0.000  1.001
atom  3  spin  2
eigenvalues:  0.2817807 0.2817807 0.3685989 0.4703695 0.4703695
 eigenvectors
 1  -0.8270770 -0.2341130 -0.0067838 -0.4506190 -0.2408968
 2   0.4506190 -0.1429985  0.2742470 -0.8270770  0.1312486
 3   0.0000000  0.5773503  0.5773503  0.0000000 -0.5773503
 4   0.3138745 -0.1215997 -0.5968224 -0.1198707 -0.7184221
 5  -0.1198707  0.7593568 -0.4849868 -0.3138745  0.2743700
 occupations
 0.303 -0.024 -0.024  0.000 -0.049
-0.024  0.422 -0.027 -0.042  0.027
-0.024 -0.027  0.422  0.042  0.027
 0.000 -0.042  0.042  0.303  0.000
-0.049  0.027  0.027  0.000  0.422
atom  4   Tr[ns(na)]=   6.8652721
atom  4  spin  1
eigenvalues:  0.2817807 0.2817807 0.3685989 0.4703695 0.4703695
 eigenvectors
 1   0.7775268  0.2473159 -0.0208512  0.5315692  0.2264647
 2  -0.5315692  0.1187110 -0.2735373  0.7775268 -0.1548264
 3   0.0000000  0.5773503  0.5773503  0.0000000 -0.5773503
 4   0.3174677 -0.1452743 -0.5813724 -0.1100018 -0.7266467
 5  -0.1100018  0.7551851 -0.5034038 -0.3174677  0.2517814
 occupations
 0.303 -0.024 -0.024  0.000 -0.049
-0.024  0.422 -0.027 -0.042  0.027
-0.024 -0.027  0.422  0.042  0.027
 0.000 -0.042  0.042  0.303  0.000
-0.049  0.027  0.027  0.000  0.422
atom  4  spin  2
eigenvalues:  0.9935730 0.9935730 1.0013235 1.0013235 1.0025796
 eigenvectors
 1  -0.1860470 -0.1751831  0.2203706  0.9402618  0.0451875
 2   0.9402618 -0.1533200 -0.0750530  0.1860470 -0.2283730
 3  -0.2851136 -0.3862720 -0.3963115  0.0021117 -0.7825835
 4   0.0021117  0.6806354 -0.6748390  0.2851136  0.0057963
 5   0.0000000 -0.5773503 -0.5773503  0.0000000  0.5773503
 occupations
 0.994  0.001  0.001  0.000  0.002
 0.001  1.001  0.001  0.001 -0.001
 0.001  0.001  1.001 -0.001 -0.001
 0.000  0.001 -0.001  0.994  0.000
 0.002 -0.001 -0.001  0.000  1.001
nsum =  13.7305441
 exit write_ns

     total cpu time spent up to now is     35.21 secs

     total energy              =  -174.45455569 ryd
     estimated scf accuracy    <     0.00599716 ryd

     total magnetization       =     0.00 Bohr mag/cell
     absolute magnetization    =     7.30 Bohr mag/cell

     iteration #  5     ecut=    30.00 ryd     beta=0.30
     Davidson diagonalization with overlap
     ethr =  2.14E-05,  avg # of iterations =  2.2
 enter write_ns
U( 1) =  0.0000      U( 2) =  4.3000      U( 3) =  4.3000
alpha( 1) =  0.0000      alpha( 2) =  0.0000      alpha( 3) =  0.0000
atom  3   Tr[ns(na)]=   6.8574089
atom  3  spin  1
eigenvalues:  0.9937624 0.9937624 1.0015003 1.0015003 1.0028045
 eigenvectors
 1  -0.1983483 -0.1709011  0.2183822  0.9388853  0.0474811
 2   0.9388853 -0.1534963 -0.0712565  0.1983483 -0.2247528
 3  -0.2813402 -0.3925057 -0.3910105 -0.0003100 -0.7835162
 4  -0.0003100  0.6781133 -0.6789766  0.2813402 -0.0008633
 5   0.0000000 -0.5773503 -0.5773503  0.0000000  0.5773503
 occupations
 0.994  0.001  0.001  0.000  0.002
 0.001  1.002  0.001  0.001 -0.001
 0.001  0.001  1.002 -0.001 -0.001
 0.000  0.001 -0.001  0.994  0.000
 0.002 -0.001 -0.001  0.000  1.002
atom  3  spin  2
eigenvalues:  0.2778345 0.2778345 0.3370564 0.4856769 0.4856769
 eigenvectors
 1   0.7571823  0.2439313 -0.0314567  0.5666018  0.2124745
 2  -0.5666018  0.1045107 -0.2635060  0.7571823 -0.1589953
 3   0.0000000  0.5773503  0.5773503  0.0000000 -0.5773503
 4   0.3082055 -0.1538150 -0.5784069 -0.1031832 -0.7322219
 5  -0.1031832  0.7566919 -0.5115536 -0.3082055  0.2451383
 occupations
 0.300 -0.026 -0.026  0.000 -0.052
-0.026  0.421 -0.042 -0.045  0.042
-0.026 -0.042  0.421  0.045  0.042
 0.000 -0.045  0.045  0.300  0.000
-0.052  0.042  0.042  0.000  0.421
atom  4   Tr[ns(na)]=   6.8574089
atom  4  spin  1
eigenvalues:  0.2778345 0.2778345 0.3370564 0.4856769 0.4856769
 eigenvectors
 1  -0.7027423 -0.2523957  0.0551977 -0.6328632 -0.1971980
 2   0.6328632 -0.0819839  0.2595730 -0.7027423  0.1775891
 3   0.0000000  0.5773503  0.5773503  0.0000000 -0.5773503
 4   0.3071530 -0.1462030 -0.5835185 -0.1062752 -0.7297215
 5  -0.1062752  0.7581995 -0.5057152 -0.3071530  0.2524843
 occupations
 0.300 -0.026 -0.026  0.000 -0.052
-0.026  0.421 -0.042 -0.045  0.042
-0.026 -0.042  0.421  0.045  0.042
 0.000 -0.045  0.045  0.300  0.000
-0.052  0.042  0.042  0.000  0.421
atom  4  spin  2
eigenvalues:  0.9937624 0.9937624 1.0015003 1.0015003 1.0028045
 eigenvectors
 1  -0.2204650 -0.1672286  0.2200041  0.9339394  0.0527755
 2   0.9339394 -0.1574893 -0.0660795  0.2204650 -0.2235689
 3  -0.2813401 -0.3907949 -0.3927209  0.0003993 -0.7835159
 4   0.0003993  0.6791006 -0.6779887  0.2813401  0.0011120
 5   0.0000000 -0.5773503 -0.5773503  0.0000000  0.5773503
 occupations
 0.994  0.001  0.001  0.000  0.002
 0.001  1.002  0.001  0.001 -0.001
 0.001  0.001  1.002 -0.001 -0.001
 0.000  0.001 -0.001  0.994  0.000
 0.002 -0.001 -0.001  0.000  1.002
nsum =  13.7148178
 exit write_ns

     total cpu time spent up to now is     42.25 secs

     total energy              =  -174.45689774 ryd
     estimated scf accuracy    <     0.00472078 ryd

     total magnetization       =     0.00 Bohr mag/cell
     absolute magnetization    =     7.31 Bohr mag/cell

     iteration #  6     ecut=    30.00 ryd     beta=0.30
     Davidson diagonalization with overlap
     ethr =  1.69E-05,  avg # of iterations =  1.0
 enter write_ns
U( 1) =  0.0000      U( 2) =  4.3000      U( 3) =  4.3000
alpha( 1) =  0.0000      alpha( 2) =  0.0000      alpha( 3) =  0.0000
atom  3   Tr[ns(na)]=   6.8591761
atom  3  spin  1
eigenvalues:  0.9937425 0.9937425 1.0014862 1.0014862 1.0027970
 eigenvectors
 1  -0.1924021 -0.1714433  0.2173752  0.9403334  0.0459319
 2   0.9403334 -0.1520204 -0.0724641  0.1924021 -0.2244844
 3  -0.2806301 -0.3891245 -0.3945552  0.0011228 -0.7836797
 4   0.0011228  0.6802542 -0.6771188  0.2806301  0.0031354
 5   0.0000000 -0.5773503 -0.5773503  0.0000000  0.5773503
 occupations
 0.994  0.001  0.001  0.000  0.002
 0.001  1.002  0.001  0.001 -0.001
 0.001  0.001  1.002 -0.001 -0.001
 0.000  0.001 -0.001  0.994  0.000
 0.002 -0.001 -0.001  0.000  1.002
atom  3  spin  2
eigenvalues:  0.2781109 0.2781109 0.3183478 0.4956760 0.4956760
 eigenvectors
 1   0.7987201  0.2347689 -0.0110545  0.5067144  0.2237144
 2  -0.5067144  0.1227792 -0.2647054  0.7987201 -0.1419262
 3   0.0000000  0.5773503  0.5773503  0.0000000 -0.5773503
 4   0.3033714 -0.1237430 -0.5983348 -0.1151198 -0.7220778
 5  -0.1151198  0.7623406 -0.4883349 -0.3033714  0.2740057
 occupations
 0.301 -0.027 -0.027  0.000 -0.055
-0.027  0.421 -0.051 -0.047  0.051
-0.027 -0.051  0.421  0.047  0.051
 0.000 -0.047  0.047  0.301  0.000
-0.055  0.051  0.051  0.000  0.421
atom  4   Tr[ns(na)]=   6.8591761
atom  4  spin  1
eigenvalues:  0.2781109 0.2781109 0.3183478 0.4956760 0.4956760
 eigenvectors
 1  -0.7292563 -0.2482534  0.0439952 -0.6024106 -0.2042582
 2   0.6024106 -0.0925279  0.2612577 -0.7292563  0.1687299
 3   0.0000000  0.5773503  0.5773503  0.0000000 -0.5773503
 4   0.3054335 -0.1377167 -0.5892694 -0.1095313 -0.7269862
 5  -0.1095313  0.7599405 -0.4992365 -0.3054335  0.2607041
 occupations
 0.301 -0.027 -0.027  0.000 -0.055
-0.027  0.421 -0.051 -0.047  0.051
-0.027 -0.051  0.421  0.047  0.051
 0.000 -0.047  0.047  0.301  0.000
-0.055  0.051  0.051  0.000  0.421
atom  4  spin  2
eigenvalues:  0.9937425 0.9937425 1.0014862 1.0014862 1.0027970
 eigenvectors
 1  -0.1698748 -0.1750273  0.2155813  0.9446629  0.0405540
 2   0.9446629 -0.1478798 -0.0776382  0.1698748 -0.2255180
 3  -0.2806312 -0.3937362 -0.3899467 -0.0007834 -0.7836829
 4  -0.0007834  0.6775954 -0.6797832  0.2806312 -0.0021878
 5   0.0000000 -0.5773503 -0.5773503  0.0000000  0.5773503
 occupations
 0.994  0.001  0.001  0.000  0.002
 0.001  1.002  0.001  0.001 -0.001
 0.001  0.001  1.002 -0.001 -0.001
 0.000  0.001 -0.001  0.994  0.000
 0.002 -0.001 -0.001  0.000  1.002
nsum =  13.7183522
 exit write_ns

     total cpu time spent up to now is     48.96 secs

     total energy              =  -174.45788620 ryd
     estimated scf accuracy    <     0.00558921 ryd

     total magnetization       =     0.00 Bohr mag/cell
     absolute magnetization    =     7.31 Bohr mag/cell

     iteration #  7     ecut=    30.00 ryd     beta=0.30
     Davidson diagonalization with overlap
     ethr =  1.69E-05,  avg # of iterations =  1.5
 enter write_ns
U( 1) =  0.0000      U( 2) =  4.3000      U( 3) =  4.3000
alpha( 1) =  0.0000      alpha( 2) =  0.0000      alpha( 3) =  0.0000
atom  3   Tr[ns(na)]=   6.8430281
atom  3  spin  1
eigenvalues:  0.9938403 0.9938403 1.0014146 1.0014146 1.0029958
 eigenvectors
 1  -0.2025258 -0.1790347  0.2303138  0.9334109  0.0512791
 2   0.9334109 -0.1625777 -0.0737598  0.2025258 -0.2363375
 3  -0.2961882 -0.3897086 -0.3901514  0.0000971 -0.7798600
 4   0.0000971  0.6755064 -0.6752507  0.2961882  0.0002557
 5   0.0000000 -0.5773503 -0.5773503  0.0000000  0.5773503
 occupations
 0.995  0.001  0.001  0.000  0.002
 0.001  1.001  0.001  0.002 -0.001
 0.001  0.001  1.001 -0.002 -0.001
 0.000  0.002 -0.002  0.995  0.000
 0.002 -0.001 -0.001  0.000  1.001
atom  3  spin  2
eigenvalues:  0.2716438 0.2716438 0.3425319 0.3425319 0.6211711
 eigenvectors
 1  -0.7963937 -0.3284284 -0.1127852 -0.2247263 -0.4412137
 2   0.2247263 -0.3198514  0.4443531 -0.7963937  0.1245017
 3   0.4605573  0.0575822 -0.6117882 -0.3211577 -0.5542060
 4   0.3211577 -0.6731871  0.2867259  0.4605573 -0.3864612
 5   0.0000000 -0.5773503 -0.5773503  0.0000000  0.5773503
 occupations
 0.294 -0.013 -0.013  0.000 -0.027
-0.013  0.421  0.100 -0.023 -0.100
-0.013  0.100  0.421  0.023 -0.100
 0.000 -0.023  0.023  0.294  0.000
-0.027 -0.100 -0.100  0.000  0.421
atom  4   Tr[ns(na)]=   6.8430284
atom  4  spin  1
eigenvalues:  0.2716438 0.2716438 0.3425320 0.3425320 0.6211712
 eigenvectors
 1  -0.7958730 -0.3291656 -0.1117592 -0.2265641 -0.4409248
 2   0.2265641 -0.3190923  0.4446119 -0.7958730  0.1255197
 3   0.4321727  0.1135165 -0.6335668 -0.3584433 -0.5200503
 4   0.3584433 -0.6660411  0.2347124  0.4321727 -0.4313287
 5   0.0000000 -0.5773503 -0.5773503  0.0000000  0.5773503
 occupations
 0.294 -0.013 -0.013  0.000 -0.027
-0.013  0.421  0.100 -0.023 -0.100
-0.013  0.100  0.421  0.023 -0.100
 0.000 -0.023  0.023  0.294  0.000
-0.027 -0.100 -0.100  0.000  0.421
atom  4  spin  2
eigenvalues:  0.9938403 0.9938403 1.0014146 1.0014146 1.0029958
 eigenvectors
 1  -0.2526891 -0.1699841  0.2339644  0.9210976  0.0639803
 2   0.9210976 -0.1720185 -0.0612013  0.2526891 -0.2332198
 3  -0.2961851 -0.3868239 -0.3930279  0.0013604 -0.7798518
 4   0.0013604  0.6771624 -0.6735805  0.2961851  0.0035819
 5   0.0000000 -0.5773503 -0.5773503  0.0000000  0.5773503
 occupations
 0.995  0.001  0.001  0.000  0.002
 0.001  1.001  0.001  0.002 -0.001
 0.001  0.001  1.001 -0.002 -0.001
 0.000  0.002 -0.002  0.995  0.000
 0.002 -0.001 -0.001  0.000  1.001
nsum =  13.6860564
 exit write_ns

     total cpu time spent up to now is     55.76 secs

     total energy              =  -174.46401257 ryd
     estimated scf accuracy    <     0.01364157 ryd

     total magnetization       =     0.00 Bohr mag/cell
     absolute magnetization    =     7.34 Bohr mag/cell

     iteration #  8     ecut=    30.00 ryd     beta=0.30
     Davidson diagonalization with overlap
     ethr =  1.69E-05,  avg # of iterations =  1.0
 enter write_ns
U( 1) =  0.0000      U( 2) =  4.3000      U( 3) =  4.3000
alpha( 1) =  0.0000      alpha( 2) =  0.0000      alpha( 3) =  0.0000
atom  3   Tr[ns(na)]=   6.8620470
atom  3  spin  1
eigenvalues:  0.9937988 0.9937988 1.0015345 1.0015345 1.0028726
 eigenvectors
 1  -0.2566317 -0.1595976  0.2204466  0.9254023  0.0608490
 2   0.9254023 -0.1624061 -0.0570126  0.2566317 -0.2194186
 3  -0.2788611 -0.3855150 -0.3985532  0.0026773 -0.7840682
 4   0.0026773  0.6827867 -0.6752591  0.2788611  0.0075276
 5   0.0000000 -0.5773503 -0.5773503  0.0000000  0.5773503
 occupations
 0.994  0.001  0.001  0.000  0.002
 0.001  1.002  0.001  0.001 -0.001
 0.001  0.001  1.002 -0.001 -0.001
 0.000  0.001 -0.001  0.994  0.000
 0.002 -0.001 -0.001  0.000  1.002
atom  3  spin  2
eigenvalues:  0.2766469 0.2766469 0.3236466 0.4957838 0.4957838
 eigenvectors
 1  -0.7480794 -0.2538764  0.0353808 -0.5717795 -0.2184956
 2   0.5717795 -0.1057213  0.2727240 -0.7480794  0.1670027
 3   0.0000000  0.5773503  0.5773503  0.0000000 -0.5773503
 4   0.3175595 -0.1405200 -0.5843146 -0.1122555 -0.7248346
 5  -0.1122555  0.7558377 -0.4996127 -0.3175595  0.2562250
 occupations
 0.302 -0.028 -0.028  0.000 -0.057
-0.028  0.422 -0.049 -0.049  0.049
-0.028 -0.049  0.422  0.049  0.049
 0.000 -0.049  0.049  0.302  0.000
-0.057  0.049  0.049  0.000  0.422
atom  4   Tr[ns(na)]=   6.8620455
atom  4  spin  1
eigenvalues:  0.2766468 0.2766468 0.3236466 0.4957831 0.4957831
 eigenvectors
 1   0.7685600  0.2498255 -0.0253479  0.5439394  0.2244776
 2  -0.5439394  0.1149676 -0.2738391  0.7685600 -0.1588714
 3   0.0000000  0.5773503  0.5773503  0.0000000 -0.5773503
 4   0.3189497 -0.1500376 -0.5779696 -0.1082432 -0.7280071
 5  -0.1082432  0.7540060 -0.5069393 -0.3189497  0.2470667
 occupations
 0.302 -0.028 -0.028  0.000 -0.057
-0.028  0.422 -0.049 -0.049  0.049
-0.028 -0.049  0.422  0.049  0.049
 0.000 -0.049  0.049  0.302  0.000
-0.057  0.049  0.049  0.000  0.422
atom  4  spin  2
eigenvalues:  0.9937988 0.9937988 1.0015345 1.0015345 1.0028726
 eigenvectors
 1  -0.1735238 -0.1733759  0.2145195  0.9445205  0.0411435
 2   0.9445205 -0.1476071 -0.0763444  0.1735238 -0.2239515
 3  -0.2788732 -0.3906489 -0.3934538  0.0005760 -0.7841027
 4   0.0005760  0.6798625 -0.6782431  0.2788732  0.0016194
 5   0.0000000 -0.5773503 -0.5773503  0.0000000  0.5773503
 occupations
 0.994  0.001  0.001  0.000  0.002
 0.001  1.002  0.001  0.001 -0.001
 0.001  0.001  1.002 -0.001 -0.001
 0.000  0.001 -0.001  0.994  0.000
 0.002 -0.001 -0.001  0.000  1.002
nsum =  13.7240926
 exit write_ns

     total cpu time spent up to now is     62.45 secs

     total energy              =  -174.45792680 ryd
     estimated scf accuracy    <     0.00464198 ryd

     total magnetization       =     0.00 Bohr mag/cell
     absolute magnetization    =     7.30 Bohr mag/cell

     iteration #  9     ecut=    30.00 ryd     beta=0.30
     Davidson diagonalization with overlap
     ethr =  1.66E-05,  avg # of iterations =  1.0
 enter write_ns
U( 1) =  0.0000      U( 2) =  4.3000      U( 3) =  4.3000
alpha( 1) =  0.0000      alpha( 2) =  0.0000      alpha( 3) =  0.0000
atom  3   Tr[ns(na)]=   6.8513673
atom  3  spin  1
eigenvalues:  0.9938240 0.9938240 1.0015025 1.0015025 1.0027654
 eigenvectors
 1   0.1537809  0.1826812 -0.2205707 -0.9449296 -0.0378895
 2   0.9449296 -0.1492220 -0.0835955  0.1537809 -0.2328176
 3  -0.2888915 -0.3882984 -0.3933783  0.0010839 -0.7816767
 4  -0.0010839 -0.6784183  0.6754854 -0.2888915 -0.0029329
 5   0.0000000 -0.5773503 -0.5773503  0.0000000  0.5773503
 occupations
 0.994  0.001  0.001  0.000  0.002
 0.001  1.001  0.001  0.002 -0.001
 0.001  0.001  1.001 -0.002 -0.001
 0.000  0.002 -0.002  0.994  0.000
 0.002 -0.001 -0.001  0.000  1.001
atom  3  spin  2
eigenvalues:  0.2730680 0.2730680 0.4124636 0.4124636 0.4868858
 eigenvectors
 1   0.7929085  0.2882745  0.0019561  0.4516151  0.2902306
 2  -0.4516151  0.1686941 -0.3340001  0.7929085 -0.1653060
 3   0.3705160 -0.0639536 -0.6108782 -0.1733717 -0.6748318
 4   0.1733717 -0.7423050  0.4265380  0.3705160 -0.3157670
 5   0.0000000 -0.5773503 -0.5773503  0.0000000  0.5773503
 occupations
 0.296 -0.021 -0.021  0.000 -0.042
-0.021  0.422  0.033 -0.037 -0.033
-0.021  0.033  0.422  0.037 -0.033
 0.000 -0.037  0.037  0.296  0.000
-0.042 -0.033 -0.033  0.000  0.422
atom  4   Tr[ns(na)]=   6.8513913
atom  4  spin  1
eigenvalues:  0.2730690 0.2730690 0.4124722 0.4124722 0.4868906
 eigenvectors
 1   0.7947292  0.2875839  0.0033043  0.4484128  0.2908882
 2  -0.4484128  0.1698522 -0.3339810  0.7947292 -0.1641289
 3   0.3727265 -0.0735870 -0.6052914 -0.1685419 -0.6788784
 4   0.1685419 -0.7414158  0.4344361  0.3727265 -0.3069796
 5   0.0000000 -0.5773503 -0.5773503  0.0000000  0.5773503
 occupations
 0.296 -0.021 -0.021  0.000 -0.042
-0.021  0.422  0.033 -0.037 -0.033
-0.021  0.033  0.422  0.037 -0.033
 0.000 -0.037  0.037  0.296  0.000
-0.042 -0.033 -0.033  0.000  0.422
atom  4  spin  2
eigenvalues:  0.9938240 0.9938240 1.0015025 1.0015025 1.0027654
 eigenvectors
 1   0.1968466  0.1756649 -0.2241656 -0.9369049 -0.0485007
 2   0.9369049 -0.1574239 -0.0734183  0.1968466 -0.2308423
 3  -0.2888918 -0.3873326 -0.3943386  0.0014949 -0.7816712
 4  -0.0014949 -0.6789696  0.6749247 -0.2888918 -0.0040449
 5   0.0000000 -0.5773503 -0.5773503  0.0000000  0.5773503
 occupations
 0.994  0.001  0.001  0.000  0.002
 0.001  1.001  0.001  0.002 -0.001
 0.001  0.001  1.001 -0.002 -0.001
 0.000  0.002 -0.002  0.994  0.000
 0.002 -0.001 -0.001  0.000  1.001
nsum =  13.7027586
 exit write_ns

     total cpu time spent up to now is     69.14 secs

     total energy              =  -174.45394006 ryd
     estimated scf accuracy    <     0.00092261 ryd

     total magnetization       =     0.00 Bohr mag/cell
     absolute magnetization    =     7.32 Bohr mag/cell

     iteration # 10     ecut=    30.00 ryd     beta=0.30
     Davidson diagonalization with overlap
     ethr =  3.30E-06,  avg # of iterations =  1.0
 enter write_ns
U( 1) =  0.0000      U( 2) =  4.3000      U( 3) =  4.3000
alpha( 1) =  0.0000      alpha( 2) =  0.0000      alpha( 3) =  0.0000
atom  3   Tr[ns(na)]=   6.8612418
atom  3  spin  1
eigenvalues:  0.9937644 0.9937644 1.0015140 1.0015140 1.0027779
 eigenvectors
 1  -0.2602683 -0.1615027  0.2243151  0.9229922  0.0628123
 2   0.9229922 -0.1657731 -0.0569789  0.2602683 -0.2227520
 3  -0.2834529 -0.3903074 -0.3927002  0.0005001 -0.7830076
 4   0.0005001  0.6787952 -0.6774137  0.2834529  0.0013815
 5   0.0000000 -0.5773503 -0.5773503  0.0000000  0.5773503
 occupations
 0.994  0.001  0.001  0.000  0.002
 0.001  1.002  0.001  0.001 -0.001
 0.001  0.001  1.002 -0.001 -0.001
 0.000  0.001 -0.001  0.994  0.000
 0.002 -0.001 -0.001  0.000  1.002
atom  3  spin  2
eigenvalues:  0.2741620 0.2741620 0.4140527 0.4527651 0.4527651
 eigenvectors
 1   0.8032393  0.2690472  0.0019274  0.4571534  0.2709746
 2  -0.4571534  0.1575600 -0.3117817  0.8032393 -0.1542217
 3   0.0000000  0.5773503  0.5773503  0.0000000 -0.5773503
 4   0.3531679 -0.1004230 -0.5974981 -0.1452233 -0.6979211
 5  -0.1452233  0.7479106 -0.4609242 -0.3531679  0.2869864
 occupations
 0.300 -0.026 -0.026  0.000 -0.051
-0.026  0.422 -0.004 -0.045  0.004
-0.026 -0.004  0.422  0.045  0.004
 0.000 -0.045  0.045  0.300  0.000
-0.051  0.004  0.004  0.000  0.422
atom  4   Tr[ns(na)]=   6.8608886
atom  4  spin  1
eigenvalues:  0.2741501 0.2741501 0.4139916 0.4526312 0.4526312
 eigenvectors
 1   0.7757293  0.2776974 -0.0159200  0.5023418  0.2617774
 2  -0.5023418  0.1419458 -0.3114659  0.7757293 -0.1695201
 3   0.0000000  0.5773503  0.5773503  0.0000000 -0.5773503
 4   0.3531591 -0.0998791 -0.5978025 -0.1455175 -0.6976816
 5  -0.1455175  0.7479481 -0.4604719 -0.3531591  0.2874762
 occupations
 0.300 -0.026 -0.026  0.000 -0.051
-0.026  0.422 -0.004 -0.045  0.004
-0.026 -0.004  0.422  0.045  0.004
 0.000 -0.045  0.045  0.300  0.000
-0.051  0.004  0.004  0.000  0.422
atom  4  spin  2
eigenvalues:  0.9937640 0.9937640 1.0015142 1.0015142 1.0027779
 eigenvectors
 1  -0.2144875 -0.1694545  0.2212123  0.9347013  0.0517577
 2   0.9347013 -0.1575993 -0.0679523  0.2144875 -0.2255516
 3  -0.2834228 -0.3922950 -0.3907206 -0.0003290 -0.7830156
 4  -0.0003290  0.6776569 -0.6785659  0.2834228 -0.0009090
 5   0.0000000 -0.5773503 -0.5773503  0.0000000  0.5773503
 occupations
 0.994  0.001  0.001  0.000  0.002
 0.001  1.002  0.001  0.001 -0.001
 0.001  0.001  1.002 -0.001 -0.001
 0.000  0.001 -0.001  0.994  0.000
 0.002 -0.001 -0.001  0.000  1.002
nsum =  13.7221304
 exit write_ns

     total cpu time spent up to now is     75.85 secs

     total energy              =  -174.45370353 ryd
     estimated scf accuracy    <     0.00042622 ryd

     total magnetization       =     0.00 Bohr mag/cell
     absolute magnetization    =     7.31 Bohr mag/cell

     iteration # 11     ecut=    30.00 ryd     beta=0.30
     Davidson diagonalization with overlap
     ethr =  1.52E-06,  avg # of iterations =  1.1
 enter write_ns
U( 1) =  0.0000      U( 2) =  4.3000      U( 3) =  4.3000
alpha( 1) =  0.0000      alpha( 2) =  0.0000      alpha( 3) =  0.0000
atom  3   Tr[ns(na)]=   6.8535316
atom  3  spin  1
eigenvalues:  0.9937691 0.9937691 1.0014948 1.0014948 1.0027338
 eigenvectors
 1  -0.1500608 -0.1826900  0.2195344  0.9458083  0.0368444
 2  -0.9458083  0.1480204  0.0842040 -0.1500608  0.2322244
 3  -0.2879715 -0.3931934 -0.3887108 -0.0009532 -0.7819043
 4  -0.0009532  0.6758549 -0.6784430  0.2879715 -0.0025880
 5   0.0000000  0.5773503  0.5773503  0.0000000 -0.5773503
 occupations
 0.994  0.001  0.001  0.000  0.002
 0.001  1.001  0.001  0.002 -0.001
 0.001  0.001  1.001 -0.002 -0.001
 0.000  0.002 -0.002  0.994  0.000
 0.002 -0.001 -0.001  0.000  1.001
atom  3  spin  2
eigenvalues:  0.2717788 0.2717788 0.4137466 0.4137466 0.4892191
 eigenvectors
 1   0.7880250  0.3016136  0.0048480  0.4405719  0.3064616
 2  -0.4405719  0.1797347 -0.3510724  0.7880250 -0.1713377
 3   0.3838452 -0.0412240 -0.6167803 -0.1938450 -0.6580043
 4   0.1938450 -0.7359972  0.4036997  0.3838452 -0.3322975
 5   0.0000000 -0.5773503 -0.5773503  0.0000000  0.5773503
 occupations
 0.298 -0.023 -0.023  0.000 -0.045
-0.023  0.421  0.034 -0.039 -0.034
-0.023  0.034  0.421  0.039 -0.034
 0.000 -0.039  0.039  0.298  0.000
-0.045 -0.034 -0.034  0.000  0.421
atom  4   Tr[ns(na)]=   6.8566486
atom  4  spin  1
eigenvalues:  0.2719131 0.2719131 0.4148860 0.4148860 0.4897818
 eigenvectors
 1  -0.8215276 -0.2852260 -0.0329597 -0.3760452 -0.3181857
 2   0.3760452 -0.2027339  0.3483799 -0.8215276  0.1456460
 3   0.3881427 -0.0631437 -0.6049566 -0.1817350 -0.6681003
 4   0.1817350 -0.7349997  0.4221839  0.3881427 -0.3128158
 5   0.0000000 -0.5773503 -0.5773503  0.0000000  0.5773503
 occupations
 0.298 -0.023 -0.023  0.000 -0.045
-0.023  0.422  0.034 -0.039 -0.034
-0.023  0.034  0.422  0.039 -0.034
 0.000 -0.039  0.039  0.298  0.000
-0.045 -0.034 -0.034  0.000  0.422
atom  4  spin  2
eigenvalues:  0.9937736 0.9937736 1.0014938 1.0014938 1.0027337
 eigenvectors
 1  -0.2416056 -0.1675281  0.2269082  0.9265785  0.0593801
