
     Program PWSCF     v.4.0cvs starts ...
     Today is 21Dec2007 at  5:55:30 

     Ultrasoft (Vanderbilt) Pseudopotentials and PAW

     Current dimensions of program pwscf are:
     Max number of different atomic species (ntypx) = 10
     Max number of k-points (npk) =  40000
     Max angular momentum in pseudopotentials (lmaxx) =  3


     bravais-lattice index     =            0
     lattice parameter (a_0)   =       8.1900  a.u.
     unit-cell volume          =     274.6766 (a.u.)^3
     number of atoms/cell      =            4
     number of atomic types    =            3
     number of electrons       =        28.00
     number of Kohn-Sham states=           20
     kinetic-energy cutoff     =      30.0000  Ry
     charge density cutoff     =     240.0000  Ry
     convergence threshold     =      1.0E-06
     mixing beta               =       0.3000
     number of iterations used =            8  plain     mixing
     Exchange-correlation      =  SLA  PZ   NOGX NOGC (1100)

     celldm(1)=   8.190000  celldm(2)=   0.000000  celldm(3)=   0.000000
     celldm(4)=   0.000000  celldm(5)=   0.000000  celldm(6)=   0.000000

     crystal axes: (cart. coord. in units of a_0)
               a(1) = (  0.500000  0.500000  1.000000 )  
               a(2) = (  0.500000  1.000000  0.500000 )  
               a(3) = (  1.000000  0.500000  0.500000 )  

     reciprocal axes: (cart. coord. in units 2 pi/a_0)
               b(1) = ( -0.500000 -0.500000  1.500000 )  
               b(2) = ( -0.500000  1.500000 -0.500000 )  
               b(3) = (  1.500000 -0.500000 -0.500000 )  


     PseudoPot. # 1 for O  read from file O.pz-rrkjus.UPF
     Pseudo is Ultrasoft, Zval =  6.0
     Generated by new atomic code, or converted to UPF format
     Using radial grid of 1269 points,  4 beta functions with: 
                l(1) =   0
                l(2) =   0
                l(3) =   1
                l(4) =   1
     Q(r) pseudized with 0 coefficients 


     PseudoPot. # 2 for Fe read from file Fe.pz-nd-rrkjus.UPF
     Pseudo is Ultrasoft + core correction, Zval =  8.0
     Generated by new atomic code, or converted to UPF format
     Using radial grid of  957 points,  6 beta functions with: 
                l(1) =   0
                l(2) =   0
                l(3) =   1
                l(4) =   1
                l(5) =   2
                l(6) =   2
     Q(r) pseudized with 0 coefficients 


     PseudoPot. # 3 for Fe read from file Fe.pz-nd-rrkjus.UPF
     Pseudo is Ultrasoft + core correction, Zval =  8.0
     Generated by new atomic code, or converted to UPF format
     Using radial grid of  957 points,  6 beta functions with: 
                l(1) =   0
                l(2) =   0
                l(3) =   1
                l(4) =   1
                l(5) =   2
                l(6) =   2
     Q(r) pseudized with 0 coefficients 


     atomic species   valence    mass     pseudopotential
        O1             6.00     1.00000     O ( 1.00)
        Fe1            8.00     1.00000     Fe( 1.00)
        Fe2            8.00     1.00000     Fe( 1.00)

     Starting magnetic structure 
     atomic species   magnetization
        O1           0.000
        Fe1          0.500
        Fe2         -0.500

     LDA+U calculation, Hubbard_lmax = 2
     atomic species  L   Hubbard U  Hubbard alpha
        Fe1          2    0.316044    0.000000
        Fe2          2    0.316044    0.000000

     12 Sym.Ops. (with inversion)


   Cartesian axes

     site n.     atom                  positions (a_0 units)
         1           O1  tau(  1) = (   0.5000000   0.5000000   0.5000000  )
         2           O1  tau(  2) = (   1.5000000   1.5000000   1.5000000  )
         3           Fe1 tau(  3) = (   0.0000000   0.0000000   0.0000000  )
         4           Fe2 tau(  4) = (   1.0000000   1.0000000   1.0000000  )

     number of k points=    8  gaussian broad. (Ry)=  0.0100     ngauss =   0
                       cart. coord. in units 2pi/a_0
        k(    1) = (   0.0000000   0.0000000   0.0000000), wk =   0.1250000
        k(    2) = (  -0.7500000   0.2500000   0.2500000), wk =   0.3750000
        k(    3) = (  -0.5000000  -0.5000000   0.5000000), wk =   0.3750000
        k(    4) = (  -0.2500000  -0.2500000  -0.2500000), wk =   0.1250000
        k(    5) = (   0.0000000   0.0000000   0.0000000), wk =   0.1250000
        k(    6) = (  -0.7500000   0.2500000   0.2500000), wk =   0.3750000
        k(    7) = (  -0.5000000  -0.5000000   0.5000000), wk =   0.3750000
        k(    8) = (  -0.2500000  -0.2500000  -0.2500000), wk =   0.1250000

     G cutoff =  407.7738  (  17255 G-vectors)     FFT grid: ( 50, 50, 50)
     G cutoff =  203.8869  (   6111 G-vectors)  smooth grid: ( 36, 36, 36)

     Largest allocated arrays     est. size (Mb)     dimensions
        Kohn-Sham Wavefunctions         0.24 Mb     (    780,  20)
        Atomic wavefunctions            0.24 Mb     (    780,  20)
        NL pseudopotentials             0.62 Mb     (    780,  52)
        Each V/rho on FFT grid          3.81 Mb     ( 125000,   2)
        Each G-vector array             0.13 Mb     (  17255)
        G-vector shells                 0.00 Mb     (    342)
     Largest temporary arrays     est. size (Mb)     dimensions
        Auxiliary wavefunctions         0.95 Mb     (    780,  80)
        Each subspace H/S matrix        0.10 Mb     (     80,  80)
        Each <psi_i|beta_j> matrix      0.02 Mb     (     52,  20)
        Arrays for rho mixing          15.26 Mb     ( 125000,   8)

     Check: negative/imaginary core charge=   -0.000003    0.000000

     Initial potential from superposition of free atoms

     starting charge   27.99905, renormalised to   28.00000

     Parameters of the lda+U calculation:
     Number of iteration with fixed ns =  0
     Starting ns and Hubbard U :
 enter write_ns
U( 1) =  0.0000      U( 2) =  4.3000      U( 3) =  4.3000
alpha( 1) =  0.0000      alpha( 2) =  0.0000      alpha( 3) =  0.0000
atom  3   Tr[ns(na)]=   6.0000000
atom  3  spin  1
eigenvalues:  1.0000000 1.0000000 1.0000000 1.0000000 1.0000000
 eigenvectors
 1   1.0000000  0.0000000  0.0000000  0.0000000  0.0000000
 2   0.0000000  1.0000000  0.0000000  0.0000000  0.0000000
 3   0.0000000  0.0000000  1.0000000  0.0000000  0.0000000
 4   0.0000000  0.0000000  0.0000000  1.0000000  0.0000000
 5   0.0000000  0.0000000  0.0000000  0.0000000  1.0000000
 occupations
 1.000  0.000  0.000  0.000  0.000
 0.000  1.000  0.000  0.000  0.000
 0.000  0.000  1.000  0.000  0.000
 0.000  0.000  0.000  1.000  0.000
 0.000  0.000  0.000  0.000  1.000
atom  3  spin  2
eigenvalues:  0.2000000 0.2000000 0.2000000 0.2000000 0.2000000
 eigenvectors
 1   1.0000000  0.0000000  0.0000000  0.0000000  0.0000000
 2   0.0000000  1.0000000  0.0000000  0.0000000  0.0000000
 3   0.0000000  0.0000000  1.0000000  0.0000000  0.0000000
 4   0.0000000  0.0000000  0.0000000  1.0000000  0.0000000
 5   0.0000000  0.0000000  0.0000000  0.0000000  1.0000000
 occupations
 0.200  0.000  0.000  0.000  0.000
 0.000  0.200  0.000  0.000  0.000
 0.000  0.000  0.200  0.000  0.000
 0.000  0.000  0.000  0.200  0.000
 0.000  0.000  0.000  0.000  0.200
atom  4   Tr[ns(na)]=   6.0000000
atom  4  spin  1
eigenvalues:  0.2000000 0.2000000 0.2000000 0.2000000 0.2000000
 eigenvectors
 1   1.0000000  0.0000000  0.0000000  0.0000000  0.0000000
 2   0.0000000  1.0000000  0.0000000  0.0000000  0.0000000
 3   0.0000000  0.0000000  1.0000000  0.0000000  0.0000000
 4   0.0000000  0.0000000  0.0000000  1.0000000  0.0000000
 5   0.0000000  0.0000000  0.0000000  0.0000000  1.0000000
 occupations
 0.200  0.000  0.000  0.000  0.000
 0.000  0.200  0.000  0.000  0.000
 0.000  0.000  0.200  0.000  0.000
 0.000  0.000  0.000  0.200  0.000
 0.000  0.000  0.000  0.000  0.200
atom  4  spin  2
eigenvalues:  1.0000000 1.0000000 1.0000000 1.0000000 1.0000000
 eigenvectors
 1   1.0000000  0.0000000  0.0000000  0.0000000  0.0000000
 2   0.0000000  1.0000000  0.0000000  0.0000000  0.0000000
 3   0.0000000  0.0000000  1.0000000  0.0000000  0.0000000
 4   0.0000000  0.0000000  0.0000000  1.0000000  0.0000000
 5   0.0000000  0.0000000  0.0000000  0.0000000  1.0000000
 occupations
 1.000  0.000  0.000  0.000  0.000
 0.000  1.000  0.000  0.000  0.000
 0.000  0.000  1.000  0.000  0.000
 0.000  0.000  0.000  1.000  0.000
 0.000  0.000  0.000  0.000  1.000
nsum =  12.0000000
 exit write_ns
 LDA+U Projector read from file 
     Starting wfc are   20 atomic wfcs

     total cpu time spent up to now is      8.30 secs

     per-process dynamical memory:    25.1 Mb

     Self-consistent Calculation

     iteration #  1     ecut=    30.00 Ry     beta=0.30
     Davidson diagonalization with overlap
     ethr =  1.00E-02,  avg # of iterations =  3.1
 enter write_ns
U( 1) =  0.0000      U( 2) =  4.3000      U( 3) =  4.3000
alpha( 1) =  0.0000      alpha( 2) =  0.0000      alpha( 3) =  0.0000
atom  3   Tr[ns(na)]=   5.7760877
atom  3  spin  1
eigenvalues:  0.9907404 0.9907404 0.9912458 0.9955846 0.9955846
 eigenvectors
 1   0.0683625 -0.7761397  0.5373819  0.2171387 -0.2387578
 2   0.2171387 -0.1724107 -0.5859513 -0.0683625 -0.7583620
 3   0.0000000  0.5773503  0.5773503  0.0000000 -0.5773503
 4   0.9666996  0.1115910  0.0729364  0.1169152  0.1845274
 5   0.1169152 -0.1486468  0.1709641 -0.9666996  0.0223172
 occupations
 0.995  0.000  0.000  0.000  0.001
 0.000  0.991  0.000  0.001  0.000
 0.000  0.000  0.991 -0.001  0.000
 0.000  0.001 -0.001  0.995  0.000
 0.001  0.000  0.000  0.000  0.991
atom  3  spin  2
eigenvalues:  0.0511290 0.0511290 0.2194886 0.2452226 0.2452226
 eigenvectors
 1  -0.9553040 -0.0322299 -0.0099845 -0.2906437 -0.0422144
 2   0.2906437 -0.0301370  0.0429804 -0.9553040  0.0128434
 3   0.0000000 -0.5773503 -0.5773503  0.0000000  0.5773503
 4   0.0047500  0.6675106 -0.7391711 -0.0538326 -0.0716604
 5  -0.0538326  0.4681338  0.3440143 -0.0047500  0.8121480
 occupations
 0.052 -0.004 -0.004  0.000 -0.009
-0.004  0.236 -0.008 -0.007  0.008
-0.004 -0.008  0.236  0.007  0.008
 0.000 -0.007  0.007  0.052  0.000
-0.009  0.008  0.008  0.000  0.236
atom  4   Tr[ns(na)]=   6.0819608
atom  4  spin  1
eigenvalues:  0.1596415 0.1596415 0.2422497 0.2568332 0.2568332
 eigenvectors
 1   0.9807000  0.0583905  0.0327215  0.1595177  0.0911120
 2   0.1595177 -0.0714953  0.0863153 -0.9807000  0.0148200
 3   0.0000000 -0.5773503 -0.5773503  0.0000000  0.5773503
 4  -0.0073144  0.7273446 -0.6748581 -0.1128186  0.0524865
 5   0.1128186 -0.3593264 -0.4502357 -0.0073144 -0.8095621
 occupations
 0.161 -0.004 -0.004  0.000 -0.009
-0.004  0.251 -0.004 -0.008  0.004
-0.004 -0.004  0.251  0.008  0.004
 0.000 -0.008  0.008  0.161  0.000
-0.009  0.004  0.004  0.000  0.251
atom  4  spin  2
eigenvalues:  0.9977251 0.9977251 1.0036930 1.0038092 1.0038092
 eigenvectors
 1   0.6923984 -0.4070436 -0.1378342  0.1975089 -0.5448778
 2   0.1975089  0.3941640 -0.5495921 -0.6923984 -0.1554282
 3   0.0000000  0.5773503  0.5773503  0.0000000 -0.5773503
 4  -0.6734986 -0.4079895 -0.1625718 -0.1672552 -0.5705614
 5   0.1672552 -0.4232747  0.5649666 -0.6734986  0.1416920
 occupations
 1.001  0.001  0.001  0.000  0.002
 0.001  1.002  0.001  0.002 -0.001
 0.001  0.001  1.002 -0.002 -0.001
 0.000  0.002 -0.002  1.001  0.000
 0.002 -0.001 -0.001  0.000  1.002
nsum =  11.8580485
 exit write_ns
 Modify starting ns matrices according to input values 
 enter write_ns
U( 1) =  0.0000      U( 2) =  4.3000      U( 3) =  4.3000
alpha( 1) =  0.0000      alpha( 2) =  0.0000      alpha( 3) =  0.0000
atom  3   Tr[ns(na)]=   6.5565991
atom  3  spin  1
eigenvalues:  0.9907404 0.9907404 0.9912458 0.9955846 0.9955846
 eigenvectors
 1   0.0445399 -0.7530118  0.5974552  0.2232461 -0.1555566
 2   0.2232461 -0.2551303 -0.5245622 -0.0445399 -0.7796925
 3   0.0000000  0.5773503  0.5773503  0.0000000 -0.5773503
 4   0.9709843  0.1047832  0.0805621  0.0732593  0.1853453
 5   0.0732593 -0.1535217  0.1675057 -0.9709843  0.0139840
 occupations
 0.995  0.000  0.000  0.000  0.001
 0.000  0.991  0.000  0.001  0.000
 0.000  0.000  0.991 -0.001  0.000
 0.000  0.001 -0.001  0.995  0.000
 0.001  0.000  0.000  0.000  0.991
atom  3  spin  2
eigenvalues:  0.0511290 0.0511290 0.2452226 0.2452226 1.0000000
 eigenvectors
 1   0.9179578  0.0353210  0.0052430  0.3929796  0.0405641
 2  -0.3929796  0.0264467 -0.0438123  0.9179578 -0.0173656
 3  -0.0173634 -0.5376602  0.7996134  0.0511764  0.2619531
 4   0.0511764 -0.6128957 -0.1591796  0.0173634 -0.7720753
 5   0.0000000 -0.5773503 -0.5773503  0.0000000  0.5773503
 occupations
 0.052 -0.004 -0.004  0.000 -0.009
-0.004  0.496  0.252 -0.007 -0.252
-0.004  0.252  0.496  0.007 -0.252
 0.000 -0.007  0.007  0.052  0.000
-0.009 -0.252 -0.252  0.000  0.496
atom  4   Tr[ns(na)]=   6.8397111
atom  4  spin  1
eigenvalues:  0.1596415 0.1596415 0.2568332 0.2568332 1.0000000
 eigenvectors
 1  -0.9844383 -0.0565541 -0.0349052 -0.1345354 -0.0914593
 2   0.1345354 -0.0729566  0.0854556 -0.9844383  0.0124990
 3   0.0477958 -0.8081860  0.4652136  0.1024554 -0.3429725
 4   0.1024554 -0.0705759 -0.6646217 -0.0477958 -0.7351976
 5   0.0000000 -0.5773503 -0.5773503  0.0000000  0.5773503
 occupations
 0.161 -0.004 -0.004  0.000 -0.009
-0.004  0.504  0.248 -0.008 -0.248
-0.004  0.248  0.504  0.008 -0.248
 0.000 -0.008  0.008  0.161  0.000
-0.009 -0.248 -0.248  0.000  0.504
atom  4  spin  2
eigenvalues:  0.9977251 0.9977251 1.0036930 1.0038092 1.0038092
 eigenvectors
 1  -0.7032669  0.3819446  0.1714860 -0.1544056  0.5534306
 2  -0.1544056 -0.4185308  0.5400392  0.7032669  0.1215083
 3   0.0000000 -0.5773503 -0.5773503  0.0000000  0.5773503
 4  -0.3782737 -0.5870693  0.2666108 -0.5817935 -0.3204585
 5  -0.5817935  0.0310890 -0.5239614  0.3782737 -0.4928725
 occupations
 1.001  0.001  0.001  0.000  0.002
 0.001  1.002  0.001  0.002 -0.001
 0.001  0.001  1.002 -0.002 -0.001
 0.000  0.002 -0.002  1.001  0.000
 0.002 -0.001 -0.001  0.000  1.002
nsum =  13.3963101
 exit write_ns

     total cpu time spent up to now is     16.60 secs

     total energy              =  -174.06086266 Ry
     Harris-Foulkes estimate   =  -174.97027835 Ry
     estimated scf accuracy    <     2.49077821 Ry

     total magnetization       =    -0.12 Bohr mag/cell
     absolute magnetization    =     8.49 Bohr mag/cell

     iteration #  2     ecut=    30.00 Ry     beta=0.30
     Davidson diagonalization with overlap
     ethr =  8.90E-03,  avg # of iterations =  2.1

     total cpu time spent up to now is     24.85 secs

     total energy              =  -174.51039943 Ry
     Harris-Foulkes estimate   =  -174.52134967 Ry
     estimated scf accuracy    <     0.24351924 Ry

     total magnetization       =     0.08 Bohr mag/cell
     absolute magnetization    =     7.23 Bohr mag/cell

     iteration #  3     ecut=    30.00 Ry     beta=0.30
     Davidson diagonalization with overlap
     ethr =  8.70E-04,  avg # of iterations =  1.5

     total cpu time spent up to now is     32.72 secs

     total energy              =  -174.56732236 Ry
     Harris-Foulkes estimate   =  -174.53211438 Ry
     estimated scf accuracy    <     0.11096553 Ry

     total magnetization       =     0.00 Bohr mag/cell
     absolute magnetization    =     7.38 Bohr mag/cell

     iteration #  4     ecut=    30.00 Ry     beta=0.30
     Davidson diagonalization with overlap
     ethr =  3.96E-04,  avg # of iterations =  1.5

     total cpu time spent up to now is     40.50 secs

     total energy              =  -174.59582890 Ry
     Harris-Foulkes estimate   =  -174.57831014 Ry
     estimated scf accuracy    <     0.03250315 Ry

     total magnetization       =     0.00 Bohr mag/cell
     absolute magnetization    =     7.37 Bohr mag/cell

     iteration #  5     ecut=    30.00 Ry     beta=0.30
     Davidson diagonalization with overlap
     ethr =  1.16E-04,  avg # of iterations =  2.0

     total cpu time spent up to now is     48.38 secs

     total energy              =  -174.59938921 Ry
     Harris-Foulkes estimate   =  -174.60046940 Ry
     estimated scf accuracy    <     0.00253308 Ry

     total magnetization       =     0.00 Bohr mag/cell
     absolute magnetization    =     7.37 Bohr mag/cell

     iteration #  6     ecut=    30.00 Ry     beta=0.30
     Davidson diagonalization with overlap
     ethr =  9.05E-06,  avg # of iterations =  2.5

     total cpu time spent up to now is     56.56 secs

     total energy              =  -174.60053878 Ry
     Harris-Foulkes estimate   =  -174.59972290 Ry
     estimated scf accuracy    <     0.00142584 Ry

     total magnetization       =     0.00 Bohr mag/cell
     absolute magnetization    =     7.36 Bohr mag/cell

     iteration #  7     ecut=    30.00 Ry     beta=0.30
     Davidson diagonalization with overlap
     ethr =  5.09E-06,  avg # of iterations =  1.5

     total cpu time spent up to now is     64.31 secs

     total energy              =  -174.60094845 Ry
     Harris-Foulkes estimate   =  -174.60087219 Ry
     estimated scf accuracy    <     0.00017492 Ry

     total magnetization       =     0.00 Bohr mag/cell
     absolute magnetization    =     7.36 Bohr mag/cell

     iteration #  8     ecut=    30.00 Ry     beta=0.30
     Davidson diagonalization with overlap
     ethr =  6.25E-07,  avg # of iterations =  3.0

     total cpu time spent up to now is     72.75 secs

     total energy              =  -174.60101053 Ry
     Harris-Foulkes estimate   =  -174.60099076 Ry
     estimated scf accuracy    <     0.00002566 Ry

     total magnetization       =     0.00 Bohr mag/cell
     absolute magnetization    =     7.36 Bohr mag/cell

     iteration #  9     ecut=    30.00 Ry     beta=0.30
     Davidson diagonalization with overlap
     ethr =  9.16E-08,  avg # of iterations =  2.4

     total cpu time spent up to now is     80.84 secs

     total energy              =  -174.60101756 Ry
     Harris-Foulkes estimate   =  -174.60101433 Ry
     estimated scf accuracy    <     0.00000349 Ry

     total magnetization       =     0.00 Bohr mag/cell
     absolute magnetization    =     7.36 Bohr mag/cell

     iteration # 10     ecut=    30.00 Ry     beta=0.30
     Davidson diagonalization with overlap
     ethr =  1.24E-08,  avg # of iterations =  3.2

     total cpu time spent up to now is     88.09 secs

     End of self-consistent calculation
 enter write_ns
U( 1) =  0.0000      U( 2) =  4.3000      U( 3) =  4.3000
alpha( 1) =  0.0000      alpha( 2) =  0.0000      alpha( 3) =  0.0000
atom  3   Tr[ns(na)]=   6.1268390
atom  3  spin  1
eigenvalues:  0.9942156 0.9942156 0.9955971 0.9987310 0.9987310
 eigenvectors
 1   0.9784920  0.0227326  0.0107582  0.2019883  0.0334908
 2   0.2019883 -0.0255472  0.0324606 -0.9784920  0.0069134
 3   0.0000000 -0.5773503 -0.5773503  0.0000000  0.5773503
 4   0.0033509 -0.7368555  0.6715876  0.0417482 -0.0652679
 5  -0.0417482  0.3500588  0.4631062  0.0033509  0.8131650
 occupations
 0.994  0.000  0.000  0.000  0.000
 0.000  0.998 -0.001  0.000  0.001
 0.000 -0.001  0.998  0.000  0.001
 0.000  0.000  0.000  0.994  0.000
 0.000  0.001  0.001  0.000  0.998
atom  3  spin  2
eigenvalues:  0.0224274 0.0224274 0.0623214 0.0623214 0.9758511
 eigenvectors
 1   0.0854646 -0.8017427  0.3115720  0.1120717 -0.4901707
 2   0.1120717  0.1031140 -0.7458865 -0.0854646 -0.6427725
 3  -0.9721846 -0.0753331 -0.0376715 -0.1870639 -0.1130046
 4  -0.1870639  0.0869929 -0.1087368  0.9721846 -0.0217439
 5   0.0000000 -0.5773503 -0.5773503  0.0000000  0.5773503
 occupations
 0.062  0.002  0.002  0.000  0.005
 0.002  0.341  0.318  0.004 -0.318
 0.002  0.318  0.341 -0.004 -0.318
 0.000  0.004 -0.004  0.062  0.000
 0.005 -0.318 -0.318  0.000  0.341
atom  4   Tr[ns(na)]=   6.7448012
atom  4  spin  1
eigenvalues:  0.1027249 0.1027249 0.2778524 0.2778524 0.9840352
 eigenvectors
 1   0.0174862  0.5896204 -0.7811196 -0.0722643 -0.1914992
 2   0.0722643 -0.5615418 -0.2298554  0.0174862 -0.7913972
 3   0.9869251  0.0375787  0.0225003  0.1430067  0.0600789
 4  -0.1430067  0.0476771 -0.0563826  0.9869251 -0.0087055
 5   0.0000000 -0.5773503 -0.5773503  0.0000000  0.5773503
 occupations
 0.277  0.005  0.005  0.000  0.011
 0.005  0.397  0.293  0.009 -0.293
 0.005  0.293  0.397 -0.009 -0.293
 0.000  0.009 -0.009  0.277  0.000
 0.011 -0.293 -0.293  0.000  0.397
atom  4  spin  2
eigenvalues:  0.9967768 0.9967768 1.0019823 1.0019823 1.0020932
 eigenvectors
 1   0.8286491 -0.2892527 -0.0521492  0.3322631 -0.3414019
 2   0.3322631  0.2272168 -0.3641086 -0.8286491 -0.1368918
 3  -0.0001760 -0.6314339  0.6311491 -0.4504907 -0.0002848
 4  -0.4504907 -0.3642297 -0.3647229  0.0001760 -0.7289527
 5   0.0000000  0.5773503  0.5773503  0.0000000 -0.5773503
 occupations
 0.998  0.001  0.001  0.000  0.002
 0.001  1.001  0.000  0.001  0.000
 0.001  0.000  1.001 -0.001  0.000
 0.000  0.001 -0.001  0.998  0.000
 0.002  0.000  0.000  0.000  1.001
nsum =  12.8716402
 exit write_ns

 ------ SPIN UP ------------


          k = 0.0000 0.0000 0.0000 (   731 PWs)   bands (ev):

    -8.7556  -7.5124   2.2080   5.0584   5.0584   5.5497   5.5497   6.6297
     7.1236   7.1236   7.7897   7.8322   7.8322   9.7650  11.5882  12.5549
    12.5549  13.4579  13.4579  20.0091

          k =-0.7500 0.2500 0.2500 (   764 PWs)   bands (ev):

    -7.5477  -7.3638   3.7665   4.1993   4.7823   5.5150   5.5702   5.5982
     5.7162   6.5107   6.8938   7.6874   7.8207   9.4527  12.4924  12.7597
    13.3592  13.6544  17.3667  17.6610

          k =-0.5000-0.5000 0.5000 (   780 PWs)   bands (ev):

    -7.5276  -7.3728   3.0242   4.1920   5.1818   5.3139   5.4600   5.5986
     6.6271   6.6448   6.9524   7.5756   7.6704   9.5816  12.5495  12.8404
    13.7950  13.8635  15.3318  16.7233

          k =-0.2500-0.2500-0.2500 (   748 PWs)   bands (ev):

    -8.2035  -8.1949   4.2577   4.5497   5.2432   5.2432   5.7035   5.7035
     6.9466   6.9466   7.0929   7.8706   7.8706   9.4909  12.5082  12.5082
    13.1961  13.1961  14.1035  14.3633

 ------ SPIN DOWN ----------


          k = 0.0000 0.0000 0.0000 (   731 PWs)   bands (ev):

    -8.7135  -7.4602   1.8937   3.5929   3.5929   5.4204   5.4204   6.9651
     7.8351   7.8893   7.8893   8.5777   8.5777   9.7107  11.5924  13.1440
    13.1440  14.4956  14.4956  20.0264

          k =-0.7500 0.2500 0.2500 (   764 PWs)   bands (ev):

    -8.0100  -7.4763   2.4221   3.5936   4.1142   4.1267   5.4550   5.5811
     6.2266   6.3255   7.2971   8.7561   9.1924   9.3580  13.1830  13.6372
    14.5717  14.8433  17.3627  17.6853

          k =-0.5000-0.5000 0.5000 (   780 PWs)   bands (ev):

    -7.9786  -7.4760   1.7770   4.0444   4.0590   4.2161   5.5256   5.5821
     6.6676   6.6914   7.1758   8.7667   8.9631   9.7583  13.0996  13.6655
    14.8638  14.9011  15.3182  16.6949

          k =-0.2500-0.2500-0.2500 (   748 PWs)   bands (ev):

    -8.2011  -8.1116   3.4195   3.6987   3.6987   4.9853   5.4734   5.4734
     6.7180   6.7180   7.8418   9.1436   9.4232   9.4232  13.1748  13.1748
    14.0961  14.3959  14.5227  14.5227

     the Fermi energy is    10.6758 ev

!    total energy              =  -174.60102036 Ry
     Harris-Foulkes estimate   =  -174.60101852 Ry
     estimated scf accuracy    <     0.00000017 Ry

     The total energy is the sum of the following terms:

     one-electron contribution =     0.53762168 Ry
     hartree contribution      =    28.11992245 Ry
     xc contribution           =   -65.87638548 Ry
     ewald contribution        =  -137.50929535 Ry
     Hubbard energy            =     0.12711634 Ry
     smearing contrib. (-TS)   =     0.00000000 Ry

     total magnetization       =     0.00 Bohr mag/cell
     absolute magnetization    =     7.36 Bohr mag/cell

     convergence has been achieved in  10 iterations

     Writing output data file feo_af.save
 
     PWSCF        :  1m28.27s CPU time,     1m36.53s wall time

     init_run     :     8.09s CPU
     electrons    :    79.79s CPU

     Called by init_run:
     wfcinit      :     1.78s CPU
     potinit      :     0.44s CPU

     Called by electrons:
     c_bands      :    43.00s CPU (      10 calls,   4.300 s avg)
     sum_band     :    24.52s CPU (      10 calls,   2.452 s avg)
     v_of_rho     :     1.30s CPU (      11 calls,   0.118 s avg)
     newd         :     9.04s CPU (      11 calls,   0.822 s avg)
     mix_rho      :     1.48s CPU (      10 calls,   0.148 s avg)

     Called by c_bands:
     init_us_2    :     0.38s CPU (     168 calls,   0.002 s avg)
     cegterg      :    42.28s CPU (      80 calls,   0.528 s avg)

     Called by *egterg:
     h_psi        :    41.46s CPU (     271 calls,   0.153 s avg)
     s_psi        :     0.58s CPU (     271 calls,   0.002 s avg)
     g_psi        :     0.10s CPU (     183 calls,   0.001 s avg)
     cdiaghg      :     0.62s CPU (     263 calls,   0.002 s avg)

     Called by h_psi:
     add_vuspsi   :     0.52s CPU (     271 calls,   0.002 s avg)

     General routines
     calbec       :     0.71s CPU (     351 calls,   0.002 s avg)
     cft3         :     4.72s CPU (     157 calls,   0.030 s avg)
     cft3s        :    42.05s CPU (    8914 calls,   0.005 s avg)
     interpolate  :     1.73s CPU (      42 calls,   0.041 s avg)
     davcio       :     0.01s CPU (     496 calls,   0.000 s avg)
 
