
     Program PWSCF     v.2.1cvs starts ...
     Today is 26Jul2005 at 17:35:59 

     Ultrasoft (Vanderbilt) Pseudopotentials

     Current dimensions of program pwscf are:

     ntypx = 10   npk = 40000  lmax =  3
     nchix =  6  ndmx =  2000  nbrx = 14  nqfx =  8
  HUBBARD L FOR TYPE Fe IS  2
  HUBBARD L FOR TYPE Fe IS  2
  MAXIMUM HUBBARD L IS  2


     bravais-lattice index     =            0
     lattice parameter (a_0)   =       8.1900  a.u.
     unit-cell volume          =     274.6766 (a.u.)^3
     number of atoms/cell      =            4
     number of atomic types    =            3
     kinetic-energy cutoff     =      30.0000  Ry
     charge density cutoff     =     240.0000  Ry
     convergence threshold     =      1.0E-06
     beta                      =       0.3000
     number of iterations used =            8  plain     mixing
     Exchange-correlation      =  SLA  PZ   NOGX NOGC (1100)
     celldm(1)=   8.190000  celldm(2)=   0.000000  celldm(3)=   0.000000
     celldm(4)=   0.000000  celldm(5)=   0.000000  celldm(6)=   0.000000

     crystal axes: (cart. coord. in units of a_0)
               a(1) = (  0.500000  0.500000  1.000000 )  
               a(2) = (  0.500000  1.000000  0.500000 )  
               a(3) = (  1.000000  0.500000  0.500000 )  

     reciprocal axes: (cart. coord. in units 2 pi/a_0)
               b(1) = ( -0.500000 -0.500000  1.500000 )  
               b(2) = ( -0.500000  1.500000 -0.500000 )  
               b(3) = (  1.500000 -0.500000 -0.500000 )  


     PSEUDO 1 is O  (US)    zval =  6.0   lmax= 2   lloc= 0
     Version   0  0  0 of US pseudo code
     Using log mesh of  1269 points
     The pseudopotential has  4 beta functions with: 
                l(1) =   0
                l(2) =   0
                l(3) =   1
                l(4) =   1
     Q(r) pseudized with  0 coefficients,  rinner =    0.000   0.000   0.000
                                                       0.000   0.000

     PSEUDO 2 is Fe (US)    zval =  8.0   lmax= 2   lloc= 0
     Version   0  0  0 of US pseudo code
     Using log mesh of   957 points
     The pseudopotential has  6 beta functions with: 
                l(1) =   0
                l(2) =   0
                l(3) =   1
                l(4) =   1
                l(5) =   2
                l(6) =   2
     Q(r) pseudized with  0 coefficients,  rinner =    0.000   0.000   0.000
                                                       0.000   0.000

     PSEUDO 3 is Fe (US)    zval =  8.0   lmax= 2   lloc= 0
     Version   0  0  0 of US pseudo code
     Using log mesh of   957 points
     The pseudopotential has  6 beta functions with: 
                l(1) =   0
                l(2) =   0
                l(3) =   1
                l(4) =   1
                l(5) =   2
                l(6) =   2
     Q(r) pseudized with  0 coefficients,  rinner =    0.000   0.000   0.000
                                                       0.000   0.000

     atomic species   valence    mass     pseudopotential
        O1             6.00     1.00000     O ( 1.00)
        Fe1            8.00     1.00000     Fe( 1.00)
        Fe2            8.00     1.00000     Fe( 1.00)

     Starting magnetic structure 
     atomic species   magnetization
        O1           0.000
        Fe1          0.500
        Fe2         -0.500

     12 Sym.Ops. (with inversion)


   Cartesian axes

     site n.     atom                  positions (a_0 units)
         1           O1  tau(  1) = (   0.5000000   0.5000000   0.5000000  )
         2           O1  tau(  2) = (   1.5000000   1.5000000   1.5000000  )
         3           Fe1 tau(  3) = (   0.0000000   0.0000000   0.0000000  )
         4           Fe2 tau(  4) = (   1.0000000   1.0000000   1.0000000  )

     number of k points=    8  gaussian broad. (ryd)=  0.0100     ngauss =   0
                       cart. coord. in units 2pi/a_0
        k(    1) = (   0.0000000   0.0000000   0.0000000), wk =   0.1250000
        k(    2) = (  -0.7500000   0.2500000   0.2500000), wk =   0.3750000
        k(    3) = (  -0.5000000  -0.5000000   0.5000000), wk =   0.3750000
        k(    4) = (  -0.2500000  -0.2500000  -0.2500000), wk =   0.1250000
        k(    5) = (   0.0000000   0.0000000   0.0000000), wk =   0.1250000
        k(    6) = (  -0.7500000   0.2500000   0.2500000), wk =   0.3750000
        k(    7) = (  -0.5000000  -0.5000000   0.5000000), wk =   0.3750000
        k(    8) = (  -0.2500000  -0.2500000  -0.2500000), wk =   0.1250000

     G cutoff =  407.7738  (  17255 G-vectors)     FFT grid: ( 50, 50, 50)
     G cutoff =  203.8869  (   6111 G-vectors)  smooth grid: ( 36, 36, 36)

     nbndx  =    80  nbnd   =    20  natomwfc =    20  npwx   =     780
     nelec  =  28.00  nkb   =    52  ngl    =     342

     warning: negative or imaginary core charge    -0.000003    0.000000

     Initial potential from superposition of free atoms

     starting charge   27.99905, renormalised to   28.00000

     Parameters of the lda+U calculation:
     Number of iteration with fixed ns =  0
     Starting ns and Hubbard U :
 enter write_ns
U( 1) =  0.0000      U( 2) =  4.3000      U( 3) =  4.3000
alpha( 1) =  0.0000      alpha( 2) =  0.0000      alpha( 3) =  0.0000
atom  3   Tr[ns(na)]=   6.0000000
atom  3  spin  1
eigenvalues:  1.0000000 1.0000000 1.0000000 1.0000000 1.0000000
 eigenvectors
 1   1.0000000  0.0000000  0.0000000  0.0000000  0.0000000
 2   0.0000000  1.0000000  0.0000000  0.0000000  0.0000000
 3   0.0000000  0.0000000  1.0000000  0.0000000  0.0000000
 4   0.0000000  0.0000000  0.0000000  1.0000000  0.0000000
 5   0.0000000  0.0000000  0.0000000  0.0000000  1.0000000
 occupations
 1.000  0.000  0.000  0.000  0.000
 0.000  1.000  0.000  0.000  0.000
 0.000  0.000  1.000  0.000  0.000
 0.000  0.000  0.000  1.000  0.000
 0.000  0.000  0.000  0.000  1.000
atom  3  spin  2
eigenvalues:  0.2000000 0.2000000 0.2000000 0.2000000 0.2000000
 eigenvectors
 1   1.0000000  0.0000000  0.0000000  0.0000000  0.0000000
 2   0.0000000  1.0000000  0.0000000  0.0000000  0.0000000
 3   0.0000000  0.0000000  1.0000000  0.0000000  0.0000000
 4   0.0000000  0.0000000  0.0000000  1.0000000  0.0000000
 5   0.0000000  0.0000000  0.0000000  0.0000000  1.0000000
 occupations
 0.200  0.000  0.000  0.000  0.000
 0.000  0.200  0.000  0.000  0.000
 0.000  0.000  0.200  0.000  0.000
 0.000  0.000  0.000  0.200  0.000
 0.000  0.000  0.000  0.000  0.200
atom  4   Tr[ns(na)]=   6.0000000
atom  4  spin  1
eigenvalues:  0.2000000 0.2000000 0.2000000 0.2000000 0.2000000
 eigenvectors
 1   1.0000000  0.0000000  0.0000000  0.0000000  0.0000000
 2   0.0000000  1.0000000  0.0000000  0.0000000  0.0000000
 3   0.0000000  0.0000000  1.0000000  0.0000000  0.0000000
 4   0.0000000  0.0000000  0.0000000  1.0000000  0.0000000
 5   0.0000000  0.0000000  0.0000000  0.0000000  1.0000000
 occupations
 0.200  0.000  0.000  0.000  0.000
 0.000  0.200  0.000  0.000  0.000
 0.000  0.000  0.200  0.000  0.000
 0.000  0.000  0.000  0.200  0.000
 0.000  0.000  0.000  0.000  0.200
atom  4  spin  2
eigenvalues:  1.0000000 1.0000000 1.0000000 1.0000000 1.0000000
 eigenvectors
 1   1.0000000  0.0000000  0.0000000  0.0000000  0.0000000
 2   0.0000000  1.0000000  0.0000000  0.0000000  0.0000000
 3   0.0000000  0.0000000  1.0000000  0.0000000  0.0000000
 4   0.0000000  0.0000000  0.0000000  1.0000000  0.0000000
 5   0.0000000  0.0000000  0.0000000  0.0000000  1.0000000
 occupations
 1.000  0.000  0.000  0.000  0.000
 0.000  1.000  0.000  0.000  0.000
 0.000  0.000  1.000  0.000  0.000
 0.000  0.000  0.000  1.000  0.000
 0.000  0.000  0.000  0.000  1.000
nsum =  12.0000000
 exit write_ns
     Starting wfc are atomic
 Atomic wfc used for LDA+U Projector are NOT orthogonalized

     total cpu time spent up to now is     12.08 secs

     Self-consistent Calculation

     iteration #  1     ecut=    30.00 ryd     beta=0.30
     Davidson diagonalization (with overlap)
     ethr =  1.00E-02,  avg # of iterations =  3.3
 enter write_ns
U( 1) =  0.0000      U( 2) =  4.3000      U( 3) =  4.3000
alpha( 1) =  0.0000      alpha( 2) =  0.0000      alpha( 3) =  0.0000
atom  3   Tr[ns(na)]=   6.1226801
atom  3  spin  1
eigenvalues:  0.9969552 0.9969552 1.0025536 1.0025536 1.0030281
 eigenvectors
 1  -0.6440979 -0.0557162  0.4476015  0.4776111  0.3918853
 2  -0.4776111  0.4846779 -0.1940874 -0.6440979  0.2905906
 3  -0.5836358 -0.4412545 -0.1982499 -0.1280419 -0.6395044
 4   0.1280419 -0.4836777  0.6239765 -0.5836358  0.1402988
 5   0.0000000 -0.5773503 -0.5773503  0.0000000  0.5773503
 occupations
 0.999  0.001  0.001  0.000  0.002
 0.001  1.001  0.001  0.002 -0.001
 0.001  0.001  1.001 -0.002 -0.001
 0.000  0.002 -0.002  0.999  0.000
 0.002 -0.001 -0.001  0.000  1.001
atom  3  spin  2
eigenvalues:  0.1553853 0.1553853 0.2567874 0.2765382 0.2765382
 eigenvectors
 1   0.8806502  0.0608129  0.0026794  0.4655304  0.0634924
 2   0.4655304 -0.0382043  0.0717677 -0.8806502  0.0335634
 3   0.0000000 -0.5773503 -0.5773503  0.0000000  0.5773503
 4  -0.0874043  0.3251658  0.4830424  0.0098575  0.8082082
 5   0.0098575 -0.7455039  0.6543538  0.0874043 -0.0911501
 occupations
 0.156 -0.004 -0.004  0.000 -0.009
-0.004  0.269 -0.006 -0.008  0.006
-0.004 -0.006  0.269  0.008  0.006
 0.000 -0.008  0.008  0.156  0.000
-0.009  0.006  0.006  0.000  0.269
atom  4   Tr[ns(na)]=   6.1226801
atom  4  spin  1
eigenvalues:  0.1553853 0.1553853 0.2567874 0.2765382 0.2765382
 eigenvectors
 1  -0.8331249 -0.0641270  0.0040610 -0.5460460 -0.0600659
 2  -0.5460460  0.0323344 -0.0717028  0.8331249 -0.0393684
 3   0.0000000 -0.5773503 -0.5773503  0.0000000  0.5773503
 4  -0.0871724  0.3090822  0.4969824  0.0117321  0.8060646
 5   0.0117321 -0.7523145  0.6438303  0.0871724 -0.1084842
 occupations
 0.156 -0.004 -0.004  0.000 -0.009
-0.004  0.269 -0.006 -0.008  0.006
-0.004 -0.006  0.269  0.008  0.006
 0.000 -0.008  0.008  0.156  0.000
-0.009  0.006  0.006  0.000  0.269
atom  4  spin  2
eigenvalues:  0.9969552 0.9969552 1.0025536 1.0025536 1.0030281
 eigenvectors
 1  -0.6411479 -0.0586964  0.4487869  0.4815640  0.3900905
 2  -0.4815640  0.4843261 -0.1913305 -0.6411479  0.2929956
 3  -0.5840571 -0.4396484 -0.2003176 -0.1261062 -0.6399661
 4   0.1261062 -0.4851380  0.6233157 -0.5840571  0.1381777
 5   0.0000000 -0.5773503 -0.5773503  0.0000000  0.5773503
 occupations
 0.999  0.001  0.001  0.000  0.002
 0.001  1.001  0.001  0.002 -0.001
 0.001  0.001  1.001 -0.002 -0.001
 0.000  0.002 -0.002  0.999  0.000
 0.002 -0.001 -0.001  0.000  1.001
nsum =  12.2453603
 exit write_ns
 Modify starting ns matrices according to input values 
 enter write_ns
U( 1) =  0.0000      U( 2) =  4.3000      U( 3) =  4.3000
alpha( 1) =  0.0000      alpha( 2) =  0.0000      alpha( 3) =  0.0000
atom  3   Tr[ns(na)]=   6.8461419
atom  3  spin  1
eigenvalues:  0.9969552 0.9969552 1.0025536 1.0025536 1.0030281
 eigenvectors
 1  -0.6580934 -0.0411964  0.4415969  0.4581350  0.4004005
 2  -0.4581350  0.4861274 -0.2073866 -0.6580934  0.2787408
 3  -0.5822380 -0.4463845 -0.1915882 -0.1342551 -0.6379728
 4   0.1342551 -0.4789473  0.6260540 -0.5822380  0.1471067
 5   0.0000000 -0.5773503 -0.5773503  0.0000000  0.5773503
 occupations
 0.999  0.001  0.001  0.000  0.002
 0.001  1.001  0.001  0.002 -0.001
 0.001  0.001  1.001 -0.002 -0.001
 0.000  0.002 -0.002  0.999  0.000
 0.002 -0.001 -0.001  0.000  1.001
atom  3  spin  2
eigenvalues:  0.1553853 0.1553853 0.2567874 0.2765382 1.0000000
 eigenvectors
 1  -0.8453509 -0.0633735  0.0024262 -0.5269205 -0.0609474
 2   0.5269205 -0.0337872  0.0717767 -0.8453509  0.0379895
 3   0.0000000 -0.5773503 -0.5773503  0.0000000  0.5773503
 4  -0.0874043  0.3251658  0.4830424  0.0098575  0.8082082
 5  -0.0098575  0.7455039 -0.6543538 -0.0874043  0.0911501
 occupations
 0.156 -0.010  0.000  0.001 -0.009
-0.010  0.671 -0.359 -0.055  0.055
 0.000 -0.359  0.579  0.049 -0.037
 0.001 -0.055  0.049  0.162 -0.006
-0.009  0.055 -0.037 -0.006  0.275
atom  4   Tr[ns(na)]=   6.8461419
atom  4  spin  1
eigenvalues:  0.1553853 0.1553853 0.2567874 0.2765382 1.0000000
 eigenvectors
 1  -0.7241836 -0.0688118  0.0166002 -0.6839747 -0.0522116
 2   0.6839747 -0.0205602  0.0698729 -0.7241836  0.0493126
 3   0.0000000 -0.5773503 -0.5773503  0.0000000  0.5773503
 4  -0.0871724  0.3090822  0.4969824  0.0117321  0.8060646
 5  -0.0117321  0.7523145 -0.6438303 -0.0871724  0.1084842
 occupations
 0.156 -0.011  0.001  0.001 -0.010
-0.011  0.679 -0.357 -0.055  0.065
 0.001 -0.357  0.569  0.048 -0.044
 0.001 -0.055  0.048  0.162 -0.007
-0.010  0.065 -0.044 -0.007  0.278
atom  4  spin  2
eigenvalues:  0.9969552 0.9969552 1.0025536 1.0025536 1.0030281
 eigenvectors
 1  -0.6361193 -0.0637160  0.4507469  0.4881871  0.3870310
 2  -0.4881871  0.4836913 -0.1866660 -0.6361193  0.2970253
 3  -0.5817488 -0.4481133 -0.1893234 -0.1363594 -0.6374367
 4   0.1363594 -0.4773302  0.6267426 -0.5817488  0.1494124
 5   0.0000000 -0.5773503 -0.5773503  0.0000000  0.5773503
 occupations
 0.999  0.001  0.001  0.000  0.002
 0.001  1.001  0.001  0.002 -0.001
 0.001  0.001  1.001 -0.002 -0.001
 0.000  0.002 -0.002  0.999  0.000
 0.002 -0.001 -0.001  0.000  1.001
nsum =  13.6922838
 exit write_ns

     total cpu time spent up to now is     22.05 secs

     total energy              =  -173.87440401 ryd
     estimated scf accuracy    <     2.60384704 ryd

     total magnetization       =     0.00 Bohr mag/cell
     absolute magnetization    =     8.54 Bohr mag/cell

     iteration #  2     ecut=    30.00 ryd     beta=0.30
     Davidson diagonalization (with overlap)
     ethr =  9.30E-03,  avg # of iterations =  2.3
 enter write_ns
U( 1) =  0.0000      U( 2) =  4.3000      U( 3) =  4.3000
alpha( 1) =  0.0000      alpha( 2) =  0.0000      alpha( 3) =  0.0000
atom  3   Tr[ns(na)]=   6.8809545
atom  3  spin  1
eigenvalues:  0.9929395 0.9929395 1.0011251 1.0011251 1.0024332
 eigenvectors
 1  -0.4586923 -0.1140770  0.2177560  0.8475970  0.1036791
 2   0.8475970 -0.1855806 -0.0060033  0.4586923 -0.1915839
 3  -0.2663454 -0.4324147 -0.3531545 -0.0155151 -0.7855691
 4  -0.0155151  0.6574424 -0.7032033  0.2663454 -0.0457609
 5   0.0000000 -0.5773503 -0.5773503  0.0000000  0.5773503
 occupations
 0.994  0.001  0.001  0.000  0.002
 0.001  1.001  0.001  0.001 -0.001
 0.001  0.001  1.001 -0.001 -0.001
 0.000  0.001 -0.001  0.994  0.000
 0.002 -0.001 -0.001  0.000  1.001
atom  3  spin  2
eigenvalues:  0.2463063 0.3233108 0.3233108 0.4987321 0.4987321
 eigenvectors
 1   0.0000000 -0.5773503 -0.5773503  0.0000000  0.5773503
 2  -0.8243827 -0.1518316  0.0075546 -0.5258017 -0.1442769
 3  -0.5258017  0.0789367 -0.1709583  0.8243827 -0.0920217
 4  -0.2066407  0.2780942  0.5090538  0.0350054  0.7871481
 5   0.0350054 -0.7483625  0.6150179  0.2066407 -0.1333446
 occupations
 0.331 -0.015 -0.015  0.000 -0.029
-0.015  0.409 -0.082 -0.025  0.082
-0.015 -0.082  0.409  0.025  0.082
 0.000 -0.025  0.025  0.331  0.000
-0.029  0.082  0.082  0.000  0.409
atom  4   Tr[ns(na)]=   6.9378263
atom  4  spin  1
eigenvalues:  0.2649653 0.3228280 0.3228280 0.5186531 0.5186531
 eigenvectors
 1   0.0000000 -0.5773503 -0.5773503  0.0000000  0.5773503
 2   0.8578603  0.1474472  0.0041227  0.4683424  0.1515699
 3   0.4683424 -0.0898892  0.1726376 -0.8578603  0.0827485
 4  -0.2084291  0.2759314  0.5105178  0.0358947  0.7864492
 5   0.0358947 -0.7488042  0.6133657  0.2084291 -0.1354385
 occupations
 0.332 -0.017 -0.017  0.000 -0.033
-0.017  0.428 -0.082 -0.029  0.082
-0.017 -0.082  0.428  0.029  0.082
 0.000 -0.029  0.029  0.332  0.000
-0.033  0.082  0.082  0.000  0.428
atom  4  spin  2
eigenvalues:  0.9929330 0.9929330 1.0008538 1.0008538 1.0023252
 eigenvectors
 1  -0.1000064 -0.1736849  0.1959226  0.9596625  0.0222377
 2  -0.9596625  0.1259549  0.0874381 -0.1000064  0.2133930
 3   0.2623938  0.4297070  0.3569774  0.0140056  0.7866844
 4   0.0140056 -0.6602935  0.7022839 -0.2623938  0.0419904
 5   0.0000000 -0.5773503 -0.5773503  0.0000000  0.5773503
 occupations
 0.993  0.001  0.001  0.000  0.002
 0.001  1.001  0.001  0.001 -0.001
 0.001  0.001  1.001 -0.001 -0.001
 0.000  0.001 -0.001  0.993  0.000
 0.002 -0.001 -0.001  0.000  1.001
nsum =  13.8187807
 exit write_ns

     total cpu time spent up to now is     31.68 secs

     total energy              =  -174.44230442 ryd
     estimated scf accuracy    <     0.18329799 ryd

     total magnetization       =     0.06 Bohr mag/cell
     absolute magnetization    =     7.15 Bohr mag/cell

     iteration #  3     ecut=    30.00 ryd     beta=0.30
     Davidson diagonalization (with overlap)
     ethr =  6.55E-04,  avg # of iterations =  1.9
 enter write_ns
U( 1) =  0.0000      U( 2) =  4.3000      U( 3) =  4.3000
alpha( 1) =  0.0000      alpha( 2) =  0.0000      alpha( 3) =  0.0000
atom  3   Tr[ns(na)]=   6.8860735
atom  3  spin  1
eigenvalues:  0.9940551 0.9940551 1.0014884 1.0014884 1.0027163
 eigenvectors
 1  -0.5153742 -0.1108444  0.2409841  0.8044211  0.1301397
 2   0.8044211 -0.2142684  0.0111401  0.5153742 -0.2031283
 3  -0.2947157 -0.4369341 -0.3411475 -0.0209470 -0.7780815
 4  -0.0209470  0.6461872 -0.7014896  0.2947157 -0.0553024
 5   0.0000000 -0.5773503 -0.5773503  0.0000000  0.5773503
 occupations
 0.995  0.001  0.001  0.000  0.002
 0.001  1.001  0.001  0.001 -0.001
 0.001  0.001  1.001 -0.001 -0.001
 0.000  0.001 -0.001  0.995  0.000
 0.002 -0.001 -0.001  0.000  1.001
atom  3  spin  2
eigenvalues:  0.2507636 0.2821137 0.2821137 0.5386397 0.5386397
 eigenvectors
 1   0.0000000 -0.5773503 -0.5773503  0.0000000  0.5773503
 2   0.8877060  0.1508034  0.0185452  0.4002668  0.1693486
 3   0.4002668 -0.1084806  0.1848399 -0.8877060  0.0763593
 4  -0.2234799  0.2613293  0.5196414  0.0426764  0.7809707
 5   0.0426764 -0.7509088  0.6017722  0.2234799 -0.1491366
 occupations
 0.295 -0.023 -0.023  0.000 -0.046
-0.023  0.434 -0.092 -0.040  0.092
-0.023 -0.092  0.434  0.040  0.092
 0.000 -0.040  0.040  0.295  0.000
-0.046  0.092  0.092  0.000  0.434
atom  4   Tr[ns(na)]=   6.7401178
atom  4  spin  1
eigenvalues:  0.2329917 0.2720164 0.2720164 0.4847668 0.4847668
 eigenvectors
 1   0.0000000 -0.5773503 -0.5773503  0.0000000  0.5773503
 2  -0.8095473 -0.1756747  0.0119393 -0.5355555 -0.1637353
 3  -0.5355555  0.0876395 -0.1959585  0.8095473 -0.1083190
 4  -0.2355650  0.2506607  0.5257996  0.0481929  0.7764603
 5   0.0481929 -0.7518601  0.5930086  0.2355650 -0.1588515
 occupations
 0.284 -0.020 -0.020  0.000 -0.041
-0.020  0.393 -0.080 -0.035  0.080
-0.020 -0.080  0.393  0.035  0.080
 0.000 -0.035  0.035  0.284  0.000
-0.041  0.080  0.080  0.000  0.393
atom  4  spin  2
eigenvalues:  0.9935473 0.9935473 1.0017659 1.0017659 1.0029334
 eigenvectors
 1  -0.5382049 -0.0963115  0.2189465  0.7988008  0.1226350
 2   0.7988008 -0.1972122  0.0151979  0.5382049 -0.1820143
 3  -0.2681614 -0.4391679 -0.3454136 -0.0185007 -0.7845815
 4  -0.0185007  0.6524030 -0.7065321  0.2681614 -0.0541291
 5   0.0000000 -0.5773503 -0.5773503  0.0000000  0.5773503
 occupations
 0.994  0.001  0.001  0.000  0.002
 0.001  1.002  0.001  0.002 -0.001
 0.001  0.001  1.002 -0.002 -0.001
 0.000  0.002 -0.002  0.994  0.000
 0.002 -0.001 -0.001  0.000  1.002
nsum =  13.6261914
 exit write_ns

     total cpu time spent up to now is     41.00 secs

     total energy              =  -174.45463637 ryd
     estimated scf accuracy    <     0.05501124 ryd

     total magnetization       =    -0.13 Bohr mag/cell
     absolute magnetization    =     7.33 Bohr mag/cell

     iteration #  4     ecut=    30.00 ryd     beta=0.30
     Davidson diagonalization (with overlap)
     ethr =  1.96E-04,  avg # of iterations =  1.6
 enter write_ns
U( 1) =  0.0000      U( 2) =  4.3000      U( 3) =  4.3000
alpha( 1) =  0.0000      alpha( 2) =  0.0000      alpha( 3) =  0.0000
atom  3   Tr[ns(na)]=   6.5040097
atom  3  spin  1
eigenvalues:  0.9927541 0.9927541 1.0020255 1.0020255 1.0030181
 eigenvectors
 1  -0.4243113 -0.1032485  0.1832752  0.8771007  0.0800267
 2  -0.8771007  0.1520174  0.0134071 -0.4243113  0.1654245
 3   0.2249068  0.4233299  0.3716588  0.0084397  0.7949888
 4   0.0084397 -0.6735643  0.7033966 -0.2249068  0.0298323
 5   0.0000000 -0.5773503 -0.5773503  0.0000000  0.5773503
 occupations
 0.993  0.001  0.001  0.000  0.002
 0.001  1.002  0.000  0.001  0.000
 0.001  0.000  1.002 -0.001  0.000
 0.000  0.001 -0.001  0.993  0.000
 0.002  0.000  0.000  0.000  1.002
atom  3  spin  2
eigenvalues:  0.1751490 0.2592751 0.2592751 0.4088666 0.4088666
 eigenvectors
 1   0.0000000  0.5773503  0.5773503  0.0000000 -0.5773503
 2   0.8250846  0.2213615  0.0015815  0.4696045  0.2229430
 3   0.4696045 -0.1296293  0.2565194 -0.8250846  0.1268901
 4   0.3051866 -0.2170451 -0.5359269 -0.0746201 -0.7529720
 5   0.0746201 -0.7441461  0.5600396  0.3051866 -0.1841065
 occupations
 0.274 -0.018 -0.018  0.000 -0.036
-0.018  0.321 -0.073 -0.032  0.073
-0.018 -0.073  0.321  0.032  0.073
 0.000 -0.032  0.032  0.274  0.000
-0.036  0.073  0.073  0.000  0.321
atom  4   Tr[ns(na)]=   7.1402443
atom  4  spin  1
eigenvalues:  0.2313004 0.2943071 0.2943071 0.6638332 0.6638332
 eigenvectors
 1   0.0000000 -0.5773503 -0.5773503  0.0000000  0.5773503
 2   0.8404363  0.1664630 -0.0005227  0.4882832  0.1659403
 3   0.4882832 -0.0955039  0.1919131 -0.8404363  0.0964092
 4  -0.2310420  0.2637410  0.5163635  0.0431966  0.7801045
 5   0.0431966 -0.7485162  0.6026645  0.2310420 -0.1458517
 occupations
 0.315 -0.034 -0.034  0.000 -0.069
-0.034  0.506 -0.137 -0.060  0.137
-0.034 -0.137  0.506  0.060  0.137
 0.000 -0.060  0.060  0.315  0.000
-0.069  0.137  0.137  0.000  0.506
atom  4  spin  2
eigenvalues:  0.9945168 0.9945168 1.0007554 1.0007554 1.0021189
 eigenvectors
 1  -0.5788171 -0.1025847  0.2698567  0.7440729  0.1672720
 2   0.7440729 -0.2523764  0.0373472  0.5788171 -0.2150292
 3  -0.3323692 -0.4418521 -0.3248870 -0.0292731 -0.7667391
 4  -0.0292731  0.6302507 -0.6977805  0.3323692 -0.0675298
 5   0.0000000 -0.5773503 -0.5773503  0.0000000  0.5773503
 occupations
 0.995  0.001  0.001  0.000  0.002
 0.001  1.001  0.001  0.001 -0.001
 0.001  0.001  1.001 -0.001 -0.001
 0.000  0.001 -0.001  0.995  0.000
 0.002 -0.001 -0.001  0.000  1.001
nsum =  13.6442540
 exit write_ns

     total cpu time spent up to now is     50.28 secs

     total energy              =  -174.46509856 ryd
     estimated scf accuracy    <     0.19034425 ryd

     total magnetization       =     0.60 Bohr mag/cell
     absolute magnetization    =     7.30 Bohr mag/cell

     iteration #  5     ecut=    30.00 ryd     beta=0.30
     Davidson diagonalization (with overlap)
     ethr =  1.96E-04,  avg # of iterations =  1.4
 enter write_ns
U( 1) =  0.0000      U( 2) =  4.3000      U( 3) =  4.3000
alpha( 1) =  0.0000      alpha( 2) =  0.0000      alpha( 3) =  0.0000
atom  3   Tr[ns(na)]=   6.8683665
atom  3  spin  1
eigenvalues:  0.9939670 0.9939670 1.0013472 1.0013472 1.0026788
 eigenvectors
 1  -0.6805350 -0.0583112  0.2190504  0.6779762  0.1607392
 2  -0.6779762  0.2192716 -0.0591368 -0.6805350  0.1601348
 3   0.2772176  0.4382920  0.3441611  0.0192546  0.7824531
 4   0.0192546 -0.6504510  0.7047976 -0.2772176  0.0543465
 5   0.0000000 -0.5773503 -0.5773503  0.0000000  0.5773503
 occupations
 0.995  0.001  0.001  0.000  0.002
 0.001  1.001  0.001  0.001 -0.001
 0.001  0.001  1.001 -0.001 -0.001
 0.000  0.001 -0.001  0.995  0.000
 0.002 -0.001 -0.001  0.000  1.001
atom  3  spin  2
eigenvalues:  0.1957327 0.2753602 0.2753602 0.5643031 0.5643031
 eigenvectors
 1   0.0000000 -0.5773503 -0.5773503  0.0000000  0.5773503
 2   0.8269398  0.1996706 -0.0019915  0.4870537  0.1976791
 3   0.4870537 -0.1129803  0.2294099 -0.8269398  0.1164297
 4  -0.2751730  0.2464608  0.5209498  0.0568254  0.7674106
 5   0.0568254 -0.7438352  0.5853589  0.2751730 -0.1584763
 occupations
 0.298 -0.032 -0.032  0.000 -0.064
-0.032  0.426 -0.115 -0.055  0.115
-0.032 -0.115  0.426  0.055  0.115
 0.000 -0.055  0.055  0.298  0.000
-0.064  0.115  0.115  0.000  0.426
atom  4   Tr[ns(na)]=   6.7879106
atom  4  spin  1
eigenvalues:  0.1899164 0.2717658 0.2717658 0.5306652 0.5306652
 eigenvectors
 1   0.0000000 -0.5773503 -0.5773503  0.0000000  0.5773503
 2   0.8595494  0.1961178  0.0160350  0.4212442  0.2121528
 3   0.4212442 -0.1317442  0.2357151 -0.8595494  0.1039709
 4  -0.2821864  0.2313378  0.5308588  0.0640230  0.7621966
 5   0.0640230 -0.7465459  0.5736173  0.2821864 -0.1729285
 occupations
 0.293 -0.029 -0.029  0.000 -0.059
-0.029  0.403 -0.106 -0.051  0.106
-0.029 -0.106  0.403  0.051  0.106
 0.000 -0.051  0.051  0.293  0.000
-0.059  0.106  0.106  0.000  0.403
atom  4  spin  2
eigenvalues:  0.9937759 0.9937759 1.0014261 1.0014261 1.0027280
 eigenvectors
 1  -0.5049628 -0.1054681  0.2220245  0.8191513  0.1165564
 2   0.8191513 -0.1954797  0.0064018  0.5049628 -0.1890779
 3   0.2715874  0.4312805  0.3531268  0.0156227  0.7844073
 4   0.0156227 -0.6567556  0.7018777 -0.2715874  0.0451221
 5   0.0000000 -0.5773503 -0.5773503  0.0000000  0.5773503
 occupations
 0.994  0.001  0.001  0.000  0.002
 0.001  1.001  0.001  0.001 -0.001
 0.001  0.001  1.001 -0.001 -0.001
 0.000  0.001 -0.001  0.994  0.000
 0.002 -0.001 -0.001  0.000  1.001
nsum =  13.6562771
 exit write_ns

     total cpu time spent up to now is     59.51 secs

     total energy              =  -174.46571448 ryd
     estimated scf accuracy    <     0.00935551 ryd

     total magnetization       =    -0.08 Bohr mag/cell
     absolute magnetization    =     7.31 Bohr mag/cell

     iteration #  6     ecut=    30.00 ryd     beta=0.30
     Davidson diagonalization (with overlap)
     ethr =  3.34E-05,  avg # of iterations =  1.3
 enter write_ns
U( 1) =  0.0000      U( 2) =  4.3000      U( 3) =  4.3000
alpha( 1) =  0.0000      alpha( 2) =  0.0000      alpha( 3) =  0.0000
atom  3   Tr[ns(na)]=   6.8053521
atom  3  spin  1
eigenvalues:  0.9937531 0.9937531 1.0013858 1.0013858 1.0027207
 eigenvectors
 1   0.0769267 -0.1967803  0.1793891  0.9606648 -0.0173911
 2  -0.9606648  0.0935296  0.1236519  0.0769267  0.2171815
 3   0.2665659  0.4241067  0.3619653  0.0121664  0.7860720
 4   0.0121664 -0.6628197  0.6986970 -0.2665659  0.0358773
 5   0.0000000 -0.5773503 -0.5773503  0.0000000  0.5773503
 occupations
 0.994  0.001  0.001  0.000  0.002
 0.001  1.001  0.001  0.001 -0.001
 0.001  0.001  1.001 -0.001 -0.001
 0.000  0.001 -0.001  0.994  0.000
 0.002 -0.001 -0.001  0.000  1.001
atom  3  spin  2
eigenvalues:  0.1714428 0.2728494 0.2728494 0.5476060 0.5476060
 eigenvectors
 1   0.0000000  0.5773503  0.5773503  0.0000000 -0.5773503
 2   0.8188184  0.2245973 -0.0014394  0.4788434  0.2231579
 3   0.4788434 -0.1280093  0.2585116 -0.8188184  0.1305023
 4   0.3073219 -0.2145614 -0.5371957 -0.0761493 -0.7517571
 5   0.0761493 -0.7441772  0.5579042  0.3073219 -0.1862730
 occupations
 0.300 -0.034 -0.034  0.000 -0.067
-0.034  0.404 -0.116 -0.058  0.116
-0.034 -0.116  0.404  0.058  0.116
 0.000 -0.058  0.058  0.300  0.000
-0.067  0.116  0.116  0.000  0.404
atom  4   Tr[ns(na)]=   6.8687072
atom  4  spin  1
eigenvalues:  0.1724952 0.2741878 0.2741878 0.5777008 0.5777008
 eigenvectors
 1   0.0000000  0.5773503  0.5773503  0.0000000 -0.5773503
 2   0.8433122  0.2127678  0.0108029  0.4398339  0.2235707
 3   0.4398339 -0.1353157  0.2519201 -0.8433122  0.1166045
 4   0.2995148 -0.2127282 -0.5404548 -0.0752435 -0.7531830
 5   0.0752435 -0.7468821  0.5576691  0.2995148 -0.1892131
 occupations
 0.303 -0.036 -0.036  0.000 -0.073
-0.036  0.423 -0.125 -0.063  0.125
-0.036 -0.125  0.423  0.063  0.125
 0.000 -0.063  0.063  0.303  0.000
-0.073  0.125  0.125  0.000  0.423
atom  4  spin  2
eigenvalues:  0.9937810 0.9937810 1.0011393 1.0011393 1.0025939
 eigenvectors
 1  -0.5407980 -0.0990926  0.2277228  0.7932936  0.1286303
 2   0.7932936 -0.2057406  0.0170536  0.5407980 -0.1886870
 3  -0.2792986 -0.4270127 -0.3558210 -0.0146645 -0.7828338
 4  -0.0146645  0.6574027 -0.6985052  0.2792986 -0.0411026
 5   0.0000000 -0.5773503 -0.5773503  0.0000000  0.5773503
 occupations
 0.994  0.001  0.001  0.000  0.002
 0.001  1.001  0.001  0.001 -0.001
 0.001  0.001  1.001 -0.001 -0.001
 0.000  0.001 -0.001  0.994  0.000
 0.002 -0.001 -0.001  0.000  1.001
nsum =  13.6740593
 exit write_ns

     total cpu time spent up to now is     68.78 secs

     total energy              =  -174.46972675 ryd
     estimated scf accuracy    <     0.00367260 ryd

     total magnetization       =     0.07 Bohr mag/cell
     absolute magnetization    =     7.29 Bohr mag/cell

     iteration #  7     ecut=    30.00 ryd     beta=0.30
     Davidson diagonalization (with overlap)
     ethr =  1.31E-05,  avg # of iterations =  1.8
 enter write_ns
U( 1) =  0.0000      U( 2) =  4.3000      U( 3) =  4.3000
alpha( 1) =  0.0000      alpha( 2) =  0.0000      alpha( 3) =  0.0000
atom  3   Tr[ns(na)]=   6.9274947
atom  3  spin  1
eigenvalues:  0.9937759 0.9937759 1.0009412 1.0009412 1.0024991
 eigenvectors
 1  -0.8194354 -0.0038924  0.2111708  0.4908698  0.2072783
 2  -0.4908698  0.2415917 -0.1174249 -0.8194354  0.1241668
 3   0.2954008  0.4295162  0.3490243  0.0176328  0.7785405
 4   0.0176328 -0.6509999  0.6974719 -0.2954008  0.0464720
 5   0.0000000 -0.5773503 -0.5773503  0.0000000  0.5773503
 occupations
 0.994  0.001  0.001  0.000  0.002
 0.001  1.001  0.001  0.001 -0.001
 0.001  0.001  1.001 -0.001 -0.001
 0.000  0.001 -0.001  0.994  0.000
 0.002 -0.001 -0.001  0.000  1.001
atom  3  spin  2
eigenvalues:  0.1594424 0.2737969 0.2737969 0.6142626 0.6142626
 eigenvectors
 1   0.0000000  0.5773503  0.5773503  0.0000000 -0.5773503
 2   0.8107891  0.2299161 -0.0050276  0.4890393  0.2248886
 3   0.4890393 -0.1269368  0.2625816 -0.8107891  0.1356448
 4   0.3141476 -0.2337283 -0.5213345 -0.0690857 -0.7550628
 5   0.0690857 -0.7369283  0.5708788  0.3141476 -0.1660496
 occupations
 0.309 -0.042 -0.042  0.000 -0.085
-0.042  0.439 -0.140 -0.073  0.140
-0.042 -0.140  0.439  0.073  0.140
 0.000 -0.073  0.073  0.309  0.000
-0.085  0.140  0.140  0.000  0.439
atom  4   Tr[ns(na)]=   6.7423788
atom  4  spin  1
eigenvalues:  0.1514441 0.2672884 0.2672884 0.5318561 0.5318561
 eigenvectors
 1   0.0000000  0.5773503  0.5773503  0.0000000 -0.5773503
 2   0.8486307  0.2336501  0.0243077  0.3976186  0.2579578
 3   0.3976186 -0.1629660  0.2838299 -0.8486307  0.1208639
 4   0.3382352 -0.2083786 -0.5334399 -0.0855709 -0.7418185
 5   0.0855709 -0.7362708  0.5485966  0.3382352 -0.1876743
 occupations
 0.299 -0.035 -0.035  0.000 -0.071
-0.035  0.384 -0.116 -0.061  0.116
-0.035 -0.116  0.384  0.061  0.116
 0.000 -0.061  0.061  0.299  0.000
-0.071  0.116  0.116  0.000  0.384
atom  4  spin  2
eigenvalues:  0.9935341 0.9935341 1.0014154 1.0014154 1.0027468
 eigenvectors
 1  -0.4391683 -0.1151993  0.2115055  0.8601458  0.0963061
 2   0.8601458 -0.1777151 -0.0109080  0.4391683 -0.1886231
 3  -0.2590223 -0.4297992 -0.3576511 -0.0137018 -0.7874503
 4  -0.0137018  0.6611246 -0.7027793  0.2590223 -0.0416547
 5   0.0000000 -0.5773503 -0.5773503  0.0000000  0.5773503
 occupations
 0.994  0.001  0.001  0.000  0.002
 0.001  1.002  0.001  0.001 -0.001
 0.001  0.001  1.002 -0.001 -0.001
 0.000  0.001 -0.001  0.994  0.000
 0.002 -0.001 -0.001  0.000  1.002
nsum =  13.6698734
 exit write_ns

     total cpu time spent up to now is     78.15 secs

     total energy              =  -174.47112312 ryd
     estimated scf accuracy    <     0.01389802 ryd

     total magnetization       =    -0.19 Bohr mag/cell
     absolute magnetization    =     7.28 Bohr mag/cell

     iteration #  8     ecut=    30.00 ryd     beta=0.30
     Davidson diagonalization (with overlap)
     ethr =  1.31E-05,  avg # of iterations =  1.0
 enter write_ns
U( 1) =  0.0000      U( 2) =  4.3000      U( 3) =  4.3000
alpha( 1) =  0.0000      alpha( 2) =  0.0000      alpha( 3) =  0.0000
atom  3   Tr[ns(na)]=   6.8024364
atom  3  spin  1
eigenvalues:  0.9934434 0.9934434 1.0011091 1.0011091 1.0026071
 eigenvectors
 1  -0.5297843 -0.1025848  0.2295933  0.7999755  0.1270085
 2   0.7999755 -0.2058841  0.0141010  0.5297843 -0.1917831
 3   0.2810804  0.4366195  0.3450184  0.0190180  0.7816379
 4   0.0190180 -0.6504753  0.7033613 -0.2810804  0.0528859
 5   0.0000000 -0.5773503 -0.5773503  0.0000000  0.5773503
 occupations
 0.994  0.001  0.001  0.000  0.002
 0.001  1.001  0.001  0.001 -0.001
 0.001  0.001  1.001 -0.001 -0.001
 0.000  0.001 -0.001  0.994  0.000
 0.002 -0.001 -0.001  0.000  1.001
atom  3  spin  2
eigenvalues:  0.1372668 0.2653200 0.2653200 0.5714087 0.5714087
 eigenvectors
 1   0.0000000  0.5773503  0.5773503  0.0000000 -0.5773503
 2   0.8247446  0.2519978  0.0123840  0.4315580  0.2643818
 3   0.4315580 -0.1597908  0.2981319 -0.8247446  0.1383411
 4   0.3521835 -0.1904775 -0.5419517 -0.0975745 -0.7324293
 5   0.0975745 -0.7357642  0.5328405  0.3521835 -0.2029237
 occupations
 0.306 -0.043 -0.043  0.000 -0.085
-0.043  0.399 -0.131 -0.074  0.131
-0.043 -0.131  0.399  0.074  0.131
 0.000 -0.074  0.074  0.306  0.000
-0.085  0.131  0.131  0.000  0.399
atom  4   Tr[ns(na)]=   6.8646935
atom  4  spin  1
eigenvalues:  0.1392518 0.2672600 0.2672600 0.5997198 0.5997198
 eigenvectors
 1   0.0000000  0.5773503  0.5773503  0.0000000 -0.5773503
 2   0.8269377  0.2453037  0.0111176  0.4360329  0.2564213
 3   0.4360329 -0.1544637  0.2896711 -0.8269377  0.1352074
 4   0.3430457 -0.1984328 -0.5390967 -0.0914825 -0.7375295
 5   0.0914825 -0.7370605  0.5403781  0.3430457 -0.1966824
 occupations
 0.309 -0.045 -0.045  0.000 -0.090
-0.045  0.418 -0.140 -0.078  0.140
-0.045 -0.140  0.418  0.078  0.140
 0.000 -0.078  0.078  0.309  0.000
-0.090  0.140  0.140  0.000  0.418
atom  4  spin  2
eigenvalues:  0.9935319 0.9935319 1.0009437 1.0009437 1.0025311
 eigenvectors
 1  -0.4603685 -0.1252122  0.2417670  0.8368670  0.1165547
 2  -0.8368670  0.2068771  0.0049984 -0.4603685  0.2118755
 3   0.2952884  0.4407367  0.3368176  0.0227851  0.7775543
 4  -0.0227851  0.6433829 -0.7033806  0.2952884 -0.0599977
 5   0.0000000 -0.5773503 -0.5773503  0.0000000  0.5773503
 occupations
 0.994  0.001  0.001  0.000  0.002
 0.001  1.001  0.001  0.001 -0.001
 0.001  0.001  1.001 -0.001 -0.001
 0.000  0.001 -0.001  0.994  0.000
 0.002 -0.001 -0.001  0.000  1.001
nsum =  13.6671300
 exit write_ns

     total cpu time spent up to now is     87.39 secs

     total energy              =  -174.47130936 ryd
     estimated scf accuracy    <     0.00162667 ryd

     total magnetization       =     0.07 Bohr mag/cell
     absolute magnetization    =     7.27 Bohr mag/cell

     iteration #  9     ecut=    30.00 ryd     beta=0.30
     Davidson diagonalization (with overlap)
     ethr =  5.81E-06,  avg # of iterations =  1.0
 enter write_ns
U( 1) =  0.0000      U( 2) =  4.3000      U( 3) =  4.3000
alpha( 1) =  0.0000      alpha( 2) =  0.0000      alpha( 3) =  0.0000
atom  3   Tr[ns(na)]=   6.8394075
atom  3  spin  1
eigenvalues:  0.9933915 0.9933915 1.0009738 1.0009738 1.0025426
 eigenvectors
 1  -0.4997087 -0.1150814  0.2414147  0.8141292  0.1263333
 2   0.8141292 -0.2123194  0.0064963  0.4997087 -0.2058231
 3   0.2949171  0.4403577  0.3373347  0.0225562  0.7776924
 4   0.0225562 -0.6437612  0.7032416 -0.2949171  0.0594804
 5   0.0000000 -0.5773503 -0.5773503  0.0000000  0.5773503
 occupations
 0.994  0.001  0.001  0.000  0.002
 0.001  1.001  0.001  0.002 -0.001
 0.001  0.001  1.001 -0.002 -0.001
 0.000  0.002 -0.002  0.994  0.000
 0.002 -0.001 -0.001  0.000  1.001
atom  3  spin  2
eigenvalues:  0.1338657 0.2651031 0.2651031 0.5920312 0.5920312
 eigenvectors
 1   0.0000000  0.5773503  0.5773503  0.0000000 -0.5773503
 2   0.8290325  0.2532088  0.0169015  0.4187423  0.2701103
 3   0.4187423 -0.1657064  0.3021385 -0.8290325  0.1364321
 4   0.3573065 -0.1911004 -0.5400051 -0.0984480 -0.7311055
 5   0.0984480 -0.7338760  0.5324358  0.3573065 -0.2014402
 occupations
 0.310 -0.046 -0.046  0.000 -0.092
-0.046  0.409 -0.138 -0.080  0.138
-0.046 -0.138  0.409  0.080  0.138
 0.000 -0.080  0.080  0.310  0.000
-0.092  0.138  0.138  0.000  0.409
atom  4   Tr[ns(na)]=   6.8303310
atom  4  spin  1
eigenvalues:  0.1332964 0.2645124 0.2645124 0.5883176 0.5883176
 eigenvectors
 1   0.0000000  0.5773503  0.5773503  0.0000000 -0.5773503
 2   0.8318580  0.2530095  0.0195038  0.4115270  0.2725133
 3   0.4115270 -0.1685962  0.3034108 -0.8318580  0.1348146
 4   0.3600077 -0.1986338 -0.5339916 -0.0951432 -0.7326253
 5   0.0951432 -0.7312816  0.5376627  0.3600077 -0.1936189
 occupations
 0.309 -0.046 -0.046  0.000 -0.091
-0.046  0.407 -0.137 -0.079  0.137
-0.046 -0.137  0.407  0.079  0.137
 0.000 -0.079  0.079  0.309  0.000
-0.091  0.137  0.137  0.000  0.407
atom  4  spin  2
eigenvalues:  0.9933938 0.9933938 1.0010077 1.0010077 1.0025716
 eigenvectors
 1  -0.4486481 -0.1268492  0.2391307  0.8442947  0.1122815
 2   0.8442947 -0.2028879 -0.0084106  0.4486481 -0.2112985
 3  -0.2925186 -0.4305008 -0.3487187 -0.0177252 -0.7792195
 4  -0.0177252  0.6512154 -0.6984324  0.2925186 -0.0472170
 5   0.0000000 -0.5773503 -0.5773503  0.0000000  0.5773503
 occupations
 0.994  0.001  0.001  0.000  0.002
 0.001  1.001  0.001  0.002 -0.001
 0.001  0.001  1.001 -0.002 -0.001
 0.000  0.002 -0.002  0.994  0.000
 0.002 -0.001 -0.001  0.000  1.001
nsum =  13.6697385
 exit write_ns

     total cpu time spent up to now is     96.67 secs

     total energy              =  -174.47145659 ryd
     estimated scf accuracy    <     0.00013587 ryd

     total magnetization       =    -0.01 Bohr mag/cell
     absolute magnetization    =     7.26 Bohr mag/cell

     iteration # 10     ecut=    30.00 ryd     beta=0.30
     Davidson diagonalization (with overlap)
     ethr =  4.85E-07,  avg # of iterations =  2.6
 enter write_ns
U( 1) =  0.0000      U( 2) =  4.3000      U( 3) =  4.3000
alpha( 1) =  0.0000      alpha( 2) =  0.0000      alpha( 3) =  0.0000
atom  3   Tr[ns(na)]=   6.8349844
atom  3  spin  1
eigenvalues:  0.9933541 0.9933541 1.0010123 1.0010123 1.0025703
 eigenvectors
 1  -0.1809583 -0.1829840  0.2288720  0.9377008  0.0458880
 2  -0.9377008  0.1586328  0.0791524 -0.1809583  0.2377852
 3   0.2958291  0.4375039  0.3402267  0.0213630  0.7777306
 4   0.0213630 -0.6454530  0.7016159 -0.2958291  0.0561630
 5   0.0000000 -0.5773503 -0.5773503  0.0000000  0.5773503
 occupations
 0.994  0.001  0.001  0.000  0.002
 0.001  1.001  0.001  0.002 -0.001
 0.001  0.001  1.001 -0.002 -0.001
 0.000  0.002 -0.002  0.994  0.000
 0.002 -0.001 -0.001  0.000  1.001
atom  3  spin  2
eigenvalues:  0.1330664 0.2638732 0.2638732 0.5914343 0.5914343
 eigenvectors
 1   0.0000000  0.5773503  0.5773503  0.0000000 -0.5773503
 2   0.8356721  0.2549470  0.0246801  0.3973081  0.2796271
 3   0.3973081 -0.1756919  0.3086365 -0.8356721  0.1329446
 4   0.3679034 -0.2079305 -0.5250614 -0.0918994 -0.7329918
 5   0.0918994 -0.7263374  0.5432418  0.3679034 -0.1830956
 occupations
 0.311 -0.047 -0.047  0.000 -0.094
-0.047  0.407 -0.137 -0.081  0.137
-0.047 -0.137  0.407  0.081  0.137
 0.000 -0.081  0.081  0.311  0.000
-0.094  0.137  0.137  0.000  0.407
atom  4   Tr[ns(na)]=   6.8354326
atom  4  spin  1
eigenvalues:  0.1329202 0.2635813 0.2635813 0.5920498 0.5920498
 eigenvectors
 1   0.0000000  0.5773503  0.5773503  0.0000000 -0.5773503
 2   0.8432241  0.2515415  0.0307049  0.3809122  0.2822464
 3   0.3809122 -0.1806826  0.3081826 -0.8432241  0.1275001
 4   0.3637232 -0.1765654 -0.5478612 -0.1076307 -0.7244266
 5   0.1076307 -0.7345557  0.5201879  0.3637232 -0.2143677
 occupations
 0.311 -0.047 -0.047  0.000 -0.094
-0.047  0.408 -0.137 -0.082  0.137
-0.047 -0.137  0.408  0.082  0.137
 0.000 -0.082  0.082  0.311  0.000
-0.094  0.137  0.137  0.000  0.408
atom  4  spin  2
eigenvalues:  0.9933425 0.9933425 1.0009976 1.0009976 1.0025700
 eigenvectors
 1   0.6445191  0.0729456 -0.2360552 -0.7049448 -0.1631096
 2  -0.7049448  0.2304579 -0.0520562 -0.6445191  0.1784017
 3   0.2953418  0.4358227  0.3421958  0.0205199  0.7780185
 4   0.0205199 -0.6467560  0.7008115 -0.2953418  0.0540555
 5   0.0000000 -0.5773503 -0.5773503  0.0000000  0.5773503
 occupations
 0.994  0.001  0.001  0.000  0.002
 0.001  1.001  0.001  0.002 -0.001
 0.001  0.001  1.001 -0.002 -0.001
 0.000  0.002 -0.002  0.994  0.000
 0.002 -0.001 -0.001  0.000  1.001
