
     Program PWSCF     v.2.1cvs starts ...
     Today is  3Jun2005 at 14:59:22 

     Ultrasoft (Vanderbilt) Pseudopotentials

     Current dimensions of program pwscf are:

     ntypx = 10   npk = 40000  lmax =  3
     nchix =  6  ndmx =  2000  nbrx = 14  nqfx =  8
  HUBBARD L FOR TYPE Fe IS            2
  HUBBARD L FOR TYPE Fe IS            2
  MAXIMUM HUBBARD L IS            2


     bravais-lattice index     =            0
     lattice parameter (a_0)   =       8.1900  a.u.
     unit-cell volume          =     274.6766 (a.u.)^3
     number of atoms/cell      =            4
     number of atomic types    =            3
     kinetic-energy cutoff     =      30.0000  Ry
     charge density cutoff     =     240.0000  Ry
     convergence threshold     =      1.0E-06
     beta                      =       0.3000
     number of iterations used =            8  plain     mixing
     Exchange-correlation      =  SLA  PZ   NOGX NOGC (1100)
     celldm(1)=   8.190000  celldm(2)=   0.000000  celldm(3)=   0.000000
     celldm(4)=   0.000000  celldm(5)=   0.000000  celldm(6)=   0.000000

     crystal axes: (cart. coord. in units of a_0)
               a(1) = (  0.500000  0.500000  1.000000 )  
               a(2) = (  0.500000  1.000000  0.500000 )  
               a(3) = (  1.000000  0.500000  0.500000 )  

     reciprocal axes: (cart. coord. in units 2 pi/a_0)
               b(1) = ( -0.500000 -0.500000  1.500000 )  
               b(2) = ( -0.500000  1.500000 -0.500000 )  
               b(3) = (  1.500000 -0.500000 -0.500000 )  


     PSEUDO 1 is O  (US)    zval =  6.0   lmax= 2   lloc= 0
     Version   0  0  0 of US pseudo code
     Using log mesh of  1269 points
     The pseudopotential has  4 beta functions with: 
                l(1) =   0
                l(2) =   0
                l(3) =   1
                l(4) =   1
     Q(r) pseudized with  0 coefficients,  rinner =    0.000   0.000   0.000
                                                       0.000   0.000

     PSEUDO 2 is Fe (US)    zval =  8.0   lmax= 2   lloc= 0
     Version   0  0  0 of US pseudo code
     Using log mesh of   957 points
     The pseudopotential has  6 beta functions with: 
                l(1) =   0
                l(2) =   0
                l(3) =   1
                l(4) =   1
                l(5) =   2
                l(6) =   2
     Q(r) pseudized with  0 coefficients,  rinner =    0.000   0.000   0.000
                                                       0.000   0.000

     PSEUDO 3 is Fe (US)    zval =  8.0   lmax= 2   lloc= 0
     Version   0  0  0 of US pseudo code
     Using log mesh of   957 points
     The pseudopotential has  6 beta functions with: 
                l(1) =   0
                l(2) =   0
                l(3) =   1
                l(4) =   1
                l(5) =   2
                l(6) =   2
     Q(r) pseudized with  0 coefficients,  rinner =    0.000   0.000   0.000
                                                       0.000   0.000

     atomic species   valence    mass     pseudopotential
        O1             6.00     1.00000     O ( 1.00)
        Fe1            8.00     1.00000     Fe( 1.00)
        Fe2            8.00     1.00000     Fe( 1.00)

     Starting magnetic structure 
     atomic species   magnetization
        O1           0.000
        Fe1          0.500
        Fe2         -0.500

     12 Sym.Ops. (with inversion)


   Cartesian axes

     site n.     atom                  positions (a_0 units)
         1           O1  tau(  1) = (   0.5000000   0.5000000   0.5000000  )
         2           O1  tau(  2) = (   1.5000000   1.5000000   1.5000000  )
         3           Fe1 tau(  3) = (   0.0000000   0.0000000   0.0000000  )
         4           Fe2 tau(  4) = (   1.0000000   1.0000000   1.0000000  )

     number of k points=    8  gaussian broad. (ryd)=  0.0100     ngauss =   0
                       cart. coord. in units 2pi/a_0
        k(    1) = (   0.0000000   0.0000000   0.0000000), wk =   0.1250000
        k(    2) = (  -0.7500000   0.2500000   0.2500000), wk =   0.3750000
        k(    3) = (  -0.5000000  -0.5000000   0.5000000), wk =   0.3750000
        k(    4) = (  -0.2500000  -0.2500000  -0.2500000), wk =   0.1250000
        k(    5) = (   0.0000000   0.0000000   0.0000000), wk =   0.1250000
        k(    6) = (  -0.7500000   0.2500000   0.2500000), wk =   0.3750000
        k(    7) = (  -0.5000000  -0.5000000   0.5000000), wk =   0.3750000
        k(    8) = (  -0.2500000  -0.2500000  -0.2500000), wk =   0.1250000

     G cutoff =  407.7738  (  17255 G-vectors)     FFT grid: ( 50, 50, 50)
     G cutoff =  203.8869  (   6111 G-vectors)  smooth grid: ( 36, 36, 36)

     nbndx  =    80  nbnd   =    20  natomwfc =    20  npwx   =     780
     nelec  =  28.00  nkb   =    52  ngl    =     342

     warning: negative or imaginary core charge    -0.000003    0.000000

     Initial potential from superposition of free atoms

     starting charge   27.99905, renormalised to   28.00000

     Parameters of the lda+U calculation:
     Number of iteration with fixed ns =  0
     Starting ns and Hubbard U :
 enter write_ns
U( 1) =  0.0000      U( 2) =  4.3000      U( 3) =  4.3000
alpha( 1) =  0.0000      alpha( 2) =  0.0000      alpha( 3) =  0.0000
atom  3   Tr[ns(na)]=   6.0000000
atom  3  spin  1
eigenvalues:  1.0000000 1.0000000 1.0000000 1.0000000 1.0000000
 eigenvectors
 1   1.0000000  0.0000000  0.0000000  0.0000000  0.0000000
 2   0.0000000  1.0000000  0.0000000  0.0000000  0.0000000
 3   0.0000000  0.0000000  1.0000000  0.0000000  0.0000000
 4   0.0000000  0.0000000  0.0000000  1.0000000  0.0000000
 5   0.0000000  0.0000000  0.0000000  0.0000000  1.0000000
 occupations
 1.000  0.000  0.000  0.000  0.000
 0.000  1.000  0.000  0.000  0.000
 0.000  0.000  1.000  0.000  0.000
 0.000  0.000  0.000  1.000  0.000
 0.000  0.000  0.000  0.000  1.000
atom  3  spin  2
eigenvalues:  0.2000000 0.2000000 0.2000000 0.2000000 0.2000000
 eigenvectors
 1   1.0000000  0.0000000  0.0000000  0.0000000  0.0000000
 2   0.0000000  1.0000000  0.0000000  0.0000000  0.0000000
 3   0.0000000  0.0000000  1.0000000  0.0000000  0.0000000
 4   0.0000000  0.0000000  0.0000000  1.0000000  0.0000000
 5   0.0000000  0.0000000  0.0000000  0.0000000  1.0000000
 occupations
 0.200  0.000  0.000  0.000  0.000
 0.000  0.200  0.000  0.000  0.000
 0.000  0.000  0.200  0.000  0.000
 0.000  0.000  0.000  0.200  0.000
 0.000  0.000  0.000  0.000  0.200
atom  4   Tr[ns(na)]=   6.0000000
atom  4  spin  1
eigenvalues:  0.2000000 0.2000000 0.2000000 0.2000000 0.2000000
 eigenvectors
 1   1.0000000  0.0000000  0.0000000  0.0000000  0.0000000
 2   0.0000000  1.0000000  0.0000000  0.0000000  0.0000000
 3   0.0000000  0.0000000  1.0000000  0.0000000  0.0000000
 4   0.0000000  0.0000000  0.0000000  1.0000000  0.0000000
 5   0.0000000  0.0000000  0.0000000  0.0000000  1.0000000
 occupations
 0.200  0.000  0.000  0.000  0.000
 0.000  0.200  0.000  0.000  0.000
 0.000  0.000  0.200  0.000  0.000
 0.000  0.000  0.000  0.200  0.000
 0.000  0.000  0.000  0.000  0.200
atom  4  spin  2
eigenvalues:  1.0000000 1.0000000 1.0000000 1.0000000 1.0000000
 eigenvectors
 1   1.0000000  0.0000000  0.0000000  0.0000000  0.0000000
 2   0.0000000  1.0000000  0.0000000  0.0000000  0.0000000
 3   0.0000000  0.0000000  1.0000000  0.0000000  0.0000000
 4   0.0000000  0.0000000  0.0000000  1.0000000  0.0000000
 5   0.0000000  0.0000000  0.0000000  0.0000000  1.0000000
 occupations
 1.000  0.000  0.000  0.000  0.000
 0.000  1.000  0.000  0.000  0.000
 0.000  0.000  1.000  0.000  0.000
 0.000  0.000  0.000  1.000  0.000
 0.000  0.000  0.000  0.000  1.000
nsum =  12.0000000
 exit write_ns
     Starting wfc are atomic
 LDA+U Projector read from file 

     total cpu time spent up to now is     10.40 secs

     Self-consistent Calculation

     iteration #  1     ecut=    30.00 ryd     beta=0.30
     Davidson diagonalization (with overlap)
     ethr =  1.00E-02,  avg # of iterations =  3.0
 enter write_ns
U( 1) =  0.0000      U( 2) =  4.3000      U( 3) =  4.3000
alpha( 1) =  0.0000      alpha( 2) =  0.0000      alpha( 3) =  0.0000
atom  3   Tr[ns(na)]=   5.6406562
atom  3  spin  1
eigenvalues:  0.9879573 0.9879573 0.9903417 0.9903417 0.9909578
 eigenvectors
 1  -0.2213848 -0.0617492  0.0473962 -0.9719688 -0.0143529
 2  -0.9719688 -0.0190776 -0.0439376  0.2213848 -0.0630151
 3  -0.0779573  0.2787037  0.5229249  0.0137122  0.8016286
 4   0.0137122 -0.7647313  0.6237302  0.0779573 -0.1410011
 5   0.0000000 -0.5773503 -0.5773503  0.0000000  0.5773503
 occupations
 0.988  0.000  0.000  0.000  0.000
 0.000  0.991  0.000  0.000  0.000
 0.000  0.000  0.991  0.000  0.000
 0.000  0.000  0.000  0.988  0.000
 0.000  0.000  0.000  0.000  0.991
atom  3  spin  2
eigenvalues:  0.0240816 0.0240816 0.2017555 0.2215908 0.2215908
 eigenvectors
 1  -0.6178391 -0.0523779  0.0196092 -0.7836281 -0.0327687
 2   0.7836281 -0.0075977  0.0491595 -0.6178391  0.0415618
 3   0.0000000 -0.5773503 -0.5773503  0.0000000  0.5773503
 4  -0.0640547  0.2943954  0.5107518  0.0099377  0.8051473
 5  -0.0099377  0.7597347 -0.6348213 -0.0640547  0.1249134
 occupations
 0.025 -0.005 -0.005  0.000 -0.010
-0.005  0.214 -0.006 -0.009  0.006
-0.005 -0.006  0.214  0.009  0.006
 0.000 -0.009  0.009  0.025  0.000
-0.010  0.006  0.006  0.000  0.214
atom  4   Tr[ns(na)]=   5.6406563
atom  4  spin  1
eigenvalues:  0.0240815 0.0240815 0.2017556 0.2215909 0.2215909
 eigenvectors
 1   0.2869374  0.0515089 -0.0362904  0.9557537  0.0152185
 2   0.9557537  0.0121659  0.0385251 -0.2869374  0.0506909
 3   0.0000000 -0.5773503 -0.5773503  0.0000000  0.5773503
 4  -0.0638810  0.2817519  0.5212125  0.0109989  0.8029643
 5  -0.0109989  0.7645138 -0.6262612 -0.0638810  0.1382526
 occupations
 0.025 -0.005 -0.005  0.000 -0.010
-0.005  0.214 -0.006 -0.009  0.006
-0.005 -0.006  0.214  0.009  0.006
 0.000 -0.009  0.009  0.025  0.000
-0.010  0.006  0.006  0.000  0.214
atom  4  spin  2
eigenvalues:  0.9879573 0.9879573 0.9903417 0.9903417 0.9909578
 eigenvectors
 1  -0.3223831 -0.0634134  0.0425124 -0.9432941 -0.0209010
 2  -0.9432941 -0.0124774 -0.0486789  0.3223831 -0.0611563
 3  -0.0778204  0.2712457  0.5289723  0.0144705  0.8002179
 4   0.0144705 -0.7674083  0.6186098  0.0778204 -0.1487985
 5   0.0000000 -0.5773503 -0.5773503  0.0000000  0.5773503
 occupations
 0.988  0.000  0.000  0.000  0.000
 0.000  0.991  0.000  0.000  0.000
 0.000  0.000  0.991  0.000  0.000
 0.000  0.000  0.000  0.988  0.000
 0.000  0.000  0.000  0.000  0.991
nsum =  11.2813125
 exit write_ns
 Modify starting ns matrices according to input values 
 enter write_ns
U( 1) =  0.0000      U( 2) =  4.3000      U( 3) =  4.3000
alpha( 1) =  0.0000      alpha( 2) =  0.0000      alpha( 3) =  0.0000
atom  3   Tr[ns(na)]=   6.4190653
atom  3  spin  1
eigenvalues:  0.9879573 0.9879573 0.9903417 0.9903417 0.9909578
 eigenvectors
 1  -0.2196940 -0.0617159  0.0474726 -0.9723524 -0.0142433
 2  -0.9723524 -0.0191849 -0.0438551  0.2196940 -0.0630400
 3  -0.0777704  0.2686307  0.5310759  0.0147354  0.7997066
 4   0.0147354 -0.7683276  0.6168048  0.0777704 -0.1515228
 5   0.0000000 -0.5773503 -0.5773503  0.0000000  0.5773503
 occupations
 0.988  0.000  0.000  0.000  0.000
 0.000  0.991  0.000  0.000  0.000
 0.000  0.000  0.991  0.000  0.000
 0.000  0.000  0.000  0.988  0.000
 0.000  0.000  0.000  0.000  0.991
atom  3  spin  2
eigenvalues:  0.0240816 0.0240816 0.2017555 0.2215908 1.0000000
 eigenvectors
 1   0.6848761  0.0514982 -0.0151740  0.7257706  0.0363242
 2  -0.7257706  0.0122111 -0.0507043  0.6848761 -0.0384932
 3   0.0000000 -0.5773503 -0.5773503  0.0000000  0.5773503
 4  -0.0640547  0.2943954  0.5107518  0.0099377  0.8051473
 5  -0.0099377  0.7597347 -0.6348213 -0.0640547  0.1249134
 occupations
 0.025 -0.011  0.000  0.000 -0.011
-0.011  0.664 -0.382 -0.047  0.080
 0.000 -0.382  0.528  0.041 -0.055
 0.000 -0.047  0.041  0.028 -0.006
-0.011  0.080 -0.055 -0.006  0.227
atom  4   Tr[ns(na)]=   6.4190654
atom  4  spin  1
eigenvalues:  0.0240815 0.0240815 0.2017556 0.2215909 1.0000000
 eigenvectors
 1   0.1357236  0.0490087 -0.0418102  0.9886240  0.0071985
 2  -0.9886240 -0.0199831 -0.0324512  0.1357236 -0.0524343
 3   0.0000000 -0.5773503 -0.5773503  0.0000000  0.5773503
 4  -0.0638810  0.2817519  0.5212125  0.0109989  0.8029643
 5  -0.0109989  0.7645138 -0.6262612 -0.0638810  0.1382526
 occupations
 0.025 -0.012  0.000  0.001 -0.012
-0.012  0.669 -0.379 -0.047  0.089
 0.000 -0.379  0.520  0.040 -0.061
 0.001 -0.047  0.040  0.028 -0.007
-0.012  0.089 -0.061 -0.007  0.229
atom  4  spin  2
eigenvalues:  0.9879573 0.9879573 0.9903417 0.9903417 0.9909578
 eigenvectors
 1  -0.3001549 -0.0631031  0.0436432 -0.9506007 -0.0194598
 2  -0.9506007 -0.0139623 -0.0476677  0.3001549 -0.0616300
 3  -0.0774852  0.2543903  0.5423805  0.0161697  0.7967707
 4   0.0161697 -0.7731593  0.6068881  0.0774852 -0.1662712
 5   0.0000000 -0.5773503 -0.5773503  0.0000000  0.5773503
 occupations
 0.988  0.000  0.000  0.000  0.000
 0.000  0.991  0.000  0.000  0.000
 0.000  0.000  0.991  0.000  0.000
 0.000  0.000  0.000  0.988  0.000
 0.000  0.000  0.000  0.000  0.991
nsum =  12.8381307
 exit write_ns

     total cpu time spent up to now is     21.52 secs

     total energy              =  -174.05739770 ryd
     estimated scf accuracy    <     2.39665735 ryd

     total magnetization       =     0.00 Bohr mag/cell
     absolute magnetization    =     8.48 Bohr mag/cell

     iteration #  2     ecut=    30.00 ryd     beta=0.30
     Davidson diagonalization (with overlap)
     ethr =  8.56E-03,  avg # of iterations =  2.2
 enter write_ns
U( 1) =  0.0000      U( 2) =  4.3000      U( 3) =  4.3000
alpha( 1) =  0.0000      alpha( 2) =  0.0000      alpha( 3) =  0.0000
atom  3   Tr[ns(na)]=   5.9948412
atom  3  spin  1
eigenvalues:  0.9702326 0.9702326 0.9937476 0.9959611 0.9959611
 eigenvectors
 1  -0.2885251 -0.0843678  0.0592300 -0.9515752 -0.0251378
 2  -0.9515752 -0.0196831 -0.0632231  0.2885251 -0.0829062
 3   0.0000000 -0.5773503 -0.5773503  0.0000000  0.5773503
 4  -0.1043259  0.2709669  0.5273165  0.0193423  0.7982833
 5  -0.0193423  0.7653354 -0.6173319 -0.1043259  0.1480035
 occupations
 0.971 -0.001 -0.001  0.000 -0.002
-0.001  0.995 -0.001 -0.002  0.001
-0.001 -0.001  0.995  0.002  0.001
 0.000 -0.002  0.002  0.971  0.000
-0.002  0.001  0.001  0.000  0.995
atom  3  spin  2
eigenvalues:  0.0322320 0.0322320 0.1503397 0.4269513 0.4269513
 eigenvectors
 1  -0.7639543 -0.0824076  0.0149296 -0.6362441 -0.0674779
 2   0.6362441 -0.0303388  0.0865364 -0.7639543  0.0561977
 3   0.0000000 -0.5773503 -0.5773503  0.0000000  0.5773503
 4   0.1057320 -0.2702769 -0.5277561 -0.0196955 -0.7980330
 5   0.0196955 -0.7654447  0.6167890  0.1057320 -0.1486557
 occupations
 0.037 -0.017 -0.017  0.000 -0.034
-0.017  0.332 -0.091 -0.030  0.091
-0.017 -0.091  0.332  0.030  0.091
 0.000 -0.030  0.030  0.037  0.000
-0.034  0.091  0.091  0.000  0.332
atom  4   Tr[ns(na)]=   5.9946829
atom  4  spin  1
eigenvalues:  0.0322406 0.0322406 0.1487450 0.4276830 0.4276830
 eigenvectors
 1   0.2436748  0.0841899 -0.0627445  0.9639180  0.0214454
 2   0.9639180  0.0238441  0.0609886 -0.2436748  0.0848326
 3   0.0000000 -0.5773503 -0.5773503  0.0000000  0.5773503
 4   0.1049054 -0.2536693 -0.5409951 -0.0218992 -0.7946644
 5   0.0218992 -0.7711434  0.6052557  0.1049054 -0.1658877
 occupations
 0.037 -0.017 -0.017  0.000 -0.034
-0.017  0.332 -0.091 -0.030  0.091
-0.017 -0.091  0.332  0.030  0.091
 0.000 -0.030  0.030  0.037  0.000
-0.034  0.091  0.091  0.000  0.332
atom  4  spin  2
eigenvalues:  0.9702263 0.9702263 0.9937459 0.9959461 0.9959461
 eigenvectors
 1  -0.2978656 -0.0845737  0.0586170 -0.9486905 -0.0259567
 2  -0.9486905 -0.0188564 -0.0638148  0.2978656 -0.0826712
 3   0.0000000 -0.5773503 -0.5773503  0.0000000  0.5773503
 4  -0.1044809  0.2763867  0.5229243  0.0186056  0.7993110
 5  -0.0186056  0.7633929 -0.6210544 -0.1044809  0.1423386
 occupations
 0.971 -0.001 -0.001  0.000 -0.002
-0.001  0.995 -0.001 -0.002  0.001
-0.001 -0.001  0.995  0.002  0.001
 0.000 -0.002  0.002  0.971  0.000
-0.002  0.001  0.001  0.000  0.995
nsum =  11.9895241
 exit write_ns

     total cpu time spent up to now is     32.92 secs

     total energy              =  -174.55895222 ryd
     estimated scf accuracy    <     0.15146789 ryd

     total magnetization       =     0.00 Bohr mag/cell
     absolute magnetization    =     7.19 Bohr mag/cell

     iteration #  3     ecut=    30.00 ryd     beta=0.30
     Davidson diagonalization (with overlap)
     ethr =  5.41E-04,  avg # of iterations =  1.8
 enter write_ns
U( 1) =  0.0000      U( 2) =  4.3000      U( 3) =  4.3000
alpha( 1) =  0.0000      alpha( 2) =  0.0000      alpha( 3) =  0.0000
atom  3   Tr[ns(na)]=   5.9379605
atom  3  spin  1
eigenvalues:  0.9774408 0.9774408 0.9952969 0.9972515 0.9972515
 eigenvectors
 1  -0.2560551 -0.0896582  0.0657285 -0.9599502 -0.0239297
 2  -0.9599502 -0.0241325 -0.0655800  0.2560551 -0.0897125
 3   0.0000000 -0.5773503 -0.5773503  0.0000000  0.5773503
 4  -0.1113446  0.2544023  0.5398774  0.0231049  0.7942798
 5  -0.0231049  0.7702760 -0.6054569 -0.1113446  0.1648191
 occupations
 0.978 -0.001 -0.001  0.000 -0.002
-0.001  0.996 -0.001 -0.002  0.001
-0.001 -0.001  0.996  0.002  0.001
 0.000 -0.002  0.002  0.978  0.000
-0.002  0.001  0.001  0.000  0.996
atom  3  spin  2
eigenvalues:  0.0209785 0.0209785 0.1339768 0.4086725 0.4086725
 eigenvectors
 1  -0.8132674 -0.0876724  0.0084500 -0.5697036 -0.0792225
 2   0.5697036 -0.0408605  0.0963568 -0.8132674  0.0554963
 3   0.0000000  0.5773503  0.5773503  0.0000000 -0.5773503
 4  -0.1164217  0.2685229  0.5282373  0.0219100  0.7967602
 5   0.0219100 -0.7649876  0.6150415  0.1164217 -0.1499461
 occupations
 0.026 -0.019 -0.019  0.000 -0.037
-0.019  0.313 -0.090 -0.032  0.090
-0.019 -0.090  0.313  0.032  0.090
 0.000 -0.032  0.032  0.026  0.000
-0.037  0.090  0.090  0.000  0.313
atom  4   Tr[ns(na)]=   5.9432389
atom  4  spin  1
eigenvalues:  0.0210090 0.0210090 0.1339487 0.4113672 0.4113672
 eigenvectors
 1  -0.2502601 -0.0927171  0.0684805 -0.9609872 -0.0242366
 2   0.9609872  0.0255442  0.0675233 -0.2502601  0.0930675
 3   0.0000000 -0.5773503 -0.5773503  0.0000000  0.5773503
 4   0.1156735 -0.2657568 -0.5305169 -0.0222056 -0.7962737
 5   0.0222056 -0.7660229  0.6131636  0.1156735 -0.1528593
 occupations
 0.026 -0.019 -0.019  0.000 -0.037
-0.019  0.315 -0.091 -0.032  0.091
-0.019 -0.091  0.315  0.032  0.091
 0.000 -0.032  0.032  0.026  0.000
-0.037  0.091  0.091  0.000  0.315
atom  4  spin  2
eigenvalues:  0.9774220 0.9774220 0.9952729 0.9972104 0.9972104
 eigenvectors
 1  -0.2887515 -0.0909488  0.0638071 -0.9505487 -0.0271417
 2  -0.9505487 -0.0211688 -0.0681796  0.2887515 -0.0893484
 3   0.0000000  0.5773503  0.5773503  0.0000000 -0.5773503
 4   0.1126445 -0.2780192 -0.5209064 -0.0197719 -0.7989256
 5   0.0197719 -0.7620054  0.6217744  0.1126445 -0.1402310
 occupations
 0.978 -0.001 -0.001  0.000 -0.002
-0.001  0.996 -0.001 -0.002  0.001
-0.001 -0.001  0.996  0.002  0.001
 0.000 -0.002  0.002  0.978  0.000
-0.002  0.001  0.001  0.000  0.996
nsum =  11.8811994
 exit write_ns

     total cpu time spent up to now is     43.43 secs

     total energy              =  -174.57496026 ryd
     estimated scf accuracy    <     0.04188061 ryd

     total magnetization       =     0.01 Bohr mag/cell
     absolute magnetization    =     7.46 Bohr mag/cell

     iteration #  4     ecut=    30.00 ryd     beta=0.30
     Davidson diagonalization (with overlap)
     ethr =  1.50E-04,  avg # of iterations =  1.5
 enter write_ns
U( 1) =  0.0000      U( 2) =  4.3000      U( 3) =  4.3000
alpha( 1) =  0.0000      alpha( 2) =  0.0000      alpha( 3) =  0.0000
atom  3   Tr[ns(na)]=   6.0066672
atom  3  spin  1
eigenvalues:  0.9783387 0.9783387 0.9955182 0.9977035 0.9977035
 eigenvectors
 1  -0.2658084 -0.0909664  0.0658266 -0.9571342 -0.0251398
 2  -0.9571342 -0.0234905 -0.0670340  0.2658084 -0.0905245
 3   0.0000000  0.5773503  0.5773503  0.0000000 -0.5773503
 4   0.1128744 -0.2613947 -0.5342347 -0.0223477 -0.7956294
 5   0.0223477 -0.7677974  0.6102731  0.1128744 -0.1575242
 occupations
 0.979 -0.001 -0.001  0.000 -0.002
-0.001  0.997 -0.001 -0.002  0.001
-0.001 -0.001  0.997  0.002  0.001
 0.000 -0.002  0.002  0.979  0.000
-0.002  0.001  0.001  0.000  0.997
atom  3  spin  2
eigenvalues:  0.0198324 0.0198324 0.1083820 0.4555089 0.4555089
 eigenvectors
 1  -0.1704586 -0.1041355  0.0850576 -0.9759615 -0.0190779
 2   0.9759615  0.0380934  0.0711373 -0.1704586  0.1092307
 3   0.0000000  0.5773503  0.5773503  0.0000000 -0.5773503
 4  -0.1329668  0.2535410  0.5384860  0.0276187  0.7920270
 5   0.0276187 -0.7681721  0.6036590  0.1329668 -0.1645131
 occupations
 0.028 -0.024 -0.024  0.000 -0.048
-0.024  0.334 -0.113 -0.041  0.113
-0.024 -0.113  0.334  0.041  0.113
 0.000 -0.041  0.041  0.028  0.000
-0.048  0.113  0.113  0.000  0.334
atom  4   Tr[ns(na)]=   5.9751105
atom  4  spin  1
eigenvalues:  0.0194642 0.0194642 0.1065115 0.4411775 0.4411775
 eigenvectors
 1   0.4416077  0.1101005 -0.0609360  0.8869781  0.0491645
 2  -0.8869781 -0.0067963 -0.0919517  0.4416077 -0.0987480
 3   0.0000000 -0.5773503 -0.5773503  0.0000000  0.5773503
 4   0.1325488 -0.2613019 -0.5324213 -0.0261401 -0.7937232
 5   0.0261401 -0.7656498  0.6091190  0.1325488 -0.1565308
 occupations
 0.027 -0.023 -0.023  0.000 -0.046
-0.023  0.324 -0.109 -0.040  0.109
-0.023 -0.109  0.324  0.040  0.109
 0.000 -0.040  0.040  0.027  0.000
-0.046  0.109  0.109  0.000  0.324
atom  4  spin  2
eigenvalues:  0.9780398 0.9780398 0.9955514 0.9978423 0.9978423
 eigenvectors
 1  -0.2945293 -0.0883486  0.0615026 -0.9491806 -0.0268460
 2  -0.9491806 -0.0200090 -0.0665076  0.2945293 -0.0865166
 3   0.0000000 -0.5773503 -0.5773503  0.0000000  0.5773503
 4  -0.1090385  0.2690472  0.5284665  0.0204778  0.7975137
 5  -0.0204778  0.7655550 -0.6157792 -0.1090385  0.1497758
 occupations
 0.978 -0.001 -0.001  0.000 -0.002
-0.001  0.997 -0.001 -0.002  0.001
-0.001 -0.001  0.997  0.002  0.001
 0.000 -0.002  0.002  0.978  0.000
-0.002  0.001  0.001  0.000  0.997
nsum =  11.9817777
 exit write_ns

     total cpu time spent up to now is     53.87 secs

     total energy              =  -174.57556579 ryd
     estimated scf accuracy    <     0.01360059 ryd

     total magnetization       =    -0.03 Bohr mag/cell
     absolute magnetization    =     7.39 Bohr mag/cell

     iteration #  5     ecut=    30.00 ryd     beta=0.30
     Davidson diagonalization (with overlap)
     ethr =  4.86E-05,  avg # of iterations =  1.8
 enter write_ns
U( 1) =  0.0000      U( 2) =  4.3000      U( 3) =  4.3000
alpha( 1) =  0.0000      alpha( 2) =  0.0000      alpha( 3) =  0.0000
atom  3   Tr[ns(na)]=   5.8557389
atom  3  spin  1
eigenvalues:  0.9791425 0.9791425 0.9956593 0.9981804 0.9981804
 eigenvectors
 1  -0.3451320 -0.0909025  0.0588716 -0.9317343 -0.0320309
 2  -0.9317343 -0.0154965 -0.0709757  0.3451320 -0.0864721
 3   0.0000000  0.5773503  0.5773503  0.0000000 -0.5773503
 4   0.1107026 -0.2584937 -0.5367173 -0.0223619 -0.7952110
 5  -0.0223619  0.7689891 -0.6083567 -0.1107026  0.1606325
 occupations
 0.979 -0.001 -0.001  0.000 -0.002
-0.001  0.997 -0.001 -0.002  0.001
-0.001 -0.001  0.997  0.002  0.001
 0.000 -0.002  0.002  0.979  0.000
-0.002  0.001  0.001  0.000  0.997
atom  3  spin  2
eigenvalues:  0.0171904 0.0171904 0.0774956 0.3967788 0.3967788
 eigenvectors
 1  -0.9612650 -0.0796852 -0.0320086 -0.2368963 -0.1116938
 2   0.2368963 -0.0829666  0.1104927 -0.9612650  0.0275261
 3   0.0000000  0.5773503  0.5773503  0.0000000 -0.5773503
 4  -0.1379234  0.2527827  0.5385528  0.0287563  0.7913356
 5   0.0287563 -0.7678114  0.6028220  0.1379234 -0.1649894
 occupations
 0.025 -0.022 -0.022  0.000 -0.043
-0.022  0.285 -0.104 -0.037  0.104
-0.022 -0.104  0.285  0.037  0.104
 0.000 -0.037  0.037  0.025  0.000
-0.043  0.104  0.104  0.000  0.285
atom  4   Tr[ns(na)]=   6.1269298
atom  4  spin  1
eigenvalues:  0.0184404 0.0184404 0.0790262 0.5298690 0.5298690
 eigenvectors
 1   0.0732919  0.1075311 -0.0986859  0.9865334  0.0088452
 2   0.9865334  0.0518696  0.0671899 -0.0732919  0.1190595
 3   0.0000000 -0.5773503 -0.5773503  0.0000000  0.5773503
 4   0.1428246 -0.2446302 -0.5443385 -0.0313243 -0.7889687
 5   0.0313243 -0.7697853  0.5967486  0.1428246 -0.1730367
 occupations
 0.029 -0.030 -0.030  0.000 -0.060
-0.030  0.372 -0.147 -0.052  0.147
-0.030 -0.147  0.372  0.052  0.147
 0.000 -0.052  0.052  0.029  0.000
-0.060  0.147  0.147  0.000  0.372
atom  4  spin  2
eigenvalues:  0.9801495 0.9801495 0.9956874 0.9976492 0.9976492
 eigenvectors
 1  -0.3086069 -0.1047125  0.0714051 -0.9421194 -0.0333075
 2  -0.9421194 -0.0219956 -0.0796859  0.3086069 -0.1016815
 3   0.0000000 -0.5773503 -0.5773503  0.0000000  0.5773503
 4  -0.1283075  0.2537374  0.5388088  0.0266453  0.7925463
 5  -0.0266453  0.7686582 -0.6040722 -0.1283075  0.1645860
 occupations
 0.980 -0.001 -0.001  0.000 -0.002
-0.001  0.997 -0.001 -0.002  0.001
-0.001 -0.001  0.997  0.002  0.001
 0.000 -0.002  0.002  0.980  0.000
-0.002  0.001  0.001  0.000  0.997
nsum =  11.9826688
 exit write_ns

     total cpu time spent up to now is     64.54 secs

     total energy              =  -174.58189154 ryd
     estimated scf accuracy    <     0.03063762 ryd

     total magnetization       =     0.27 Bohr mag/cell
     absolute magnetization    =     7.42 Bohr mag/cell

     iteration #  6     ecut=    30.00 ryd     beta=0.30
     Davidson diagonalization (with overlap)
     ethr =  4.86E-05,  avg # of iterations =  1.0
 enter write_ns
U( 1) =  0.0000      U( 2) =  4.3000      U( 3) =  4.3000
alpha( 1) =  0.0000      alpha( 2) =  0.0000      alpha( 3) =  0.0000
atom  3   Tr[ns(na)]=   6.0410905
atom  3  spin  1
eigenvalues:  0.9799032 0.9799032 0.9957087 0.9978255 0.9978255
 eigenvectors
 1  -0.2917552 -0.1000744  0.0698819 -0.9481925 -0.0301925
 2  -0.9481925 -0.0229147 -0.0752096  0.2917552 -0.0981243
 3   0.0000000  0.5773503  0.5773503  0.0000000 -0.5773503
 4   0.1233757 -0.2620704 -0.5327301 -0.0242568 -0.7948005
 5  -0.0242568  0.7664501 -0.6101847 -0.1233757  0.1562654
 occupations
 0.980 -0.001 -0.001  0.000 -0.002
-0.001  0.997 -0.001 -0.002  0.001
-0.001 -0.001  0.997  0.002  0.001
 0.000 -0.002  0.002  0.980  0.000
-0.002  0.001  0.001  0.000  0.997
atom  3  spin  2
eigenvalues:  0.0179924 0.0179924 0.0770853 0.4884272 0.4884272
 eigenvectors
 1  -0.3323074 -0.1169134  0.0769914 -0.9318700 -0.0399220
 2   0.9318700  0.0214020  0.0905490 -0.3323074  0.1119510
 3   0.0000000 -0.5773503 -0.5773503  0.0000000  0.5773503
 4   0.1420382 -0.2409700 -0.5472388 -0.0318644 -0.7882087
 5   0.0318644 -0.7710210  0.5941966  0.1420382 -0.1768244
 occupations
 0.028 -0.028 -0.028  0.000 -0.055
-0.028  0.345 -0.134 -0.048  0.134
-0.028 -0.134  0.345  0.048  0.134
 0.000 -0.048  0.048  0.028  0.000
-0.055  0.134  0.134  0.000  0.345
atom  4   Tr[ns(na)]=   5.9416226
atom  4  spin  1
eigenvalues:  0.0174874 0.0174874 0.0760237 0.4399781 0.4399781
 eigenvectors
 1  -0.8625728 -0.1007003 -0.0013116 -0.4852005 -0.1020119
 2   0.4852005 -0.0596538  0.1170359 -0.8625728  0.0573821
 3   0.0000000  0.5773503  0.5773503  0.0000000 -0.5773503
 4  -0.1406046  0.2600408  0.5325577  0.0279112  0.7925985
 5   0.0279112 -0.7650793  0.6077416  0.1406046 -0.1573377
 occupations
 0.026 -0.024 -0.024  0.000 -0.049
-0.024  0.313 -0.118 -0.042  0.118
-0.024 -0.118  0.313  0.042  0.118
 0.000 -0.042  0.042  0.026  0.000
-0.049  0.118  0.118  0.000  0.313
atom  4  spin  2
eigenvalues:  0.9794911 0.9794911 0.9956741 0.9980058 0.9980058
 eigenvectors
 1  -0.3150611 -0.0953260  0.0644574 -0.9415635 -0.0308685
 2  -0.9415635 -0.0193925 -0.0728584  0.3150611 -0.0922510
 3   0.0000000 -0.5773503 -0.5773503  0.0000000  0.5773503
 4  -0.1168905  0.2618574  0.5335076  0.0230495  0.7953651
 5  -0.0230495  0.7672250 -0.6103877 -0.1168905  0.1568373
 occupations
 0.980 -0.001 -0.001  0.000 -0.002
-0.001  0.997 -0.001 -0.002  0.001
-0.001 -0.001  0.997  0.002  0.001
 0.000 -0.002  0.002  0.980  0.000
-0.002  0.001  0.001  0.000  0.997
nsum =  11.9827131
 exit write_ns

     total cpu time spent up to now is     75.24 secs

     total energy              =  -174.58115049 ryd
     estimated scf accuracy    <     0.00558673 ryd

     total magnetization       =    -0.10 Bohr mag/cell
     absolute magnetization    =     7.42 Bohr mag/cell

     iteration #  7     ecut=    30.00 ryd     beta=0.30
     Davidson diagonalization (with overlap)
     ethr =  2.00E-05,  avg # of iterations =  1.0
 enter write_ns
U( 1) =  0.0000      U( 2) =  4.3000      U( 3) =  4.3000
alpha( 1) =  0.0000      alpha( 2) =  0.0000      alpha( 3) =  0.0000
atom  3   Tr[ns(na)]=   5.9772060
atom  3  spin  1
eigenvalues:  0.9793792 0.9793792 0.9956377 0.9978377 0.9978377
 eigenvectors
 1  -0.2246520 -0.0957776  0.0731168 -0.9666947 -0.0226608
 2  -0.9666947 -0.0291308 -0.0683804  0.2246520 -0.0975112
 3   0.0000000  0.5773503  0.5773503  0.0000000 -0.5773503
 4   0.1204978 -0.2685276 -0.5278565 -0.0226541 -0.7963841
 5   0.0226541 -0.7645506  0.6148270  0.1204978 -0.1497236
 occupations
 0.980 -0.001 -0.001  0.000 -0.002
-0.001  0.997 -0.001 -0.002  0.001
-0.001 -0.001  0.997  0.002  0.001
 0.000 -0.002  0.002  0.980  0.000
-0.002  0.001  0.001  0.000  0.997
atom  3  spin  2
eigenvalues:  0.0178672 0.0178672 0.0684287 0.4614856 0.4614856
 eigenvectors
 1  -0.4567457 -0.1215451  0.0653501 -0.8770300 -0.0561950
 2   0.8770300  0.0052857  0.1026183 -0.4567457  0.1079040
 3   0.0000000 -0.5773503 -0.5773503  0.0000000  0.5773503
 4   0.1453619 -0.2402116 -0.5474442 -0.0327356 -0.7876557
 5   0.0327356 -0.7708203  0.5934395  0.1453619 -0.1773808
 occupations
 0.028 -0.027 -0.027  0.000 -0.053
-0.027  0.324 -0.128 -0.046  0.128
-0.027 -0.128  0.324  0.046  0.128
 0.000 -0.046  0.046  0.028  0.000
-0.053  0.128  0.128  0.000  0.324
atom  4   Tr[ns(na)]=   6.0056084
atom  4  spin  1
eigenvalues:  0.0179751 0.0179751 0.0684386 0.4755576 0.4755576
 eigenvectors
 1  -0.0393640  0.1030524 -0.1079049  0.9880100 -0.0048526
 2   0.9880100  0.0651006  0.0566957  0.0393640  0.1217962
 3   0.0000000 -0.5773503 -0.5773503  0.0000000  0.5773503
 4   0.1457357 -0.2424589 -0.5456790 -0.0323714 -0.7881379
 5   0.0323714 -0.7700795  0.5950153  0.1457357 -0.1750642
 occupations
 0.028 -0.028 -0.028  0.000 -0.055
-0.028  0.333 -0.132 -0.048  0.132
-0.028 -0.132  0.333  0.048  0.132
 0.000 -0.048  0.048  0.028  0.000
-0.055  0.132  0.132  0.000  0.333
atom  4  spin  2
eigenvalues:  0.9794627 0.9794627 0.9956322 0.9977734 0.9977734
 eigenvectors
 1  -0.3135315 -0.0995713  0.0674542 -0.9413830 -0.0321171
 2  -0.9413830 -0.0204018 -0.0760304  0.3135315 -0.0964322
 3   0.0000000 -0.5773503 -0.5773503  0.0000000  0.5773503
 4  -0.1219603  0.2563300  0.5373973  0.0249343  0.7937273
 5  -0.0249343  0.7685252 -0.6062509 -0.1219603  0.1622743
 occupations
 0.980 -0.001 -0.001  0.000 -0.002
-0.001  0.997 -0.001 -0.002  0.001
-0.001 -0.001  0.997  0.002  0.001
 0.000 -0.002  0.002  0.980  0.000
-0.002  0.001  0.001  0.000  0.997
nsum =  11.9828144
 exit write_ns

     total cpu time spent up to now is     86.25 secs

     total energy              =  -174.58064150 ryd
     estimated scf accuracy    <     0.00117796 ryd

     total magnetization       =     0.03 Bohr mag/cell
     absolute magnetization    =     7.42 Bohr mag/cell

     iteration #  8     ecut=    30.00 ryd     beta=0.30
     Davidson diagonalization (with overlap)
     ethr =  4.21E-06,  avg # of iterations =  2.0
 enter write_ns
U( 1) =  0.0000      U( 2) =  4.3000      U( 3) =  4.3000
alpha( 1) =  0.0000      alpha( 2) =  0.0000      alpha( 3) =  0.0000
atom  3   Tr[ns(na)]=   6.0059226
atom  3  spin  1
eigenvalues:  0.9795632 0.9795632 0.9956484 0.9976008 0.9976008
 eigenvectors
 1  -0.3663156 -0.1033031  0.0647421 -0.9216631 -0.0385610
 2  -0.9216631 -0.0151156 -0.0819053  0.3663156 -0.0970209
 3   0.0000000  0.5773503  0.5773503  0.0000000 -0.5773503
 4   0.1253944 -0.2598124 -0.5343213 -0.0250253 -0.7941337
 5  -0.0250253  0.7669838 -0.6084961 -0.1253944  0.1584878
 occupations
 0.980 -0.001 -0.001  0.000 -0.002
-0.001  0.997 -0.001 -0.002  0.001
-0.001 -0.001  0.997  0.002  0.001
 0.000 -0.002  0.002  0.980  0.000
-0.002  0.001  0.001  0.000  0.997
atom  3  spin  2
eigenvalues:  0.0176373 0.0176373 0.0530532 0.4838092 0.4838092
 eigenvectors
 1   0.4947176  0.1301766 -0.0649414  0.8543041  0.0652351
 2   0.8543041 -0.0001696  0.1128210 -0.4947176  0.1126515
 3   0.0000000  0.5773503  0.5773503  0.0000000 -0.5773503
 4  -0.1559211  0.2484352  0.5398611  0.0332800  0.7882963
 5   0.0332800 -0.7668120  0.5985572  0.1559211 -0.1682548
 occupations
 0.029 -0.030 -0.030  0.000 -0.060
-0.030  0.332 -0.140 -0.052  0.140
-0.030 -0.140  0.332  0.052  0.140
 0.000 -0.052  0.052  0.029  0.000
-0.060  0.140  0.140  0.000  0.332
atom  4   Tr[ns(na)]=   5.9770558
atom  4  spin  1
eigenvalues:  0.0175447 0.0175447 0.0528939 0.4695389 0.4695389
 eigenvectors
 1  -0.4038169 -0.1289643  0.0759403 -0.9009560 -0.0530239
 2   0.9009560  0.0132308  0.1050709 -0.4038169  0.1183017
 3   0.0000000  0.5773503  0.5773503  0.0000000 -0.5773503
 4  -0.1548914  0.2396940  0.5467151  0.0349129  0.7864090
 5   0.0349129 -0.7696796  0.5924209  0.1548914 -0.1772587
 occupations
 0.029 -0.029 -0.029  0.000 -0.058
-0.029  0.323 -0.135 -0.050  0.135
-0.029 -0.135  0.323  0.050  0.135
 0.000 -0.050  0.050  0.029  0.000
-0.058  0.135  0.135  0.000  0.323
atom  4  spin  2
eigenvalues:  0.9794823 0.9794823 0.9956539 0.9976882 0.9976882
 eigenvectors
 1  -0.3534711 -0.1014617  0.0648469 -0.9269401 -0.0366148
 2  -0.9269401 -0.0162998 -0.0797185  0.3534711 -0.0960183
 3   0.0000000  0.5773503  0.5773503  0.0000000 -0.5773503
 4   0.1233632 -0.2579962 -0.5359518 -0.0249350 -0.7939480
 5  -0.0249350  0.7678180 -0.6073402 -0.1233632  0.1604778
 occupations
 0.980 -0.001 -0.001  0.000 -0.002
-0.001  0.997 -0.001 -0.002  0.001
-0.001 -0.001  0.997  0.002  0.001
 0.000 -0.002  0.002  0.980  0.000
-0.002  0.001  0.001  0.000  0.997
nsum =  11.9829784
 exit write_ns

     total cpu time spent up to now is     97.15 secs

     total energy              =  -174.58101397 ryd
     estimated scf accuracy    <     0.00036166 ryd

     total magnetization       =    -0.03 Bohr mag/cell
     absolute magnetization    =     7.42 Bohr mag/cell

     iteration #  9     ecut=    30.00 ryd     beta=0.30
     Davidson diagonalization (with overlap)
     ethr =  1.29E-06,  avg # of iterations =  1.5
 enter write_ns
U( 1) =  0.0000      U( 2) =  4.3000      U( 3) =  4.3000
alpha( 1) =  0.0000      alpha( 2) =  0.0000      alpha( 3) =  0.0000
atom  3   Tr[ns(na)]=   5.9840547
atom  3  spin  1
eigenvalues:  0.9794184 0.9794184 0.9956508 0.9976741 0.9976741
 eigenvectors
 1  -0.3019526 -0.1003006  0.0690575 -0.9449970 -0.0312431
 2  -0.9449970 -0.0218322 -0.0759468  0.3019526 -0.0977789
 3   0.0000000 -0.5773503 -0.5773503  0.0000000  0.5773503
 4  -0.1233210  0.2609257  0.5336423  0.0244375  0.7945680
 5  -0.0244375  0.7668426 -0.6093896 -0.1233210  0.1574530
 occupations
 0.980 -0.001 -0.001  0.000 -0.002
-0.001  0.997 -0.001 -0.002  0.001
-0.001 -0.001  0.997  0.002  0.001
 0.000 -0.002  0.002  0.980  0.000
-0.002  0.001  0.001  0.000  0.997
atom  3  spin  2
eigenvalues:  0.0176677 0.0176677 0.0555770 0.4716532 0.4716532
 eigenvectors
 1  -0.9873209 -0.0639516 -0.0655291  0.0069447 -0.1294808
 2  -0.0069447 -0.1125890  0.1116782 -0.9873209 -0.0009108
 3   0.0000000  0.5773503  0.5773503  0.0000000 -0.5773503
 4  -0.1546785  0.2391496  0.5471568  0.0349815  0.7863064
 5   0.0349815 -0.7698754  0.5920473  0.1546785 -0.1778281
 occupations
 0.029 -0.029 -0.029  0.000 -0.058
-0.029  0.325 -0.135 -0.050  0.135
-0.029 -0.135  0.325  0.050  0.135
 0.000 -0.050  0.050  0.029  0.000
-0.058  0.135  0.135  0.000  0.325
atom  4   Tr[ns(na)]=   5.9989277
atom  4  spin  1
eigenvalues:  0.0177462 0.0177462 0.0557677 0.4788962 0.4788962
 eigenvectors
 1  -0.5410463 -0.1293181  0.0583410 -0.8258961 -0.0709771
 2   0.8258961 -0.0072954  0.1156404 -0.5410463  0.1083450
 3   0.0000000  0.5773503  0.5773503  0.0000000 -0.5773503
 4  -0.1548105  0.2410157  0.5457138  0.0346166  0.7867295
 5   0.0346166 -0.7692865  0.5933690  0.1548105 -0.1759175
 occupations
 0.029 -0.029 -0.029  0.000 -0.059
-0.029  0.330 -0.137 -0.051  0.137
-0.029 -0.137  0.330  0.051  0.137
 0.000 -0.051  0.051  0.029  0.000
-0.059  0.137  0.137  0.000  0.330
atom  4  spin  2
eigenvalues:  0.9794826 0.9794826 0.9956456 0.9976322 0.9976322
 eigenvectors
 1  -0.3024688 -0.1011897  0.0696154 -0.9446851 -0.0315743
 2  -0.9446851 -0.0219630 -0.0766514  0.3024688 -0.0986144
 3   0.0000000  0.5773503  0.5773503  0.0000000 -0.5773503
 4   0.1243773 -0.2602385 -0.5340838 -0.0247565 -0.7943223
 5  -0.0247565  0.7669556 -0.6088509 -0.1243773  0.1581047
 occupations
 0.980 -0.001 -0.001  0.000 -0.002
-0.001  0.997 -0.001 -0.002  0.001
-0.001 -0.001  0.997  0.002  0.001
 0.000 -0.002  0.002  0.980  0.000
-0.002  0.001  0.001  0.000  0.997
nsum =  11.9829824
 exit write_ns

     total cpu time spent up to now is    107.86 secs

     total energy              =  -174.58065121 ryd
     estimated scf accuracy    <     0.00011685 ryd

     total magnetization       =     0.01 Bohr mag/cell
     absolute magnetization    =     7.42 Bohr mag/cell

     iteration # 10     ecut=    30.00 ryd     beta=0.30
     Davidson diagonalization (with overlap)
     ethr =  4.17E-07,  avg # of iterations =  2.1
 enter write_ns
U( 1) =  0.0000      U( 2) =  4.3000      U( 3) =  4.3000
alpha( 1) =  0.0000      alpha( 2) =  0.0000      alpha( 3) =  0.0000
atom  3   Tr[ns(na)]=   5.9910718
atom  3  spin  1
eigenvalues:  0.9793688 0.9793688 0.9956333 0.9976066 0.9976066
 eigenvectors
 1  -0.3225989 -0.1012652  0.0677143 -0.9380642 -0.0335509
 2  -0.9380642 -0.0197243 -0.0778361  0.3225989 -0.0975603
 3   0.0000000 -0.5773503 -0.5773503  0.0000000  0.5773503
 4  -0.1239641  0.2615119  0.5331159  0.0244629  0.7946278
 5  -0.0244629  0.7665732 -0.6097626 -0.1239641  0.1568106
 occupations
 0.980 -0.001 -0.001  0.000 -0.002
-0.001  0.997 -0.001 -0.002  0.001
-0.001 -0.001  0.997  0.002  0.001
 0.000 -0.002  0.002  0.980  0.000
-0.002  0.001  0.001  0.000  0.997
atom  3  spin  2
eigenvalues:  0.0177039 0.0177039 0.0528368 0.4766215 0.4766215
 eigenvectors
 1  -0.5805296 -0.1322597  0.0540049 -0.7977797 -0.0782548
 2   0.7977797 -0.0140007  0.1215406 -0.5805296  0.1075399
 3   0.0000000  0.5773503  0.5773503  0.0000000 -0.5773503
 4  -0.1591525  0.2449733  0.5421370  0.0346907  0.7871103
 5   0.0346907 -0.7674413  0.5958737  0.1591525 -0.1715675
 occupations
 0.030 -0.030 -0.030  0.000 -0.060
-0.030  0.327 -0.137 -0.052  0.137
-0.030 -0.137  0.327  0.052  0.137
 0.000 -0.052  0.052  0.030  0.000
-0.060  0.137  0.137  0.000  0.327
atom  4   Tr[ns(na)]=   5.9919447
atom  4  spin  1
eigenvalues:  0.0177204 0.0177204 0.0529073 0.4769932 0.4769932
 eigenvectors
 1  -0.7645079 -0.1242925  0.0212761 -0.6237099 -0.1030164
 2   0.6237099 -0.0471928  0.1312369 -0.7645079  0.0840441
 3   0.0000000  0.5773503  0.5773503  0.0000000 -0.5773503
 4  -0.1588737  0.2401504  0.5458745  0.0356767  0.7860249
 5   0.0356767 -0.7689725  0.5924626  0.1588737 -0.1765099
 occupations
 0.030 -0.030 -0.030  0.000 -0.060
-0.030  0.328 -0.137 -0.052  0.137
-0.030 -0.137  0.328  0.052  0.137
 0.000 -0.052  0.052  0.030  0.000
-0.060  0.137  0.137  0.000  0.328
atom  4  spin  2
eigenvalues:  0.9793821 0.9793821 0.9956347 0.9976055 0.9976055
 eigenvectors
 1  -0.2615192 -0.0998440  0.0726291 -0.9568820 -0.0272149
 2  -0.9568820 -0.0262199 -0.0733575  0.2615192 -0.0995774
 3   0.0000000 -0.5773503 -0.5773503  0.0000000  0.5773503
 4  -0.1239789  0.2596813  0.5345628  0.0247730  0.7942441
 5  -0.0247730  0.7671871 -0.6084841 -0.1239789  0.1587029
 occupations
 0.980 -0.001 -0.001  0.000 -0.002
-0.001  0.997 -0.001 -0.002  0.001
-0.001 -0.001  0.997  0.002  0.001
 0.000 -0.002  0.002  0.980  0.000
-0.002  0.001  0.001  0.000  0.997
