
     Program PWSCF     v.3.1.1  starts ...
     Today is  4Jul2006 at 15:24:40 

     Ultrasoft (Vanderbilt) Pseudopotentials

     Current dimensions of program pwscf are:

     ntypx = 10   npk = 40000  lmax =  3
     nchix =  6  ndmx =  2000  nbrx = 14  nqfx =  8
  HUBBARD L FOR TYPE Fe IS            2
  HUBBARD L FOR TYPE Fe IS            2
  MAXIMUM HUBBARD L IS            2


     bravais-lattice index     =            0
     lattice parameter (a_0)   =       8.1900  a.u.
     unit-cell volume          =     274.6766 (a.u.)^3
     number of atoms/cell      =            4
     number of atomic types    =            3
     kinetic-energy cutoff     =      30.0000  Ry
     charge density cutoff     =     240.0000  Ry
     convergence threshold     =      1.0E-06
     beta                      =       0.3000
     number of iterations used =            8  plain     mixing
     Exchange-correlation      =  SLA  PZ   NOGX NOGC (1100)
     celldm(1)=   8.190000  celldm(2)=   0.000000  celldm(3)=   0.000000
     celldm(4)=   0.000000  celldm(5)=   0.000000  celldm(6)=   0.000000

     crystal axes: (cart. coord. in units of a_0)
               a(1) = (  0.500000  0.500000  1.000000 )  
               a(2) = (  0.500000  1.000000  0.500000 )  
               a(3) = (  1.000000  0.500000  0.500000 )  

     reciprocal axes: (cart. coord. in units 2 pi/a_0)
               b(1) = ( -0.500000 -0.500000  1.500000 )  
               b(2) = ( -0.500000  1.500000 -0.500000 )  
               b(3) = (  1.500000 -0.500000 -0.500000 )  


     PSEUDO 1 is O  (US)    zval =  6.0   lmax= 2   lloc= 0
     Version   0  0  0 of US pseudo code
     Using log mesh of  1269 points
     The pseudopotential has  4 beta functions with: 
                l(1) =   0
                l(2) =   0
                l(3) =   1
                l(4) =   1
     Q(r) pseudized with  0 coefficients,  rinner =    0.000   0.000   0.000
                                                       0.000   0.000

     PSEUDO 2 is Fe (US)    zval =  8.0   lmax= 2   lloc= 0
     Version   0  0  0 of US pseudo code
     Using log mesh of   957 points
     The pseudopotential has  6 beta functions with: 
                l(1) =   0
                l(2) =   0
                l(3) =   1
                l(4) =   1
                l(5) =   2
                l(6) =   2
     Q(r) pseudized with  0 coefficients,  rinner =    0.000   0.000   0.000
                                                       0.000   0.000

     PSEUDO 3 is Fe (US)    zval =  8.0   lmax= 2   lloc= 0
     Version   0  0  0 of US pseudo code
     Using log mesh of   957 points
     The pseudopotential has  6 beta functions with: 
                l(1) =   0
                l(2) =   0
                l(3) =   1
                l(4) =   1
                l(5) =   2
                l(6) =   2
     Q(r) pseudized with  0 coefficients,  rinner =    0.000   0.000   0.000
                                                       0.000   0.000

     atomic species   valence    mass     pseudopotential
        O1             6.00     1.00000     O ( 1.00)
        Fe1            8.00     1.00000     Fe( 1.00)
        Fe2            8.00     1.00000     Fe( 1.00)

     Starting magnetic structure 
     atomic species   magnetization
        O1           0.000
        Fe1          0.500
        Fe2         -0.500

     12 Sym.Ops. (with inversion)


   Cartesian axes

     site n.     atom                  positions (a_0 units)
         1           O1  tau(  1) = (   0.5000000   0.5000000   0.5000000  )
         2           O1  tau(  2) = (   1.5000000   1.5000000   1.5000000  )
         3           Fe1 tau(  3) = (   0.0000000   0.0000000   0.0000000  )
         4           Fe2 tau(  4) = (   1.0000000   1.0000000   1.0000000  )

     number of k points=    8  gaussian broad. (ryd)=  0.0100     ngauss =   0
                       cart. coord. in units 2pi/a_0
        k(    1) = (   0.0000000   0.0000000   0.0000000), wk =   0.1250000
        k(    2) = (  -0.7500000   0.2500000   0.2500000), wk =   0.3750000
        k(    3) = (  -0.5000000  -0.5000000   0.5000000), wk =   0.3750000
        k(    4) = (  -0.2500000  -0.2500000  -0.2500000), wk =   0.1250000
        k(    5) = (   0.0000000   0.0000000   0.0000000), wk =   0.1250000
        k(    6) = (  -0.7500000   0.2500000   0.2500000), wk =   0.3750000
        k(    7) = (  -0.5000000  -0.5000000   0.5000000), wk =   0.3750000
        k(    8) = (  -0.2500000  -0.2500000  -0.2500000), wk =   0.1250000

     G cutoff =  407.7738  (  17255 G-vectors)     FFT grid: ( 50, 50, 50)
     G cutoff =  203.8869  (   6111 G-vectors)  smooth grid: ( 36, 36, 36)

     nbndx  =    80  nbnd   =    20  natomwfc =    20  npwx   =     780
     nelec  =  28.00  nkb   =    52  ngl    =     342

     Check: negative/imaginary core charge=   -0.000003    0.000000

     Initial potential from superposition of free atoms

     starting charge   27.99905, renormalised to   28.00000

     Parameters of the lda+U calculation:
     Number of iteration with fixed ns =  0
     Starting ns and Hubbard U :
 enter write_ns
U( 1) =  0.0000      U( 2) =  4.3000      U( 3) =  4.3000
alpha( 1) =  0.0000      alpha( 2) =  0.0000      alpha( 3) =  0.0000
atom  3   Tr[ns(na)]=   6.0000000
atom  3  spin  1
eigenvalues:  1.0000000 1.0000000 1.0000000 1.0000000 1.0000000
 eigenvectors
 1   1.0000000  0.0000000  0.0000000  0.0000000  0.0000000
 2   0.0000000  1.0000000  0.0000000  0.0000000  0.0000000
 3   0.0000000  0.0000000  1.0000000  0.0000000  0.0000000
 4   0.0000000  0.0000000  0.0000000  1.0000000  0.0000000
 5   0.0000000  0.0000000  0.0000000  0.0000000  1.0000000
 occupations
 1.000  0.000  0.000  0.000  0.000
 0.000  1.000  0.000  0.000  0.000
 0.000  0.000  1.000  0.000  0.000
 0.000  0.000  0.000  1.000  0.000
 0.000  0.000  0.000  0.000  1.000
atom  3  spin  2
eigenvalues:  0.2000000 0.2000000 0.2000000 0.2000000 0.2000000
 eigenvectors
 1   1.0000000  0.0000000  0.0000000  0.0000000  0.0000000
 2   0.0000000  1.0000000  0.0000000  0.0000000  0.0000000
 3   0.0000000  0.0000000  1.0000000  0.0000000  0.0000000
 4   0.0000000  0.0000000  0.0000000  1.0000000  0.0000000
 5   0.0000000  0.0000000  0.0000000  0.0000000  1.0000000
 occupations
 0.200  0.000  0.000  0.000  0.000
 0.000  0.200  0.000  0.000  0.000
 0.000  0.000  0.200  0.000  0.000
 0.000  0.000  0.000  0.200  0.000
 0.000  0.000  0.000  0.000  0.200
atom  4   Tr[ns(na)]=   6.0000000
atom  4  spin  1
eigenvalues:  0.2000000 0.2000000 0.2000000 0.2000000 0.2000000
 eigenvectors
 1   1.0000000  0.0000000  0.0000000  0.0000000  0.0000000
 2   0.0000000  1.0000000  0.0000000  0.0000000  0.0000000
 3   0.0000000  0.0000000  1.0000000  0.0000000  0.0000000
 4   0.0000000  0.0000000  0.0000000  1.0000000  0.0000000
 5   0.0000000  0.0000000  0.0000000  0.0000000  1.0000000
 occupations
 0.200  0.000  0.000  0.000  0.000
 0.000  0.200  0.000  0.000  0.000
 0.000  0.000  0.200  0.000  0.000
 0.000  0.000  0.000  0.200  0.000
 0.000  0.000  0.000  0.000  0.200
atom  4  spin  2
eigenvalues:  1.0000000 1.0000000 1.0000000 1.0000000 1.0000000
 eigenvectors
 1   1.0000000  0.0000000  0.0000000  0.0000000  0.0000000
 2   0.0000000  1.0000000  0.0000000  0.0000000  0.0000000
 3   0.0000000  0.0000000  1.0000000  0.0000000  0.0000000
 4   0.0000000  0.0000000  0.0000000  1.0000000  0.0000000
 5   0.0000000  0.0000000  0.0000000  0.0000000  1.0000000
 occupations
 1.000  0.000  0.000  0.000  0.000
 0.000  1.000  0.000  0.000  0.000
 0.000  0.000  1.000  0.000  0.000
 0.000  0.000  0.000  1.000  0.000
 0.000  0.000  0.000  0.000  1.000
nsum =  12.0000000
 exit write_ns
 LDA+U Projector read from file 
     Starting wfc are atomic

     total cpu time spent up to now is     10.40 secs

     Self-consistent Calculation

     iteration #  1     ecut=    30.00 ryd     beta=0.30
     Davidson diagonalization with overlap
     ethr =  1.00E-02,  avg # of iterations =  3.1
 enter write_ns
U( 1) =  0.0000      U( 2) =  4.3000      U( 3) =  4.3000
alpha( 1) =  0.0000      alpha( 2) =  0.0000      alpha( 3) =  0.0000
atom  3   Tr[ns(na)]=   5.7760878
atom  3  spin  1
eigenvalues:  0.9907404 0.9907404 0.9912458 0.9955846 0.9955846
 eigenvectors
 1   0.2228499 -0.2485497 -0.5297555 -0.0464864 -0.7783052
 2   0.0464864 -0.7552092  0.5928550  0.2228499 -0.1623543
 3   0.0000000  0.5773503  0.5773503  0.0000000 -0.5773503
 4  -0.5214600 -0.1857126  0.0861738 -0.8223481 -0.0995388
 5  -0.8223481  0.0077162 -0.1646900  0.5214600 -0.1569737
 occupations
 0.995  0.000  0.000  0.000  0.001
 0.000  0.991  0.000  0.001  0.000
 0.000  0.000  0.991 -0.001  0.000
 0.000  0.001 -0.001  0.995  0.000
 0.001  0.000  0.000  0.000  0.991
atom  3  spin  2
eigenvalues:  0.0511291 0.0511291 0.2194891 0.2452224 0.2452224
 eigenvectors
 1  -0.1410029 -0.0409460  0.0347151 -0.9885331 -0.0062309
 2  -0.9885331 -0.0164454 -0.0272376  0.1410029 -0.0436830
 3   0.0000000 -0.5773503 -0.5773503  0.0000000  0.5773503
 4  -0.0539099  0.3573082  0.4560016  0.0037769  0.8133098
 5  -0.0037769  0.7328373 -0.6758566 -0.0539099  0.0569806
 occupations
 0.052 -0.004 -0.004  0.000 -0.009
-0.004  0.236 -0.008 -0.007  0.008
-0.004 -0.008  0.236  0.007  0.008
 0.000 -0.007  0.007  0.052  0.000
-0.009  0.008  0.008  0.000  0.236
atom  4   Tr[ns(na)]=   6.0819634
atom  4  spin  1
eigenvalues:  0.1596418 0.1596418 0.2422507 0.2568338 0.2568338
 eigenvectors
 1  -0.4153033 -0.0919154  0.0533318 -0.9026305 -0.0385836
 2  -0.9026305 -0.0085149 -0.0753436  0.4153033 -0.0838585
 3   0.0000000 -0.5773503 -0.5773503  0.0000000  0.5773503
 4  -0.1124361  0.3300034  0.4768181  0.0118124  0.8068215
 5  -0.0118124  0.7411096 -0.6563461 -0.1124361  0.0847635
 occupations
 0.161 -0.004 -0.004  0.000 -0.009
-0.004  0.251 -0.004 -0.008  0.004
-0.004 -0.004  0.251  0.008  0.004
 0.000 -0.008  0.008  0.161  0.000
-0.009  0.004  0.004  0.000  0.251
atom  4  spin  2
eigenvalues:  0.9977251 0.9977251 1.0036930 1.0038092 1.0038092
 eigenvectors
 1   0.4963001  0.1602263 -0.5507862 -0.5216429 -0.3905599
 2   0.5216429 -0.5434864  0.1329832  0.4963001 -0.4105033
 3   0.0000000 -0.5773503 -0.5773503  0.0000000  0.5773503
 4  -0.6687429 -0.4192569 -0.1472754 -0.1853588 -0.5665322
 5   0.1853588 -0.4121170  0.5691456 -0.6687429  0.1570286
 occupations
 1.001  0.001  0.001  0.000  0.002
 0.001  1.002  0.001  0.002 -0.001
 0.001  0.001  1.002 -0.002 -0.001
 0.000  0.002 -0.002  1.001  0.000
 0.002 -0.001 -0.001  0.000  1.002
nsum =  11.8580511
 exit write_ns
 Modify starting ns matrices according to input values 
 enter write_ns
U( 1) =  0.0000      U( 2) =  4.3000      U( 3) =  4.3000
alpha( 1) =  0.0000      alpha( 2) =  0.0000      alpha( 3) =  0.0000
atom  3   Tr[ns(na)]=   6.5565987
atom  3  spin  1
eigenvalues:  0.9907404 0.9907404 0.9912458 0.9955846 0.9955846
 eigenvectors
 1   0.2222035 -0.2383539 -0.5376937 -0.0494842 -0.7760476
 2   0.0494842 -0.7584889  0.5856650  0.2222035 -0.1728239
 3   0.0000000  0.5773503  0.5773503  0.0000000 -0.5773503
 4  -0.5486604 -0.1853508  0.0806199 -0.8044555 -0.1047309
 5  -0.8044555  0.0139205 -0.1674788  0.5486604 -0.1535583
 occupations
 0.995  0.000  0.000  0.000  0.001
 0.000  0.991  0.000  0.001  0.000
 0.000  0.000  0.991 -0.001  0.000
 0.000  0.001 -0.001  0.995  0.000
 0.001  0.000  0.000  0.000  0.991
atom  3  spin  2
eigenvalues:  0.0511291 0.0511291 0.2452224 0.2452224 1.0000000
 eigenvectors
 1   0.0332773  0.0389275 -0.0374570  0.9979840  0.0014705
 2  -0.9979840 -0.0207768 -0.0233238  0.0332773 -0.0441006
 3  -0.0538081  0.3402707  0.4715045  0.0050222  0.8117751
 4   0.0050222 -0.7409018  0.6651340  0.0538081 -0.0757678
 5   0.0000000 -0.5773503 -0.5773503  0.0000000  0.5773503
 occupations
 0.052 -0.004 -0.004  0.000 -0.009
-0.004  0.496  0.252 -0.007 -0.252
-0.004  0.252  0.496  0.007 -0.252
 0.000 -0.007  0.007  0.052  0.000
-0.009 -0.252 -0.252  0.000  0.496
atom  4   Tr[ns(na)]=   6.8397127
atom  4  spin  1
eigenvalues:  0.1596418 0.1596418 0.2568338 0.2568338 1.0000000
 eigenvectors
 1   0.4067712  0.0918310 -0.0540401  0.9065075  0.0377909
 2   0.9065075  0.0093815  0.0748372 -0.4067712  0.0842187
 3  -0.1125642  0.3384862  0.4692548  0.0105213  0.8077410
 4  -0.0105213  0.7372739 -0.6617746 -0.1125642  0.0754993
 5   0.0000000 -0.5773503 -0.5773503  0.0000000  0.5773503
 occupations
 0.161 -0.004 -0.004  0.000 -0.009
-0.004  0.504  0.248 -0.008 -0.248
-0.004  0.248  0.504  0.008 -0.248
 0.000 -0.008  0.008  0.161  0.000
-0.009 -0.248 -0.248  0.000  0.504
atom  4  spin  2
eigenvalues:  0.9977251 0.9977251 1.0036930 1.0038092 1.0038092
 eigenvectors
 1  -0.5267418 -0.1272865  0.5418023  0.4908851  0.4145158
 2  -0.4908851  0.5521305 -0.1658319 -0.5267418  0.3862986
 3   0.0000000 -0.5773503 -0.5773503  0.0000000  0.5773503
 4  -0.6705056 -0.4152484 -0.1527771 -0.1788776 -0.5680255
 5   0.1788776 -0.4161556  0.5676935 -0.6705056  0.1515379
 occupations
 1.001  0.001  0.001  0.000  0.002
 0.001  1.002  0.001  0.002 -0.001
 0.001  0.001  1.002 -0.002 -0.001
 0.000  0.002 -0.002  1.001  0.000
 0.002 -0.001 -0.001  0.000  1.002
nsum =  13.3963114
 exit write_ns

     total cpu time spent up to now is     22.52 secs

     total energy              =  -173.96257856 ryd
     estimated scf accuracy    <     2.49081215 ryd

     total magnetization       =    -0.12 Bohr mag/cell
     absolute magnetization    =     8.49 Bohr mag/cell

     iteration #  2     ecut=    30.00 ryd     beta=0.30
     Davidson diagonalization with overlap
     ethr =  8.90E-03,  avg # of iterations =  2.1
 enter write_ns
U( 1) =  0.0000      U( 2) =  4.3000      U( 3) =  4.3000
alpha( 1) =  0.0000      alpha( 2) =  0.0000      alpha( 3) =  0.0000
atom  3   Tr[ns(na)]=   6.1303214
atom  3  spin  1
eigenvalues:  0.9893298 0.9893298 0.9973105 0.9979753 0.9979753
 eigenvectors
 1  -0.2623915 -0.0531044  0.0386626 -0.9626148 -0.0144419
 2  -0.9626148 -0.0139838 -0.0389978  0.2623915 -0.0529817
 3   0.0000000 -0.5773503 -0.5773503  0.0000000  0.5773503
 4  -0.0669782  0.3415245  0.4697524  0.0061120  0.8112769
 5  -0.0061120  0.7396026 -0.6655702 -0.0669782  0.0740324
 occupations
 0.989  0.000  0.000  0.000  0.000
 0.000  0.998  0.000  0.000  0.000
 0.000  0.000  0.998  0.000  0.000
 0.000  0.000  0.000  0.989  0.000
 0.000  0.000  0.000  0.000  0.998
atom  3  spin  2
eigenvalues:  0.0789678 0.0789678 0.1123345 0.1123345 0.7757962
 eigenvectors
 1  -0.7372260 -0.3887562 -0.0823752 -0.2767959 -0.4711314
 2   0.2767959 -0.3195672  0.4964564 -0.7372260  0.1768891
 3   0.4994244  0.0658116 -0.5868107 -0.3611886 -0.5209991
 4   0.3611886 -0.6395943  0.2628026  0.4994244 -0.3767917
 5   0.0000000 -0.5773503 -0.5773503  0.0000000  0.5773503
 occupations
 0.092 -0.007 -0.007  0.000 -0.013
-0.007  0.325  0.225 -0.011 -0.225
-0.007  0.225  0.325  0.011 -0.225
 0.000 -0.011  0.011  0.092  0.000
-0.013 -0.225 -0.225  0.000  0.325
atom  4   Tr[ns(na)]=   6.9247327
atom  4  spin  1
eigenvalues:  0.2115772 0.2115772 0.3226705 0.3226705 0.8592756
 eigenvectors
 1  -0.1621875 -0.3846987 -0.4207118  0.0041870 -0.8054105
 2  -0.0041870 -0.7079021  0.6871099 -0.1621875 -0.0207922
 3   0.0172150  0.1135491 -0.1158602 -0.9866009 -0.0023111
 4   0.9866009 -0.0682262 -0.0642233  0.0172150 -0.1324495
 5   0.0000000 -0.5773503 -0.5773503  0.0000000  0.5773503
 occupations
 0.320 -0.007 -0.007  0.000 -0.015
-0.007  0.429  0.215 -0.013 -0.215
-0.007  0.215  0.429  0.013 -0.215
 0.000 -0.013  0.013  0.320  0.000
-0.015 -0.215 -0.215  0.000  0.429
atom  4  spin  2
eigenvalues:  0.9953971 0.9953971 1.0017291 1.0017291 1.0027094
 eigenvectors
 1  -0.2362778 -0.2347506  0.3205872  0.8825649  0.0858367
 2   0.8825649 -0.2346489 -0.0859755  0.2362778 -0.3206244
 3  -0.4030069 -0.4544326 -0.2851237 -0.0532673 -0.7395563
 4  -0.0532673  0.5915993 -0.6893498  0.4030069 -0.0977506
 5   0.0000000 -0.5773503 -0.5773503  0.0000000  0.5773503
 occupations
 0.996  0.001  0.001  0.000  0.002
 0.001  1.001  0.001  0.002 -0.001
 0.001  0.001  1.001 -0.002 -0.001
 0.000  0.002 -0.002  0.996  0.000
 0.002 -0.001 -0.001  0.000  1.001
nsum =  13.0550541
 exit write_ns

     total cpu time spent up to now is     34.41 secs

     total energy              =  -174.54208082 ryd
     estimated scf accuracy    <     0.24355719 ryd

     total magnetization       =     0.08 Bohr mag/cell
     absolute magnetization    =     7.23 Bohr mag/cell

     iteration #  3     ecut=    30.00 ryd     beta=0.30
     Davidson diagonalization with overlap
     ethr =  8.70E-04,  avg # of iterations =  1.5
 enter write_ns
U( 1) =  0.0000      U( 2) =  4.3000      U( 3) =  4.3000
alpha( 1) =  0.0000      alpha( 2) =  0.0000      alpha( 3) =  0.0000
atom  3   Tr[ns(na)]=   6.1465824
atom  3  spin  1
eigenvalues:  0.9943880 0.9943880 0.9978374 0.9986763 0.9986763
 eigenvectors
 1  -0.3073561 -0.0574208  0.0393275 -0.9488736 -0.0180932
 2  -0.9488736 -0.0122596 -0.0435980  0.3073561 -0.0558577
 3   0.0000000 -0.5773503 -0.5773503  0.0000000  0.5773503
 4  -0.0715156  0.3311092  0.4787974  0.0075292  0.8099066
 5  -0.0075292  0.7440336 -0.6587657 -0.0715156  0.0852678
 occupations
 0.994  0.000  0.000  0.000  0.000
 0.000  0.998  0.000  0.000  0.000
 0.000  0.000  0.998  0.000  0.000
 0.000  0.000  0.000  0.994  0.000
 0.000  0.000  0.000  0.000  0.998
atom  3  spin  2
eigenvalues:  0.0673993 0.0673993 0.0826401 0.0826401 0.8625377
 eigenvectors
 1  -0.6939282 -0.3736670 -0.1962209 -0.1247472 -0.5698879
 2   0.1247472 -0.4423131  0.5447616 -0.6939282  0.1024485
 3   0.4741110  0.1783150 -0.5631848 -0.5273715 -0.3848698
 4   0.5273715 -0.5473596  0.1192544  0.4741110 -0.4281051
 5   0.0000000 -0.5773503 -0.5773503  0.0000000  0.5773503
 occupations
 0.075 -0.003 -0.003  0.000 -0.006
-0.003  0.337  0.263 -0.005 -0.263
-0.003  0.263  0.337  0.005 -0.263
 0.000 -0.005  0.005  0.075  0.000
-0.006 -0.263 -0.263  0.000  0.337
atom  4   Tr[ns(na)]=   6.7708490
atom  4  spin  1
eigenvalues:  0.1665959 0.1665959 0.2740216 0.2740216 0.8896163
 eigenvectors
 1  -0.0694353 -0.3694454 -0.4439388  0.0036715 -0.8133841
 2  -0.0036715 -0.7259157  0.6829069 -0.0694353 -0.0430088
 3  -0.0905200  0.0515397 -0.0463882 -0.9934643  0.0051516
 4  -0.9934643  0.0238080  0.0327307  0.0905200  0.0565387
 5   0.0000000 -0.5773503 -0.5773503  0.0000000  0.5773503
 occupations
 0.274 -0.003 -0.003  0.000 -0.006
-0.003  0.408  0.241 -0.005 -0.241
-0.003  0.241  0.408  0.005 -0.241
 0.000 -0.005  0.005  0.274  0.000
-0.006 -0.241 -0.241  0.000  0.408
atom  4  spin  2
eigenvalues:  0.9961439 0.9961439 1.0022615 1.0022615 1.0031869
 eigenvectors
 1  -0.3237302 -0.2179299  0.3415223  0.8460454  0.1235924
 2  -0.8460454  0.2685341  0.0544657 -0.3237302  0.3229999
 3   0.4200271  0.4493300  0.2841315  0.0546192  0.7334615
 4   0.0546192 -0.5875076  0.6828850 -0.4200271  0.0953774
 5   0.0000000  0.5773503  0.5773503  0.0000000 -0.5773503
 occupations
 0.997  0.001  0.001  0.000  0.002
 0.001  1.002  0.001  0.002 -0.001
 0.001  0.001  1.002 -0.002 -0.001
 0.000  0.002 -0.002  0.997  0.000
 0.002 -0.001 -0.001  0.000  1.002
nsum =  12.9174314
 exit write_ns

     total cpu time spent up to now is     45.71 secs

     total energy              =  -174.57338512 ryd
     estimated scf accuracy    <     0.11099159 ryd

     total magnetization       =     0.00 Bohr mag/cell
     absolute magnetization    =     7.38 Bohr mag/cell

     iteration #  4     ecut=    30.00 ryd     beta=0.30
     Davidson diagonalization with overlap
     ethr =  3.96E-04,  avg # of iterations =  1.5
 enter write_ns
U( 1) =  0.0000      U( 2) =  4.3000      U( 3) =  4.3000
alpha( 1) =  0.0000      alpha( 2) =  0.0000      alpha( 3) =  0.0000
atom  3   Tr[ns(na)]=   6.1225331
atom  3  spin  1
eigenvalues:  0.9936074 0.9936074 0.9966740 0.9985865 0.9985865
 eigenvectors
 1  -0.2633057 -0.0286323  0.0208322 -0.9640308 -0.0078001
 2  -0.9640308 -0.0075240 -0.0210343  0.2633057 -0.0285583
 3   0.0000000 -0.5773503 -0.5773503  0.0000000  0.5773503
 4  -0.0361538  0.3533291  0.4602904  0.0027441  0.8136195
 5  -0.0027441  0.7354922 -0.6737381 -0.0361538  0.0617541
 occupations
 0.994  0.000  0.000  0.000  0.000
 0.000  0.998 -0.001  0.000  0.001
 0.000 -0.001  0.998  0.000  0.001
 0.000  0.000  0.000  0.994  0.000
 0.000  0.001  0.001  0.000  0.998
atom  3  spin  2
eigenvalues:  0.0380623 0.0380623 0.0619506 0.0619506 0.9414456
 eigenvectors
 1   0.0400136 -0.3693049 -0.4453535 -0.0021566 -0.8146584
 2   0.0021566 -0.7274683  0.6835616  0.0400136 -0.0439067
 3   0.2670666  0.0316766 -0.0229316  0.9628446  0.0087450
 4   0.9628446  0.0081906  0.0233374 -0.2670666  0.0315281
 5   0.0000000 -0.5773503 -0.5773503  0.0000000  0.5773503
 occupations
 0.062  0.000  0.000  0.000  0.001
 0.000  0.339  0.301  0.001 -0.301
 0.000  0.301  0.339 -0.001 -0.301
 0.000  0.001 -0.001  0.062  0.000
 0.001 -0.301 -0.301  0.000  0.339
atom  4   Tr[ns(na)]=   6.7702681
atom  4  spin  1
eigenvalues:  0.1282332 0.1282332 0.2783862 0.2783862 0.9572327
 eigenvectors
 1   0.0288319 -0.3491895 -0.4642570 -0.0023547 -0.8134465
 2   0.0023547 -0.7376825  0.6712482  0.0288319 -0.0664343
 3   0.1987059  0.0223945 -0.0176992  0.9796322  0.0046953
 4   0.9796322  0.0075078  0.0156403 -0.1987059  0.0231482
 5   0.0000000 -0.5773503 -0.5773503  0.0000000  0.5773503
 occupations
 0.278  0.002  0.002  0.000  0.004
 0.002  0.405  0.276  0.003 -0.276
 0.002  0.276  0.405 -0.003 -0.276
 0.000  0.003 -0.003  0.278  0.000
 0.004 -0.276 -0.276  0.000  0.405
atom  4  spin  2
eigenvalues:  0.9964724 0.9964724 1.0019783 1.0019783 1.0028952
 eigenvectors
 1  -0.2256211 -0.2605366  0.3529256  0.8649414  0.0923890
 2   0.8649414 -0.2571025 -0.0970800  0.2256211 -0.3541825
 3  -0.4432681 -0.4552537 -0.2664098 -0.0669690 -0.7216636
 4  -0.0669690  0.5704645 -0.6794935  0.4432681 -0.1090291
 5   0.0000000 -0.5773503 -0.5773503  0.0000000  0.5773503
 occupations
 0.998  0.001  0.001  0.000  0.002
 0.001  1.002  0.001  0.002 -0.001
 0.001  0.001  1.002 -0.002 -0.001
 0.000  0.002 -0.002  0.998  0.000
 0.002 -0.001 -0.001  0.000  1.002
nsum =  12.8928013
 exit write_ns

     total cpu time spent up to now is     56.98 secs

     total energy              =  -174.59599676 ryd
     estimated scf accuracy    <     0.03251145 ryd

     total magnetization       =     0.00 Bohr mag/cell
     absolute magnetization    =     7.37 Bohr mag/cell

     iteration #  5     ecut=    30.00 ryd     beta=0.30
     Davidson diagonalization with overlap
     ethr =  1.16E-04,  avg # of iterations =  2.0
 enter write_ns
U( 1) =  0.0000      U( 2) =  4.3000      U( 3) =  4.3000
alpha( 1) =  0.0000      alpha( 2) =  0.0000      alpha( 3) =  0.0000
atom  3   Tr[ns(na)]=   6.1254203
atom  3  spin  1
eigenvalues:  0.9944320 0.9944320 0.9952391 0.9987147 0.9987147
 eigenvectors
 1  -0.2580539 -0.0282282  0.0206808 -0.9654671 -0.0075475
 2  -0.9654671 -0.0075825 -0.0206551  0.2580539 -0.0282376
 3   0.0000000 -0.5773503 -0.5773503  0.0000000  0.5773503
 4  -0.0356649  0.3456051  0.4673358  0.0030833  0.8129409
 5  -0.0030833  0.7391681 -0.6688869 -0.0356649  0.0702812
 occupations
 0.994  0.000  0.000  0.000  0.000
 0.000  0.998 -0.001  0.000  0.001
 0.000 -0.001  0.998  0.000  0.001
 0.000  0.000  0.000  0.994  0.000
 0.000  0.001  0.001  0.000  0.998
atom  3  spin  2
eigenvalues:  0.0246693 0.0246693 0.0615662 0.0615662 0.9714170
 eigenvectors
 1  -0.1407997  0.3733033  0.4342770  0.0061376  0.8075803
 2  -0.0061376  0.7169867 -0.6817834 -0.1407997  0.0352032
 3   0.4009954  0.1144187 -0.0678103  0.9051743  0.0466084
 4   0.9051743  0.0122409  0.0929690 -0.4009954  0.1052100
 5   0.0000000 -0.5773503 -0.5773503  0.0000000  0.5773503
 occupations
 0.061  0.002  0.002  0.000  0.004
 0.002  0.341  0.315  0.004 -0.315
 0.002  0.315  0.341 -0.004 -0.315
 0.000  0.004 -0.004  0.061  0.000
 0.004 -0.315 -0.315  0.000  0.341
atom  4   Tr[ns(na)]=   6.7484319
atom  4  spin  1
eigenvalues:  0.1096781 0.1096781 0.2758107 0.2758107 0.9781532
 eigenvectors
 1  -0.0646939  0.3304024  0.4797866  0.0068869  0.8101890
 2  -0.0068869  0.7447678 -0.6585208 -0.0646939  0.0862470
 3   0.2696496  0.0514697 -0.0371153  0.9607582  0.0143544
 4   0.9607582  0.0131410  0.0380036 -0.2696496  0.0511446
 5   0.0000000 -0.5773503 -0.5773503  0.0000000  0.5773503
 occupations
 0.275  0.004  0.004  0.000  0.009
 0.004  0.400  0.289  0.008 -0.289
 0.004  0.289  0.400 -0.008 -0.289
 0.000  0.008 -0.008  0.275  0.000
 0.009 -0.289 -0.289  0.000  0.400
atom  4  spin  2
eigenvalues:  0.9967660 0.9967660 1.0018343 1.0019674 1.0019674
 eigenvectors
 1   0.2646376  0.2500810 -0.3593313 -0.8522745 -0.1092503
 2   0.8522745 -0.2705357 -0.0813086  0.2646376 -0.3518443
 3   0.0000000 -0.5773503 -0.5773503  0.0000000  0.5773503
 4  -0.4461151 -0.4548179 -0.2656002 -0.0676493 -0.7204180
 5   0.0676493 -0.5692779  0.6785228 -0.4461151  0.1092449
 occupations
 0.998  0.001  0.001  0.000  0.002
 0.001  1.001  0.000  0.001  0.000
 0.001  0.000  1.001 -0.001  0.000
 0.000  0.001 -0.001  0.998  0.000
 0.002  0.000  0.000  0.000  1.001
nsum =  12.8738522
 exit write_ns

     total cpu time spent up to now is     68.52 secs

     total energy              =  -174.60034933 ryd
     estimated scf accuracy    <     0.00253336 ryd

     total magnetization       =     0.00 Bohr mag/cell
     absolute magnetization    =     7.37 Bohr mag/cell

     iteration #  6     ecut=    30.00 ryd     beta=0.30
     Davidson diagonalization with overlap
     ethr =  9.05E-06,  avg # of iterations =  2.5
 enter write_ns
U( 1) =  0.0000      U( 2) =  4.3000      U( 3) =  4.3000
alpha( 1) =  0.0000      alpha( 2) =  0.0000      alpha( 3) =  0.0000
atom  3   Tr[ns(na)]=   6.1289841
atom  3  spin  1
eigenvalues:  0.9942922 0.9942922 0.9957114 0.9986986 0.9986986
 eigenvectors
 1  -0.2970739 -0.0351103  0.0244079 -0.9538365 -0.0107024
 2  -0.9538365 -0.0079129 -0.0264499  0.2970739 -0.0343628
 3   0.0000000 -0.5773503 -0.5773503  0.0000000  0.5773503
 4  -0.0439384  0.3500212  0.4630665  0.0035269  0.8130877
 5  -0.0035269  0.7367880 -0.6715212 -0.0439384  0.0652667
 occupations
 0.994  0.000  0.000  0.000  0.000
 0.000  0.998 -0.001  0.000  0.001
 0.000 -0.001  0.998  0.000  0.001
 0.000  0.000  0.000  0.994  0.000
 0.000  0.001  0.001  0.000  0.998
atom  3  spin  2
eigenvalues:  0.0248105 0.0248105 0.0631472 0.0631472 0.9713758
 eigenvectors
 1   0.1326386 -0.4089265 -0.4003404  0.0008125 -0.8092669
 2   0.0008125  0.6983671 -0.7033243 -0.1326386 -0.0049572
 3  -0.4079829 -0.1077667  0.0631879 -0.9033030 -0.0445788
 4  -0.9033030 -0.0107439 -0.0879568  0.4079829 -0.0987007
 5   0.0000000 -0.5773503 -0.5773503  0.0000000  0.5773503
 occupations
 0.062  0.002  0.002  0.000  0.004
 0.002  0.341  0.315  0.004 -0.315
 0.002  0.315  0.341 -0.004 -0.315
 0.000  0.004 -0.004  0.062  0.000
 0.004 -0.315 -0.315  0.000  0.341
atom  4   Tr[ns(na)]=   6.7516861
atom  4  spin  1
eigenvalues:  0.1091791 0.1091791 0.2775735 0.2775735 0.9787172
 eigenvectors
 1   0.0630263 -0.3135637 -0.4945545 -0.0081497 -0.8081182
 2   0.0081497 -0.7520984  0.6476033  0.0630263 -0.1044951
 3   0.3594192  0.0512658 -0.0325780  0.9310097  0.0186878
 4   0.9310097  0.0080195  0.0403877 -0.3594192  0.0484072
 5   0.0000000 -0.5773503 -0.5773503  0.0000000  0.5773503
 occupations
 0.277  0.004  0.004  0.000  0.009
 0.004  0.399  0.290  0.008 -0.290
 0.004  0.290  0.399 -0.008 -0.290
 0.000  0.008 -0.008  0.277  0.000
 0.009 -0.290 -0.290  0.000  0.399
atom  4  spin  2
eigenvalues:  0.9967334 0.9967334 1.0019374 1.0019374 1.0021221
 eigenvectors
 1  -0.3163887 -0.2317383  0.3613292  0.8359683  0.1295909
 2  -0.8359683  0.2834329  0.0589748 -0.3163887  0.3424077
 3  -0.4436118 -0.4530595 -0.2689753 -0.0652981 -0.7220347
 4  -0.0652981  0.5721599 -0.6784410  0.4436118 -0.1062811
 5   0.0000000  0.5773503  0.5773503  0.0000000 -0.5773503
 occupations
 0.998  0.001  0.001  0.000  0.002
 0.001  1.001  0.000  0.001  0.000
 0.001  0.000  1.001 -0.001  0.000
 0.000  0.001 -0.001  0.998  0.000
 0.002  0.000  0.000  0.000  1.001
nsum =  12.8806702
 exit write_ns

     total cpu time spent up to now is     80.45 secs

     total energy              =  -174.60075285 ryd
     estimated scf accuracy    <     0.00142616 ryd

     total magnetization       =     0.00 Bohr mag/cell
     absolute magnetization    =     7.36 Bohr mag/cell

     iteration #  7     ecut=    30.00 ryd     beta=0.30
     Davidson diagonalization with overlap
     ethr =  5.09E-06,  avg # of iterations =  1.5
 enter write_ns
U( 1) =  0.0000      U( 2) =  4.3000      U( 3) =  4.3000
alpha( 1) =  0.0000      alpha( 2) =  0.0000      alpha( 3) =  0.0000
atom  3   Tr[ns(na)]=   6.1263542
atom  3  spin  1
eigenvalues:  0.9942247 0.9942247 0.9955776 0.9987316 0.9987316
 eigenvectors
 1  -0.2865685 -0.0332347  0.0234383 -0.9571461 -0.0097964
 2  -0.9571461 -0.0078762 -0.0248440  0.2865685 -0.0327201
 3   0.0000000 -0.5773503 -0.5773503  0.0000000  0.5773503
 4  -0.0416795  0.3462694  0.4665513  0.0035610  0.8128207
 5  -0.0035610  0.7386458 -0.6692010 -0.0416795  0.0694448
 occupations
 0.994  0.000  0.000  0.000  0.000
 0.000  0.998 -0.001  0.000  0.001
 0.000 -0.001  0.998  0.000  0.001
 0.000  0.000  0.000  0.994  0.000
 0.000  0.001  0.001  0.000  0.998
atom  3  spin  2
eigenvalues:  0.0218486 0.0218486 0.0621017 0.0621017 0.9769634
 eigenvectors
 1  -0.1385550  0.5476234  0.2409688 -0.0311070  0.7885921
 2  -0.0311070 -0.5944173  0.7714644  0.1385550  0.1770471
 3  -0.5346472 -0.1158178  0.0531931 -0.8330590 -0.0626247
 4  -0.8330590  0.0054453 -0.1030238  0.5346472 -0.0975785
 5   0.0000000 -0.5773503 -0.5773503  0.0000000  0.5773503
 occupations
 0.061  0.002  0.002  0.000  0.005
 0.002  0.341  0.318  0.004 -0.318
 0.002  0.318  0.341 -0.004 -0.318
 0.000  0.004 -0.004  0.061  0.000
 0.005 -0.318 -0.318  0.000  0.341
atom  4   Tr[ns(na)]=   6.7446577
atom  4  spin  1
eigenvalues:  0.1021648 0.1021648 0.2780051 0.2780051 0.9846419
 eigenvectors
 1  -0.0741177  0.3243380  0.4846084  0.0084780  0.8089464
 2  -0.0084780  0.7468342 -0.6543020 -0.0741177  0.0925322
 3   0.2238442  0.0582411 -0.0445683  0.9717656  0.0136728
 4   0.9717656  0.0178376  0.0415195 -0.2238442  0.0593570
 5   0.0000000 -0.5773503 -0.5773503  0.0000000  0.5773503
 occupations
 0.277  0.005  0.005  0.000  0.011
 0.005  0.397  0.294  0.009 -0.294
 0.005  0.294  0.397 -0.009 -0.294
 0.000  0.009 -0.009  0.277  0.000
 0.011 -0.294 -0.294  0.000  0.397
atom  4  spin  2
eigenvalues:  0.9967983 0.9967983 1.0019926 1.0019926 1.0020943
 eigenvectors
 1  -0.2562483 -0.2522216  0.3577193  0.8553527  0.1054977
 2  -0.8553527  0.2674384  0.0847111 -0.2562483  0.3521496
 3  -0.4450684 -0.4556959 -0.2650025 -0.0679905 -0.7206985
 4  -0.0679905  0.5690947 -0.6791916  0.4450684 -0.1100969
 5   0.0000000  0.5773503  0.5773503  0.0000000 -0.5773503
 occupations
 0.998  0.001  0.001  0.000  0.002
 0.001  1.001  0.000  0.001  0.000
 0.001  0.000  1.001 -0.001  0.000
 0.000  0.001 -0.001  0.998  0.000
 0.002  0.000  0.000  0.000  1.001
nsum =  12.8710119
 exit write_ns

     total cpu time spent up to now is     91.78 secs

     total energy              =  -174.60098442 ryd
     estimated scf accuracy    <     0.00017487 ryd

     total magnetization       =     0.00 Bohr mag/cell
     absolute magnetization    =     7.36 Bohr mag/cell

     iteration #  8     ecut=    30.00 ryd     beta=0.30
     Davidson diagonalization with overlap
     ethr =  6.25E-07,  avg # of iterations =  3.0
 enter write_ns
U( 1) =  0.0000      U( 2) =  4.3000      U( 3) =  4.3000
alpha( 1) =  0.0000      alpha( 2) =  0.0000      alpha( 3) =  0.0000
atom  3   Tr[ns(na)]=   6.1270484
atom  3  spin  1
eigenvalues:  0.9942437 0.9942437 0.9956370 0.9987280 0.9987280
 eigenvectors
 1  -0.1821601 -0.0326842  0.0263627 -0.9823515 -0.0063215
 2  -0.9823515 -0.0115708 -0.0225200  0.1821601 -0.0340907
 3   0.0000000 -0.5773503 -0.5773503  0.0000000  0.5773503
 4  -0.0423520  0.3554743  0.4581299  0.0030852  0.8136042
 5  -0.0030852  0.7342360 -0.6749678 -0.0423520  0.0592682
 occupations
 0.994  0.000  0.000  0.000  0.000
 0.000  0.998 -0.001  0.000  0.001
 0.000 -0.001  0.998  0.000  0.001
 0.000  0.000  0.000  0.994  0.000
 0.000  0.001  0.001  0.000  0.998
atom  3  spin  2
eigenvalues:  0.0226384 0.0226384 0.0623673 0.0623673 0.9754564
 eigenvectors
 1   0.1291547 -0.6357022 -0.1148530  0.0517462 -0.7505551
 2   0.0517462  0.4996436 -0.8003560 -0.1291547 -0.3007124
 3   0.5599912  0.1132630 -0.0490213  0.8167321  0.0642418
 4   0.8167321 -0.0087876  0.1024824 -0.5599912  0.0936949
 5   0.0000000 -0.5773503 -0.5773503  0.0000000  0.5773503
 occupations
 0.062  0.002  0.002  0.000  0.004
 0.002  0.341  0.317  0.004 -0.317
 0.002  0.317  0.341 -0.004 -0.317
 0.000  0.004 -0.004  0.062  0.000
 0.004 -0.317 -0.317  0.000  0.341
atom  4   Tr[ns(na)]=   6.7457778
atom  4  spin  1
eigenvalues:  0.1036960 0.1036960 0.2777007 0.2777007 0.9833435
 eigenvectors
 1  -0.0715390  0.3206408  0.4879825  0.0085475  0.8086233
 2  -0.0085475  0.7485957 -0.6519810 -0.0715390  0.0966147
 3   0.2741071  0.0570673 -0.0409004  0.9589966  0.0161669
 4   0.9589966  0.0142799  0.0422817 -0.2741071  0.0565617
 5   0.0000000 -0.5773503 -0.5773503  0.0000000  0.5773503
 occupations
 0.277  0.005  0.005  0.000  0.010
 0.005  0.398  0.293  0.009 -0.293
 0.005  0.293  0.398 -0.009 -0.293
 0.000  0.009 -0.009  0.277  0.000
 0.010 -0.293 -0.293  0.000  0.398
atom  4  spin  2
eigenvalues:  0.9967760 0.9967760 1.0019844 1.0019844 1.0021203
 eigenvectors
 1  -0.2801025 -0.2444568  0.3596604  0.8480306  0.1152036
 2  -0.8480306  0.2741629  0.0746244 -0.2801025  0.3487873
 3  -0.4446362 -0.4564438 -0.2642727 -0.0684491 -0.7207165
 4  -0.0684491  0.5686838 -0.6796339  0.4446362 -0.1109500
 5   0.0000000  0.5773503  0.5773503  0.0000000 -0.5773503
 occupations
 0.998  0.001  0.001  0.000  0.002
 0.001  1.001  0.000  0.001  0.000
 0.001  0.000  1.001 -0.001  0.000
 0.000  0.001 -0.001  0.998  0.000
 0.002  0.000  0.000  0.000  1.001
nsum =  12.8728262
 exit write_ns

     total cpu time spent up to now is    104.09 secs

     total energy              =  -174.60101589 ryd
     estimated scf accuracy    <     0.00002558 ryd

     total magnetization       =     0.00 Bohr mag/cell
     absolute magnetization    =     7.36 Bohr mag/cell

     iteration #  9     ecut=    30.00 ryd     beta=0.30
     Davidson diagonalization with overlap
     ethr =  9.14E-08,  avg # of iterations =  2.4
 enter write_ns
U( 1) =  0.0000      U( 2) =  4.3000      U( 3) =  4.3000
alpha( 1) =  0.0000      alpha( 2) =  0.0000      alpha( 3) =  0.0000
atom  3   Tr[ns(na)]=   6.1270368
atom  3  spin  1
eigenvalues:  0.9942354 0.9942354 0.9956177 0.9987310 0.9987310
 eigenvectors
 1  -0.3111288 -0.0337592  0.0230172 -0.9494282 -0.0107420
 2  -0.9494282 -0.0070871 -0.0256928  0.3111288 -0.0327799
 3   0.0000000 -0.5773503 -0.5773503  0.0000000  0.5773503
 4  -0.0420987  0.3471638  0.4657267  0.0035451  0.8128905
 5  -0.0035451  0.7382100 -0.6697577 -0.0420987  0.0684523
 occupations
 0.994  0.000  0.000  0.000  0.000
 0.000  0.998 -0.001  0.000  0.001
 0.000 -0.001  0.998  0.000  0.001
 0.000  0.000  0.000  0.994  0.000
 0.000  0.001  0.001  0.000  0.998
atom  3  spin  2
eigenvalues:  0.0224967 0.0224967 0.0623780 0.0623780 0.9757370
 eigenvectors
 1  -0.1372677  0.5429616  0.2472034 -0.0296638  0.7901650
 2  -0.0296638 -0.5989250  0.7696810  0.1372677  0.1707561
 3   0.4377154  0.1144187 -0.0637253  0.8880782  0.0506934
 4   0.8880782  0.0075240  0.0953275 -0.4377154  0.1028515
 5   0.0000000 -0.5773503 -0.5773503  0.0000000  0.5773503
 occupations
 0.062  0.002  0.002  0.000  0.005
 0.002  0.341  0.317  0.004 -0.317
 0.002  0.317  0.341 -0.004 -0.317
 0.000  0.004 -0.004  0.062  0.000
 0.005 -0.317 -0.317  0.000  0.341
atom  4   Tr[ns(na)]=   6.7449507
atom  4  spin  1
eigenvalues:  0.1030375 0.1030375 0.2777315 0.2777315 0.9837923
 eigenvectors
 1  -0.0728264  0.3090796  0.4978804  0.0098374  0.8069600
 2  -0.0098374  0.7533500 -0.6443458 -0.0728264  0.1090042
 3   0.3174643  0.0588108 -0.0397105  0.9454184  0.0191003
 4   0.9454184  0.0118993  0.0449820 -0.3174643  0.0568813
 5   0.0000000 -0.5773503 -0.5773503  0.0000000  0.5773503
 occupations
 0.277  0.005  0.005  0.000  0.010
 0.005  0.397  0.293  0.009 -0.293
 0.005  0.293  0.397 -0.009 -0.293
 0.000  0.009 -0.009  0.277  0.000
 0.010 -0.293 -0.293  0.000  0.397
atom  4  spin  2
eigenvalues:  0.9967769 0.9967769 1.0019832 1.0019832 1.0021003
 eigenvectors
 1  -0.2442881 -0.2560007  0.3566126  0.8587734  0.1006119
 2  -0.8587734  0.2639787  0.0897137 -0.2442881  0.3536924
 3  -0.4447062 -0.4597143 -0.2601238 -0.0711898 -0.7198380
 4  -0.0711898  0.5657812 -0.6810148  0.4447062 -0.1152336
 5   0.0000000  0.5773503  0.5773503  0.0000000 -0.5773503
 occupations
 0.998  0.001  0.001  0.000  0.002
 0.001  1.001  0.000  0.001  0.000
 0.001  0.000  1.001 -0.001  0.000
 0.000  0.001 -0.001  0.998  0.000
 0.002  0.000  0.000  0.000  1.001
nsum =  12.8719874
 exit write_ns

     total cpu time spent up to now is    115.84 secs

     total energy              =  -174.60102060 ryd
     estimated scf accuracy    <     0.00000349 ryd

     total magnetization       =     0.00 Bohr mag/cell
     absolute magnetization    =     7.36 Bohr mag/cell

     iteration # 10     ecut=    30.00 ryd     beta=0.30
     Davidson diagonalization with overlap
     ethr =  1.25E-08,  avg # of iterations =  3.2
 enter write_ns
U( 1) =  0.0000      U( 2) =  4.3000      U( 3) =  4.3000
alpha( 1) =  0.0000      alpha( 2) =  0.0000      alpha( 3) =  0.0000
atom  3   Tr[ns(na)]=   6.1268404
atom  3  spin  1
eigenvalues:  0.9942156 0.9942156 0.9955970 0.9987310 0.9987310
 eigenvectors
 1  -0.3203240 -0.0335366  0.0225720 -0.9463816 -0.0109646
 2  -0.9463816 -0.0067016 -0.0256928  0.3203240 -0.0323944
 3   0.0000000 -0.5773503 -0.5773503  0.0000000  0.5773503
 4  -0.0417535  0.3504896  0.4627133  0.0033267  0.8132029
 5  -0.0033267  0.7366506 -0.6718582 -0.0417535  0.0647923
 occupations
 0.994  0.000  0.000  0.000  0.000
 0.000  0.998 -0.001  0.000  0.001
 0.000 -0.001  0.998  0.000  0.001
 0.000  0.000  0.000  0.994  0.000
 0.000  0.001  0.001  0.000  0.998
atom  3  spin  2
eigenvalues:  0.0224274 0.0224274 0.0623221 0.0623221 0.9758514
 eigenvectors
 1   0.0388194 -0.7842907  0.5616543  0.1354938 -0.2226364
 2   0.1354938 -0.1957321 -0.5813497 -0.0388194 -0.7770817
 3  -0.3259326 -0.1130508  0.0751639 -0.9348275 -0.0378869
 4  -0.9348275 -0.0215219 -0.0871439  0.3259326 -0.1086658
 5   0.0000000 -0.5773503 -0.5773503  0.0000000  0.5773503
 occupations
 0.062  0.002  0.002  0.000  0.005
 0.002  0.341  0.318  0.004 -0.318
 0.002  0.318  0.341 -0.004 -0.318
 0.000  0.004 -0.004  0.062  0.000
 0.005 -0.318 -0.318  0.000  0.341
atom  4   Tr[ns(na)]=   6.7448015
atom  4  spin  1
eigenvalues:  0.1027247 0.1027247 0.2778525 0.2778525 0.9840357
 eigenvectors
 1  -0.0736009  0.3029580  0.5030423  0.0105487  0.8060003
 2  -0.0105487  0.7557761 -0.6402574 -0.0736009  0.1155187
 3   0.3093732  0.0593984 -0.0405646  0.9480295  0.0188339
 4   0.9480295  0.0125462  0.0451674 -0.3093732  0.0577136
 5   0.0000000 -0.5773503 -0.5773503  0.0000000  0.5773503
 occupations
 0.277  0.005  0.005  0.000  0.011
 0.005  0.397  0.293  0.009 -0.293
 0.005  0.293  0.397 -0.009 -0.293
 0.000  0.009 -0.009  0.277  0.000
 0.011 -0.293 -0.293  0.000  0.397
atom  4  spin  2
eigenvalues:  0.9967767 0.9967767 1.0019823 1.0019823 1.0020931
 eigenvectors
 1  -0.2841961 -0.2434303  0.3605184  0.8463398  0.1170881
 2  -0.8463398  0.2757462  0.0729437 -0.2841961  0.3486900
 3  -0.4456686 -0.4526918 -0.2684589 -0.0657344 -0.7211508
 4  -0.0657344  0.5713514 -0.6777183  0.4456686 -0.1063669
 5   0.0000000  0.5773503  0.5773503  0.0000000 -0.5773503
 occupations
 0.998  0.001  0.001  0.000  0.002
 0.001  1.001  0.000  0.001  0.000
 0.001  0.000  1.001 -0.001  0.000
 0.000  0.001 -0.001  0.998  0.000
 0.002  0.000  0.000  0.000  1.001
nsum =  12.8716419
 exit write_ns
