
     Program PWSCF     v.3.2cvs starts ...
     Today is 17Oct2006 at  5:18: 8 

     Ultrasoft (Vanderbilt) Pseudopotentials

     Current dimensions of program pwscf are:

     ntypx = 10   npk = 40000  lmax =  3
     nchix =  6  ndmx =  2000  nbrx = 14  nqfx =  8
  HUBBARD L FOR TYPE Fe IS            2
  HUBBARD L FOR TYPE Fe IS            2
  MAXIMUM HUBBARD L IS            2


     bravais-lattice index     =            0
     lattice parameter (a_0)   =       8.1900  a.u.
     unit-cell volume          =     274.6766 (a.u.)^3
     number of atoms/cell      =            4
     number of atomic types    =            3
     kinetic-energy cutoff     =      30.0000  Ry
     charge density cutoff     =     240.0000  Ry
     convergence threshold     =      1.0E-06
     beta                      =       0.3000
     number of iterations used =            8  plain     mixing
     Exchange-correlation      =  SLA  PZ   NOGX NOGC (1100)
     celldm(1)=   8.190000  celldm(2)=   0.000000  celldm(3)=   0.000000
     celldm(4)=   0.000000  celldm(5)=   0.000000  celldm(6)=   0.000000

     crystal axes: (cart. coord. in units of a_0)
               a(1) = (  0.500000  0.500000  1.000000 )  
               a(2) = (  0.500000  1.000000  0.500000 )  
               a(3) = (  1.000000  0.500000  0.500000 )  

     reciprocal axes: (cart. coord. in units 2 pi/a_0)
               b(1) = ( -0.500000 -0.500000  1.500000 )  
               b(2) = ( -0.500000  1.500000 -0.500000 )  
               b(3) = (  1.500000 -0.500000 -0.500000 )  


     PSEUDO 1 is O  (US)    zval =  6.0   lmax= 2   lloc= 0
     Version   0  0  0 of US pseudo code
     Using log mesh of  1269 points
     The pseudopotential has  4 beta functions with: 
                l(1) =   0
                l(2) =   0
                l(3) =   1
                l(4) =   1
     Q(r) pseudized with  0 coefficients,  rinner =    0.000   0.000   0.000
                                                       0.000   0.000

     PSEUDO 2 is Fe (US)    zval =  8.0   lmax= 2   lloc= 0
     Version   0  0  0 of US pseudo code
     Using log mesh of   957 points
     The pseudopotential has  6 beta functions with: 
                l(1) =   0
                l(2) =   0
                l(3) =   1
                l(4) =   1
                l(5) =   2
                l(6) =   2
     Q(r) pseudized with  0 coefficients,  rinner =    0.000   0.000   0.000
                                                       0.000   0.000

     PSEUDO 3 is Fe (US)    zval =  8.0   lmax= 2   lloc= 0
     Version   0  0  0 of US pseudo code
     Using log mesh of   957 points
     The pseudopotential has  6 beta functions with: 
                l(1) =   0
                l(2) =   0
                l(3) =   1
                l(4) =   1
                l(5) =   2
                l(6) =   2
     Q(r) pseudized with  0 coefficients,  rinner =    0.000   0.000   0.000
                                                       0.000   0.000

     atomic species   valence    mass     pseudopotential
        O1             6.00     1.00000     O ( 1.00)
        Fe1            8.00     1.00000     Fe( 1.00)
        Fe2            8.00     1.00000     Fe( 1.00)

     Starting magnetic structure 
     atomic species   magnetization
        O1           0.000
        Fe1          0.500
        Fe2         -0.500

     12 Sym.Ops. (with inversion)


   Cartesian axes

     site n.     atom                  positions (a_0 units)
         1           O1  tau(  1) = (   0.5000000   0.5000000   0.5000000  )
         2           O1  tau(  2) = (   1.5000000   1.5000000   1.5000000  )
         3           Fe1 tau(  3) = (   0.0000000   0.0000000   0.0000000  )
         4           Fe2 tau(  4) = (   1.0000000   1.0000000   1.0000000  )

     number of k points=    8  gaussian broad. (ryd)=  0.0100     ngauss =   0
                       cart. coord. in units 2pi/a_0
        k(    1) = (   0.0000000   0.0000000   0.0000000), wk =   0.1250000
        k(    2) = (  -0.7500000   0.2500000   0.2500000), wk =   0.3750000
        k(    3) = (  -0.5000000  -0.5000000   0.5000000), wk =   0.3750000
        k(    4) = (  -0.2500000  -0.2500000  -0.2500000), wk =   0.1250000
        k(    5) = (   0.0000000   0.0000000   0.0000000), wk =   0.1250000
        k(    6) = (  -0.7500000   0.2500000   0.2500000), wk =   0.3750000
        k(    7) = (  -0.5000000  -0.5000000   0.5000000), wk =   0.3750000
        k(    8) = (  -0.2500000  -0.2500000  -0.2500000), wk =   0.1250000

     G cutoff =  407.7738  (  17255 G-vectors)     FFT grid: ( 50, 50, 50)
     G cutoff =  203.8869  (   6111 G-vectors)  smooth grid: ( 36, 36, 36)

     nbndx  =    80  nbnd   =    20  natomwfc =    20  npwx   =     780
     nelec  =  28.00  nkb   =    52  ngl    =     342

     Check: negative/imaginary core charge=   -0.000003    0.000000

     Initial potential from superposition of free atoms

     starting charge   27.99905, renormalised to   28.00000

     Parameters of the lda+U calculation:
     Number of iteration with fixed ns =  0
     Starting ns and Hubbard U :
 enter write_ns
U( 1) =  0.0000      U( 2) =  4.3000      U( 3) =  4.3000
alpha( 1) =  0.0000      alpha( 2) =  0.0000      alpha( 3) =  0.0000
atom  3   Tr[ns(na)]=   6.0000000
atom  3  spin  1
eigenvalues:  1.0000000 1.0000000 1.0000000 1.0000000 1.0000000
 eigenvectors
 1   1.0000000  0.0000000  0.0000000  0.0000000  0.0000000
 2   0.0000000  1.0000000  0.0000000  0.0000000  0.0000000
 3   0.0000000  0.0000000  1.0000000  0.0000000  0.0000000
 4   0.0000000  0.0000000  0.0000000  1.0000000  0.0000000
 5   0.0000000  0.0000000  0.0000000  0.0000000  1.0000000
 occupations
 1.000  0.000  0.000  0.000  0.000
 0.000  1.000  0.000  0.000  0.000
 0.000  0.000  1.000  0.000  0.000
 0.000  0.000  0.000  1.000  0.000
 0.000  0.000  0.000  0.000  1.000
atom  3  spin  2
eigenvalues:  0.2000000 0.2000000 0.2000000 0.2000000 0.2000000
 eigenvectors
 1   1.0000000  0.0000000  0.0000000  0.0000000  0.0000000
 2   0.0000000  1.0000000  0.0000000  0.0000000  0.0000000
 3   0.0000000  0.0000000  1.0000000  0.0000000  0.0000000
 4   0.0000000  0.0000000  0.0000000  1.0000000  0.0000000
 5   0.0000000  0.0000000  0.0000000  0.0000000  1.0000000
 occupations
 0.200  0.000  0.000  0.000  0.000
 0.000  0.200  0.000  0.000  0.000
 0.000  0.000  0.200  0.000  0.000
 0.000  0.000  0.000  0.200  0.000
 0.000  0.000  0.000  0.000  0.200
atom  4   Tr[ns(na)]=   6.0000000
atom  4  spin  1
eigenvalues:  0.2000000 0.2000000 0.2000000 0.2000000 0.2000000
 eigenvectors
 1   1.0000000  0.0000000  0.0000000  0.0000000  0.0000000
 2   0.0000000  1.0000000  0.0000000  0.0000000  0.0000000
 3   0.0000000  0.0000000  1.0000000  0.0000000  0.0000000
 4   0.0000000  0.0000000  0.0000000  1.0000000  0.0000000
 5   0.0000000  0.0000000  0.0000000  0.0000000  1.0000000
 occupations
 0.200  0.000  0.000  0.000  0.000
 0.000  0.200  0.000  0.000  0.000
 0.000  0.000  0.200  0.000  0.000
 0.000  0.000  0.000  0.200  0.000
 0.000  0.000  0.000  0.000  0.200
atom  4  spin  2
eigenvalues:  1.0000000 1.0000000 1.0000000 1.0000000 1.0000000
 eigenvectors
 1   1.0000000  0.0000000  0.0000000  0.0000000  0.0000000
 2   0.0000000  1.0000000  0.0000000  0.0000000  0.0000000
 3   0.0000000  0.0000000  1.0000000  0.0000000  0.0000000
 4   0.0000000  0.0000000  0.0000000  1.0000000  0.0000000
 5   0.0000000  0.0000000  0.0000000  0.0000000  1.0000000
 occupations
 1.000  0.000  0.000  0.000  0.000
 0.000  1.000  0.000  0.000  0.000
 0.000  0.000  1.000  0.000  0.000
 0.000  0.000  0.000  1.000  0.000
 0.000  0.000  0.000  0.000  1.000
nsum =  12.0000000
 exit write_ns
 Atomic wfc used for LDA+U Projector are NOT orthogonalized
     Starting wfc are atomic

     total cpu time spent up to now is      8.03 secs

     Self-consistent Calculation

     iteration #  1     ecut=    30.00 Ry     beta=0.30
     Davidson diagonalization with overlap
     ethr =  1.00E-02,  avg # of iterations =  3.2
 enter write_ns
U( 1) =  0.0000      U( 2) =  4.3000      U( 3) =  4.3000
alpha( 1) =  0.0000      alpha( 2) =  0.0000      alpha( 3) =  0.0000
atom  3   Tr[ns(na)]=   6.1226789
atom  3  spin  1
eigenvalues:  0.9969552 0.9969552 1.0025536 1.0025536 1.0030281
 eigenvectors
 1  -0.5326168 -0.1538080  0.4778658  0.5994108  0.3240578
 2  -0.5994108  0.4629908 -0.0982938 -0.5326168  0.3646970
 3   0.5889737  0.4182119  0.2271407  0.1006778  0.6453526
 4   0.1006778 -0.5037342  0.6140492 -0.5889737  0.1103150
 5   0.0000000  0.5773503  0.5773503  0.0000000 -0.5773503
 occupations
 0.999  0.001  0.001  0.000  0.002
 0.001  1.001  0.001  0.002 -0.001
 0.001  0.001  1.001 -0.002 -0.001
 0.000  0.002 -0.002  0.999  0.000
 0.002 -0.001 -0.001  0.000  1.001
atom  3  spin  2
eigenvalues:  0.1553851 0.1553851 0.2567868 0.2765381 0.2765381
 eigenvectors
 1   0.7240981  0.0688144 -0.0166089  0.6840652  0.0522054
 2  -0.6840652  0.0205517 -0.0698708  0.7240981 -0.0493192
 3   0.0000000 -0.5773503 -0.5773503  0.0000000  0.5773503
 4  -0.0869162  0.2937364  0.5099582  0.0135005  0.8036945
 5  -0.0135005  0.7584378 -0.6336020 -0.0869162  0.1248357
 occupations
 0.156 -0.004 -0.004  0.000 -0.009
-0.004  0.269 -0.006 -0.008  0.006
-0.004 -0.006  0.269  0.008  0.006
 0.000 -0.008  0.008  0.156  0.000
-0.009  0.006  0.006  0.000  0.269
atom  4   Tr[ns(na)]=   6.1226789
atom  4  spin  1
eigenvalues:  0.1553851 0.1553851 0.2567868 0.2765381 0.2765381
 eigenvectors
 1  -0.7284784 -0.0686809  0.0161597 -0.6793987 -0.0525212
 2  -0.6793987  0.0209934 -0.0699761  0.7284784 -0.0489827
 3   0.0000000 -0.5773503 -0.5773503  0.0000000  0.5773503
 4  -0.0868928  0.2924292  0.5110490  0.0136502  0.8034783
 5  -0.0136502  0.7589427 -0.6327225 -0.0868928  0.1262202
 occupations
 0.156 -0.004 -0.004  0.000 -0.009
-0.004  0.269 -0.006 -0.008  0.006
-0.004 -0.006  0.269  0.008  0.006
 0.000 -0.008  0.008  0.156  0.000
-0.009  0.006  0.006  0.000  0.269
atom  4  spin  2
eigenvalues:  0.9969552 0.9969552 1.0025536 1.0025536 1.0030281
 eigenvectors
 1  -0.4840038 -0.1896188  0.4840992  0.6393077  0.2944804
 2  -0.6393077  0.4495131 -0.0605418 -0.4840038  0.3889713
 3   0.5891780  0.4171828  0.2283936  0.0994754  0.6455764
 4   0.0994754 -0.5045868  0.6135843 -0.5891780  0.1089975
 5   0.0000000  0.5773503  0.5773503  0.0000000 -0.5773503
 occupations
 0.999  0.001  0.001  0.000  0.002
 0.001  1.001  0.001  0.002 -0.001
 0.001  0.001  1.001 -0.002 -0.001
 0.000  0.002 -0.002  0.999  0.000
 0.002 -0.001 -0.001  0.000  1.001
nsum =  12.2453578
 exit write_ns
 Modify starting ns matrices according to input values 
 enter write_ns
U( 1) =  0.0000      U( 2) =  4.3000      U( 3) =  4.3000
alpha( 1) =  0.0000      alpha( 2) =  0.0000      alpha( 3) =  0.0000
atom  3   Tr[ns(na)]=   6.8658921
atom  3  spin  1
eigenvalues:  0.9969552 0.9969552 1.0025536 1.0025536 1.0030281
 eigenvectors
 1  -0.5525081 -0.1381229  0.4742831  0.5811272  0.3361602
 2  -0.5811272  0.4679096 -0.1143369 -0.5525081  0.3535727
 3   0.5885904  0.4201058  0.2248268  0.1028949  0.6449326
 4   0.1028949 -0.5021558  0.6149002 -0.5885904  0.1127444
 5   0.0000000  0.5773503  0.5773503  0.0000000 -0.5773503
 occupations
 0.999  0.001  0.001  0.000  0.002
 0.001  1.001  0.001  0.002 -0.001
 0.001  0.001  1.001 -0.002 -0.001
 0.000  0.002 -0.002  0.999  0.000
 0.002 -0.001 -0.001  0.000  1.001
atom  3  spin  2
eigenvalues:  0.1553851 0.1553851 0.2765381 0.2765381 1.0000000
 eigenvectors
 1  -0.7617909 -0.0675357  0.0126127 -0.6418239 -0.0549230
 2   0.6418239 -0.0244279  0.0707016 -0.7617909  0.0462737
 3   0.0867059 -0.2824318 -0.5193186 -0.0147907 -0.8017504
 4  -0.0147907  0.7627196 -0.6259529 -0.0867059  0.1367667
 5   0.0000000 -0.5773503 -0.5773503  0.0000000  0.5773503
 occupations
 0.156 -0.004 -0.004  0.000 -0.009
-0.004  0.517  0.241 -0.008 -0.241
-0.004  0.241  0.517  0.008 -0.241
 0.000 -0.008  0.008  0.156  0.000
-0.009 -0.241 -0.241  0.000  0.517
atom  4   Tr[ns(na)]=   6.8658921
atom  4  spin  1
eigenvalues:  0.1553851 0.1553851 0.2765381 0.2765381 1.0000000
 eigenvectors
 1   0.7065791  0.0693118 -0.0183694  0.7021462  0.0509424
 2  -0.7021462  0.0188060 -0.0694288  0.7065791 -0.0506228
 3  -0.0870190  0.2996535  0.5049919  0.0128209  0.8046454
 4  -0.0128209  0.7561195 -0.6375673 -0.0870190  0.1185522
 5   0.0000000 -0.5773503 -0.5773503  0.0000000  0.5773503
 occupations
 0.156 -0.004 -0.004  0.000 -0.009
-0.004  0.517  0.241 -0.008 -0.241
-0.004  0.241  0.517  0.008 -0.241
 0.000 -0.008  0.008  0.156  0.000
-0.009 -0.241 -0.241  0.000  0.517
atom  4  spin  2
eigenvalues:  0.9969552 0.9969552 1.0025536 1.0025536 1.0030281
 eigenvectors
 1  -0.4821987 -0.1908859  0.4842680  0.6406703  0.2933821
 2  -0.6406703  0.4489765 -0.0591762 -0.4821987  0.3898003
 3   0.5888551  0.4188030  0.2264195  0.1013692  0.6452226
 4   0.1013692 -0.5032428  0.6143155 -0.5888551  0.1110727
 5   0.0000000  0.5773503  0.5773503  0.0000000 -0.5773503
 occupations
 0.999  0.001  0.001  0.000  0.002
 0.001  1.001  0.001  0.002 -0.001
 0.001  0.001  1.001 -0.002 -0.001
 0.000  0.002 -0.002  0.999  0.000
 0.002 -0.001 -0.001  0.000  1.001
nsum =  13.7317842
 exit write_ns

     total cpu time spent up to now is     16.24 secs

     total energy              =  -173.87440081 Ry
     Harris-Foulkes estimate   =  -176.58378743 Ry
     estimated scf accuracy    <     2.60468335 Ry

     total magnetization       =     0.00 Bohr mag/cell
     absolute magnetization    =     8.54 Bohr mag/cell

     iteration #  2     ecut=    30.00 Ry     beta=0.30
     Davidson diagonalization with overlap
     ethr =  9.30E-03,  avg # of iterations =  2.0
 enter write_ns
U( 1) =  0.0000      U( 2) =  4.3000      U( 3) =  4.3000
alpha( 1) =  0.0000      alpha( 2) =  0.0000      alpha( 3) =  0.0000
atom  3   Tr[ns(na)]=   6.9051933
atom  3  spin  1
eigenvalues:  0.9930292 0.9930292 1.0011929 1.0011929 1.0028908
 eigenvectors
 1  -0.2658515 -0.1622506  0.2271951  0.9204142  0.0649445
 2   0.9204142 -0.1686669 -0.0561797  0.2658515 -0.2248466
 3  -0.2865611 -0.4065886 -0.3754404 -0.0065897 -0.7820291
 4  -0.0065897  0.6682653 -0.6862488  0.2865611 -0.0179834
 5   0.0000000 -0.5773503 -0.5773503  0.0000000  0.5773503
 occupations
 0.994  0.001  0.001  0.000  0.002
 0.001  1.001  0.001  0.002 -0.001
 0.001  0.001  1.001 -0.002 -0.001
 0.000  0.002 -0.002  0.994  0.000
 0.002 -0.001 -0.001  0.000  1.001
atom  3  spin  2
eigenvalues:  0.2013850 0.2013850 0.3309786 0.3309786 0.8491310
 eigenvectors
 1   0.1122179  0.3566641  0.4527520 -0.0076913  0.8094161
 2  -0.0076913 -0.7287131  0.6732367 -0.1122179 -0.0554764
 3   0.0396433  0.0776408 -0.0813049 -0.9928627 -0.0036641
 4  -0.9928627  0.0490569  0.0427105 -0.0396433  0.0917674
 5   0.0000000 -0.5773503 -0.5773503  0.0000000  0.5773503
 occupations
 0.329 -0.006 -0.006  0.000 -0.012
-0.006  0.418  0.215 -0.010 -0.215
-0.006  0.215  0.418  0.010 -0.215
 0.000 -0.010  0.010  0.329  0.000
-0.012 -0.215 -0.215  0.000  0.418
atom  4   Tr[ns(na)]=   6.9051933
atom  4  spin  1
eigenvalues:  0.2013850 0.2013850 0.3309786 0.3309786 0.8491310
 eigenvectors
 1   0.1122905  0.3640803  0.4458596 -0.0065460  0.8099399
 2  -0.0065460 -0.7250362  0.6778209 -0.1122905 -0.0472153
 3  -0.0102591  0.0800061 -0.0790579 -0.9936009  0.0009482
 4  -0.9936009  0.0450966  0.0467390  0.0102591  0.0918356
 5   0.0000000 -0.5773503 -0.5773503  0.0000000  0.5773503
 occupations
 0.329 -0.006 -0.006  0.000 -0.012
-0.006  0.418  0.215 -0.010 -0.215
-0.006  0.215  0.418  0.010 -0.215
 0.000 -0.010  0.010  0.329  0.000
-0.012 -0.215 -0.215  0.000  0.418
atom  4  spin  2
eigenvalues:  0.9930292 0.9930292 1.0011929 1.0011929 1.0028908
 eigenvectors
 1  -0.2086750 -0.1723280  0.2233049  0.9350369  0.0509769
 2   0.9350369 -0.1583567 -0.0700621  0.2086750 -0.2284188
 3  -0.2865853 -0.4038917 -0.3782035 -0.0054346 -0.7820952
 4  -0.0054346  0.6698988 -0.6847299  0.2865853 -0.0148311
 5   0.0000000 -0.5773503 -0.5773503  0.0000000  0.5773503
 occupations
 0.994  0.001  0.001  0.000  0.002
 0.001  1.001  0.001  0.002 -0.001
 0.001  0.001  1.001 -0.002 -0.001
 0.000  0.002 -0.002  0.994  0.000
 0.002 -0.001 -0.001  0.000  1.001
nsum =  13.8103866
 exit write_ns

     total cpu time spent up to now is     24.23 secs

     total energy              =  -174.49042438 Ry
     Harris-Foulkes estimate   =  -176.15757872 Ry
     estimated scf accuracy    <     0.25995413 Ry

     total magnetization       =     0.00 Bohr mag/cell
     absolute magnetization    =     7.21 Bohr mag/cell

     iteration #  3     ecut=    30.00 Ry     beta=0.30
     Davidson diagonalization with overlap
     ethr =  9.28E-04,  avg # of iterations =  1.2
 enter write_ns
U( 1) =  0.0000      U( 2) =  4.3000      U( 3) =  4.3000
alpha( 1) =  0.0000      alpha( 2) =  0.0000      alpha( 3) =  0.0000
atom  3   Tr[ns(na)]=   6.7955612
atom  3  spin  1
eigenvalues:  0.9938551 0.9938551 1.0015916 1.0015916 1.0031868
 eigenvectors
 1  -0.3094506 -0.1631886  0.2439269  0.9008833  0.0807383
 2   0.9008833 -0.1874455 -0.0476027  0.3094506 -0.2350482
 3  -0.3040936 -0.4179125 -0.3590993 -0.0132890 -0.7770118
 4  -0.0132890  0.6559340 -0.6898899  0.3040936 -0.0339558
 5   0.0000000 -0.5773503 -0.5773503  0.0000000  0.5773503
 occupations
 0.995  0.001  0.001  0.000  0.002
 0.001  1.002  0.001  0.002 -0.001
 0.001  0.001  1.002 -0.002 -0.001
 0.000  0.002 -0.002  0.995  0.000
 0.002 -0.001 -0.001  0.000  1.002
atom  3  spin  2
eigenvalues:  0.1687677 0.1687677 0.2876141 0.2876141 0.8887177
 eigenvectors
 1  -0.0523202 -0.3697845 -0.4444503  0.0027700 -0.8142348
 2  -0.0027700 -0.7267022  0.6835939 -0.0523202 -0.0431083
 3  -0.1440224  0.0397453 -0.0335757 -0.9881865  0.0061696
 4  -0.9881865  0.0158229  0.0265090  0.1440224  0.0423319
 5   0.0000000 -0.5773503 -0.5773503  0.0000000  0.5773503
 occupations
 0.287 -0.003 -0.003  0.000 -0.005
-0.003  0.409  0.240 -0.004 -0.240
-0.003  0.240  0.409  0.004 -0.240
 0.000 -0.004  0.004  0.287  0.000
-0.005 -0.240 -0.240  0.000  0.409
atom  4   Tr[ns(na)]=   6.7955612
atom  4  spin  1
eigenvalues:  0.1687677 0.1687677 0.2876141 0.2876141 0.8887177
 eigenvectors
 1  -0.0523086 -0.3668553 -0.4471993  0.0029807 -0.8140546
 2  -0.0029807 -0.7281853  0.6817987 -0.0523086 -0.0463866
 3  -0.2230284  0.0408891 -0.0313350 -0.9734029  0.0095541
 4  -0.9734029  0.0125752  0.0291234  0.2230284  0.0416986
 5   0.0000000 -0.5773503 -0.5773503  0.0000000  0.5773503
 occupations
 0.287 -0.003 -0.003  0.000 -0.005
-0.003  0.409  0.240 -0.004 -0.240
-0.003  0.240  0.409  0.004 -0.240
 0.000 -0.004  0.004  0.287  0.000
-0.005 -0.240 -0.240  0.000  0.409
atom  4  spin  2
eigenvalues:  0.9938551 0.9938551 1.0015916 1.0015916 1.0031868
 eigenvectors
 1  -0.2678401 -0.1716073  0.2414891  0.9141183  0.0698818
 2   0.9141183 -0.1797700 -0.0587313  0.2678401 -0.2385013
 3  -0.3042695 -0.4071882 -0.3702731 -0.0083411 -0.7774613
 4  -0.0083411  0.6626448 -0.6839577  0.3042695 -0.0213130
 5   0.0000000 -0.5773503 -0.5773503  0.0000000  0.5773503
 occupations
 0.995  0.001  0.001  0.000  0.002
 0.001  1.002  0.001  0.002 -0.001
 0.001  0.001  1.002 -0.002 -0.001
 0.000  0.002 -0.002  0.995  0.000
 0.002 -0.001 -0.001  0.000  1.002
nsum =  13.5911225
 exit write_ns

     total cpu time spent up to now is     31.83 secs

     total energy              =  -174.51243846 Ry
     Harris-Foulkes estimate   =  -176.20656917 Ry
     estimated scf accuracy    <     0.10739587 Ry

     total magnetization       =     0.00 Bohr mag/cell
     absolute magnetization    =     7.36 Bohr mag/cell

     iteration #  4     ecut=    30.00 Ry     beta=0.30
     Davidson diagonalization with overlap
     ethr =  3.84E-04,  avg # of iterations =  1.5
 enter write_ns
U( 1) =  0.0000      U( 2) =  4.3000      U( 3) =  4.3000
alpha( 1) =  0.0000      alpha( 2) =  0.0000      alpha( 3) =  0.0000
atom  3   Tr[ns(na)]=   6.7735453
atom  3  spin  1
eigenvalues:  0.9939845 0.9939845 1.0011913 1.0011913 1.0023903
 eigenvectors
 1  -0.3488057 -0.1573552  0.2501270  0.8845359  0.0927718
 2   0.8845359 -0.1979727 -0.0372872  0.3488057 -0.2352600
 3  -0.3096315 -0.4047412 -0.3713655 -0.0076877 -0.7761066
 4  -0.0076877  0.6624933 -0.6817628  0.3096315 -0.0192695
 5   0.0000000 -0.5773503 -0.5773503  0.0000000  0.5773503
 occupations
 0.995  0.001  0.001  0.000  0.002
 0.001  1.001  0.001  0.002 -0.001
 0.001  0.001  1.001 -0.002 -0.001
 0.000  0.002 -0.002  0.995  0.000
 0.002 -0.001 -0.001  0.000  1.001
atom  3  spin  2
eigenvalues:  0.1214784 0.1214784 0.2867015 0.2867015 0.9644436
 eigenvectors
 1   0.0533436 -0.2528507 -0.5448150 -0.0112728 -0.7976657
 2   0.0112728 -0.7750816  0.6065159  0.0533436 -0.1685657
 3   0.4201929  0.0443396 -0.0256061  0.9057954  0.0187335
 4   0.9057954  0.0039679  0.0364153 -0.4201929  0.0403832
 5   0.0000000 -0.5773503 -0.5773503  0.0000000  0.5773503
 occupations
 0.286  0.004  0.004  0.000  0.007
 0.004  0.403  0.281  0.006 -0.281
 0.004  0.281  0.403 -0.006 -0.281
 0.000  0.006 -0.006  0.286  0.000
 0.007 -0.281 -0.281  0.000  0.403
atom  4   Tr[ns(na)]=   6.7735453
atom  4  spin  1
eigenvalues:  0.1214784 0.1214784 0.2867015 0.2867015 0.9644436
 eigenvectors
 1   0.0536212 -0.2731174 -0.5286998 -0.0098681 -0.8018172
 2   0.0098681 -0.7681744  0.6206137  0.0536212 -0.1475606
 3  -0.5578480 -0.0444103  0.0195397 -0.8281504 -0.0248706
 4  -0.8281504  0.0030778 -0.0399993  0.5578480 -0.0369215
 5   0.0000000 -0.5773503 -0.5773503  0.0000000  0.5773503
 occupations
 0.286  0.004  0.004  0.000  0.007
 0.004  0.403  0.281  0.006 -0.281
 0.004  0.281  0.403 -0.006 -0.281
 0.000  0.006 -0.006  0.286  0.000
 0.007 -0.281 -0.281  0.000  0.403
atom  4  spin  2
eigenvalues:  0.9939845 0.9939845 1.0011913 1.0011913 1.0023903
 eigenvectors
 1  -0.2609632 -0.1758956  0.2453039  0.9143126  0.0694084
 2   0.9143126 -0.1816992 -0.0614804  0.2609632 -0.2431796
 3  -0.3095439 -0.4110546 -0.3648325 -0.0106466 -0.7758870
 4  -0.0106466  0.6585947 -0.6852810  0.3095439 -0.0266863
 5   0.0000000 -0.5773503 -0.5773503  0.0000000  0.5773503
 occupations
 0.995  0.001  0.001  0.000  0.002
 0.001  1.001  0.001  0.002 -0.001
 0.001  0.001  1.001 -0.002 -0.001
 0.000  0.002 -0.002  0.995  0.000
 0.002 -0.001 -0.001  0.000  1.001
nsum =  13.5470905
 exit write_ns

     total cpu time spent up to now is     39.52 secs

     total energy              =  -174.53441059 Ry
     Harris-Foulkes estimate   =  -176.38774757 Ry
     estimated scf accuracy    <     0.01390332 Ry

     total magnetization       =     0.00 Bohr mag/cell
     absolute magnetization    =     7.33 Bohr mag/cell

     iteration #  5     ecut=    30.00 Ry     beta=0.30
     Davidson diagonalization with overlap
     ethr =  4.97E-05,  avg # of iterations =  2.5
 enter write_ns
U( 1) =  0.0000      U( 2) =  4.3000      U( 3) =  4.3000
alpha( 1) =  0.0000      alpha( 2) =  0.0000      alpha( 3) =  0.0000
atom  3   Tr[ns(na)]=   6.7732288
atom  3  spin  1
eigenvalues:  0.9940470 0.9940470 1.0011945 1.0011945 1.0017760
 eigenvectors
 1  -0.2141850 -0.1834429  0.2399031  0.9272175  0.0564602
 2  -0.9272175  0.1711054  0.0733135 -0.2141850  0.2444190
 3   0.3070996  0.4082119  0.3684550  0.0090760  0.7766669
 4   0.0090760 -0.6611364  0.6840900 -0.3070996  0.0229536
 5   0.0000000  0.5773503  0.5773503  0.0000000 -0.5773503
 occupations
 0.995  0.001  0.001  0.000  0.002
 0.001  1.001  0.000  0.001  0.000
 0.001  0.000  1.001 -0.001  0.000
 0.000  0.001 -0.001  0.995  0.000
 0.002  0.000  0.000  0.000  1.001
atom  3  spin  2
eigenvalues:  0.1105866 0.1105866 0.2912246 0.2912246 0.9773474
 eigenvectors
 1   0.0757933 -0.2368149 -0.5560638 -0.0176195 -0.7928787
 2   0.0176195 -0.7788123  0.5944939  0.0757933 -0.1843184
 3  -0.6351795 -0.0626497  0.0221707 -0.7684347 -0.0404790
 4   0.7684347 -0.0105703  0.0595414 -0.6351795  0.0489711
 5   0.0000000 -0.5773503 -0.5773503  0.0000000  0.5773503
 occupations
 0.290  0.006  0.006  0.000  0.011
 0.006  0.400  0.289  0.010 -0.289
 0.006  0.289  0.400 -0.010 -0.289
 0.000  0.010 -0.010  0.290  0.000
 0.011 -0.289 -0.289  0.000  0.400
atom  4   Tr[ns(na)]=   6.7732288
atom  4  spin  1
eigenvalues:  0.1105866 0.1105866 0.2912246 0.2912246 0.9773474
 eigenvectors
 1   0.0759694 -0.2447594 -0.5499611 -0.0168442 -0.7947204
 2   0.0168442 -0.7763522  0.6001439  0.0759694 -0.1762083
 3   0.5597151  0.0633682 -0.0276985  0.8250236  0.0356697
 4   0.8250236 -0.0046022  0.0571796 -0.5597151  0.0525774
 5   0.0000000 -0.5773503 -0.5773503  0.0000000  0.5773503
 occupations
 0.290  0.006  0.006  0.000  0.011
 0.006  0.400  0.289  0.010 -0.289
 0.006  0.289  0.400 -0.010 -0.289
 0.000  0.010 -0.010  0.290  0.000
 0.011 -0.289 -0.289  0.000  0.400
atom  4  spin  2
eigenvalues:  0.9940470 0.9940470 1.0011945 1.0011945 1.0017760
 eigenvectors
 1  -0.2824139 -0.1702372  0.2446829  0.9087628  0.0744457
 2  -0.9087628  0.1842489  0.0553053 -0.2824139  0.2395542
 3   0.3069802  0.4155158  0.3608489  0.0124798  0.7763647
 4   0.0124798 -0.6565706  0.6881325 -0.3069802  0.0315619
 5   0.0000000  0.5773503  0.5773503  0.0000000 -0.5773503
 occupations
 0.995  0.001  0.001  0.000  0.002
 0.001  1.001  0.000  0.001  0.000
 0.001  0.000  1.001 -0.001  0.000
 0.000  0.001 -0.001  0.995  0.000
 0.002  0.000  0.000  0.000  1.001
nsum =  13.5464575
 exit write_ns

     total cpu time spent up to now is     47.33 secs

     total energy              =  -174.53684722 Ry
     Harris-Foulkes estimate   =  -176.45893953 Ry
     estimated scf accuracy    <     0.00221403 Ry

     total magnetization       =     0.00 Bohr mag/cell
     absolute magnetization    =     7.32 Bohr mag/cell

     iteration #  6     ecut=    30.00 Ry     beta=0.30
     Davidson diagonalization with overlap
     ethr =  7.91E-06,  avg # of iterations =  2.2
 enter write_ns
U( 1) =  0.0000      U( 2) =  4.3000      U( 3) =  4.3000
alpha( 1) =  0.0000      alpha( 2) =  0.0000      alpha( 3) =  0.0000
atom  3   Tr[ns(na)]=   6.7712167
atom  3  spin  1
eigenvalues:  0.9940277 0.9940277 1.0011927 1.0011927 1.0020038
 eigenvectors
 1  -0.3251143 -0.1591709  0.2435538  0.8958384  0.0843828
 2   0.8958384 -0.1893343 -0.0431789  0.3251143 -0.2325132
 3  -0.3026068 -0.4203614 -0.3569041 -0.0142636 -0.7772654
 4  -0.0142636  0.6548130 -0.6914501  0.3026068 -0.0366371
 5   0.0000000 -0.5773503 -0.5773503  0.0000000  0.5773503
 occupations
 0.995  0.001  0.001  0.000  0.002
 0.001  1.001  0.000  0.001  0.000
 0.001  0.000  1.001 -0.001  0.000
 0.000  0.001 -0.001  0.995  0.000
 0.002  0.000  0.000  0.000  1.001
atom  3  spin  2
eigenvalues:  0.1061507 0.1061507 0.2926393 0.2926393 0.9811923
 eigenvectors
 1   0.0813213 -0.2445817 -0.5497698 -0.0180384 -0.7943515
 2   0.0180384 -0.7760288  0.5998284  0.0813213 -0.1762005
 3   0.6167656  0.0673108 -0.0252168  0.7827271  0.0420940
 4  -0.7827271  0.0097441 -0.0631649  0.6167656 -0.0534208
 5   0.0000000 -0.5773503 -0.5773503  0.0000000  0.5773503
 occupations
 0.291  0.006  0.006  0.000  0.013
 0.006  0.399  0.291  0.011 -0.291
 0.006  0.291  0.399 -0.011 -0.291
 0.000  0.011 -0.011  0.291  0.000
 0.013 -0.291 -0.291  0.000  0.399
atom  4   Tr[ns(na)]=   6.7712167
atom  4  spin  1
eigenvalues:  0.1061507 0.1061507 0.2926393 0.2926393 0.9811923
 eigenvectors
 1  -0.0818452  0.2687121  0.5307576  0.0154884  0.7994696
 2   0.0154884 -0.7680070  0.6167150  0.0818452 -0.1512920
 3   0.5767135  0.0677149 -0.0283545  0.8126888  0.0393605
 4   0.8126888 -0.0063543  0.0618200 -0.5767135  0.0554657
 5   0.0000000 -0.5773503 -0.5773503  0.0000000  0.5773503
 occupations
 0.291  0.006  0.006  0.000  0.013
 0.006  0.399  0.291  0.011 -0.291
 0.006  0.291  0.399 -0.011 -0.291
 0.000  0.011 -0.011  0.291  0.000
 0.013 -0.291 -0.291  0.000  0.399
atom  4  spin  2
eigenvalues:  0.9940277 0.9940277 1.0011927 1.0011927 1.0020038
 eigenvectors
 1  -0.3578702 -0.1520936  0.2449782  0.8832636  0.0928846
 2  -0.8832636  0.1950651  0.0341844 -0.3578702  0.2292495
 3   0.3027725  0.4114336  0.3662575  0.0101545  0.7776911
 4   0.0101545 -0.6604591  0.6865415 -0.3027725  0.0260824
 5   0.0000000  0.5773503  0.5773503  0.0000000 -0.5773503
 occupations
 0.995  0.001  0.001  0.000  0.002
 0.001  1.001  0.000  0.001  0.000
 0.001  0.000  1.001 -0.001  0.000
 0.000  0.001 -0.001  0.995  0.000
 0.002  0.000  0.000  0.000  1.001
nsum =  13.5424334
 exit write_ns

     total cpu time spent up to now is     55.05 secs

     total energy              =  -174.53727184 Ry
     Harris-Foulkes estimate   =  -176.46502390 Ry
     estimated scf accuracy    <     0.00058023 Ry

     total magnetization       =     0.00 Bohr mag/cell
     absolute magnetization    =     7.31 Bohr mag/cell

     iteration #  7     ecut=    30.00 Ry     beta=0.30
     Davidson diagonalization with overlap
     ethr =  2.07E-06,  avg # of iterations =  2.5
 enter write_ns
U( 1) =  0.0000      U( 2) =  4.3000      U( 3) =  4.3000
alpha( 1) =  0.0000      alpha( 2) =  0.0000      alpha( 3) =  0.0000
atom  3   Tr[ns(na)]=   6.7654173
atom  3  spin  1
eigenvalues:  0.9940473 0.9940473 1.0012276 1.0012276 1.0019705
 eigenvectors
 1  -0.3808507 -0.1461607  0.2443974  0.8741906  0.0982367
 2  -0.8741906  0.1978199  0.0276690 -0.3808507  0.2254889
 3   0.3010666  0.4117154  0.3664150  0.0101193  0.7781304
 4   0.0101193 -0.6608036  0.6869578 -0.3010666  0.0261542
 5   0.0000000  0.5773503  0.5773503  0.0000000 -0.5773503
 occupations
 0.995  0.001  0.001  0.000  0.002
 0.001  1.001  0.000  0.001  0.000
 0.001  0.000  1.001 -0.001  0.000
 0.000  0.001 -0.001  0.995  0.000
 0.002  0.000  0.000  0.000  1.001
atom  3  spin  2
eigenvalues:  0.1021767 0.1021767 0.2922065 0.2922065 0.9841307
 eigenvectors
 1  -0.0870557  0.2165569  0.5705312  0.0226040  0.7870881
 2  -0.0226040  0.7838219 -0.5794547 -0.0870557  0.2043672
 3   0.4692465  0.0733976 -0.0387971  0.8784749  0.0346006
 4   0.8784749  0.0024228  0.0623528 -0.4692465  0.0647756
 5   0.0000000 -0.5773503 -0.5773503  0.0000000  0.5773503
 occupations
 0.291  0.007  0.007  0.000  0.014
 0.007  0.397  0.293  0.012 -0.293
 0.007  0.293  0.397 -0.012 -0.293
 0.000  0.012 -0.012  0.291  0.000
 0.014 -0.293 -0.293  0.000  0.397
atom  4   Tr[ns(na)]=   6.7654173
atom  4  spin  1
eigenvalues:  0.1021767 0.1021767 0.2922065 0.2922065 0.9841307
 eigenvectors
 1  -0.0882212  0.2617009  0.5359251  0.0175113  0.7976260
 2   0.0175113 -0.7699261  0.6116027  0.0882212 -0.1583235
 3   0.4622754  0.0733762 -0.0392896  0.8821632  0.0340866
 4   0.8821632  0.0030040  0.0620436 -0.4622754  0.0650476
 5   0.0000000 -0.5773503 -0.5773503  0.0000000  0.5773503
 occupations
 0.291  0.007  0.007  0.000  0.014
 0.007  0.397  0.293  0.012 -0.293
 0.007  0.293  0.397 -0.012 -0.293
 0.000  0.012 -0.012  0.291  0.000
 0.014 -0.293 -0.293  0.000  0.397
atom  4  spin  2
eigenvalues:  0.9940473 0.9940473 1.0012276 1.0012276 1.0019705
 eigenvectors
 1  -0.3156196 -0.1602944  0.2417053  0.8998004  0.0814110
 2  -0.8998004  0.1865513  0.0455434 -0.3156196  0.2320946
 3   0.3010100  0.4151440  0.3628400  0.0116838  0.7779840
 4   0.0116838 -0.6586550  0.6888528 -0.3010100  0.0301977
 5   0.0000000  0.5773503  0.5773503  0.0000000 -0.5773503
 occupations
 0.995  0.001  0.001  0.000  0.002
 0.001  1.001  0.000  0.001  0.000
 0.001  0.000  1.001 -0.001  0.000
 0.000  0.001 -0.001  0.995  0.000
 0.002  0.000  0.000  0.000  1.001
nsum =  13.5308346
 exit write_ns

     total cpu time spent up to now is     62.96 secs

     total energy              =  -174.53739115 Ry
     Harris-Foulkes estimate   =  -176.48380025 Ry
     estimated scf accuracy    <     0.00004715 Ry

     total magnetization       =     0.00 Bohr mag/cell
     absolute magnetization    =     7.32 Bohr mag/cell

     iteration #  8     ecut=    30.00 Ry     beta=0.30
     Davidson diagonalization with overlap
     ethr =  1.68E-07,  avg # of iterations =  3.2
 enter write_ns
U( 1) =  0.0000      U( 2) =  4.3000      U( 3) =  4.3000
alpha( 1) =  0.0000      alpha( 2) =  0.0000      alpha( 3) =  0.0000
atom  3   Tr[ns(na)]=   6.7667031
atom  3  spin  1
eigenvalues:  0.9940249 0.9940249 1.0012077 1.0012077 1.0019741
 eigenvectors
 1  -0.2969299 -0.1642655  0.2409327  0.9060480  0.0766672
 2  -0.9060480  0.1833664  0.0505749 -0.2969299  0.2339413
 3   0.3014422  0.4036844  0.3746336  0.0064960  0.7783180
 4   0.0064960 -0.6656569  0.6824294 -0.3014422  0.0167725
 5   0.0000000  0.5773503  0.5773503  0.0000000 -0.5773503
 occupations
 0.995  0.001  0.001  0.000  0.002
 0.001  1.001  0.000  0.001  0.000
 0.001  0.000  1.001 -0.001  0.000
 0.000  0.001 -0.001  0.995  0.000
 0.002  0.000  0.000  0.000  1.001
atom  3  spin  2
eigenvalues:  0.1029032 0.1029032 0.2924534 0.2924534 0.9835509
 eigenvectors
 1   0.0878134 -0.2584606 -0.5385154 -0.0178155 -0.7969760
 2   0.0178155 -0.7710463  0.6093566  0.0878134 -0.1616897
 3  -0.5444710 -0.0730503  0.0330559 -0.8339801 -0.0399944
 4   0.8339801 -0.0040059  0.0652663 -0.5444710  0.0612604
 5   0.0000000 -0.5773503 -0.5773503  0.0000000  0.5773503
 occupations
 0.291  0.007  0.007  0.000  0.014
 0.007  0.397  0.293  0.012 -0.293
 0.007  0.293  0.397 -0.012 -0.293
 0.000  0.012 -0.012  0.291  0.000
 0.014 -0.293 -0.293  0.000  0.397
atom  4   Tr[ns(na)]=   6.7667031
atom  4  spin  1
eigenvalues:  0.1029032 0.1029032 0.2924534 0.2924534 0.9835509
 eigenvectors
 1   0.0878916 -0.2618825 -0.5358038 -0.0174253 -0.7976862
 2   0.0174253 -0.7698908  0.6117423  0.0878916 -0.1581485
 3   0.5116695  0.0731507 -0.0355658  0.8544974  0.0375849
 4   0.8544974 -0.0011657  0.0639333 -0.5116695  0.0627675
 5   0.0000000 -0.5773503 -0.5773503  0.0000000  0.5773503
 occupations
 0.291  0.007  0.007  0.000  0.014
 0.007  0.397  0.293  0.012 -0.293
 0.007  0.293  0.397 -0.012 -0.293
 0.000  0.012 -0.012  0.291  0.000
 0.014 -0.293 -0.293  0.000  0.397
atom  4  spin  2
eigenvalues:  0.9940249 0.9940249 1.0012077 1.0012077 1.0019741
 eigenvectors
 1  -0.2946844 -0.1647193  0.2408067  0.9067808  0.0760874
 2  -0.9067808  0.1829589  0.0511716 -0.2946844  0.2341305
 3   0.3013985  0.4076170  0.3705881  0.0082799  0.7782051
 4   0.0082799 -0.6632561  0.6846347 -0.3013985  0.0213786
 5   0.0000000  0.5773503  0.5773503  0.0000000 -0.5773503
 occupations
 0.995  0.001  0.001  0.000  0.002
 0.001  1.001  0.000  0.001  0.000
 0.001  0.000  1.001 -0.001  0.000
 0.000  0.001 -0.001  0.995  0.000
 0.002  0.000  0.000  0.000  1.001
nsum =  13.5334063
 exit write_ns

     total cpu time spent up to now is     72.13 secs

     total energy              =  -174.53740994 Ry
     Harris-Foulkes estimate   =  -176.47685935 Ry
     estimated scf accuracy    <     0.00002477 Ry

     total magnetization       =     0.00 Bohr mag/cell
     absolute magnetization    =     7.32 Bohr mag/cell

     iteration #  9     ecut=    30.00 Ry     beta=0.30
     Davidson diagonalization with overlap
     ethr =  8.85E-08,  avg # of iterations =  1.2
 enter write_ns
U( 1) =  0.0000      U( 2) =  4.3000      U( 3) =  4.3000
alpha( 1) =  0.0000      alpha( 2) =  0.0000      alpha( 3) =  0.0000
atom  3   Tr[ns(na)]=   6.7662252
atom  3  spin  1
eigenvalues:  0.9940226 0.9940226 1.0012122 1.0012122 1.0019709
 eigenvectors
 1  -0.3726318 -0.1479228  0.2439732  0.8777903  0.0960504
 2  -0.8777903  0.1963127  0.0299485 -0.3726318  0.2262612
 3   0.3009847  0.4030328  0.3754225  0.0061634  0.7784553
 4   0.0061634 -0.6661917  0.6821325 -0.3009847  0.0159408
 5   0.0000000  0.5773503  0.5773503  0.0000000 -0.5773503
 occupations
 0.995  0.001  0.001  0.000  0.002
 0.001  1.001  0.000  0.001  0.000
 0.001  0.000  1.001 -0.001  0.000
 0.000  0.001 -0.001  0.995  0.000
 0.002  0.000  0.000  0.000  1.001
atom  3  spin  2
eigenvalues:  0.1022749 0.1022749 0.2926141 0.2926141 0.9840068
 eigenvectors
 1  -0.0887581  0.2406624  0.5522901  0.0201389  0.7929525
 2   0.0201389 -0.7766762  0.5967578  0.0887581 -0.1799184
 3   0.5985637  0.0737674 -0.0291011  0.7958881  0.0446663
 4   0.7958881 -0.0089866  0.0683777 -0.5985637  0.0593912
 5   0.0000000 -0.5773503 -0.5773503  0.0000000  0.5773503
 occupations
 0.291  0.007  0.007  0.000  0.014
 0.007  0.397  0.293  0.012 -0.293
 0.007  0.293  0.397 -0.012 -0.293
 0.000  0.012 -0.012  0.291  0.000
 0.014 -0.293 -0.293  0.000  0.397
atom  4   Tr[ns(na)]=   6.7662252
atom  4  spin  1
eigenvalues:  0.1022749 0.1022749 0.2926141 0.2926141 0.9840068
 eigenvectors
 1  -0.0885319  0.2321284  0.5588028  0.0211113  0.7909312
 2  -0.0211113  0.7792693 -0.5906637 -0.0885319  0.1886056
 3   0.5931547  0.0738266 -0.0295639  0.7999274  0.0442627
 4   0.7999274 -0.0084863  0.0681789 -0.5931547  0.0596926
 5   0.0000000 -0.5773503 -0.5773503  0.0000000  0.5773503
 occupations
 0.291  0.007  0.007  0.000  0.014
 0.007  0.397  0.293  0.012 -0.293
 0.007  0.293  0.397 -0.012 -0.293
 0.000  0.012 -0.012  0.291  0.000
 0.014 -0.293 -0.293  0.000  0.397
atom  4  spin  2
eigenvalues:  0.9940226 0.9940226 1.0012122 1.0012122 1.0019709
 eigenvectors
 1  -0.3693964 -0.1486448  0.2438612  0.8791567  0.0952165
 2  -0.8791567  0.1957666  0.0308469 -0.3693964  0.2266135
 3   0.3009621  0.4052823  0.3731147  0.0071807  0.7783970
 4   0.0071807 -0.6648256  0.6833976 -0.3009621  0.0185719
 5   0.0000000  0.5773503  0.5773503  0.0000000 -0.5773503
 occupations
 0.995  0.001  0.001  0.000  0.002
 0.001  1.001  0.000  0.001  0.000
 0.001  0.000  1.001 -0.001  0.000
 0.000  0.001 -0.001  0.995  0.000
 0.002  0.000  0.000  0.000  1.001
nsum =  13.5324504
 exit write_ns

     total cpu time spent up to now is     79.75 secs

     total energy              =  -174.53741466 Ry
     Harris-Foulkes estimate   =  -176.47949967 Ry
     estimated scf accuracy    <     0.00000183 Ry

     total magnetization       =     0.00 Bohr mag/cell
     absolute magnetization    =     7.31 Bohr mag/cell

     iteration # 10     ecut=    30.00 Ry     beta=0.30
     Davidson diagonalization with overlap
     ethr =  6.54E-09,  avg # of iterations =  3.0
 enter write_ns
U( 1) =  0.0000      U( 2) =  4.3000      U( 3) =  4.3000
alpha( 1) =  0.0000      alpha( 2) =  0.0000      alpha( 3) =  0.0000
atom  3   Tr[ns(na)]=   6.7659842
atom  3  spin  1
eigenvalues:  0.9940241 0.9940241 1.0012170 1.0012170 1.0019610
 eigenvectors
 1  -0.3263677 -0.1578860  0.2419691  0.8960676  0.0840830
 2  -0.8960676  0.1882463  0.0426102 -0.3263677  0.2308564
 3   0.3007671  0.4099395  0.3683440  0.0092806  0.7782836
 4   0.0092806 -0.6620057  0.6860209 -0.3007671  0.0240152
 5   0.0000000  0.5773503  0.5773503  0.0000000 -0.5773503
 occupations
 0.995  0.001  0.001  0.000  0.002
 0.001  1.001  0.000  0.001  0.000
 0.001  0.000  1.001 -0.001  0.000
 0.000  0.001 -0.001  0.995  0.000
 0.002  0.000  0.000  0.000  1.001
atom  3  spin  2
eigenvalues:  0.1021991 0.1021991 0.2925641 0.2925641 0.9840143
 eigenvectors
 1   0.0898438 -0.2633449 -0.5345075 -0.0176293 -0.7978524
 2   0.0176293 -0.7692383  0.6126826  0.0898438 -0.1565558
 3   0.5709093  0.0744737 -0.0316147  0.8158921  0.0428590
 4   0.8158921 -0.0064919  0.0677420 -0.5709093  0.0612502
 5   0.0000000 -0.5773503 -0.5773503  0.0000000  0.5773503
 occupations
 0.291  0.007  0.007  0.000  0.014
 0.007  0.397  0.293  0.012 -0.293
 0.007  0.293  0.397 -0.012 -0.293
 0.000  0.012 -0.012  0.291  0.000
 0.014 -0.293 -0.293  0.000  0.397
atom  4   Tr[ns(na)]=   6.7659842
atom  4  spin  1
eigenvalues:  0.1021991 0.1021991 0.2925641 0.2925641 0.9840143
 eigenvectors
 1  -0.0898205  0.2623313  0.5353142  0.0177476  0.7976455
 2   0.0177476 -0.7695846  0.6119779  0.0898205 -0.1576067
 3   0.7639257  0.0702037 -0.0128547  0.6387760  0.0573490
 4  -0.6387760  0.0256888 -0.0736426  0.7639257 -0.0479538
 5   0.0000000 -0.5773503 -0.5773503  0.0000000  0.5773503
 occupations
 0.291  0.007  0.007  0.000  0.014
 0.007  0.397  0.293  0.012 -0.293
 0.007  0.293  0.397 -0.012 -0.293
 0.000  0.012 -0.012  0.291  0.000
 0.014 -0.293 -0.293  0.000  0.397
atom  4  spin  2
eigenvalues:  0.9940241 0.9940241 1.0012170 1.0012170 1.0019610
 eigenvectors
 1  -0.2552529 -0.1721316  0.2378931  0.9188574  0.0657615
