
     Program PWSCF     v.3.0    starts ...
     Today is 17Oct2005 at  4:46: 2 

     Ultrasoft (Vanderbilt) Pseudopotentials

     Current dimensions of program pwscf are:

     ntypx = 10   npk = 40000  lmax =  3
     nchix =  6  ndmx =  2000  nbrx = 14  nqfx =  8
  HUBBARD L FOR TYPE Fe IS            2
  HUBBARD L FOR TYPE Fe IS            2
  MAXIMUM HUBBARD L IS            2


     bravais-lattice index     =            0
     lattice parameter (a_0)   =       8.1900  a.u.
     unit-cell volume          =     274.6766 (a.u.)^3
     number of atoms/cell      =            4
     number of atomic types    =            3
     kinetic-energy cutoff     =      30.0000  Ry
     charge density cutoff     =     240.0000  Ry
     convergence threshold     =      1.0E-06
     beta                      =       0.3000
     number of iterations used =            8  plain     mixing
     Exchange-correlation      =  SLA  PZ   NOGX NOGC (1100)
     celldm(1)=   8.190000  celldm(2)=   0.000000  celldm(3)=   0.000000
     celldm(4)=   0.000000  celldm(5)=   0.000000  celldm(6)=   0.000000

     crystal axes: (cart. coord. in units of a_0)
               a(1) = (  0.500000  0.500000  1.000000 )  
               a(2) = (  0.500000  1.000000  0.500000 )  
               a(3) = (  1.000000  0.500000  0.500000 )  

     reciprocal axes: (cart. coord. in units 2 pi/a_0)
               b(1) = ( -0.500000 -0.500000  1.500000 )  
               b(2) = ( -0.500000  1.500000 -0.500000 )  
               b(3) = (  1.500000 -0.500000 -0.500000 )  


     PSEUDO 1 is O  (US)    zval =  6.0   lmax= 2   lloc= 0
     Version   0  0  0 of US pseudo code
     Using log mesh of  1269 points
     The pseudopotential has  4 beta functions with: 
                l(1) =   0
                l(2) =   0
                l(3) =   1
                l(4) =   1
     Q(r) pseudized with  0 coefficients,  rinner =    0.000   0.000   0.000
                                                       0.000   0.000

     PSEUDO 2 is Fe (US)    zval =  8.0   lmax= 2   lloc= 0
     Version   0  0  0 of US pseudo code
     Using log mesh of   957 points
     The pseudopotential has  6 beta functions with: 
                l(1) =   0
                l(2) =   0
                l(3) =   1
                l(4) =   1
                l(5) =   2
                l(6) =   2
     Q(r) pseudized with  0 coefficients,  rinner =    0.000   0.000   0.000
                                                       0.000   0.000

     PSEUDO 3 is Fe (US)    zval =  8.0   lmax= 2   lloc= 0
     Version   0  0  0 of US pseudo code
     Using log mesh of   957 points
     The pseudopotential has  6 beta functions with: 
                l(1) =   0
                l(2) =   0
                l(3) =   1
                l(4) =   1
                l(5) =   2
                l(6) =   2
     Q(r) pseudized with  0 coefficients,  rinner =    0.000   0.000   0.000
                                                       0.000   0.000

     atomic species   valence    mass     pseudopotential
        O1             6.00     1.00000     O ( 1.00)
        Fe1            8.00     1.00000     Fe( 1.00)
        Fe2            8.00     1.00000     Fe( 1.00)

     Starting magnetic structure 
     atomic species   magnetization
        O1           0.000
        Fe1          0.500
        Fe2         -0.500

     12 Sym.Ops. (with inversion)


   Cartesian axes

     site n.     atom                  positions (a_0 units)
         1           O1  tau(  1) = (   0.5000000   0.5000000   0.5000000  )
         2           O1  tau(  2) = (   1.5000000   1.5000000   1.5000000  )
         3           Fe1 tau(  3) = (   0.0000000   0.0000000   0.0000000  )
         4           Fe2 tau(  4) = (   1.0000000   1.0000000   1.0000000  )

     number of k points=    8  gaussian broad. (ryd)=  0.0100     ngauss =   0
                       cart. coord. in units 2pi/a_0
        k(    1) = (   0.0000000   0.0000000   0.0000000), wk =   0.1250000
        k(    2) = (  -0.7500000   0.2500000   0.2500000), wk =   0.3750000
        k(    3) = (  -0.5000000  -0.5000000   0.5000000), wk =   0.3750000
        k(    4) = (  -0.2500000  -0.2500000  -0.2500000), wk =   0.1250000
        k(    5) = (   0.0000000   0.0000000   0.0000000), wk =   0.1250000
        k(    6) = (  -0.7500000   0.2500000   0.2500000), wk =   0.3750000
        k(    7) = (  -0.5000000  -0.5000000   0.5000000), wk =   0.3750000
        k(    8) = (  -0.2500000  -0.2500000  -0.2500000), wk =   0.1250000

     G cutoff =  407.7738  (  17255 G-vectors)     FFT grid: ( 50, 50, 50)
     G cutoff =  203.8869  (   6111 G-vectors)  smooth grid: ( 36, 36, 36)

     nbndx  =    80  nbnd   =    20  natomwfc =    20  npwx   =     780
     nelec  =  28.00  nkb   =    52  ngl    =     342

     Check: negative/imaginary core charge=   -0.000003    0.000000

     Initial potential from superposition of free atoms

     starting charge   27.99905, renormalised to   28.00000

     Parameters of the lda+U calculation:
     Number of iteration with fixed ns =  0
     Starting ns and Hubbard U :
 enter write_ns
U( 1) =  0.0000      U( 2) =  4.3000      U( 3) =  4.3000
alpha( 1) =  0.0000      alpha( 2) =  0.0000      alpha( 3) =  0.0000
atom  3   Tr[ns(na)]=   6.0000000
atom  3  spin  1
eigenvalues:  1.0000000 1.0000000 1.0000000 1.0000000 1.0000000
 eigenvectors
 1   1.0000000  0.0000000  0.0000000  0.0000000  0.0000000
 2   0.0000000  1.0000000  0.0000000  0.0000000  0.0000000
 3   0.0000000  0.0000000  1.0000000  0.0000000  0.0000000
 4   0.0000000  0.0000000  0.0000000  1.0000000  0.0000000
 5   0.0000000  0.0000000  0.0000000  0.0000000  1.0000000
 occupations
 1.000  0.000  0.000  0.000  0.000
 0.000  1.000  0.000  0.000  0.000
 0.000  0.000  1.000  0.000  0.000
 0.000  0.000  0.000  1.000  0.000
 0.000  0.000  0.000  0.000  1.000
atom  3  spin  2
eigenvalues:  0.2000000 0.2000000 0.2000000 0.2000000 0.2000000
 eigenvectors
 1   1.0000000  0.0000000  0.0000000  0.0000000  0.0000000
 2   0.0000000  1.0000000  0.0000000  0.0000000  0.0000000
 3   0.0000000  0.0000000  1.0000000  0.0000000  0.0000000
 4   0.0000000  0.0000000  0.0000000  1.0000000  0.0000000
 5   0.0000000  0.0000000  0.0000000  0.0000000  1.0000000
 occupations
 0.200  0.000  0.000  0.000  0.000
 0.000  0.200  0.000  0.000  0.000
 0.000  0.000  0.200  0.000  0.000
 0.000  0.000  0.000  0.200  0.000
 0.000  0.000  0.000  0.000  0.200
atom  4   Tr[ns(na)]=   6.0000000
atom  4  spin  1
eigenvalues:  0.2000000 0.2000000 0.2000000 0.2000000 0.2000000
 eigenvectors
 1   1.0000000  0.0000000  0.0000000  0.0000000  0.0000000
 2   0.0000000  1.0000000  0.0000000  0.0000000  0.0000000
 3   0.0000000  0.0000000  1.0000000  0.0000000  0.0000000
 4   0.0000000  0.0000000  0.0000000  1.0000000  0.0000000
 5   0.0000000  0.0000000  0.0000000  0.0000000  1.0000000
 occupations
 0.200  0.000  0.000  0.000  0.000
 0.000  0.200  0.000  0.000  0.000
 0.000  0.000  0.200  0.000  0.000
 0.000  0.000  0.000  0.200  0.000
 0.000  0.000  0.000  0.000  0.200
atom  4  spin  2
eigenvalues:  1.0000000 1.0000000 1.0000000 1.0000000 1.0000000
 eigenvectors
 1   1.0000000  0.0000000  0.0000000  0.0000000  0.0000000
 2   0.0000000  1.0000000  0.0000000  0.0000000  0.0000000
 3   0.0000000  0.0000000  1.0000000  0.0000000  0.0000000
 4   0.0000000  0.0000000  0.0000000  1.0000000  0.0000000
 5   0.0000000  0.0000000  0.0000000  0.0000000  1.0000000
 occupations
 1.000  0.000  0.000  0.000  0.000
 0.000  1.000  0.000  0.000  0.000
 0.000  0.000  1.000  0.000  0.000
 0.000  0.000  0.000  1.000  0.000
 0.000  0.000  0.000  0.000  1.000
nsum =  12.0000000
 exit write_ns
 Atomic wfc used for LDA+U Projector are NOT orthogonalized
     Starting wfc are atomic

     total cpu time spent up to now is      7.12 secs

     Self-consistent Calculation

     iteration #  1     ecut=    30.00 ryd     beta=0.30
     Davidson diagonalization with overlap
     ethr =  1.00E-02,  avg # of iterations =  3.2
 enter write_ns
U( 1) =  0.0000      U( 2) =  4.3000      U( 3) =  4.3000
alpha( 1) =  0.0000      alpha( 2) =  0.0000      alpha( 3) =  0.0000
atom  3   Tr[ns(na)]=   6.1226801
atom  3  spin  1
eigenvalues:  0.9969552 0.9969552 1.0025536 1.0025536 1.0030281
 eigenvectors
 1  -0.4176131 -0.2336407  0.4877270  0.6845245  0.2540863
 2  -0.6845245  0.4282861 -0.0118042 -0.4176131  0.4164819
 3   0.5925076  0.3978720  0.2513535  0.0772023  0.6492255
 4   0.0772023 -0.5199496  0.6045420 -0.5925076  0.0845925
 5   0.0000000  0.5773503  0.5773503  0.0000000 -0.5773503
 occupations
 0.999  0.001  0.001  0.000  0.002
 0.001  1.001  0.001  0.002 -0.001
 0.001  0.001  1.001 -0.002 -0.001
 0.000  0.002 -0.002  0.999  0.000
 0.002 -0.001 -0.001  0.000  1.001
atom  3  spin  2
eigenvalues:  0.1553853 0.1553853 0.2567874 0.2765382 0.2765382
 eigenvectors
 1  -0.2089481 -0.0683445  0.0532800 -0.9739630 -0.0150646
 2  -0.9739630 -0.0220637 -0.0481563  0.2089481 -0.0702200
 3   0.0000000 -0.5773503 -0.5773503  0.0000000  0.5773503
 4  -0.0865355  0.2739086  0.5262668  0.0157567  0.8001754
 5  -0.0157567  0.7658217 -0.6201227 -0.0865355  0.1456990
 occupations
 0.156 -0.004 -0.004  0.000 -0.009
-0.004  0.269 -0.006 -0.008  0.006
-0.004 -0.006  0.269  0.008  0.006
 0.000 -0.008  0.008  0.156  0.000
-0.009  0.006  0.006  0.000  0.269
atom  4   Tr[ns(na)]=   6.1226801
atom  4  spin  1
eigenvalues:  0.1553853 0.1553853 0.2567874 0.2765382 0.2765382
 eigenvectors
 1  -0.4279173 -0.0715905  0.0407389 -0.8995277 -0.0308516
 2  -0.8995277 -0.0057084 -0.0591450  0.4279173 -0.0648534
 3   0.0000000 -0.5773503 -0.5773503  0.0000000  0.5773503
 4  -0.0863700  0.2660692  0.5325757  0.0166401  0.7986449
 5  -0.0166401  0.7685806 -0.6147129 -0.0863700  0.1538676
 occupations
 0.156 -0.004 -0.004  0.000 -0.009
-0.004  0.269 -0.006 -0.008  0.006
-0.004 -0.006  0.269  0.008  0.006
 0.000 -0.008  0.008  0.156  0.000
-0.009  0.006  0.006  0.000  0.269
atom  4  spin  2
eigenvalues:  0.9969552 0.9969552 1.0025536 1.0025536 1.0030281
 eigenvectors
 1  -0.4088710 -0.2390704  0.4878377  0.6897819  0.2487673
 2  -0.6897819  0.4252791 -0.0055985 -0.4088710  0.4196806
 3   0.5938623  0.3879627  0.2627471  0.0659775  0.6507099
 4   0.0659775 -0.5273847  0.5996779 -0.5938623  0.0722933
 5   0.0000000  0.5773503  0.5773503  0.0000000 -0.5773503
 occupations
 0.999  0.001  0.001  0.000  0.002
 0.001  1.001  0.001  0.002 -0.001
 0.001  0.001  1.001 -0.002 -0.001
 0.000  0.002 -0.002  0.999  0.000
 0.002 -0.001 -0.001  0.000  1.001
nsum =  12.2453603
 exit write_ns

     total cpu time spent up to now is     14.63 secs

     total energy              =  -173.87440401 ryd
     estimated scf accuracy    <     2.40343176 ryd

     total magnetization       =     0.00 Bohr mag/cell
     absolute magnetization    =     8.54 Bohr mag/cell

     iteration #  2     ecut=    30.00 ryd     beta=0.30
     Davidson diagonalization with overlap
     ethr =  8.58E-03,  avg # of iterations =  2.2
 enter write_ns
U( 1) =  0.0000      U( 2) =  4.3000      U( 3) =  4.3000
alpha( 1) =  0.0000      alpha( 2) =  0.0000      alpha( 3) =  0.0000
atom  3   Tr[ns(na)]=   6.9138793
atom  3  spin  1
eigenvalues:  0.9930388 0.9930388 1.0013931 1.0013931 1.0026209
 eigenvectors
 1  -0.2068179 -0.1675595  0.2164402  0.9380376  0.0488808
 2  -0.9380376  0.1531832  0.0685192 -0.2068179  0.2217023
 3  -0.2780498 -0.3931357 -0.3911628 -0.0004038 -0.7842985
 4  -0.0004038  0.6786529 -0.6797920  0.2780498 -0.0011391
 5   0.0000000  0.5773503  0.5773503  0.0000000 -0.5773503
 occupations
 0.994  0.001  0.001  0.000  0.002
 0.001  1.001  0.001  0.002 -0.001
 0.001  0.001  1.001 -0.002 -0.001
 0.000  0.002 -0.002  0.994  0.000
 0.002 -0.001 -0.001  0.000  1.001
atom  3  spin  2
eigenvalues:  0.3123236 0.3123236 0.4063957 0.4456758 0.4456758
 eigenvectors
 1   0.7752608  0.2891920 -0.0126592  0.4885776  0.2765328
 2  -0.4885776  0.1523475 -0.3266214  0.7752608 -0.1742739
 3   0.0000000  0.5773503  0.5773503  0.0000000 -0.5773503
 4   0.3703019 -0.0998329 -0.5922624 -0.1521155 -0.6920953
 5  -0.1521155  0.7415243 -0.4572200 -0.3703019  0.2843043
 occupations
 0.334 -0.020 -0.020  0.000 -0.040
-0.020  0.418 -0.006 -0.035  0.006
-0.020 -0.006  0.418  0.035  0.006
 0.000 -0.035  0.035  0.334  0.000
-0.040  0.006  0.006  0.000  0.418
atom  4   Tr[ns(na)]=   6.9138793
atom  4  spin  1
eigenvalues:  0.3123236 0.3123236 0.4063957 0.4456758 0.4456758
 eigenvectors
 1  -0.8165360 -0.2741151 -0.0171404 -0.4159402 -0.2912555
 2   0.4159402 -0.1780525  0.3264169 -0.8165360  0.1483644
 3   0.0000000  0.5773503  0.5773503  0.0000000 -0.5773503
 4   0.3652354 -0.0760111 -0.6066148 -0.1639078 -0.6826259
 5  -0.1639078  0.7443435 -0.4379993 -0.3652354  0.3063442
 occupations
 0.334 -0.020 -0.020  0.000 -0.040
-0.020  0.418 -0.006 -0.035  0.006
-0.020 -0.006  0.418  0.035  0.006
 0.000 -0.035  0.035  0.334  0.000
-0.040  0.006  0.006  0.000  0.418
atom  4  spin  2
eigenvalues:  0.9930388 0.9930388 1.0013931 1.0013931 1.0026209
 eigenvectors
 1   0.1723401  0.1730548 -0.2137869 -0.9449799 -0.0407321
 2   0.9449799 -0.1469466 -0.0763966  0.1723401 -0.2233431
 3  -0.2780422 -0.3870126 -0.3972644  0.0020984 -0.7842770
 4  -0.0020984 -0.6821632  0.6762443 -0.2780422 -0.0059189
 5   0.0000000 -0.5773503 -0.5773503  0.0000000  0.5773503
 occupations
 0.994  0.001  0.001  0.000  0.002
 0.001  1.001  0.001  0.002 -0.001
 0.001  0.001  1.001 -0.002 -0.001
 0.000  0.002 -0.002  0.994  0.000
 0.002 -0.001 -0.001  0.000  1.001
nsum =  13.8277586
 exit write_ns

     total cpu time spent up to now is     21.97 secs

     total energy              =  -174.43468878 ryd
     estimated scf accuracy    <     0.17790704 ryd

     total magnetization       =     0.00 Bohr mag/cell
     absolute magnetization    =     7.22 Bohr mag/cell

     iteration #  3     ecut=    30.00 ryd     beta=0.30
     Davidson diagonalization with overlap
     ethr =  6.35E-04,  avg # of iterations =  1.8
 enter write_ns
U( 1) =  0.0000      U( 2) =  4.3000      U( 3) =  4.3000
alpha( 1) =  0.0000      alpha( 2) =  0.0000      alpha( 3) =  0.0000
atom  3   Tr[ns(na)]=   6.7995774
atom  3  spin  1
eigenvalues:  0.9937851 0.9937851 1.0016949 1.0016949 1.0028991
 eigenvectors
 1  -0.1822078 -0.1804834  0.2260446  0.9386448  0.0455612
 2  -0.9386448  0.1568117  0.0778973 -0.1822078  0.2347090
 3  -0.2928186 -0.3946526 -0.3860379 -0.0018655 -0.7806906
 4  -0.0018655  0.6736110 -0.6785847  0.2928186 -0.0049737
 5   0.0000000  0.5773503  0.5773503  0.0000000 -0.5773503
 occupations
 0.994  0.001  0.001  0.000  0.002
 0.001  1.002  0.001  0.002 -0.001
 0.001  0.001  1.002 -0.002 -0.001
 0.000  0.002 -0.002  0.994  0.000
 0.002 -0.001 -0.001  0.000  1.002
atom  3  spin  2
eigenvalues:  0.2786363 0.2786363 0.3999961 0.4242248 0.4242248
 eigenvectors
 1   0.7619824  0.2400814 -0.0293693  0.5625670  0.2107120
 2  -0.5625670  0.1046983 -0.2602657  0.7619824 -0.1555674
 3   0.0000000  0.5773503  0.5773503  0.0000000 -0.5773503
 4   0.3024641 -0.1415111 -0.5876747 -0.1068487 -0.7291858
 5  -0.1068487  0.7602897 -0.5026971 -0.3024641  0.2575927
 occupations
 0.294 -0.018 -0.018  0.000 -0.036
-0.018  0.406 -0.003 -0.031  0.003
-0.018 -0.003  0.406  0.031  0.003
 0.000 -0.031  0.031  0.294  0.000
-0.036  0.003  0.003  0.000  0.406
atom  4   Tr[ns(na)]=   6.7995774
atom  4  spin  1
eigenvalues:  0.2786363 0.2786363 0.3999961 0.4242248 0.4242248
 eigenvectors
 1   0.7396101  0.2439582 -0.0394328  0.5916720  0.2045254
 2  -0.5916720  0.0953162 -0.2589321  0.7396101 -0.1636159
 3   0.0000000  0.5773503  0.5773503  0.0000000 -0.5773503
 4   0.3001725 -0.1256415 -0.5980196 -0.1131266 -0.7236612
 5  -0.1131266  0.7630728 -0.4903452 -0.3001725  0.2727276
 occupations
 0.294 -0.018 -0.018  0.000 -0.036
-0.018  0.406 -0.003 -0.031  0.003
-0.018 -0.003  0.406  0.031  0.003
 0.000 -0.031  0.031  0.294  0.000
-0.036  0.003  0.003  0.000  0.406
atom  4  spin  2
eigenvalues:  0.9937851 0.9937851 1.0016949 1.0016949 1.0028991
 eigenvectors
 1  -0.2248081 -0.1731472  0.2293607  0.9293627  0.0562135
 2  -0.9293627  0.1648763  0.0675117 -0.2248081  0.2323880
 3  -0.2928042 -0.3983010 -0.3823511 -0.0034540 -0.7806521
 4  -0.0034540  0.6714602 -0.6806689  0.2928042 -0.0092087
 5   0.0000000  0.5773503  0.5773503  0.0000000 -0.5773503
 occupations
 0.994  0.001  0.001  0.000  0.002
 0.001  1.002  0.001  0.002 -0.001
 0.001  0.001  1.002 -0.002 -0.001
 0.000  0.002 -0.002  0.994  0.000
 0.002 -0.001 -0.001  0.000  1.002
nsum =  13.5991548
 exit write_ns

     total cpu time spent up to now is     28.99 secs

     total energy              =  -174.44744783 ryd
     estimated scf accuracy    <     0.04567934 ryd

     total magnetization       =     0.00 Bohr mag/cell
     absolute magnetization    =     7.41 Bohr mag/cell

     iteration #  4     ecut=    30.00 ryd     beta=0.30
     Davidson diagonalization with overlap
     ethr =  1.63E-04,  avg # of iterations =  2.0
 enter write_ns
U( 1) =  0.0000      U( 2) =  4.3000      U( 3) =  4.3000
alpha( 1) =  0.0000      alpha( 2) =  0.0000      alpha( 3) =  0.0000
atom  3   Tr[ns(na)]=   6.8652721
atom  3  spin  1
eigenvalues:  0.9935730 0.9935730 1.0013235 1.0013235 1.0025796
 eigenvectors
 1  -0.2025979 -0.1724523  0.2216597  0.9368350  0.0492075
 2   0.9368350 -0.1563853 -0.0711554  0.2025979 -0.2275407
 3  -0.2851135 -0.3963266 -0.3862567 -0.0021181 -0.7825834
 4  -0.0021181  0.6748301 -0.6806440  0.2851135 -0.0058139
 5   0.0000000 -0.5773503 -0.5773503  0.0000000  0.5773503
 occupations
 0.994  0.001  0.001  0.000  0.002
 0.001  1.001  0.001  0.001 -0.001
 0.001  0.001  1.001 -0.001 -0.001
 0.000  0.001 -0.001  0.994  0.000
 0.002 -0.001 -0.001  0.000  1.001
atom  3  spin  2
eigenvalues:  0.2817807 0.2817807 0.3685989 0.4703695 0.4703695
 eigenvectors
 1  -0.7091890 -0.2596218  0.0530614 -0.6198103 -0.2065604
 2   0.6198103 -0.0886227  0.2691504 -0.7091890  0.1805277
 3   0.0000000  0.5773503  0.5773503  0.0000000 -0.5773503
 4   0.3168380 -0.1409837 -0.5842215 -0.1118027 -0.7252052
 5  -0.1118027  0.7559979 -0.5000944 -0.3168380  0.2559034
 occupations
 0.303 -0.024 -0.024  0.000 -0.049
-0.024  0.422 -0.027 -0.042  0.027
-0.024 -0.027  0.422  0.042  0.027
 0.000 -0.042  0.042  0.303  0.000
-0.049  0.027  0.027  0.000  0.422
atom  4   Tr[ns(na)]=   6.8652721
atom  4  spin  1
eigenvalues:  0.2817807 0.2817807 0.3685989 0.4703695 0.4703695
 eigenvectors
 1   0.7030851  0.2604772 -0.0556946  0.6267257  0.2047826
 2  -0.6267257  0.0860760 -0.2686179  0.7030851 -0.1825419
 3   0.0000000  0.5773503  0.5773503  0.0000000 -0.5773503
 4   0.3156606 -0.1331304 -0.5893800 -0.1150849 -0.7225104
 5  -0.1150849  0.7574203 -0.4940044 -0.3156606  0.2634159
 occupations
 0.303 -0.024 -0.024  0.000 -0.049
-0.024  0.422 -0.027 -0.042  0.027
-0.024 -0.027  0.422  0.042  0.027
 0.000 -0.042  0.042  0.303  0.000
-0.049  0.027  0.027  0.000  0.422
atom  4  spin  2
eigenvalues:  0.9935730 0.9935730 1.0013235 1.0013235 1.0025796
 eigenvectors
 1   0.2268855  0.1683282 -0.2234347 -0.9312512 -0.0551065
 2   0.9312512 -0.1608159 -0.0653686  0.2268855 -0.2261845
 3  -0.2851206 -0.3896903 -0.3929124  0.0006777 -0.7826028
 4  -0.0006777 -0.6786840  0.6768237 -0.2851206 -0.0018603
 5   0.0000000 -0.5773503 -0.5773503  0.0000000  0.5773503
 occupations
 0.994  0.001  0.001  0.000  0.002
 0.001  1.001  0.001  0.001 -0.001
 0.001  0.001  1.001 -0.001 -0.001
 0.000  0.001 -0.001  0.994  0.000
 0.002 -0.001 -0.001  0.000  1.001
nsum =  13.7305441
 exit write_ns

     total cpu time spent up to now is     35.98 secs

     total energy              =  -174.45455569 ryd
     estimated scf accuracy    <     0.00599716 ryd

     total magnetization       =     0.00 Bohr mag/cell
     absolute magnetization    =     7.30 Bohr mag/cell

     iteration #  5     ecut=    30.00 ryd     beta=0.30
     Davidson diagonalization with overlap
     ethr =  2.14E-05,  avg # of iterations =  2.2
 enter write_ns
U( 1) =  0.0000      U( 2) =  4.3000      U( 3) =  4.3000
alpha( 1) =  0.0000      alpha( 2) =  0.0000      alpha( 3) =  0.0000
atom  3   Tr[ns(na)]=   6.8574089
atom  3  spin  1
eigenvalues:  0.9937624 0.9937624 1.0015003 1.0015003 1.0028045
 eigenvectors
 1  -0.1531054 -0.1780639  0.2147147  0.9473153  0.0366508
 2   0.9473153 -0.1451259 -0.0816449  0.1531054 -0.2267708
 3  -0.2813351 -0.3875670 -0.3959348  0.0017347 -0.7835018
 4   0.0017347  0.6809480 -0.6761169  0.2813351  0.0048312
 5   0.0000000 -0.5773503 -0.5773503  0.0000000  0.5773503
 occupations
 0.994  0.001  0.001  0.000  0.002
 0.001  1.002  0.001  0.001 -0.001
 0.001  0.001  1.002 -0.001 -0.001
 0.000  0.001 -0.001  0.994  0.000
 0.002 -0.001 -0.001  0.000  1.002
atom  3  spin  2
eigenvalues:  0.2778345 0.2778345 0.3370564 0.4856769 0.4856769
 eigenvectors
 1  -0.7294794 -0.2486101  0.0439093 -0.6018492 -0.2047008
 2   0.6018492 -0.0928330  0.2617192 -0.7294794  0.1688862
 3   0.0000000  0.5773503  0.5773503  0.0000000 -0.5773503
 4   0.3053472 -0.1336013 -0.5918300 -0.1113574 -0.7254313
 5  -0.1113574  0.7605211 -0.4959627 -0.3053472  0.2645584
 occupations
 0.300 -0.026 -0.026  0.000 -0.052
-0.026  0.421 -0.042 -0.045  0.042
-0.026 -0.042  0.421  0.045  0.042
 0.000 -0.045  0.045  0.300  0.000
-0.052  0.042  0.042  0.000  0.421
atom  4   Tr[ns(na)]=   6.8574089
atom  4  spin  1
eigenvalues:  0.2778345 0.2778345 0.3370564 0.4856769 0.4856769
 eigenvectors
 1   0.7585832  0.2436717 -0.0308040  0.5647248  0.2128677
 2  -0.5647248  0.1051145 -0.2635831  0.7585832 -0.1584686
 3   0.0000000  0.5773503  0.5773503  0.0000000 -0.5773503
 4   0.3063825 -0.1407582 -0.5871326 -0.1084767 -0.7278908
 5  -0.1084767  0.7592291 -0.5015147 -0.3063825  0.2577144
 occupations
 0.300 -0.026 -0.026  0.000 -0.052
-0.026  0.421 -0.042 -0.045  0.042
-0.026 -0.042  0.421  0.045  0.042
 0.000 -0.045  0.045  0.300  0.000
-0.052  0.042  0.042  0.000  0.421
atom  4  spin  2
eigenvalues:  0.9937624 0.9937624 1.0015003 1.0015003 1.0028045
 eigenvectors
 1  -0.2271335 -0.1660989  0.2204707  0.9323400  0.0543718
 2   0.9323400 -0.1586804 -0.0645056  0.2271335 -0.2231860
 3  -0.2813064 -0.3811617 -0.4022603  0.0043740 -0.7834220
 4   0.0043740  0.6845540 -0.6723727  0.2813064  0.0121812
 5   0.0000000 -0.5773503 -0.5773503  0.0000000  0.5773503
 occupations
 0.994  0.001  0.001  0.000  0.002
 0.001  1.002  0.001  0.001 -0.001
 0.001  0.001  1.002 -0.001 -0.001
 0.000  0.001 -0.001  0.994  0.000
 0.002 -0.001 -0.001  0.000  1.002
nsum =  13.7148178
 exit write_ns

     total cpu time spent up to now is     43.24 secs

     total energy              =  -174.45689774 ryd
     estimated scf accuracy    <     0.00472078 ryd

     total magnetization       =     0.00 Bohr mag/cell
     absolute magnetization    =     7.31 Bohr mag/cell

     iteration #  6     ecut=    30.00 ryd     beta=0.30
     Davidson diagonalization with overlap
     ethr =  1.69E-05,  avg # of iterations =  1.0
 enter write_ns
U( 1) =  0.0000      U( 2) =  4.3000      U( 3) =  4.3000
alpha( 1) =  0.0000      alpha( 2) =  0.0000      alpha( 3) =  0.0000
atom  3   Tr[ns(na)]=   6.8591761
atom  3  spin  1
eigenvalues:  0.9937425 0.9937425 1.0014862 1.0014862 1.0027970
 eigenvectors
 1  -0.2052174 -0.1693526  0.2183439  0.9376200  0.0489913
 2   0.9376200 -0.1543460 -0.0694907  0.2052174 -0.2238367
 3  -0.2806310 -0.3939225 -0.3897598 -0.0008606 -0.7836823
 4  -0.0008606  0.6774871 -0.6798904  0.2806310 -0.0024034
 5   0.0000000 -0.5773503 -0.5773503  0.0000000  0.5773503
 occupations
 0.994  0.001  0.001  0.000  0.002
 0.001  1.002  0.001  0.001 -0.001
 0.001  0.001  1.002 -0.001 -0.001
 0.000  0.001 -0.001  0.994  0.000
 0.002 -0.001 -0.001  0.000  1.002
atom  3  spin  2
eigenvalues:  0.2781109 0.2781109 0.3183478 0.4956760 0.4956760
 eigenvectors
 1  -0.7778708 -0.2394798  0.0216052 -0.5381731 -0.2178747
 2   0.5381731 -0.1133163  0.2640538 -0.7778708  0.1507375
 3   0.0000000  0.5773503  0.5773503  0.0000000 -0.5773503
 4   0.3075532 -0.1528154 -0.5792158 -0.1034302 -0.7320312
 5  -0.1034302  0.7570488 -0.5108665 -0.3075532  0.2461824
 occupations
 0.301 -0.027 -0.027  0.000 -0.055
-0.027  0.421 -0.051 -0.047  0.051
-0.027 -0.051  0.421  0.047  0.051
 0.000 -0.047  0.047  0.301  0.000
-0.055  0.051  0.051  0.000  0.421
atom  4   Tr[ns(na)]=   6.8591761
atom  4  spin  1
eigenvalues:  0.2781109 0.2781109 0.3183478 0.4956760 0.4956760
 eigenvectors
 1   0.7614372  0.2427599 -0.0294881  0.5611832  0.2132718
 2  -0.5611832  0.1061076 -0.2632900  0.7614372 -0.1571824
 3   0.0000000  0.5773503  0.5773503  0.0000000 -0.5773503
 4   0.3065455 -0.1455370 -0.5840959 -0.1063795 -0.7296329
 5  -0.1063795  0.7584817 -0.5052796 -0.3065455  0.2532021
 occupations
 0.301 -0.027 -0.027  0.000 -0.055
-0.027  0.421 -0.051 -0.047  0.051
-0.027 -0.051  0.421  0.047  0.051
 0.000 -0.047  0.047  0.301  0.000
-0.055  0.051  0.051  0.000  0.421
atom  4  spin  2
eigenvalues:  0.9937425 0.9937425 1.0014862 1.0014862 1.0027970
 eigenvectors
 1  -0.2154034 -0.1676638  0.2190868  0.9353325  0.0514229
 2   0.9353325 -0.1561789 -0.0671117  0.2154034 -0.2232906
 3  -0.2806144 -0.3841525 -0.3994834  0.0031696 -0.7836360
 4   0.0031696  0.6830743 -0.6742230  0.2806144  0.0088513
 5   0.0000000 -0.5773503 -0.5773503  0.0000000  0.5773503
 occupations
 0.994  0.001  0.001  0.000  0.002
 0.001  1.002  0.001  0.001 -0.001
 0.001  0.001  1.002 -0.001 -0.001
 0.000  0.001 -0.001  0.994  0.000
 0.002 -0.001 -0.001  0.000  1.002
nsum =  13.7183522
 exit write_ns

     total cpu time spent up to now is     50.09 secs

     total energy              =  -174.45788620 ryd
     estimated scf accuracy    <     0.00558921 ryd

     total magnetization       =     0.00 Bohr mag/cell
     absolute magnetization    =     7.31 Bohr mag/cell

     iteration #  7     ecut=    30.00 ryd     beta=0.30
     Davidson diagonalization with overlap
     ethr =  1.69E-05,  avg # of iterations =  1.5
 enter write_ns
U( 1) =  0.0000      U( 2) =  4.3000      U( 3) =  4.3000
alpha( 1) =  0.0000      alpha( 2) =  0.0000      alpha( 3) =  0.0000
atom  3   Tr[ns(na)]=   6.8430281
atom  3  spin  1
eigenvalues:  0.9938403 0.9938403 1.0014146 1.0014146 1.0029958
 eigenvectors
 1  -0.2150157 -0.1768401  0.2312815  0.9306131  0.0544415
 2   0.9306131 -0.1649623 -0.0706668  0.2150157 -0.2356291
 3  -0.2961840 -0.3934895 -0.3863597 -0.0015634 -0.7798492
 4  -0.0015634  0.6733110 -0.6774274  0.2961840 -0.0041164
 5   0.0000000 -0.5773503 -0.5773503  0.0000000  0.5773503
 occupations
 0.995  0.001  0.001  0.000  0.002
 0.001  1.001  0.001  0.002 -0.001
 0.001  0.001  1.001 -0.002 -0.001
 0.000  0.002 -0.002  0.995  0.000
 0.002 -0.001 -0.001  0.000  1.001
atom  3  spin  2
eigenvalues:  0.2716438 0.2716438 0.3425319 0.3425319 0.6211712
 eigenvectors
 1  -0.7995077 -0.3238485 -0.1190903 -0.2133829 -0.4429388
 2   0.2133829 -0.3244876  0.4427049 -0.7995077  0.1182172
 3   0.4390468  0.1005712 -0.6288930 -0.3499901 -0.5283218
 4   0.3499901 -0.6681182  0.2469619  0.4390468 -0.4211564
 5   0.0000000 -0.5773503 -0.5773503  0.0000000  0.5773503
 occupations
 0.294 -0.013 -0.013  0.000 -0.027
-0.013  0.421  0.100 -0.023 -0.100
-0.013  0.100  0.421  0.023 -0.100
 0.000 -0.023  0.023  0.294  0.000
-0.027 -0.100 -0.100  0.000  0.421
atom  4   Tr[ns(na)]=   6.8430283
atom  4  spin  1
eigenvalues:  0.2716438 0.2716438 0.3425320 0.3425320 0.6211712
 eigenvectors
 1  -0.7945239 -0.3310405 -0.1091370 -0.2312505 -0.4401775
 2   0.2312505 -0.3171469  0.4452629 -0.7945239  0.1281160
 3   0.4554966  0.0680652 -0.6161820 -0.3282952 -0.5481168
 4   0.3282952 -0.6722082  0.2771579  0.4554966 -0.3950503
 5   0.0000000 -0.5773503 -0.5773503  0.0000000  0.5773503
 occupations
 0.294 -0.013 -0.013  0.000 -0.027
-0.013  0.421  0.100 -0.023 -0.100
-0.013  0.100  0.421  0.023 -0.100
 0.000 -0.023  0.023  0.294  0.000
-0.027 -0.100 -0.100  0.000  0.421
atom  4  spin  2
eigenvalues:  0.9938403 0.9938403 1.0014146 1.0014146 1.0029958
 eigenvectors
 1  -0.1724045 -0.1841703  0.2278228  0.9394409  0.0436524
 2   0.9394409 -0.1567363 -0.0811280  0.1724045 -0.2378643
 3  -0.2961602 -0.3991784 -0.3806080 -0.0040720 -0.7797863
 4  -0.0040720  0.6699540 -0.6806756  0.2961602 -0.0107216
 5   0.0000000 -0.5773503 -0.5773503  0.0000000  0.5773503
 occupations
 0.995  0.001  0.001  0.000  0.002
 0.001  1.001  0.001  0.002 -0.001
 0.001  0.001  1.001 -0.002 -0.001
 0.000  0.002 -0.002  0.995  0.000
 0.002 -0.001 -0.001  0.000  1.001
nsum =  13.6860564
 exit write_ns

     total cpu time spent up to now is     57.03 secs

     total energy              =  -174.46401257 ryd
     estimated scf accuracy    <     0.01364157 ryd

     total magnetization       =     0.00 Bohr mag/cell
     absolute magnetization    =     7.34 Bohr mag/cell

     iteration #  8     ecut=    30.00 ryd     beta=0.30
     Davidson diagonalization with overlap
     ethr =  1.69E-05,  avg # of iterations =  1.0
 enter write_ns
U( 1) =  0.0000      U( 2) =  4.3000      U( 3) =  4.3000
alpha( 1) =  0.0000      alpha( 2) =  0.0000      alpha( 3) =  0.0000
atom  3   Tr[ns(na)]=   6.8620467
atom  3  spin  1
eigenvalues:  0.9937988 0.9937988 1.0015345 1.0015345 1.0028726
 eigenvectors
 1  -0.1979793 -0.1694866  0.2164287  0.9396986  0.0469421
 2   0.9396986 -0.1520572 -0.0707511  0.1979793 -0.2228083
 3  -0.2788739 -0.3916803 -0.3924239  0.0001527 -0.7841042
 4   0.0001527  0.6792688 -0.6788395  0.2788739  0.0004293
 5   0.0000000 -0.5773503 -0.5773503  0.0000000  0.5773503
 occupations
 0.994  0.001  0.001  0.000  0.002
 0.001  1.002  0.001  0.001 -0.001
 0.001  0.001  1.002 -0.001 -0.001
 0.000  0.001 -0.001  0.994  0.000
 0.002 -0.001 -0.001  0.000  1.002
atom  3  spin  2
eigenvalues:  0.2766468 0.2766468 0.3236466 0.4957837 0.4957837
 eigenvectors
 1  -0.8186327 -0.2372168 -0.0018857 -0.4651830 -0.2391025
 2   0.4651830 -0.1391346  0.2750031 -0.8186327  0.1358685
 3   0.0000000  0.5773503  0.5773503  0.0000000 -0.5773503
 4   0.3140322 -0.1176773 -0.5991061 -0.1217749 -0.7167835
 5  -0.1217749  0.7597292 -0.4817762 -0.3140322  0.2779530
 occupations
 0.302 -0.028 -0.028  0.000 -0.057
-0.028  0.422 -0.049 -0.049  0.049
-0.028 -0.049  0.422  0.049  0.049
 0.000 -0.049  0.049  0.302  0.000
-0.057  0.049  0.049  0.000  0.422
atom  4   Tr[ns(na)]=   6.8620458
atom  4  spin  1
eigenvalues:  0.2766468 0.2766468 0.3236466 0.4957833 0.4957833
 eigenvectors
 1  -0.7937640 -0.2440239  0.0121848 -0.5064516 -0.2318391
 2   0.5064516 -0.1268175  0.2747396 -0.7937640  0.1479221
 3   0.0000000  0.5773503  0.5773503  0.0000000 -0.5773503
 4   0.3168375 -0.1356975 -0.5874885 -0.1142782 -0.7231860
 5  -0.1142782  0.7567183 -0.4958766 -0.3168375  0.2608416
 occupations
 0.302 -0.028 -0.028  0.000 -0.057
-0.028  0.422 -0.049 -0.049  0.049
-0.028 -0.049  0.422  0.049  0.049
 0.000 -0.049  0.049  0.302  0.000
-0.057  0.049  0.049  0.000  0.422
atom  4  spin  2
eigenvalues:  0.9937988 0.9937988 1.0015345 1.0015345 1.0028726
 eigenvectors
 1  -0.1897313 -0.1708135  0.2157999  0.9413987  0.0449864
 2   0.9413987 -0.1505651 -0.0726463  0.1897313 -0.2232113
 3  -0.2788711 -0.3950527 -0.3890439 -0.0012338 -0.7840966
 4  -0.0012338  0.6773130 -0.6807822  0.2788711 -0.0034692
 5   0.0000000 -0.5773503 -0.5773503  0.0000000  0.5773503
 occupations
 0.994  0.001  0.001  0.000  0.002
 0.001  1.002  0.001  0.001 -0.001
 0.001  0.001  1.002 -0.001 -0.001
 0.000  0.001 -0.001  0.994  0.000
 0.002 -0.001 -0.001  0.000  1.002
nsum =  13.7240926
 exit write_ns

     total cpu time spent up to now is     63.95 secs

     total energy              =  -174.45792680 ryd
     estimated scf accuracy    <     0.00464198 ryd

     total magnetization       =     0.00 Bohr mag/cell
     absolute magnetization    =     7.30 Bohr mag/cell

     iteration #  9     ecut=    30.00 ryd     beta=0.30
     Davidson diagonalization with overlap
     ethr =  1.66E-05,  avg # of iterations =  1.0
 enter write_ns
U( 1) =  0.0000      U( 2) =  4.3000      U( 3) =  4.3000
alpha( 1) =  0.0000      alpha( 2) =  0.0000      alpha( 3) =  0.0000
atom  3   Tr[ns(na)]=   6.8513721
atom  3  spin  1
eigenvalues:  0.9938240 0.9938240 1.0015025 1.0015025 1.0027654
 eigenvectors
 1  -0.2328196 -0.1694644  0.2268280  0.9286201  0.0573636
 2   0.9286201 -0.1640781 -0.0647214  0.2328196 -0.2287995
 3  -0.2888756 -0.3831926 -0.3984399  0.0032534 -0.7816325
 4   0.0032534  0.6813151 -0.6725121  0.2888756  0.0088030
 5   0.0000000 -0.5773503 -0.5773503  0.0000000  0.5773503
 occupations
 0.994  0.001  0.001  0.000  0.002
 0.001  1.001  0.001  0.002 -0.001
 0.001  0.001  1.001 -0.002 -0.001
 0.000  0.002 -0.002  0.994  0.000
 0.002 -0.001 -0.001  0.000  1.001
atom  3  spin  2
eigenvalues:  0.2730682 0.2730682 0.4124653 0.4124653 0.4868868
 eigenvectors
 1   0.7875081  0.2902496 -0.0019975  0.4609694  0.2882522
 2  -0.4609694  0.1652692 -0.3339982  0.7875081 -0.1687290
 3   0.3717063 -0.0690949 -0.6079091 -0.1707997 -0.6770039
 4   0.1707997 -0.7418449  0.4307603  0.3717063 -0.3110845
 5   0.0000000 -0.5773503 -0.5773503  0.0000000  0.5773503
 occupations
 0.296 -0.021 -0.021  0.000 -0.042
-0.021  0.422  0.033 -0.037 -0.033
-0.021  0.033  0.422  0.037 -0.033
 0.000 -0.037  0.037  0.296  0.000
-0.042 -0.033 -0.033  0.000  0.422
atom  4   Tr[ns(na)]=   6.8513865
atom  4  spin  1
eigenvalues:  0.2730688 0.2730688 0.4124705 0.4124705 0.4868896
 eigenvectors
 1   0.8033730  0.2841976  0.0098562  0.4327341  0.2940538
 2  -0.4327341  0.1754625 -0.3338536  0.8033730 -0.1583911
 3   0.3730496 -0.0750028 -0.6044600 -0.1678306 -0.6794628
 4   0.1678306 -0.7412731  0.4355909  0.3730496 -0.3056822
 5   0.0000000 -0.5773503 -0.5773503  0.0000000  0.5773503
 occupations
 0.296 -0.021 -0.021  0.000 -0.042
-0.021  0.422  0.033 -0.037 -0.033
-0.021  0.033  0.422  0.037 -0.033
 0.000 -0.037  0.037  0.296  0.000
-0.042 -0.033 -0.033  0.000  0.422
atom  4  spin  2
eigenvalues:  0.9938240 0.9938240 1.0015025 1.0015025 1.0027654
 eigenvectors
 1   0.2427823  0.1676926 -0.2275112 -0.9260650 -0.0598186
 2   0.9260650 -0.1658899 -0.0622811  0.2427823 -0.2281711
 3  -0.2888927 -0.3880055 -0.3936695  0.0012086 -0.7816749
 4  -0.0012086 -0.6785854  0.6753153 -0.2888927 -0.0032701
 5   0.0000000 -0.5773503 -0.5773503  0.0000000  0.5773503
 occupations
 0.994  0.001  0.001  0.000  0.002
 0.001  1.001  0.001  0.002 -0.001
 0.001  0.001  1.001 -0.002 -0.001
 0.000  0.002 -0.002  0.994  0.000
 0.002 -0.001 -0.001  0.000  1.001
nsum =  13.7027586
 exit write_ns

     total cpu time spent up to now is     70.89 secs

     total energy              =  -174.45394006 ryd
     estimated scf accuracy    <     0.00092261 ryd

     total magnetization       =     0.00 Bohr mag/cell
     absolute magnetization    =     7.32 Bohr mag/cell

     iteration # 10     ecut=    30.00 ryd     beta=0.30
     Davidson diagonalization with overlap
     ethr =  3.30E-06,  avg # of iterations =  1.0
 enter write_ns
U( 1) =  0.0000      U( 2) =  4.3000      U( 3) =  4.3000
alpha( 1) =  0.0000      alpha( 2) =  0.0000      alpha( 3) =  0.0000
atom  3   Tr[ns(na)]=   6.8611708
atom  3  spin  1
eigenvalues:  0.9937643 0.9937643 1.0015140 1.0015140 1.0027779
 eigenvectors
 1  -0.1938254 -0.1729029  0.2196790  0.9391962  0.0467761
 2   0.9391962 -0.1538379 -0.0728193  0.1938254 -0.2266573
 3  -0.2834337 -0.3980918 -0.3848813 -0.0027610 -0.7829732
 4  -0.0027610  0.6742611 -0.6818882  0.2834337 -0.0076271
 5   0.0000000 -0.5773503 -0.5773503  0.0000000  0.5773503
 occupations
 0.994  0.001  0.001  0.000  0.002
 0.001  1.002  0.001  0.001 -0.001
 0.001  0.001  1.002 -0.001 -0.001
 0.000  0.001 -0.001  0.994  0.000
 0.002 -0.001 -0.001  0.000  1.002
atom  3  spin  2
eigenvalues:  0.2741597 0.2741597 0.4140399 0.4527385 0.4527385
 eigenvectors
 1   0.7996375  0.2702841 -0.0005075  0.4634078  0.2697766
 2  -0.4634078  0.1554626 -0.3118042  0.7996375 -0.1563416
 3   0.0000000  0.5773503  0.5773503  0.0000000 -0.5773503
 4   0.3547094 -0.1083587 -0.5925642 -0.1414724 -0.7009229
 5  -0.1414724  0.7467951 -0.4672389 -0.3547094  0.2795562
 occupations
 0.300 -0.026 -0.026  0.000 -0.051
-0.026  0.422 -0.004 -0.045  0.004
-0.026 -0.004  0.422  0.045  0.004
 0.000 -0.045  0.045  0.300  0.000
-0.051  0.004  0.004  0.000  0.422
atom  4   Tr[ns(na)]=   6.8609597
atom  4  spin  1
eigenvalues:  0.2741525 0.2741525 0.4140033 0.4526584 0.4526584
 eigenvectors
 1   0.8342068  0.2569858  0.0245072  0.3977669  0.2814930
 2  -0.3977669  0.1766693 -0.3108909  0.8342068 -0.1342216
 3   0.0000000  0.5773503  0.5773503  0.0000000 -0.5773503
 4   0.3542221 -0.1054927 -0.5943342 -0.1428540 -0.6998268
 5  -0.1428540  0.7471842 -0.4649514 -0.3542221  0.2822328
 occupations
 0.300 -0.026 -0.026  0.000 -0.051
-0.026  0.422 -0.004 -0.045  0.004
-0.026 -0.004  0.422  0.045  0.004
 0.000 -0.045  0.045  0.300  0.000
-0.051  0.004  0.004  0.000  0.422
atom  4  spin  2
eigenvalues:  0.9937641 0.9937641 1.0015142 1.0015142 1.0027779
 eigenvectors
 1  -0.1562295 -0.1788870  0.2165874  0.9461820  0.0377004
 2   0.9461820 -0.1468132 -0.0815141  0.1562295 -0.2283273
 3  -0.2834194 -0.3970920 -0.3858960 -0.0023398 -0.7829880
 4  -0.0023398  0.6748555 -0.6813195  0.2834194 -0.0064640
 5   0.0000000 -0.5773503 -0.5773503  0.0000000  0.5773503
 occupations
 0.994  0.001  0.001  0.000  0.002
 0.001  1.002  0.001  0.001 -0.001
 0.001  0.001  1.002 -0.001 -0.001
 0.000  0.001 -0.001  0.994  0.000
 0.002 -0.001 -0.001  0.000  1.002
nsum =  13.7221305
 exit write_ns

     total cpu time spent up to now is     77.78 secs

     total energy              =  -174.45370356 ryd
     estimated scf accuracy    <     0.00042621 ryd

     total magnetization       =     0.00 Bohr mag/cell
     absolute magnetization    =     7.31 Bohr mag/cell

     iteration # 11     ecut=    30.00 ryd     beta=0.30
     Davidson diagonalization with overlap
     ethr =  1.52E-06,  avg # of iterations =  1.1
 enter write_ns
U( 1) =  0.0000      U( 2) =  4.3000      U( 3) =  4.3000
alpha( 1) =  0.0000      alpha( 2) =  0.0000      alpha( 3) =  0.0000
atom  3   Tr[ns(na)]=   6.8541544
atom  3  spin  1
eigenvalues:  0.9937700 0.9937700 1.0014946 1.0014946 1.0027337
 eigenvectors
 1   0.2283215  0.1697558 -0.2258268 -0.9300057 -0.0560709
 2   0.9300057 -0.1627537 -0.0656360  0.2283215 -0.2283897
 3  -0.2880228 -0.3879638 -0.3939244  0.0012677 -0.7818881
 4  -0.0012677 -0.6788556  0.6754143 -0.2880228 -0.0034414
 5   0.0000000 -0.5773503 -0.5773503  0.0000000  0.5773503
 occupations
 0.994  0.001  0.001  0.000  0.002
 0.001  1.001  0.001  0.002 -0.001
 0.001  0.001  1.001 -0.002 -0.001
 0.000  0.002 -0.002  0.994  0.000
 0.002 -0.001 -0.001  0.000  1.001
atom  3  spin  2
eigenvalues:  0.2718036 0.2718036 0.4139529 0.4139529 0.4893786
 eigenvectors
 1  -0.8019857 -0.2954650 -0.0162078 -0.4148695 -0.3116728
 2   0.4148695 -0.1893020  0.3505312 -0.8019857  0.1612292
 3   0.3867844 -0.0534228 -0.6100840 -0.1873501 -0.6635068
 4   0.1873501 -0.7353080  0.4139195  0.3867844 -0.3213885
 5   0.0000000 -0.5773503 -0.5773503  0.0000000  0.5773503
 occupations
 0.298 -0.023 -0.023  0.000 -0.045
-0.023  0.422  0.034 -0.039 -0.034
-0.023  0.034  0.422  0.039 -0.034
 0.000 -0.039  0.039  0.298  0.000
-0.045 -0.034 -0.034  0.000  0.422
atom  4   Tr[ns(na)]=   6.8560214
atom  4  spin  1
eigenvalues:  0.2718841 0.2718841 0.4146352 0.4146352 0.4897155
 eigenvectors
 1  -0.8122112 -0.2901899 -0.0246839 -0.3954087 -0.3148738
 2   0.3954087 -0.1960437  0.3493337 -0.8122112  0.1532900
 3   0.3870425 -0.0575250 -0.6080543 -0.1848326 -0.6655793
 4   0.1848326 -0.7353327  0.4174845  0.3870425 -0.3178483
 5   0.0000000 -0.5773503 -0.5773503  0.0000000  0.5773503
 occupations
 0.298 -0.023 -0.023  0.000 -0.045
-0.023  0.422  0.034 -0.039 -0.034
-0.023  0.034  0.422  0.039 -0.034
 0.000 -0.039  0.039  0.298  0.000
-0.045 -0.034 -0.034  0.000  0.422
atom  4  spin  2
eigenvalues:  0.9937727 0.9937727 1.0014940 1.0014940 1.0027338
 eigenvectors
 1  -0.2027632 -0.1742455  0.2240702  0.9358609  0.0498247
 2   0.9358609 -0.1581333 -0.0718344  0.2027632 -0.2299676
