
     Program PWSCF     v.3.2cvs starts ...
     Today is 17Oct2006 at  5:19:38 

     Ultrasoft (Vanderbilt) Pseudopotentials

     Current dimensions of program pwscf are:

     ntypx = 10   npk = 40000  lmax =  3
     nchix =  6  ndmx =  2000  nbrx = 14  nqfx =  8
  HUBBARD L FOR TYPE Fe IS            2
  HUBBARD L FOR TYPE Fe IS            2
  MAXIMUM HUBBARD L IS            2


     bravais-lattice index     =            0
     lattice parameter (a_0)   =       8.1900  a.u.
     unit-cell volume          =     274.6766 (a.u.)^3
     number of atoms/cell      =            4
     number of atomic types    =            3
     kinetic-energy cutoff     =      30.0000  Ry
     charge density cutoff     =     240.0000  Ry
     convergence threshold     =      1.0E-06
     beta                      =       0.3000
     number of iterations used =            8  plain     mixing
     Exchange-correlation      =  SLA  PZ   NOGX NOGC (1100)
     celldm(1)=   8.190000  celldm(2)=   0.000000  celldm(3)=   0.000000
     celldm(4)=   0.000000  celldm(5)=   0.000000  celldm(6)=   0.000000

     crystal axes: (cart. coord. in units of a_0)
               a(1) = (  0.500000  0.500000  1.000000 )  
               a(2) = (  0.500000  1.000000  0.500000 )  
               a(3) = (  1.000000  0.500000  0.500000 )  

     reciprocal axes: (cart. coord. in units 2 pi/a_0)
               b(1) = ( -0.500000 -0.500000  1.500000 )  
               b(2) = ( -0.500000  1.500000 -0.500000 )  
               b(3) = (  1.500000 -0.500000 -0.500000 )  


     PSEUDO 1 is O  (US)    zval =  6.0   lmax= 2   lloc= 0
     Version   0  0  0 of US pseudo code
     Using log mesh of  1269 points
     The pseudopotential has  4 beta functions with: 
                l(1) =   0
                l(2) =   0
                l(3) =   1
                l(4) =   1
     Q(r) pseudized with  0 coefficients,  rinner =    0.000   0.000   0.000
                                                       0.000   0.000

     PSEUDO 2 is Fe (US)    zval =  8.0   lmax= 2   lloc= 0
     Version   0  0  0 of US pseudo code
     Using log mesh of   957 points
     The pseudopotential has  6 beta functions with: 
                l(1) =   0
                l(2) =   0
                l(3) =   1
                l(4) =   1
                l(5) =   2
                l(6) =   2
     Q(r) pseudized with  0 coefficients,  rinner =    0.000   0.000   0.000
                                                       0.000   0.000

     PSEUDO 3 is Fe (US)    zval =  8.0   lmax= 2   lloc= 0
     Version   0  0  0 of US pseudo code
     Using log mesh of   957 points
     The pseudopotential has  6 beta functions with: 
                l(1) =   0
                l(2) =   0
                l(3) =   1
                l(4) =   1
                l(5) =   2
                l(6) =   2
     Q(r) pseudized with  0 coefficients,  rinner =    0.000   0.000   0.000
                                                       0.000   0.000

     atomic species   valence    mass     pseudopotential
        O1             6.00     1.00000     O ( 1.00)
        Fe1            8.00     1.00000     Fe( 1.00)
        Fe2            8.00     1.00000     Fe( 1.00)

     Starting magnetic structure 
     atomic species   magnetization
        O1           0.000
        Fe1          0.500
        Fe2         -0.500

     12 Sym.Ops. (with inversion)


   Cartesian axes

     site n.     atom                  positions (a_0 units)
         1           O1  tau(  1) = (   0.5000000   0.5000000   0.5000000  )
         2           O1  tau(  2) = (   1.5000000   1.5000000   1.5000000  )
         3           Fe1 tau(  3) = (   0.0000000   0.0000000   0.0000000  )
         4           Fe2 tau(  4) = (   1.0000000   1.0000000   1.0000000  )

     number of k points=    8  gaussian broad. (ryd)=  0.0100     ngauss =   0
                       cart. coord. in units 2pi/a_0
        k(    1) = (   0.0000000   0.0000000   0.0000000), wk =   0.1250000
        k(    2) = (  -0.7500000   0.2500000   0.2500000), wk =   0.3750000
        k(    3) = (  -0.5000000  -0.5000000   0.5000000), wk =   0.3750000
        k(    4) = (  -0.2500000  -0.2500000  -0.2500000), wk =   0.1250000
        k(    5) = (   0.0000000   0.0000000   0.0000000), wk =   0.1250000
        k(    6) = (  -0.7500000   0.2500000   0.2500000), wk =   0.3750000
        k(    7) = (  -0.5000000  -0.5000000   0.5000000), wk =   0.3750000
        k(    8) = (  -0.2500000  -0.2500000  -0.2500000), wk =   0.1250000

     G cutoff =  407.7738  (  17255 G-vectors)     FFT grid: ( 50, 50, 50)
     G cutoff =  203.8869  (   6111 G-vectors)  smooth grid: ( 36, 36, 36)

     nbndx  =    80  nbnd   =    20  natomwfc =    20  npwx   =     780
     nelec  =  28.00  nkb   =    52  ngl    =     342

     Check: negative/imaginary core charge=   -0.000003    0.000000

     Initial potential from superposition of free atoms

     starting charge   27.99905, renormalised to   28.00000

     Parameters of the lda+U calculation:
     Number of iteration with fixed ns =  0
     Starting ns and Hubbard U :
 enter write_ns
U( 1) =  0.0000      U( 2) =  0.0000      U( 3) =  0.0000
alpha( 1) =  0.0000      alpha( 2) =  0.0000      alpha( 3) =  0.0000
atom  3   Tr[ns(na)]=   6.0000000
atom  3  spin  1
eigenvalues:  1.0000000 1.0000000 1.0000000 1.0000000 1.0000000
 eigenvectors
 1   1.0000000  0.0000000  0.0000000  0.0000000  0.0000000
 2   0.0000000  1.0000000  0.0000000  0.0000000  0.0000000
 3   0.0000000  0.0000000  1.0000000  0.0000000  0.0000000
 4   0.0000000  0.0000000  0.0000000  1.0000000  0.0000000
 5   0.0000000  0.0000000  0.0000000  0.0000000  1.0000000
 occupations
 1.000  0.000  0.000  0.000  0.000
 0.000  1.000  0.000  0.000  0.000
 0.000  0.000  1.000  0.000  0.000
 0.000  0.000  0.000  1.000  0.000
 0.000  0.000  0.000  0.000  1.000
atom  3  spin  2
eigenvalues:  0.2000000 0.2000000 0.2000000 0.2000000 0.2000000
 eigenvectors
 1   1.0000000  0.0000000  0.0000000  0.0000000  0.0000000
 2   0.0000000  1.0000000  0.0000000  0.0000000  0.0000000
 3   0.0000000  0.0000000  1.0000000  0.0000000  0.0000000
 4   0.0000000  0.0000000  0.0000000  1.0000000  0.0000000
 5   0.0000000  0.0000000  0.0000000  0.0000000  1.0000000
 occupations
 0.200  0.000  0.000  0.000  0.000
 0.000  0.200  0.000  0.000  0.000
 0.000  0.000  0.200  0.000  0.000
 0.000  0.000  0.000  0.200  0.000
 0.000  0.000  0.000  0.000  0.200
atom  4   Tr[ns(na)]=   6.0000000
atom  4  spin  1
eigenvalues:  0.2000000 0.2000000 0.2000000 0.2000000 0.2000000
 eigenvectors
 1   1.0000000  0.0000000  0.0000000  0.0000000  0.0000000
 2   0.0000000  1.0000000  0.0000000  0.0000000  0.0000000
 3   0.0000000  0.0000000  1.0000000  0.0000000  0.0000000
 4   0.0000000  0.0000000  0.0000000  1.0000000  0.0000000
 5   0.0000000  0.0000000  0.0000000  0.0000000  1.0000000
 occupations
 0.200  0.000  0.000  0.000  0.000
 0.000  0.200  0.000  0.000  0.000
 0.000  0.000  0.200  0.000  0.000
 0.000  0.000  0.000  0.200  0.000
 0.000  0.000  0.000  0.000  0.200
atom  4  spin  2
eigenvalues:  1.0000000 1.0000000 1.0000000 1.0000000 1.0000000
 eigenvectors
 1   1.0000000  0.0000000  0.0000000  0.0000000  0.0000000
 2   0.0000000  1.0000000  0.0000000  0.0000000  0.0000000
 3   0.0000000  0.0000000  1.0000000  0.0000000  0.0000000
 4   0.0000000  0.0000000  0.0000000  1.0000000  0.0000000
 5   0.0000000  0.0000000  0.0000000  0.0000000  1.0000000
 occupations
 1.000  0.000  0.000  0.000  0.000
 0.000  1.000  0.000  0.000  0.000
 0.000  0.000  1.000  0.000  0.000
 0.000  0.000  0.000  1.000  0.000
 0.000  0.000  0.000  0.000  1.000
nsum =  12.0000000
 exit write_ns
 Atomic wfc used for LDA+U Projector are NOT orthogonalized
     Starting wfc are atomic

     total cpu time spent up to now is      8.11 secs

     Self-consistent Calculation

     iteration #  1     ecut=    30.00 Ry     beta=0.30
     Davidson diagonalization with overlap
     ethr =  1.00E-02,  avg # of iterations =  3.2
 enter write_ns
U( 1) =  0.0000      U( 2) =  0.0000      U( 3) =  0.0000
alpha( 1) =  0.0000      alpha( 2) =  0.0000      alpha( 3) =  0.0000
atom  3   Tr[ns(na)]=   6.4251862
atom  3  spin  1
eigenvalues:  0.9871648 0.9871648 0.9966670 0.9966670 0.9980445
 eigenvectors
 1  -0.2779738 -0.1629885  0.2323172  0.9150888  0.0693287
 2   0.9150888 -0.1741554 -0.0540745  0.2779738 -0.2282299
 3  -0.2919656 -0.4132566 -0.3671685 -0.0099547 -0.7804251
 4  -0.0099547  0.6625634 -0.6891724  0.2919656 -0.0266090
 5   0.0000000 -0.5773503 -0.5773503  0.0000000  0.5773503
 occupations
 0.988  0.001  0.001  0.000  0.002
 0.001  0.997  0.001  0.002 -0.001
 0.001  0.001  0.997 -0.002 -0.001
 0.000  0.002 -0.002  0.988  0.000
 0.002 -0.001 -0.001  0.000  0.997
atom  3  spin  2
eigenvalues:  0.2000722 0.2000722 0.3336994 0.3336994 0.3919349
 eigenvectors
 1  -0.6237757 -0.0578139  0.0212363 -0.7783139 -0.0365777
 2   0.7783139 -0.0088574  0.0544970 -0.6237757  0.0456397
 3  -0.0710308  0.3124763  0.4950707  0.0092727  0.8075470
 4   0.0092727 -0.7520667  0.6466458  0.0710308 -0.1054209
 5   0.0000000 -0.5773503 -0.5773503  0.0000000  0.5773503
 occupations
 0.201 -0.004 -0.004  0.000 -0.008
-0.004  0.353  0.020 -0.007 -0.020
-0.004  0.020  0.353  0.007 -0.020
 0.000 -0.007  0.007  0.201  0.000
-0.008 -0.020 -0.020  0.000  0.353
atom  4   Tr[ns(na)]=   6.4251862
atom  4  spin  1
eigenvalues:  0.2000722 0.2000722 0.3336994 0.3336994 0.3919349
 eigenvectors
 1   0.6551602  0.0574022 -0.0189842  0.7520862  0.0384180
 2  -0.7520862  0.0112201 -0.0553218  0.6551602 -0.0441017
 3  -0.0710307  0.3124643  0.4950810  0.0092738  0.8075453
 4   0.0092738 -0.7520717  0.6466379  0.0710307 -0.1054338
 5   0.0000000 -0.5773503 -0.5773503  0.0000000  0.5773503
 occupations
 0.201 -0.004 -0.004  0.000 -0.008
-0.004  0.353  0.020 -0.007 -0.020
-0.004  0.020  0.353  0.007 -0.020
 0.000 -0.007  0.007  0.201  0.000
-0.008 -0.020 -0.020  0.000  0.353
atom  4  spin  2
eigenvalues:  0.9871648 0.9871648 0.9966670 0.9966670 0.9980445
 eigenvectors
 1  -0.3243432 -0.1538820  0.2347756  0.8996991  0.0808936
 2   0.8996991 -0.1822517 -0.0421399  0.3243432 -0.2243916
 3  -0.2920715 -0.4044830 -0.3762251 -0.0061035 -0.7807081
 4  -0.0061035  0.6679557 -0.6842704  0.2920715 -0.0163147
 5   0.0000000 -0.5773503 -0.5773503  0.0000000  0.5773503
 occupations
 0.988  0.001  0.001  0.000  0.002
 0.001  0.997  0.001  0.002 -0.001
 0.001  0.001  0.997 -0.002 -0.001
 0.000  0.002 -0.002  0.988  0.000
 0.002 -0.001 -0.001  0.000  0.997
nsum =  12.8503725
 exit write_ns

     total cpu time spent up to now is     16.37 secs

     total energy              =  -174.41116749 Ry
     Harris-Foulkes estimate   =  -175.24062365 Ry
     estimated scf accuracy    <     1.83910576 Ry

     total magnetization       =     0.00 Bohr mag/cell
     absolute magnetization    =     7.80 Bohr mag/cell

     iteration #  2     ecut=    30.00 Ry     beta=0.30
     Davidson diagonalization with overlap
     ethr =  6.57E-03,  avg # of iterations =  2.0
 enter write_ns
U( 1) =  0.0000      U( 2) =  0.0000      U( 3) =  0.0000
alpha( 1) =  0.0000      alpha( 2) =  0.0000      alpha( 3) =  0.0000
atom  3   Tr[ns(na)]=   7.0687930
atom  3  spin  1
eigenvalues:  0.9820319 0.9820319 0.9992047 0.9992047 0.9994259
 eigenvectors
 1   0.0867502 -0.0780191  0.0705097  0.9906359 -0.0075094
 2   0.9906359 -0.0363732 -0.0493799 -0.0867502 -0.0857532
 3   0.1052944  0.3701092  0.4408103 -0.0053002  0.8109195
 4   0.0053002  0.7226865 -0.6818673  0.1052944  0.0408193
 5   0.0000000 -0.5773503 -0.5773503  0.0000000  0.5773503
 occupations
 0.982  0.001  0.001  0.000  0.001
 0.001  0.999  0.000  0.001  0.000
 0.001  0.000  0.999 -0.001  0.000
 0.000  0.001 -0.001  0.982  0.000
 0.001  0.000  0.000  0.000  0.999
atom  3  spin  2
eigenvalues:  0.3618358 0.3618358 0.4568035 0.4568035 0.4696153
 eigenvectors
 1   0.7397166  0.3754112  0.1252498  0.2133935  0.5006610
 2   0.2133935 -0.3613698  0.5058005 -0.7397166  0.1444307
 3  -0.5291703 -0.0436923  0.5649179  0.3567371  0.5212257
 4   0.3567371 -0.6270853  0.2757040  0.5291703 -0.3513812
 5   0.0000000 -0.5773503 -0.5773503  0.0000000  0.5773503
 occupations
 0.401 -0.019 -0.019  0.000 -0.038
-0.019  0.435  0.017 -0.033 -0.017
-0.019  0.017  0.435  0.033 -0.017
 0.000 -0.033  0.033  0.401  0.000
-0.038 -0.017 -0.017  0.000  0.435
atom  4   Tr[ns(na)]=   7.0687930
atom  4  spin  1
eigenvalues:  0.3618358 0.3618358 0.4568035 0.4568035 0.4696153
 eigenvectors
 1   0.7426370  0.3703055  0.1323322  0.2029968  0.5026377
 2   0.2029968 -0.3666000  0.5039939 -0.7426370  0.1373939
 3  -0.5497400 -0.0057581  0.5472446  0.3241427  0.5414865
 4   0.3241427 -0.6285792  0.3093030  0.5497400 -0.3192762
 5   0.0000000 -0.5773503 -0.5773503  0.0000000  0.5773503
 occupations
 0.401 -0.019 -0.019  0.000 -0.038
-0.019  0.435  0.017 -0.033 -0.017
-0.019  0.017  0.435  0.033 -0.017
 0.000 -0.033  0.033  0.401  0.000
-0.038 -0.017 -0.017  0.000  0.435
atom  4  spin  2
eigenvalues:  0.9820319 0.9820319 0.9992047 0.9992047 0.9994259
 eigenvectors
 1   0.0282738 -0.0757422  0.0732947  0.9940249 -0.0024475
 2   0.9940249 -0.0409037 -0.0451429 -0.0282738 -0.0860465
 3   0.1053005  0.3709575  0.4400093 -0.0051766  0.8109669
 4  -0.0051766 -0.7222515  0.6823844 -0.1053005 -0.0398671
 5   0.0000000 -0.5773503 -0.5773503  0.0000000  0.5773503
 occupations
 0.982  0.001  0.001  0.000  0.001
 0.001  0.999  0.000  0.001  0.000
 0.001  0.000  0.999 -0.001  0.000
 0.000  0.001 -0.001  0.982  0.000
 0.001  0.000  0.000  0.000  0.999
nsum =  14.1375860
 exit write_ns

     total cpu time spent up to now is     24.62 secs

     total energy              =  -174.80132266 Ry
     Harris-Foulkes estimate   =  -174.82982858 Ry
     estimated scf accuracy    <     0.10916791 Ry

     total magnetization       =     0.00 Bohr mag/cell
     absolute magnetization    =     6.81 Bohr mag/cell

     iteration #  3     ecut=    30.00 Ry     beta=0.30
     Davidson diagonalization with overlap
     ethr =  3.90E-04,  avg # of iterations =  2.0
 enter write_ns
U( 1) =  0.0000      U( 2) =  0.0000      U( 3) =  0.0000
alpha( 1) =  0.0000      alpha( 2) =  0.0000      alpha( 3) =  0.0000
atom  3   Tr[ns(na)]=   6.9350768
atom  3  spin  1
eigenvalues:  0.9835257 0.9835257 0.9994319 0.9994319 0.9997363
 eigenvectors
 1   0.0855195 -0.0913959  0.0827012  0.9886446 -0.0086947
 2   0.9886446 -0.0427276 -0.0577874 -0.0855195 -0.1005150
 3   0.1233919  0.3674320  0.4416728 -0.0065368  0.8091048
 4   0.0065368  0.7221368 -0.6792738  0.1233919  0.0428629
 5   0.0000000 -0.5773503 -0.5773503  0.0000000  0.5773503
 occupations
 0.984  0.001  0.001  0.000  0.002
 0.001  0.999  0.000  0.001  0.000
 0.001  0.000  0.999 -0.001  0.000
 0.000  0.001 -0.001  0.984  0.000
 0.002  0.000  0.000  0.000  0.999
atom  3  spin  2
eigenvalues:  0.3303616 0.3303616 0.4289372 0.4289372 0.4508279
 eigenvectors
 1   0.8371833  0.2661262  0.0358698  0.3685279  0.3019960
 2  -0.3685279  0.1950669 -0.3280055  0.8371833 -0.1329386
 3  -0.3783897  0.1225574  0.5767488  0.1418895  0.6993062
 4  -0.1418895  0.7367307 -0.4745032 -0.3783897  0.2622275
 5   0.0000000 -0.5773503 -0.5773503  0.0000000  0.5773503
 occupations
 0.346 -0.015 -0.015  0.000 -0.030
-0.015  0.426  0.013 -0.026 -0.013
-0.015  0.013  0.426  0.026 -0.013
 0.000 -0.026  0.026  0.346  0.000
-0.030 -0.013 -0.013  0.000  0.426
atom  4   Tr[ns(na)]=   6.9350768
atom  4  spin  1
eigenvalues:  0.3303616 0.3303616 0.4289372 0.4289372 0.4508279
 eigenvectors
 1   0.8388688  0.2652265  0.0373775  0.3646750  0.3026040
 2  -0.3646750  0.1962884 -0.3278371  0.8388688 -0.1315487
 3  -0.3800819  0.1314794  0.5709543  0.1372920  0.7024336
 4  -0.1372920  0.7351909 -0.4814599 -0.3800819  0.2537310
 5   0.0000000 -0.5773503 -0.5773503  0.0000000  0.5773503
 occupations
 0.346 -0.015 -0.015  0.000 -0.030
-0.015  0.426  0.013 -0.026 -0.013
-0.015  0.013  0.426  0.026 -0.013
 0.000 -0.026  0.026  0.346  0.000
-0.030 -0.013 -0.013  0.000  0.426
atom  4  spin  2
eigenvalues:  0.9835257 0.9835257 0.9994319 0.9994319 0.9997363
 eigenvectors
 1   0.1983567 -0.0956937  0.0755269  0.9723098 -0.0201668
 2   0.9723098 -0.0319621 -0.0668921 -0.1983567 -0.0988542
 3   0.1234309  0.3720033  0.4373570 -0.0057543  0.8093603
 4   0.0057543  0.7197926 -0.6820606  0.1234309  0.0377320
 5   0.0000000 -0.5773503 -0.5773503  0.0000000  0.5773503
 occupations
 0.984  0.001  0.001  0.000  0.002
 0.001  0.999  0.000  0.001  0.000
 0.001  0.000  0.999 -0.001  0.000
 0.000  0.001 -0.001  0.984  0.000
 0.002  0.000  0.000  0.000  0.999
nsum =  13.8701537
 exit write_ns

     total cpu time spent up to now is     32.68 secs

     total energy              =  -174.82215071 Ry
     Harris-Foulkes estimate   =  -174.81940173 Ry
     estimated scf accuracy    <     0.01926277 Ry

     total magnetization       =     0.00 Bohr mag/cell
     absolute magnetization    =     7.04 Bohr mag/cell

     iteration #  4     ecut=    30.00 Ry     beta=0.30
     Davidson diagonalization with overlap
     ethr =  6.88E-05,  avg # of iterations =  1.8
 enter write_ns
U( 1) =  0.0000      U( 2) =  0.0000      U( 3) =  0.0000
alpha( 1) =  0.0000      alpha( 2) =  0.0000      alpha( 3) =  0.0000
atom  3   Tr[ns(na)]=   6.9529134
atom  3  spin  1
eigenvalues:  0.9850293 0.9850293 0.9995017 0.9995017 0.9997975
 eigenvectors
 1   0.0036642 -0.1013149  0.1008827  0.9897193 -0.0004322
 2   0.9897193 -0.0579951 -0.0587437 -0.0036642 -0.1167389
 3   0.1429223  0.3846735  0.4231294 -0.0039282  0.8078029
 4  -0.0039282 -0.7106791  0.6884766 -0.1429223 -0.0222025
 5   0.0000000 -0.5773503 -0.5773503  0.0000000  0.5773503
 occupations
 0.985  0.001  0.001  0.000  0.002
 0.001  0.999  0.000  0.001  0.000
 0.001  0.000  0.999 -0.001  0.000
 0.000  0.001 -0.001  0.985  0.000
 0.002  0.000  0.000  0.000  0.999
atom  3  spin  2
eigenvalues:  0.3363624 0.3363624 0.4214616 0.4449338 0.4449338
 eigenvectors
 1   0.8392918  0.2419218  0.0202247  0.4097967  0.2621465
 2  -0.4097967  0.1630270 -0.2910239  0.8392918 -0.1279969
 3   0.0000000  0.5773503  0.5773503  0.0000000 -0.5773503
 4   0.3405166 -0.1634225 -0.5633793 -0.1081869 -0.7268018
 5  -0.1081869  0.7448864 -0.5139712 -0.3405166  0.2309152
 occupations
 0.350 -0.015 -0.015  0.000 -0.030
-0.015  0.428 -0.003 -0.026  0.003
-0.015 -0.003  0.428  0.026  0.003
 0.000 -0.026  0.026  0.350  0.000
-0.030  0.003  0.003  0.000  0.428
atom  4   Tr[ns(na)]=   6.9529134
atom  4  spin  1
eigenvalues:  0.3363624 0.3363624 0.4214616 0.4449338 0.4449338
 eigenvectors
 1   0.8494884  0.2376774  0.0276539  0.3882184  0.2653313
 2  -0.3882184  0.1691551 -0.2904122  0.8494884 -0.1212571
 3   0.0000000  0.5773503  0.5773503  0.0000000 -0.5773503
 4   0.3373166 -0.1422647 -0.5777071 -0.1177857 -0.7199718
 5  -0.1177857  0.7492152 -0.4978124 -0.3373166  0.2514028
 occupations
 0.350 -0.015 -0.015  0.000 -0.030
-0.015  0.428 -0.003 -0.026  0.003
-0.015 -0.003  0.428  0.026  0.003
 0.000 -0.026  0.026  0.350  0.000
-0.030  0.003  0.003  0.000  0.428
atom  4  spin  2
eigenvalues:  0.9850293 0.9850293 0.9995017 0.9995017 0.9997975
 eigenvectors
 1  -0.0047014 -0.1008211  0.1013757  0.9897149  0.0005545
 2   0.9897149 -0.0588494 -0.0578889  0.0047014 -0.1167384
 3   0.1428796  0.3780402  0.4295210 -0.0052587  0.8075612
 4  -0.0052587 -0.7142297  0.6845073 -0.1428796 -0.0297224
 5   0.0000000 -0.5773503 -0.5773503  0.0000000  0.5773503
 occupations
 0.985  0.001  0.001  0.000  0.002
 0.001  0.999  0.000  0.001  0.000
 0.001  0.000  0.999 -0.001  0.000
 0.000  0.001 -0.001  0.985  0.000
 0.002  0.000  0.000  0.000  0.999
nsum =  13.9058269
 exit write_ns

     total cpu time spent up to now is     40.57 secs

     total energy              =  -174.82396919 Ry
     Harris-Foulkes estimate   =  -174.82416263 Ry
     estimated scf accuracy    <     0.00166596 Ry

     total magnetization       =     0.00 Bohr mag/cell
     absolute magnetization    =     7.05 Bohr mag/cell

     iteration #  5     ecut=    30.00 Ry     beta=0.30
     Davidson diagonalization with overlap
     ethr =  5.95E-06,  avg # of iterations =  2.8
 enter write_ns
U( 1) =  0.0000      U( 2) =  0.0000      U( 3) =  0.0000
alpha( 1) =  0.0000      alpha( 2) =  0.0000      alpha( 3) =  0.0000
atom  3   Tr[ns(na)]=   6.9362947
atom  3  spin  1
eigenvalues:  0.9853496 0.9853496 0.9995282 0.9995282 0.9999360
 eigenvectors
 1   0.0143620 -0.1007214  0.0990480  0.9898665 -0.0016734
 2  -0.9898665  0.0562192  0.0591177  0.0143620  0.1153369
 3   0.1412112  0.3832399  0.4247130 -0.0041849  0.8079529
 4  -0.0041849 -0.7116800  0.6877355 -0.1412112 -0.0239445
 5   0.0000000 -0.5773503 -0.5773503  0.0000000  0.5773503
 occupations
 0.986  0.001  0.001  0.000  0.002
 0.001  0.999  0.000  0.001  0.000
 0.001  0.000  0.999 -0.001  0.000
 0.000  0.001 -0.001  0.986  0.000
 0.002  0.000  0.000  0.000  0.999
atom  3  spin  2
eigenvalues:  0.3301177 0.3301177 0.4284854 0.4389412 0.4389412
 eigenvectors
 1   0.8498252  0.2361987  0.0270399  0.3898482  0.2632386
 2   0.3898482 -0.1675924  0.2883503 -0.8498252  0.1207579
 3   0.0000000  0.5773503  0.5773503  0.0000000 -0.5773503
 4   0.3346117 -0.1407224 -0.5794388 -0.1176886 -0.7201613
 5   0.1176886 -0.7503245  0.4970314  0.3346117 -0.2532930
 occupations
 0.344 -0.015 -0.015  0.000 -0.029
-0.015  0.426  0.001 -0.026 -0.001
-0.015  0.001  0.426  0.026 -0.001
 0.000 -0.026  0.026  0.344  0.000
-0.029 -0.001 -0.001  0.000  0.426
atom  4   Tr[ns(na)]=   6.9362947
atom  4  spin  1
eigenvalues:  0.3301177 0.3301177 0.4284854 0.4389412 0.4389412
 eigenvectors
 1   0.8391974  0.2405564  0.0193903  0.4122284  0.2599466
 2   0.4122284 -0.1612752  0.2889655 -0.8391974  0.1276903
 3   0.0000000  0.5773503  0.5773503  0.0000000 -0.5773503
 4   0.3393903 -0.1730548 -0.5573913 -0.1031009 -0.7304460
 5   0.1031009 -0.7435332  0.5216364  0.3393903 -0.2218968
 occupations
 0.344 -0.015 -0.015  0.000 -0.029
-0.015  0.426  0.001 -0.026 -0.001
-0.015  0.001  0.426  0.026 -0.001
 0.000 -0.026  0.026  0.344  0.000
-0.029 -0.001 -0.001  0.000  0.426
atom  4  spin  2
eigenvalues:  0.9853496 0.9853496 0.9995282 0.9995282 0.9999360
 eigenvectors
 1   0.1328457 -0.1067311  0.0912523  0.9810168 -0.0154789
 2   0.9810168 -0.0437478 -0.0705580 -0.1328457 -0.1143058
 3  -0.1411365 -0.3729804 -0.4345454  0.0062124 -0.8075258
 4   0.0062124  0.7171101 -0.6815655  0.1411365  0.0355446
 5   0.0000000 -0.5773503 -0.5773503  0.0000000  0.5773503
 occupations
 0.986  0.001  0.001  0.000  0.002
 0.001  0.999  0.000  0.001  0.000
 0.001  0.000  0.999 -0.001  0.000
 0.000  0.001 -0.001  0.986  0.000
 0.002  0.000  0.000  0.000  0.999
nsum =  13.8725894
 exit write_ns

     total cpu time spent up to now is     49.50 secs

     total energy              =  -174.82455719 Ry
     Harris-Foulkes estimate   =  -174.82440480 Ry
     estimated scf accuracy    <     0.00042692 Ry

     total magnetization       =     0.00 Bohr mag/cell
     absolute magnetization    =     7.08 Bohr mag/cell

     iteration #  6     ecut=    30.00 Ry     beta=0.30
     Davidson diagonalization with overlap
     ethr =  1.52E-06,  avg # of iterations =  2.0
 enter write_ns
U( 1) =  0.0000      U( 2) =  0.0000      U( 3) =  0.0000
alpha( 1) =  0.0000      alpha( 2) =  0.0000      alpha( 3) =  0.0000
atom  3   Tr[ns(na)]=   6.9410784
atom  3  spin  1
eigenvalues:  0.9855445 0.9855445 0.9995114 0.9995114 0.9999556
 eigenvectors
 1   0.1696845  0.0888520 -0.1086965 -0.9752455 -0.0198446
 2   0.9752455 -0.0742132 -0.0398414  0.1696845 -0.1140547
 3  -0.1417201 -0.3825102 -0.4253589  0.0043398 -0.8078690
 4  -0.0043398 -0.7120045  0.6872658 -0.1417201 -0.0247387
 5   0.0000000 -0.5773503 -0.5773503  0.0000000  0.5773503
 occupations
 0.986  0.001  0.001  0.000  0.002
 0.001  0.999  0.000  0.001  0.000
 0.001  0.000  0.999 -0.001  0.000
 0.000  0.001 -0.001  0.986  0.000
 0.002  0.000  0.000  0.000  0.999
atom  3  spin  2
eigenvalues:  0.3307659 0.3307659 0.4308235 0.4393278 0.4393278
 eigenvectors
 1  -0.8321194 -0.2506615 -0.0183890 -0.4147525 -0.2690505
 2  -0.4147525  0.1659533 -0.3000559  0.8321194 -0.1341026
 3   0.0000000  0.5773503  0.5773503  0.0000000 -0.5773503
 4   0.3502669 -0.1585240 -0.5636796 -0.1134490 -0.7222035
 5   0.1134490 -0.7424050  0.5084883  0.3502669 -0.2339167
 occupations
 0.345 -0.015 -0.015  0.000 -0.030
-0.015  0.427  0.002 -0.026 -0.002
-0.015  0.002  0.427  0.026 -0.002
 0.000 -0.026  0.026  0.345  0.000
-0.030 -0.002 -0.002  0.000  0.427
atom  4   Tr[ns(na)]=   6.9410784
atom  4  spin  1
eigenvalues:  0.3307659 0.3307659 0.4308235 0.4393278 0.4393278
 eigenvectors
 1  -0.8506610 -0.2426000 -0.0324456 -0.3752577 -0.2750456
 2  -0.3752577  0.1775301 -0.2988628  0.8506610 -0.1213327
 3   0.0000000  0.5773503  0.5773503  0.0000000 -0.5773503
 4   0.3482767 -0.1458118 -0.5722882 -0.1194191 -0.7181000
 5   0.1194191 -0.7450060  0.4987797  0.3482767 -0.2462263
 occupations
 0.345 -0.015 -0.015  0.000 -0.030
-0.015  0.427  0.002 -0.026 -0.002
-0.015  0.002  0.427  0.026 -0.002
 0.000 -0.026  0.026  0.345  0.000
-0.030 -0.002 -0.002  0.000  0.427
atom  4  spin  2
eigenvalues:  0.9855445 0.9855445 0.9995114 0.9995114 0.9999556
 eigenvectors
 1  -0.0435218 -0.0976163  0.1027062  0.9889401  0.0050899
 2  -0.9889401  0.0622361  0.0534202 -0.0435218  0.1156562
 3   0.1416454  0.3724983  0.4349449 -0.0063247  0.8074432
 4  -0.0063247 -0.7172931  0.6812395 -0.1416454 -0.0360536
 5   0.0000000 -0.5773503 -0.5773503  0.0000000  0.5773503
 occupations
 0.986  0.001  0.001  0.000  0.002
 0.001  0.999  0.000  0.001  0.000
 0.001  0.000  0.999 -0.001  0.000
 0.000  0.001 -0.001  0.986  0.000
 0.002  0.000  0.000  0.000  0.999
nsum =  13.8821567
 exit write_ns

     total cpu time spent up to now is     57.55 secs

     total energy              =  -174.82463763 Ry
     Harris-Foulkes estimate   =  -174.82463501 Ry
     estimated scf accuracy    <     0.00003529 Ry

     total magnetization       =     0.00 Bohr mag/cell
     absolute magnetization    =     7.08 Bohr mag/cell

     iteration #  7     ecut=    30.00 Ry     beta=0.30
     Davidson diagonalization with overlap
     ethr =  1.26E-07,  avg # of iterations =  3.2
 enter write_ns
U( 1) =  0.0000      U( 2) =  0.0000      U( 3) =  0.0000
alpha( 1) =  0.0000      alpha( 2) =  0.0000      alpha( 3) =  0.0000
atom  3   Tr[ns(na)]=   6.9370165
atom  3  spin  1
eigenvalues:  0.9856189 0.9856189 0.9995056 0.9995056 0.9999715
 eigenvectors
 1   0.1385219  0.0915695 -0.1078420 -0.9800674 -0.0162724
 2   0.9800674 -0.0716575 -0.0434728  0.1385219 -0.1151303
 3  -0.1423572 -0.3854949 -0.4223993  0.0037544 -0.8078941
 4  -0.0037544 -0.7103102  0.6890034 -0.1423572 -0.0213068
 5   0.0000000 -0.5773503 -0.5773503  0.0000000  0.5773503
 occupations
 0.986  0.001  0.001  0.000  0.002
 0.001  0.999  0.000  0.001  0.000
 0.001  0.000  0.999 -0.001  0.000
 0.000  0.001 -0.001  0.986  0.000
 0.002  0.000  0.000  0.000  0.999
atom  3  spin  2
eigenvalues:  0.3294719 0.3294719 0.4306837 0.4385843 0.4385843
 eigenvectors
 1  -0.8507419 -0.2402940 -0.0308082 -0.3795411 -0.2711022
 2  -0.3795411  0.1743080 -0.2952547  0.8507419 -0.1209467
 3   0.0000000  0.5773503  0.5773503  0.0000000 -0.5773503
 4   0.3450169 -0.1531345 -0.5686606 -0.1146738 -0.7217951
 5   0.1146738 -0.7450450  0.5051409  0.3450169 -0.2399041
 occupations
 0.344 -0.015 -0.015  0.000 -0.030
-0.015  0.426  0.002 -0.026 -0.002
-0.015  0.002  0.426  0.026 -0.002
 0.000 -0.026  0.026  0.344  0.000
-0.030 -0.002 -0.002  0.000  0.426
atom  4   Tr[ns(na)]=   6.9370166
atom  4  spin  1
eigenvalues:  0.3294719 0.3294719 0.4306837 0.4385843 0.4385843
 eigenvectors
 1  -0.8513803 -0.2399999 -0.0313057 -0.3781069 -0.2713056
 2  -0.3781069  0.1747127 -0.2952023  0.8513803 -0.1204896
 3   0.0000000  0.5773503  0.5773503  0.0000000 -0.5773503
 4   0.3462954 -0.1615753 -0.5628945 -0.1107530 -0.7244698
 5   0.1107530 -0.7432601  0.5115584  0.3462954 -0.2317017
 occupations
 0.344 -0.015 -0.015  0.000 -0.030
-0.015  0.426  0.002 -0.026 -0.002
-0.015  0.002  0.426  0.026 -0.002
 0.000 -0.026  0.026  0.344  0.000
-0.030 -0.002 -0.002  0.000  0.426
atom  4  spin  2
eigenvalues:  0.9856189 0.9856189 0.9995056 0.9995056 0.9999715
 eigenvectors
 1  -0.0417371 -0.0981557  0.1030586  0.9889279  0.0049029
 2  -0.9889279  0.0623316  0.0538395 -0.0417371  0.1161712
 3   0.1422708  0.3731290  0.4342746 -0.0062206  0.8074036
 4  -0.0062206 -0.7168833  0.6815808 -0.1422708 -0.0353025
 5   0.0000000 -0.5773503 -0.5773503  0.0000000  0.5773503
 occupations
 0.986  0.001  0.001  0.000  0.002
 0.001  0.999  0.000  0.001  0.000
 0.001  0.000  0.999 -0.001  0.000
 0.000  0.001 -0.001  0.986  0.000
 0.002  0.000  0.000  0.000  0.999
nsum =  13.8740331
 exit write_ns

     total cpu time spent up to now is     66.92 secs

     total energy              =  -174.82465013 Ry
     Harris-Foulkes estimate   =  -174.82465973 Ry
     estimated scf accuracy    <     0.00003565 Ry

     total magnetization       =     0.00 Bohr mag/cell
     absolute magnetization    =     7.09 Bohr mag/cell

     iteration #  8     ecut=    30.00 Ry     beta=0.30
     Davidson diagonalization with overlap
     ethr =  1.26E-07,  avg # of iterations =  3.5
 enter write_ns
U( 1) =  0.0000      U( 2) =  0.0000      U( 3) =  0.0000
alpha( 1) =  0.0000      alpha( 2) =  0.0000      alpha( 3) =  0.0000
atom  3   Tr[ns(na)]=   6.9393404
atom  3  spin  1
eigenvalues:  0.9856256 0.9856256 0.9995006 0.9995006 0.9999692
 eigenvectors
 1   0.0237873 -0.1020346  0.0992412  0.9895284 -0.0027935
 2  -0.9895284  0.0556841  0.0605226  0.0237873  0.1162066
 3   0.1422479  0.3754300  0.4320877 -0.0057623  0.8075177
 4  -0.0057623 -0.7156865  0.6829752 -0.1422479 -0.0327113
 5   0.0000000 -0.5773503 -0.5773503  0.0000000  0.5773503
 occupations
 0.986  0.001  0.001  0.000  0.002
 0.001  0.999  0.000  0.001  0.000
 0.001  0.000  0.999 -0.001  0.000
 0.000  0.001 -0.001  0.986  0.000
 0.002  0.000  0.000  0.000  0.999
atom  3  spin  2
eigenvalues:  0.3301214 0.3301214 0.4307610 0.4390574 0.4390574
 eigenvectors
 1  -0.8116832 -0.2574027 -0.0039278 -0.4545385 -0.2613305
 2  -0.4545385  0.1531470 -0.2994907  0.8116832 -0.1463438
 3   0.0000000  0.5773503  0.5773503  0.0000000 -0.5773503
 4   0.3478773 -0.1514513 -0.5688783 -0.1163898 -0.7203296
 5   0.1163898 -0.7443246  0.5033230  0.3478773 -0.2410016
 occupations
 0.345 -0.015 -0.015  0.000 -0.030
-0.015  0.427  0.002 -0.026 -0.002
-0.015  0.002  0.427  0.026 -0.002
 0.000 -0.026  0.026  0.345  0.000
-0.030 -0.002 -0.002  0.000  0.427
atom  4   Tr[ns(na)]=   6.9393389
atom  4  spin  1
eigenvalues:  0.3301214 0.3301214 0.4307608 0.4390568 0.4390568
 eigenvectors
 1  -0.8529985 -0.2408316 -0.0338015 -0.3712517 -0.2746331
 2  -0.3712517  0.1780748 -0.2976037  0.8529985 -0.1195289
 3   0.0000000  0.5773503  0.5773503  0.0000000 -0.5773503
 4   0.3479902 -0.1521698 -0.5683919 -0.1160541 -0.7205617
 5   0.1160541 -0.7441777  0.5038718  0.3479902 -0.2403059
 occupations
 0.345 -0.015 -0.015  0.000 -0.030
-0.015  0.427  0.002 -0.026 -0.002
-0.015  0.002  0.427  0.026 -0.002
 0.000 -0.026  0.026  0.345  0.000
-0.030 -0.002 -0.002  0.000  0.427
atom  4  spin  2
eigenvalues:  0.9856256 0.9856256 0.9995007 0.9995007 0.9999692
 eigenvectors
 1   0.0867411  0.0951863 -0.1053729 -0.9860063 -0.0101866
 2   0.9860063 -0.0667183 -0.0490747  0.0867411 -0.1157929
 3  -0.1422551 -0.3763432 -0.4312156  0.0055807 -0.8075588
 4  -0.0055807 -0.7152067  0.6835262 -0.1422551 -0.0316806
 5   0.0000000 -0.5773503 -0.5773503  0.0000000  0.5773503
 occupations
 0.986  0.001  0.001  0.000  0.002
 0.001  0.999  0.000  0.001  0.000
 0.001  0.000  0.999 -0.001  0.000
 0.000  0.001 -0.001  0.986  0.000
 0.002  0.000  0.000  0.000  0.999
nsum =  13.8786793
 exit write_ns

     total cpu time spent up to now is     75.39 secs

     total energy              =  -174.82465723 Ry
     Harris-Foulkes estimate   =  -174.82465697 Ry
     estimated scf accuracy    <     0.00000111 Ry

     total magnetization       =     0.00 Bohr mag/cell
     absolute magnetization    =     7.09 Bohr mag/cell

     iteration #  9     ecut=    30.00 Ry     beta=0.30
     Davidson diagonalization with overlap
     ethr =  3.97E-09,  avg # of iterations =  3.8
 enter write_ns
U( 1) =  0.0000      U( 2) =  0.0000      U( 3) =  0.0000
alpha( 1) =  0.0000      alpha( 2) =  0.0000      alpha( 3) =  0.0000
atom  3   Tr[ns(na)]=   6.9389571
atom  3  spin  1
eigenvalues:  0.9856387 0.9856387 0.9995006 0.9995006 0.9999703
 eigenvectors
 1   0.0637247 -0.1043326  0.0968393  0.9877347 -0.0074933
 2   0.9877347 -0.0515839 -0.0645627 -0.0637247 -0.1161467
 3  -0.1424313 -0.3757137 -0.4317961  0.0057112 -0.8075098
 4   0.0057112  0.7155136 -0.6831344  0.1424313  0.0323792
 5   0.0000000 -0.5773503 -0.5773503  0.0000000  0.5773503
 occupations
 0.986  0.001  0.001  0.000  0.002
 0.001  0.999  0.000  0.001  0.000
 0.001  0.000  0.999 -0.001  0.000
 0.000  0.001 -0.001  0.986  0.000
 0.002  0.000  0.000  0.000  0.999
atom  3  spin  2
eigenvalues:  0.3300315 0.3300315 0.4304589 0.4390931 0.4390931
 eigenvectors
 1  -0.8347941 -0.2482642 -0.0195682 -0.4115418 -0.2678324
 2  -0.4115418  0.1659308 -0.2979685  0.8347941 -0.1320376
 3   0.0000000  0.5773503  0.5773503  0.0000000 -0.5773503
 4   0.3467912 -0.1513066 -0.5692914 -0.1161382 -0.7205980
 5   0.1161382 -0.7447180  0.5033943  0.3467912 -0.2413237
 occupations
 0.345 -0.015 -0.015  0.000 -0.030
-0.015  0.426  0.002 -0.026 -0.002
-0.015  0.002  0.426  0.026 -0.002
 0.000 -0.026  0.026  0.345  0.000
-0.030 -0.002 -0.002  0.000  0.426
atom  4   Tr[ns(na)]=   6.9389789
atom  4  spin  1
eigenvalues:  0.3300324 0.3300324 0.4304627 0.4391010 0.4391010
 eigenvectors
 1   0.8537440  0.2399325  0.0339708  0.3706435  0.2739033
 2   0.3706435 -0.1777511  0.2966632 -0.8537440  0.1189121
 3   0.0000000  0.5773503  0.5773503  0.0000000 -0.5773503
 4   0.3450848 -0.1406402 -0.5764356 -0.1210829 -0.7170758
 5   0.1210829 -0.7468092  0.4952026  0.3450848 -0.2516066
 occupations
 0.345 -0.015 -0.015  0.000 -0.030
-0.015  0.426  0.002 -0.026 -0.002
-0.015  0.002  0.426  0.026 -0.002
 0.000 -0.026  0.026  0.345  0.000
-0.030 -0.002 -0.002  0.000  0.426
atom  4  spin  2
eigenvalues:  0.9856388 0.9856388 0.9995006 0.9995006 0.9999704
 eigenvectors
 1   0.0843260  0.0954716 -0.1053875 -0.9861894 -0.0099159
 2   0.9861894 -0.0665704 -0.0493956  0.0843260 -0.1159660
 3  -0.1424261 -0.3749059 -0.4325667  0.0058719 -0.8074726
 4  -0.0058719 -0.7159370  0.6826465 -0.1424261 -0.0332905
 5   0.0000000 -0.5773503 -0.5773503  0.0000000  0.5773503
 occupations
 0.986  0.001  0.001  0.000  0.002
 0.001  0.999  0.000  0.001  0.000
 0.001  0.000  0.999 -0.001  0.000
 0.000  0.001 -0.001  0.986  0.000
 0.002  0.000  0.000  0.000  0.999
nsum =  13.8779359
 exit write_ns

     total cpu time spent up to now is     84.30 secs

     End of self-consistent calculation

 ------ SPIN UP ------------


          k = 0.0000 0.0000 0.0000 (   731 PWs)   bands (ev):

    -8.9530  -7.7466   2.7539   5.1279   5.1279   7.5764   7.5999   7.5999
     7.7781   7.7781   8.0650   8.9386   8.9386  11.0567  11.0567  11.2577
    11.5025  12.8933  12.8933  15.3690

          k =-0.7500 0.2500 0.2500 (   764 PWs)   bands (ev):

    -7.7706  -7.7513   3.6509   3.9130   4.7745   5.3282   5.3837   6.0705
     7.7223   8.2473   8.6477   9.6396   9.8408  10.4291  11.7001  11.8247
    12.6014  12.6283  17.2954  17.6038

          k =-0.5000-0.5000 0.5000 (   780 PWs)   bands (ev):

    -7.7618  -7.7503   2.7897   4.0522   5.1682   5.1907   6.4321   6.4448
     7.1583   8.2356   8.5574   9.3832   9.6067  10.7263  11.7104  11.8184
    13.0243  13.0945  15.3293  16.7013

          k =-0.2500-0.2500-0.2500 (   748 PWs)   bands (ev):

    -8.4145  -8.3805   4.4377   4.8298   5.5355   5.5355   6.5044   6.5044
     7.8487   7.8487   8.2987   9.9327   9.9327  10.9601  10.9723  10.9723
    12.4960  12.4960  13.9941  14.2632

 ------ SPIN DOWN ----------


          k = 0.0000 0.0000 0.0000 (   731 PWs)   bands (ev):

    -8.9530  -7.7466   2.7539   5.1279   5.1279   7.5764   7.5999   7.5999
     7.7781   7.7781   8.0650   8.9386   8.9386  11.0567  11.0567  11.2577
    11.5025  12.8933  12.8933  15.3690

          k =-0.7500 0.2500 0.2500 (   764 PWs)   bands (ev):

    -7.7706  -7.7513   3.6509   3.9130   4.7745   5.3282   5.3837   6.0705
     7.7222   8.2473   8.6477   9.6396   9.8408  10.4291  11.7001  11.8247
    12.6014  12.6283  17.2954  17.6038

          k =-0.5000-0.5000 0.5000 (   780 PWs)   bands (ev):

    -7.7618  -7.7503   2.7897   4.0522   5.1682   5.1907   6.4321   6.4448
     7.1583   8.2356   8.5574   9.3832   9.6067  10.7263  11.7104  11.8184
    13.0243  13.0945  15.3293  16.7013

          k =-0.2500-0.2500-0.2500 (   748 PWs)   bands (ev):

    -8.4145  -8.3805   4.4377   4.8298   5.5355   5.5355   6.5044   6.5044
     7.8486   7.8486   8.2987   9.9327   9.9327  10.9601  10.9723  10.9723
    12.4960  12.4960  13.9941  14.2632

     the Fermi energy is    10.9768 ev

!    total energy              =  -174.82465792 Ry
     Harris-Foulkes estimate   =  -174.82465764 Ry
     estimated scf accuracy    <     0.00000014 Ry

     The total energy is the sum of the following terms:

     one-electron contribution =     0.56217880 Ry
     hartree contribution      =    27.86070570 Ry
     xc contribution           =   -65.73506326 Ry
     ewald contribution        =  -137.50929535 Ry
     Hubbard energy            =     0.00000000 Ry
     smearing contrib. (-TS)   =    -0.00318382 Ry

     total magnetization       =     0.00 Bohr mag/cell
     absolute magnetization    =     7.09 Bohr mag/cell

     convergence has been achieved

     Writing output data file feo_af.save
 
     PWSCF        :  1m24.35s CPU time

     init_run     :     7.92s CPU
     electrons    :    76.19s CPU
 
 
     electrons    :    76.19s CPU
     c_bands      :    44.28s CPU (       9 calls,   4.920 s avg)
     sum_band     :    20.80s CPU (       9 calls,   2.311 s avg)
     v_of_rho     :     1.27s CPU (      10 calls,   0.127 s avg)
     v_h          :     0.46s CPU (      10 calls,   0.046 s avg)
     v_xc         :     0.81s CPU (      10 calls,   0.081 s avg)
     newd         :     8.33s CPU (      10 calls,   0.833 s avg)
     mix_rho      :     0.06s CPU (       9 calls,   0.007 s avg)
 
     c_bands      :    44.28s CPU (       9 calls,   4.920 s avg)
     init_us_2    :     0.31s CPU (     160 calls,   0.002 s avg)
     cegterg      :    43.96s CPU (      72 calls,   0.611 s avg)
 
     sum_band     :    20.80s CPU (       9 calls,   2.311 s avg)
     becsum       :     0.00s CPU (      72 calls,   0.000 s avg)
     addusdens    :     8.03s CPU (       9 calls,   0.892 s avg)
 
     wfcrot       :     1.99s CPU (       8 calls,   0.249 s avg)
     cegterg      :    43.96s CPU (      72 calls,   0.611 s avg)
     h_psi        :    43.15s CPU (     274 calls,   0.157 s avg)
     g_psi        :     0.07s CPU (     194 calls,   0.000 s avg)
     diagh        :     0.00s CPU (      40 calls,   0.000 s avg)
     diaghg       :     0.78s CPU (     266 calls,   0.003 s avg)
     update       :     0.39s CPU (     194 calls,   0.002 s avg)
     last         :     0.19s CPU (      72 calls,   0.003 s avg)
 
     h_psi        :    43.15s CPU (     274 calls,   0.157 s avg)
     init         :     0.07s CPU (     274 calls,   0.000 s avg)
     firstfft     :    19.48s CPU (    3582 calls,   0.005 s avg)
     secondfft    :    18.64s CPU (    3582 calls,   0.005 s avg)
     add_vuspsi   :     0.62s CPU (     274 calls,   0.002 s avg)
     s_psi        :     0.56s CPU (     282 calls,   0.002 s avg)
 
     General routines
     ccalbec      :     0.66s CPU (     354 calls,   0.002 s avg)
     cft3         :     4.16s CPU (     126 calls,   0.033 s avg)
     cft3s        :    41.76s CPU (    8642 calls,   0.005 s avg)
     interpolate  :     1.76s CPU (      38 calls,   0.046 s avg)
