
     Program PWSCF     v.3.1.1  starts ...
     Today is  6Jul2006 at  5:10:59 

     Ultrasoft (Vanderbilt) Pseudopotentials

     Current dimensions of program pwscf are:

     ntypx = 10   npk = 40000  lmax =  3
     nchix =  6  ndmx =  2000  nbrx = 14  nqfx =  8
  HUBBARD L FOR TYPE Fe IS            2
  HUBBARD L FOR TYPE Fe IS            2
  MAXIMUM HUBBARD L IS            2


     bravais-lattice index     =            0
     lattice parameter (a_0)   =       8.1900  a.u.
     unit-cell volume          =     274.6766 (a.u.)^3
     number of atoms/cell      =            4
     number of atomic types    =            3
     kinetic-energy cutoff     =      30.0000  Ry
     charge density cutoff     =     240.0000  Ry
     convergence threshold     =      1.0E-06
     beta                      =       0.3000
     number of iterations used =            8  plain     mixing
     Exchange-correlation      =  SLA  PZ   NOGX NOGC (1100)
     celldm(1)=   8.190000  celldm(2)=   0.000000  celldm(3)=   0.000000
     celldm(4)=   0.000000  celldm(5)=   0.000000  celldm(6)=   0.000000

     crystal axes: (cart. coord. in units of a_0)
               a(1) = (  0.500000  0.500000  1.000000 )  
               a(2) = (  0.500000  1.000000  0.500000 )  
               a(3) = (  1.000000  0.500000  0.500000 )  

     reciprocal axes: (cart. coord. in units 2 pi/a_0)
               b(1) = ( -0.500000 -0.500000  1.500000 )  
               b(2) = ( -0.500000  1.500000 -0.500000 )  
               b(3) = (  1.500000 -0.500000 -0.500000 )  


     PSEUDO 1 is O  (US)    zval =  6.0   lmax= 2   lloc= 0
     Version   0  0  0 of US pseudo code
     Using log mesh of  1269 points
     The pseudopotential has  4 beta functions with: 
                l(1) =   0
                l(2) =   0
                l(3) =   1
                l(4) =   1
     Q(r) pseudized with  0 coefficients,  rinner =    0.000   0.000   0.000
                                                       0.000   0.000

     PSEUDO 2 is Fe (US)    zval =  8.0   lmax= 2   lloc= 0
     Version   0  0  0 of US pseudo code
     Using log mesh of   957 points
     The pseudopotential has  6 beta functions with: 
                l(1) =   0
                l(2) =   0
                l(3) =   1
                l(4) =   1
                l(5) =   2
                l(6) =   2
     Q(r) pseudized with  0 coefficients,  rinner =    0.000   0.000   0.000
                                                       0.000   0.000

     PSEUDO 3 is Fe (US)    zval =  8.0   lmax= 2   lloc= 0
     Version   0  0  0 of US pseudo code
     Using log mesh of   957 points
     The pseudopotential has  6 beta functions with: 
                l(1) =   0
                l(2) =   0
                l(3) =   1
                l(4) =   1
                l(5) =   2
                l(6) =   2
     Q(r) pseudized with  0 coefficients,  rinner =    0.000   0.000   0.000
                                                       0.000   0.000

     atomic species   valence    mass     pseudopotential
        O1             6.00     1.00000     O ( 1.00)
        Fe1            8.00     1.00000     Fe( 1.00)
        Fe2            8.00     1.00000     Fe( 1.00)

     Starting magnetic structure 
     atomic species   magnetization
        O1           0.000
        Fe1          0.500
        Fe2         -0.500

     12 Sym.Ops. (with inversion)


   Cartesian axes

     site n.     atom                  positions (a_0 units)
         1           O1  tau(  1) = (   0.5000000   0.5000000   0.5000000  )
         2           O1  tau(  2) = (   1.5000000   1.5000000   1.5000000  )
         3           Fe1 tau(  3) = (   0.0000000   0.0000000   0.0000000  )
         4           Fe2 tau(  4) = (   1.0000000   1.0000000   1.0000000  )

     number of k points=    8  gaussian broad. (ryd)=  0.0100     ngauss =   0
                       cart. coord. in units 2pi/a_0
        k(    1) = (   0.0000000   0.0000000   0.0000000), wk =   0.1250000
        k(    2) = (  -0.7500000   0.2500000   0.2500000), wk =   0.3750000
        k(    3) = (  -0.5000000  -0.5000000   0.5000000), wk =   0.3750000
        k(    4) = (  -0.2500000  -0.2500000  -0.2500000), wk =   0.1250000
        k(    5) = (   0.0000000   0.0000000   0.0000000), wk =   0.1250000
        k(    6) = (  -0.7500000   0.2500000   0.2500000), wk =   0.3750000
        k(    7) = (  -0.5000000  -0.5000000   0.5000000), wk =   0.3750000
        k(    8) = (  -0.2500000  -0.2500000  -0.2500000), wk =   0.1250000

     G cutoff =  407.7738  (  17255 G-vectors)     FFT grid: ( 50, 50, 50)
     G cutoff =  203.8869  (   6111 G-vectors)  smooth grid: ( 36, 36, 36)

     nbndx  =    80  nbnd   =    20  natomwfc =    20  npwx   =     780
     nelec  =  28.00  nkb   =    52  ngl    =     342

     Check: negative/imaginary core charge=   -0.000003    0.000000

     Initial potential from superposition of free atoms

     starting charge   27.99905, renormalised to   28.00000

     Parameters of the lda+U calculation:
     Number of iteration with fixed ns =  0
     Starting ns and Hubbard U :
 enter write_ns
U( 1) =  0.0000      U( 2) =  4.3000      U( 3) =  4.3000
alpha( 1) =  0.0000      alpha( 2) =  0.0000      alpha( 3) =  0.0000
atom  3   Tr[ns(na)]=   6.0000000
atom  3  spin  1
eigenvalues:  1.0000000 1.0000000 1.0000000 1.0000000 1.0000000
 eigenvectors
 1   1.0000000  0.0000000  0.0000000  0.0000000  0.0000000
 2   0.0000000  1.0000000  0.0000000  0.0000000  0.0000000
 3   0.0000000  0.0000000  1.0000000  0.0000000  0.0000000
 4   0.0000000  0.0000000  0.0000000  1.0000000  0.0000000
 5   0.0000000  0.0000000  0.0000000  0.0000000  1.0000000
 occupations
 1.000  0.000  0.000  0.000  0.000
 0.000  1.000  0.000  0.000  0.000
 0.000  0.000  1.000  0.000  0.000
 0.000  0.000  0.000  1.000  0.000
 0.000  0.000  0.000  0.000  1.000
atom  3  spin  2
eigenvalues:  0.2000000 0.2000000 0.2000000 0.2000000 0.2000000
 eigenvectors
 1   1.0000000  0.0000000  0.0000000  0.0000000  0.0000000
 2   0.0000000  1.0000000  0.0000000  0.0000000  0.0000000
 3   0.0000000  0.0000000  1.0000000  0.0000000  0.0000000
 4   0.0000000  0.0000000  0.0000000  1.0000000  0.0000000
 5   0.0000000  0.0000000  0.0000000  0.0000000  1.0000000
 occupations
 0.200  0.000  0.000  0.000  0.000
 0.000  0.200  0.000  0.000  0.000
 0.000  0.000  0.200  0.000  0.000
 0.000  0.000  0.000  0.200  0.000
 0.000  0.000  0.000  0.000  0.200
atom  4   Tr[ns(na)]=   6.0000000
atom  4  spin  1
eigenvalues:  0.2000000 0.2000000 0.2000000 0.2000000 0.2000000
 eigenvectors
 1   1.0000000  0.0000000  0.0000000  0.0000000  0.0000000
 2   0.0000000  1.0000000  0.0000000  0.0000000  0.0000000
 3   0.0000000  0.0000000  1.0000000  0.0000000  0.0000000
 4   0.0000000  0.0000000  0.0000000  1.0000000  0.0000000
 5   0.0000000  0.0000000  0.0000000  0.0000000  1.0000000
 occupations
 0.200  0.000  0.000  0.000  0.000
 0.000  0.200  0.000  0.000  0.000
 0.000  0.000  0.200  0.000  0.000
 0.000  0.000  0.000  0.200  0.000
 0.000  0.000  0.000  0.000  0.200
atom  4  spin  2
eigenvalues:  1.0000000 1.0000000 1.0000000 1.0000000 1.0000000
 eigenvectors
 1   1.0000000  0.0000000  0.0000000  0.0000000  0.0000000
 2   0.0000000  1.0000000  0.0000000  0.0000000  0.0000000
 3   0.0000000  0.0000000  1.0000000  0.0000000  0.0000000
 4   0.0000000  0.0000000  0.0000000  1.0000000  0.0000000
 5   0.0000000  0.0000000  0.0000000  0.0000000  1.0000000
 occupations
 1.000  0.000  0.000  0.000  0.000
 0.000  1.000  0.000  0.000  0.000
 0.000  0.000  1.000  0.000  0.000
 0.000  0.000  0.000  1.000  0.000
 0.000  0.000  0.000  0.000  1.000
nsum =  12.0000000
 exit write_ns
 LDA+U Projector read from file 
     Starting wfc are atomic

     total cpu time spent up to now is      7.34 secs

     Self-consistent Calculation

     iteration #  1     ecut=    30.00 ryd     beta=0.30
     Davidson diagonalization with overlap
     ethr =  1.00E-02,  avg # of iterations =  3.1
 enter write_ns
U( 1) =  0.0000      U( 2) =  4.3000      U( 3) =  4.3000
alpha( 1) =  0.0000      alpha( 2) =  0.0000      alpha( 3) =  0.0000
atom  3   Tr[ns(na)]=   5.7760882
atom  3  spin  1
eigenvalues:  0.9907404 0.9907404 0.9912458 0.9955846 0.9955846
 eigenvectors
 1   0.2198656 -0.2054628 -0.5624207 -0.0590090 -0.7678835
 2   0.0590090 -0.7680515  0.5619618  0.2198656 -0.2060897
 3   0.0000000  0.5773503  0.5773503  0.0000000 -0.5773503
 4  -0.5927802 -0.1842824  0.0711298 -0.7725210 -0.1131526
 5  -0.7725210  0.0242619 -0.1717242  0.5927802 -0.1474623
 occupations
 0.995  0.000  0.000  0.000  0.001
 0.000  0.991  0.000  0.001  0.000
 0.000  0.000  0.991 -0.001  0.000
 0.000  0.001 -0.001  0.995  0.000
 0.001  0.000  0.000  0.000  0.991
atom  3  spin  2
eigenvalues:  0.0511291 0.0511291 0.2194892 0.2452225 0.2452225
 eigenvectors
 1  -0.4521936 -0.0440616  0.0240793 -0.8902811 -0.0199823
 2   0.8902811  0.0023654  0.0369758 -0.4521936  0.0393412
 3   0.0000000 -0.5773503 -0.5773503  0.0000000  0.5773503
 4   0.0534471 -0.2986912 -0.5076380 -0.0079963 -0.8063292
 5   0.0079963 -0.7586193  0.6379838  0.0534471 -0.1206355
 occupations
 0.052 -0.004 -0.004  0.000 -0.009
-0.004  0.236 -0.008 -0.007  0.008
-0.004 -0.008  0.236  0.007  0.008
 0.000 -0.007  0.007  0.052  0.000
-0.009  0.008  0.008  0.000  0.236
atom  4   Tr[ns(na)]=   6.0819627
atom  4  spin  1
eigenvalues:  0.1596418 0.1596418 0.2422505 0.2568335 0.2568335
 eigenvectors
 1  -0.3633559 -0.0912835  0.0575260 -0.9247654 -0.0337575
 2  -0.9247654 -0.0137227 -0.0721924  0.3633559 -0.0859152
 3   0.0000000 -0.5773503 -0.5773503  0.0000000  0.5773503
 4  -0.1110126  0.2653549  0.5312498  0.0213934  0.7966047
 5  -0.0213934  0.7666371 -0.6131226 -0.1110126  0.1535145
 occupations
 0.161 -0.004 -0.004  0.000 -0.009
-0.004  0.251 -0.004 -0.008  0.004
-0.004 -0.004  0.251  0.008  0.004
 0.000 -0.008  0.008  0.161  0.000
-0.009  0.004  0.004  0.000  0.251
atom  4  spin  2
eigenvalues:  0.9977251 0.9977251 1.0036930 1.0038092 1.0038092
 eigenvectors
 1   0.4471851  0.2086328 -0.5605416 -0.5643148 -0.3519088
 2   0.5643148 -0.5268034  0.0827204  0.4471851 -0.4440830
 3   0.0000000 -0.5773503 -0.5773503  0.0000000  0.5773503
 4  -0.6797028 -0.3905652 -0.1852526 -0.1399230 -0.5758177
 5   0.1399230 -0.4394041  0.5579414 -0.6797028  0.1185373
 occupations
 1.001  0.001  0.001  0.000  0.002
 0.001  1.002  0.001  0.002 -0.001
 0.001  0.001  1.002 -0.002 -0.001
 0.000  0.002 -0.002  1.001  0.000
 0.002 -0.001 -0.001  0.000  1.002
nsum =  11.8580509
 exit write_ns
 Modify starting ns matrices according to input values 
 enter write_ns
U( 1) =  0.0000      U( 2) =  4.3000      U( 3) =  4.3000
alpha( 1) =  0.0000      alpha( 2) =  0.0000      alpha( 3) =  0.0000
atom  3   Tr[ns(na)]=   6.5565990
atom  3  spin  1
eigenvalues:  0.9907404 0.9907404 0.9912458 0.9955846 0.9955846
 eigenvectors
 1   0.2207634 -0.2174744 -0.5535446 -0.0555561 -0.7710190
 2   0.0555561 -0.7647372  0.5707069  0.2207634 -0.1940303
 3   0.0000000  0.5773503  0.5773503  0.0000000 -0.5773503
 4  -0.5101982 -0.1858003  0.0884114 -0.8293822 -0.0973889
 5  -0.8293822  0.0051832 -0.1634994  0.5101982 -0.1583162
 occupations
 0.995  0.000  0.000  0.000  0.001
 0.000  0.991  0.000  0.001  0.000
 0.000  0.000  0.991 -0.001  0.000
 0.000  0.001 -0.001  0.995  0.000
 0.001  0.000  0.000  0.000  0.991
atom  3  spin  2
eigenvalues:  0.0511291 0.0511291 0.2452225 0.2452225 1.0000000
 eigenvectors
 1   0.4193406  0.0439457 -0.0254152  0.9062190  0.0185305
 2  -0.9062190 -0.0039749 -0.0360706  0.4193406 -0.0400455
 3  -0.0534606  0.2999787  0.5065541  0.0079055  0.8065328
 4   0.0079055 -0.7581111  0.6388447  0.0534606 -0.1192664
 5   0.0000000 -0.5773503 -0.5773503  0.0000000  0.5773503
 occupations
 0.052 -0.004 -0.004  0.000 -0.009
-0.004  0.496  0.252 -0.007 -0.252
-0.004  0.252  0.496  0.007 -0.252
 0.000 -0.007  0.007  0.052  0.000
-0.009 -0.252 -0.252  0.000  0.496
atom  4   Tr[ns(na)]=   6.8397122
atom  4  spin  1
eigenvalues:  0.1596418 0.1596418 0.2568335 0.2568335 1.0000000
 eigenvectors
 1   0.3797488  0.0915131 -0.0562326  0.9181554  0.0352805
 2   0.9181554  0.0120967  0.0732043 -0.3797488  0.0853011
 3  -0.1106175  0.2517748  0.5419946  0.0233505  0.7937694
 4  -0.0233505  0.7712037 -0.6036452 -0.1106175  0.1675585
 5   0.0000000 -0.5773503 -0.5773503  0.0000000  0.5773503
 occupations
 0.161 -0.004 -0.004  0.000 -0.009
-0.004  0.504  0.248 -0.008 -0.248
-0.004  0.248  0.504  0.008 -0.248
 0.000 -0.008  0.008  0.161  0.000
-0.009 -0.248 -0.248  0.000  0.504
atom  4  spin  2
eigenvalues:  0.9977251 0.9977251 1.0036930 1.0038092 1.0038092
 eigenvectors
 1   0.4681681  0.1885984 -0.5570195 -0.5470324 -0.3684211
 2   0.5470324 -0.5343034  0.1038207  0.4681681 -0.4304827
 3   0.0000000 -0.5773503 -0.5773503  0.0000000  0.5773503
 4  -0.6736724 -0.4075480 -0.1631610 -0.1665526 -0.5707090
 5   0.1665526 -0.4237001  0.5647970 -0.6736724  0.1410969
 occupations
 1.001  0.001  0.001  0.000  0.002
 0.001  1.002  0.001  0.002 -0.001
 0.001  0.001  1.002 -0.002 -0.001
 0.000  0.002 -0.002  1.001  0.000
 0.002 -0.001 -0.001  0.000  1.002
nsum =  13.3963112
 exit write_ns

     total cpu time spent up to now is     15.80 secs

     total energy              =  -173.96257860 ryd
     estimated scf accuracy    <     2.49081198 ryd

     total magnetization       =    -0.12 Bohr mag/cell
     absolute magnetization    =     8.49 Bohr mag/cell

     iteration #  2     ecut=    30.00 ryd     beta=0.30
     Davidson diagonalization with overlap
     ethr =  8.90E-03,  avg # of iterations =  2.1
 enter write_ns
U( 1) =  0.0000      U( 2) =  4.3000      U( 3) =  4.3000
alpha( 1) =  0.0000      alpha( 2) =  0.0000      alpha( 3) =  0.0000
atom  3   Tr[ns(na)]=   6.1303190
atom  3  spin  1
eigenvalues:  0.9893297 0.9893297 0.9973105 0.9979753 0.9979753
 eigenvectors
 1  -0.2144247 -0.0523470  0.0405453 -0.9744222 -0.0118018
 2  -0.9744222 -0.0165951 -0.0370363  0.2144247 -0.0536314
 3   0.0000000  0.5773503  0.5773503  0.0000000 -0.5773503
 4   0.0663831 -0.2887221 -0.5153495 -0.0108023 -0.8040716
 5   0.0108023 -0.7617681  0.6309247  0.0663831 -0.1308434
 occupations
 0.989  0.000  0.000  0.000  0.000
 0.000  0.998  0.000  0.000  0.000
 0.000  0.000  0.998  0.000  0.000
 0.000  0.000  0.000  0.989  0.000
 0.000  0.000  0.000  0.000  0.998
atom  3  spin  2
eigenvalues:  0.0789675 0.0789675 0.1123343 0.1123343 0.7757950
 eigenvectors
 1  -0.7582633 -0.3598949 -0.1246758 -0.2125078 -0.4845707
 2   0.2125078 -0.3517486  0.4875525 -0.7582633  0.1358038
 3   0.4725914  0.1109375 -0.6039494 -0.3956445 -0.4930119
 4   0.3956445 -0.6333309  0.2205908  0.4725914 -0.4127401
 5   0.0000000 -0.5773503 -0.5773503  0.0000000  0.5773503
 occupations
 0.092 -0.007 -0.007  0.000 -0.013
-0.007  0.325  0.225 -0.011 -0.225
-0.007  0.225  0.325  0.011 -0.225
 0.000 -0.011  0.011  0.092  0.000
-0.013 -0.225 -0.225  0.000  0.325
atom  4   Tr[ns(na)]=   6.9247339
atom  4  spin  1
eigenvalues:  0.2115777 0.2115777 0.3226706 0.3226706 0.8592757
 eigenvectors
 1  -0.1620299 -0.3665425 -0.4380769  0.0083168 -0.8046194
 2  -0.0083168 -0.7174710  0.6761707 -0.1620299 -0.0413004
 3   0.1122364  0.1064449 -0.1215126 -0.9803469 -0.0150677
 4   0.9803469 -0.0788547 -0.0527566  0.1122364 -0.1316113
 5   0.0000000 -0.5773503 -0.5773503  0.0000000  0.5773503
 occupations
 0.320 -0.007 -0.007  0.000 -0.015
-0.007  0.429  0.215 -0.013 -0.215
-0.007  0.215  0.429  0.013 -0.215
 0.000 -0.013  0.013  0.320  0.000
-0.015 -0.215 -0.215  0.000  0.429
atom  4  spin  2
eigenvalues:  0.9953971 0.9953971 1.0017291 1.0017291 1.0027094
 eigenvectors
 1  -0.2482047 -0.2315524  0.3217220  0.8792851  0.0901696
 2  -0.8792851  0.2378057  0.0816274 -0.2482047  0.3194331
 3   0.4061359  0.4004378  0.3448601  0.0174856  0.7452979
 4   0.0174856 -0.6294030  0.6614908 -0.4061359  0.0320878
 5   0.0000000  0.5773503  0.5773503  0.0000000 -0.5773503
 occupations
 0.996  0.001  0.001  0.000  0.002
 0.001  1.001  0.001  0.002 -0.001
 0.001  0.001  1.001 -0.002 -0.001
 0.000  0.002 -0.002  0.996  0.000
 0.002 -0.001 -0.001  0.000  1.001
nsum =  13.0550528
 exit write_ns

     total cpu time spent up to now is     24.13 secs

     total energy              =  -174.54208074 ryd
     estimated scf accuracy    <     0.24355721 ryd

     total magnetization       =     0.08 Bohr mag/cell
     absolute magnetization    =     7.23 Bohr mag/cell

     iteration #  3     ecut=    30.00 ryd     beta=0.30
     Davidson diagonalization with overlap
     ethr =  8.70E-04,  avg # of iterations =  1.5
 enter write_ns
U( 1) =  0.0000      U( 2) =  4.3000      U( 3) =  4.3000
alpha( 1) =  0.0000      alpha( 2) =  0.0000      alpha( 3) =  0.0000
atom  3   Tr[ns(na)]=   6.1465819
atom  3  spin  1
eigenvalues:  0.9943879 0.9943879 0.9978374 0.9986763 0.9986763
 eigenvectors
 1  -0.1914260 -0.0555376  0.0442689 -0.9788692 -0.0112687
 2  -0.9788692 -0.0190527 -0.0385706  0.1914260 -0.0576233
 3   0.0000000 -0.5773503 -0.5773503  0.0000000  0.5773503
 4  -0.0708168  0.2784491  0.5235454  0.0124951  0.8019945
 5  -0.0124951  0.7653008 -0.6237944 -0.0708168  0.1415064
 occupations
 0.994  0.000  0.000  0.000  0.000
 0.000  0.998  0.000  0.000  0.000
 0.000  0.000  0.998  0.000  0.000
 0.000  0.000  0.000  0.994  0.000
 0.000  0.000  0.000  0.000  0.998
atom  3  spin  2
eigenvalues:  0.0673992 0.0673992 0.0826400 0.0826400 0.8625377
 eigenvectors
 1  -0.6990135 -0.3525411 -0.2215153 -0.0921143 -0.5740565
 2   0.0921143 -0.4593236  0.5349714 -0.6990135  0.0756478
 3   0.4436428  0.2088715 -0.5690129 -0.5532415 -0.3601415
 4   0.5532415 -0.5364475  0.0873358  0.4436428 -0.4491118
 5   0.0000000 -0.5773503 -0.5773503  0.0000000  0.5773503
 occupations
 0.075 -0.003 -0.003  0.000 -0.006
-0.003  0.337  0.263 -0.005 -0.263
-0.003  0.263  0.337  0.005 -0.263
 0.000 -0.005  0.005  0.075  0.000
-0.006 -0.263 -0.263  0.000  0.337
atom  4   Tr[ns(na)]=   6.7708484
atom  4  spin  1
eigenvalues:  0.1665959 0.1665959 0.2740213 0.2740213 0.8896162
 eigenvectors
 1  -0.0690830 -0.3245264 -0.4847257  0.0078956 -0.8092520
 2  -0.0078956 -0.7470784  0.6545873 -0.0690830 -0.0924911
 3   0.0406239  0.0479703 -0.0502823 -0.9967522 -0.0023119
 4  -0.9967522  0.0303653  0.0263609 -0.0406239  0.0567261
 5   0.0000000 -0.5773503 -0.5773503  0.0000000  0.5773503
 occupations
 0.274 -0.003 -0.003  0.000 -0.006
-0.003  0.408  0.241 -0.005 -0.241
-0.003  0.241  0.408  0.005 -0.241
 0.000 -0.005  0.005  0.274  0.000
-0.006 -0.241 -0.241  0.000  0.408
atom  4  spin  2
eigenvalues:  0.9961439 0.9961439 1.0022615 1.0022615 1.0031869
 eigenvectors
 1  -0.3046756 -0.2238971  0.3402150  0.8530925  0.1163178
 2  -0.8530925  0.2635793  0.0621109 -0.3046756  0.3256903
 3   0.4231350  0.3982468  0.3406419  0.0190458  0.7388887
 4   0.0190458 -0.6232673  0.6565255 -0.4231350  0.0332582
 5   0.0000000  0.5773503  0.5773503  0.0000000 -0.5773503
 occupations
 0.997  0.001  0.001  0.000  0.002
 0.001  1.002  0.001  0.002 -0.001
 0.001  0.001  1.002 -0.002 -0.001
 0.000  0.002 -0.002  0.997  0.000
 0.002 -0.001 -0.001  0.000  1.002
nsum =  12.9174303
 exit write_ns

     total cpu time spent up to now is     32.05 secs

     total energy              =  -174.57338516 ryd
     estimated scf accuracy    <     0.11099166 ryd

     total magnetization       =     0.00 Bohr mag/cell
     absolute magnetization    =     7.38 Bohr mag/cell

     iteration #  4     ecut=    30.00 ryd     beta=0.30
     Davidson diagonalization with overlap
     ethr =  3.96E-04,  avg # of iterations =  1.5
 enter write_ns
U( 1) =  0.0000      U( 2) =  4.3000      U( 3) =  4.3000
alpha( 1) =  0.0000      alpha( 2) =  0.0000      alpha( 3) =  0.0000
atom  3   Tr[ns(na)]=   6.1225324
atom  3  spin  1
eigenvalues:  0.9936073 0.9936073 0.9966740 0.9985865 0.9985865
 eigenvectors
 1  -0.1786520 -0.0278713  0.0225789 -0.9832440 -0.0052924
 2  -0.9832440 -0.0099804 -0.0191470  0.1786520 -0.0291274
 3   0.0000000 -0.5773503 -0.5773503  0.0000000  0.5773503
 4  -0.0358897  0.3034049  0.5042714  0.0051532  0.8076764
 5  -0.0051532  0.7574534 -0.6414831 -0.0358897  0.1159703
 occupations
 0.994  0.000  0.000  0.000  0.000
 0.000  0.998 -0.001  0.000  0.001
 0.000 -0.001  0.998  0.000  0.001
 0.000  0.000  0.000  0.994  0.000
 0.000  0.001  0.001  0.000  0.998
atom  3  spin  2
eigenvalues:  0.0380627 0.0380627 0.0619504 0.0619504 0.9414447
 eigenvectors
 1  -0.0387843  0.2175292  0.5721965  0.0100563  0.7897258
 2  -0.0100563  0.7863062 -0.5815390 -0.0387843  0.2047673
 3  -0.2062451 -0.0310977  0.0243451 -0.9776797 -0.0067526
 4   0.9776797  0.0101570  0.0218529 -0.2062451  0.0320099
 5   0.0000000 -0.5773503 -0.5773503  0.0000000  0.5773503
 occupations
 0.062  0.000  0.000  0.000  0.001
 0.000  0.339  0.301  0.001 -0.301
 0.000  0.301  0.339 -0.001 -0.301
 0.000  0.001 -0.001  0.062  0.000
 0.001 -0.301 -0.301  0.000  0.339
atom  4   Tr[ns(na)]=   6.7702685
atom  4  spin  1
eigenvalues:  0.1282337 0.1282337 0.2783862 0.2783862 0.9572321
 eigenvectors
 1  -0.0285061  0.2820121  0.5222688  0.0049164  0.8042809
 2   0.0049164 -0.7658838  0.6271716  0.0285061 -0.1387122
 3   0.1246285  0.0217672 -0.0188224  0.9917817  0.0029448
 4   0.9917817  0.0091669  0.0142675 -0.1246285  0.0234344
 5   0.0000000 -0.5773503 -0.5773503  0.0000000  0.5773503
 occupations
 0.278  0.002  0.002  0.000  0.004
 0.002  0.405  0.276  0.003 -0.276
 0.002  0.276  0.405 -0.003 -0.276
 0.000  0.003 -0.003  0.278  0.000
 0.004 -0.276 -0.276  0.000  0.405
atom  4  spin  2
eigenvalues:  0.9964724 0.9964724 1.0019783 1.0019783 1.0028952
 eigenvectors
 1  -0.2843977 -0.2422944  0.3587517  0.8474352  0.1164573
 2  -0.8474352  0.2743620  0.0726521 -0.2843977  0.3470141
 3  -0.4476551 -0.3982562 -0.3305494 -0.0240106 -0.7288055
 4   0.0240106 -0.6116188  0.6507094 -0.4476551  0.0390906
 5   0.0000000 -0.5773503 -0.5773503  0.0000000  0.5773503
 occupations
 0.998  0.001  0.001  0.000  0.002
 0.001  1.002  0.001  0.002 -0.001
 0.001  0.001  1.002 -0.002 -0.001
 0.000  0.002 -0.002  0.998  0.000
 0.002 -0.001 -0.001  0.000  1.002
nsum =  12.8928009
 exit write_ns

     total cpu time spent up to now is     39.91 secs

     total energy              =  -174.59599667 ryd
     estimated scf accuracy    <     0.03251261 ryd

     total magnetization       =     0.00 Bohr mag/cell
     absolute magnetization    =     7.37 Bohr mag/cell

     iteration #  5     ecut=    30.00 ryd     beta=0.30
     Davidson diagonalization with overlap
     ethr =  1.16E-04,  avg # of iterations =  2.0
 enter write_ns
U( 1) =  0.0000      U( 2) =  4.3000      U( 3) =  4.3000
alpha( 1) =  0.0000      alpha( 2) =  0.0000      alpha( 3) =  0.0000
atom  3   Tr[ns(na)]=   6.1254192
atom  3  spin  1
eigenvalues:  0.9944319 0.9944319 0.9952391 0.9987147 0.9987147
 eigenvectors
 1  -0.1853531 -0.0275836  0.0221626 -0.9820198 -0.0054210
 2  -0.9820198 -0.0096658 -0.0190552  0.1853531 -0.0287209
 3   0.0000000 -0.5773503 -0.5773503  0.0000000  0.5773503
 4  -0.0353808  0.2958138  0.5106749  0.0054421  0.8064887
 5  -0.0054421  0.7604647 -0.6364146 -0.0353808  0.1240501
 occupations
 0.994  0.000  0.000  0.000  0.000
 0.000  0.998 -0.001  0.000  0.001
 0.000 -0.001  0.998  0.000  0.001
 0.000  0.000  0.000  0.994  0.000
 0.000  0.001  0.001  0.000  0.998
atom  3  spin  2
eigenvalues:  0.0246692 0.0246692 0.0615658 0.0615658 0.9714170
 eigenvectors
 1  -0.1360172  0.2067963  0.5733554  0.0368976  0.7801517
 2  -0.0368976  0.7814477 -0.5698147 -0.1360172  0.2116330
 3   0.3555432  0.1136692 -0.0723439  0.9239734  0.0413253
 4   0.9239734  0.0179086  0.0894861 -0.3555432  0.1073948
 5   0.0000000 -0.5773503 -0.5773503  0.0000000  0.5773503
 occupations
 0.061  0.002  0.002  0.000  0.004
 0.002  0.341  0.315  0.004 -0.315
 0.002  0.315  0.341 -0.004 -0.315
 0.000  0.004 -0.004  0.061  0.000
 0.004 -0.315 -0.315  0.000  0.341
atom  4   Tr[ns(na)]=   6.7484320
atom  4  spin  1
eigenvalues:  0.1096781 0.1096781 0.2758107 0.2758107 0.9781533
 eigenvectors
 1  -0.0637025  0.2555221  0.5422501  0.0132186  0.7977722
 2   0.0132186 -0.7736623  0.6081198  0.0637025 -0.1655425
 3   0.1634438  0.0497331 -0.0410324  0.9844051  0.0087007
 4   0.9844051  0.0186667  0.0337368 -0.1634438  0.0524034
 5   0.0000000 -0.5773503 -0.5773503  0.0000000  0.5773503
 occupations
 0.275  0.004  0.004  0.000  0.009
 0.004  0.400  0.289  0.008 -0.289
 0.004  0.289  0.400 -0.008 -0.289
 0.000  0.008 -0.008  0.275  0.000
 0.009 -0.289 -0.289  0.000  0.400
atom  4  spin  2
eigenvalues:  0.9967660 0.9967660 1.0018343 1.0019674 1.0019674
 eigenvectors
 1   0.3123883  0.2343895 -0.3633528 -0.8359535 -0.1289633
 2   0.8359535 -0.2842388 -0.0608679  0.3123883 -0.3451067
 3   0.0000000 -0.5773503 -0.5773503  0.0000000  0.5773503
 4  -0.4498642 -0.4120330 -0.3144391 -0.0348919 -0.7264721
 5   0.0348919 -0.6009703  0.6573162 -0.4498642  0.0563459
 occupations
 0.998  0.001  0.001  0.000  0.002
 0.001  1.001  0.000  0.001  0.000
 0.001  0.000  1.001 -0.001  0.000
 0.000  0.001 -0.001  0.998  0.000
 0.002  0.000  0.000  0.000  1.001
nsum =  12.8738512
 exit write_ns

     total cpu time spent up to now is     47.92 secs

     total energy              =  -174.60034939 ryd
     estimated scf accuracy    <     0.00253339 ryd

     total magnetization       =     0.00 Bohr mag/cell
     absolute magnetization    =     7.37 Bohr mag/cell

     iteration #  6     ecut=    30.00 ryd     beta=0.30
     Davidson diagonalization with overlap
     ethr =  9.05E-06,  avg # of iterations =  2.5
 enter write_ns
U( 1) =  0.0000      U( 2) =  4.3000      U( 3) =  4.3000
alpha( 1) =  0.0000      alpha( 2) =  0.0000      alpha( 3) =  0.0000
atom  3   Tr[ns(na)]=   6.1289834
atom  3  spin  1
eigenvalues:  0.9942922 0.9942922 0.9957114 0.9986986 0.9986986
 eigenvectors
 1  -0.2141636 -0.0343019  0.0265865 -0.9758027 -0.0077154
 2  -0.9758027 -0.0108952 -0.0242587  0.2141636 -0.0351539
 3   0.0000000 -0.5773503 -0.5773503  0.0000000  0.5773503
 4  -0.0435561  0.2944923  0.5115286  0.0067713  0.8060209
 5  -0.0067713  0.7606876 -0.6353816 -0.0435561  0.1253059
 occupations
 0.994  0.000  0.000  0.000  0.000
 0.000  0.998 -0.001  0.000  0.001
 0.000 -0.001  0.998  0.000  0.001
 0.000  0.000  0.000  0.994  0.000
 0.000  0.001  0.001  0.000  0.998
atom  3  spin  2
eigenvalues:  0.0248105 0.0248105 0.0631469 0.0631469 0.9713757
 eigenvectors
 1   0.1192288 -0.0566219 -0.6708305 -0.0581209 -0.7274523
 2   0.0581209 -0.8072990  0.4526854  0.1192288 -0.3546135
 3   0.3366485  0.1066076 -0.0698233  0.9322415  0.0367843
 4  -0.9322415 -0.0190751 -0.0827873  0.3366485 -0.1018624
 5   0.0000000 -0.5773503 -0.5773503  0.0000000  0.5773503
 occupations
 0.062  0.002  0.002  0.000  0.004
 0.002  0.341  0.315  0.004 -0.315
 0.002  0.315  0.341 -0.004 -0.315
 0.000  0.004 -0.004  0.062  0.000
 0.004 -0.315 -0.315  0.000  0.341
atom  4   Tr[ns(na)]=   6.7516859
atom  4  spin  1
eigenvalues:  0.1091791 0.1091791 0.2775733 0.2775733 0.9787172
 eigenvectors
 1   0.0615800 -0.2204081 -0.5691676 -0.0157040 -0.7895757
 2   0.0157040 -0.7844708  0.5831144  0.0615800 -0.2013564
 3   0.2223809  0.0495887 -0.0380261  0.9728864  0.0115625
 4   0.9728864  0.0152788  0.0353056 -0.2223809  0.0505844
 5   0.0000000 -0.5773503 -0.5773503  0.0000000  0.5773503
 occupations
 0.277  0.004  0.004  0.000  0.009
 0.004  0.399  0.290  0.008 -0.290
 0.004  0.290  0.399 -0.008 -0.290
 0.000  0.008 -0.008  0.277  0.000
 0.009 -0.290 -0.290  0.000  0.399
atom  4  spin  2
eigenvalues:  0.9967334 0.9967334 1.0019374 1.0019374 1.0021221
 eigenvectors
 1  -0.3164657 -0.2317123  0.3613349  0.8359389  0.1296226
 2  -0.8359389  0.2834545  0.0589415 -0.3164657  0.3423960
 3  -0.4475789 -0.4022939 -0.3261973 -0.0269929 -0.7284912
 4  -0.0269929  0.6089247 -0.6528591  0.4475789 -0.0439343
 5   0.0000000  0.5773503  0.5773503  0.0000000 -0.5773503
 occupations
 0.998  0.001  0.001  0.000  0.002
 0.001  1.001  0.000  0.001  0.000
 0.001  0.000  1.001 -0.001  0.000
 0.000  0.001 -0.001  0.998  0.000
 0.002  0.000  0.000  0.000  1.001
nsum =  12.8806693
 exit write_ns

     total cpu time spent up to now is     56.26 secs

     total energy              =  -174.60075292 ryd
     estimated scf accuracy    <     0.00142619 ryd

     total magnetization       =     0.00 Bohr mag/cell
     absolute magnetization    =     7.36 Bohr mag/cell

     iteration #  7     ecut=    30.00 ryd     beta=0.30
     Davidson diagonalization with overlap
     ethr =  5.09E-06,  avg # of iterations =  1.5
 enter write_ns
U( 1) =  0.0000      U( 2) =  4.3000      U( 3) =  4.3000
alpha( 1) =  0.0000      alpha( 2) =  0.0000      alpha( 3) =  0.0000
atom  3   Tr[ns(na)]=   6.1263534
atom  3  spin  1
eigenvalues:  0.9942247 0.9942247 0.9955776 0.9987315 0.9987315
 eigenvectors
 1  -0.1642587 -0.0319841  0.0263689 -0.9855299 -0.0056151
 2  -0.9855299 -0.0119822 -0.0217079  0.1642587 -0.0336901
 3   0.0000000 -0.5773503 -0.5773503  0.0000000  0.5773503
 4  -0.0413441  0.2956614  0.5106245  0.0063640  0.8062860
 5  -0.0063640  0.7603186 -0.6362096 -0.0413441  0.1241090
 occupations
 0.994  0.000  0.000  0.000  0.000
 0.000  0.998 -0.001  0.000  0.001
 0.000 -0.001  0.998  0.000  0.001
 0.000  0.000  0.000  0.994  0.000
 0.000  0.001  0.001  0.000  0.998
atom  3  spin  2
eigenvalues:  0.0218485 0.0218485 0.0621015 0.0621015 0.9769634
 eigenvectors
 1  -0.1415928  0.4561630  0.3497195 -0.0107976  0.8058825
 2  -0.0107976 -0.6671871  0.7286423  0.1415928  0.0614552
 3  -0.3989236 -0.1152601  0.0685331 -0.9059221 -0.0467270
 4  -0.9059221 -0.0125898 -0.0935233  0.3989236 -0.1061131
 5   0.0000000 -0.5773503 -0.5773503  0.0000000  0.5773503
 occupations
 0.061  0.002  0.002  0.000  0.005
 0.002  0.341  0.318  0.004 -0.318
 0.002  0.318  0.341 -0.004 -0.318
 0.000  0.004 -0.004  0.061  0.000
 0.005 -0.318 -0.318  0.000  0.341
atom  4   Tr[ns(na)]=   6.7446574
atom  4  spin  1
eigenvalues:  0.1021647 0.1021647 0.2780050 0.2780050 0.9846420
 eigenvectors
 1  -0.0733467  0.2715082  0.5290239  0.0136221  0.8005321
 2  -0.0136221  0.7676195 -0.6189428 -0.0733467  0.1486768
 3   0.2495194  0.0586934 -0.0434523  0.9654920  0.0152411
 4   0.9654920  0.0162878  0.0426861 -0.2495194  0.0589738
 5   0.0000000 -0.5773503 -0.5773503  0.0000000  0.5773503
 occupations
 0.277  0.005  0.005  0.000  0.011
 0.005  0.397  0.294  0.009 -0.294
 0.005  0.294  0.397 -0.009 -0.294
 0.000  0.009 -0.009  0.277  0.000
 0.011 -0.294 -0.294  0.000  0.397
atom  4  spin  2
eigenvalues:  0.9967983 0.9967983 1.0019926 1.0019926 1.0020943
 eigenvectors
 1  -0.3004489 -0.2379507  0.3616459  0.8408458  0.1236952
 2  -0.8408458  0.2802118  0.0659655 -0.3004489  0.3461773
 3  -0.4492829 -0.4047360 -0.3227864 -0.0292186 -0.7275224
 4  -0.0292186  0.6063961 -0.6537097  0.4492829 -0.0473136
 5   0.0000000  0.5773503  0.5773503  0.0000000 -0.5773503
 occupations
 0.998  0.001  0.001  0.000  0.002
 0.001  1.001  0.000  0.001  0.000
 0.001  0.000  1.001 -0.001  0.000
 0.000  0.001 -0.001  0.998  0.000
 0.002  0.000  0.000  0.000  1.001
nsum =  12.8710109
 exit write_ns

     total cpu time spent up to now is     64.17 secs

     total energy              =  -174.60098450 ryd
     estimated scf accuracy    <     0.00017489 ryd

     total magnetization       =     0.00 Bohr mag/cell
     absolute magnetization    =     7.36 Bohr mag/cell

     iteration #  8     ecut=    30.00 ryd     beta=0.30
     Davidson diagonalization with overlap
     ethr =  6.25E-07,  avg # of iterations =  3.0
 enter write_ns
U( 1) =  0.0000      U( 2) =  4.3000      U( 3) =  4.3000
alpha( 1) =  0.0000      alpha( 2) =  0.0000      alpha( 3) =  0.0000
atom  3   Tr[ns(na)]=   6.1270476
atom  3  spin  1
eigenvalues:  0.9942437 0.9942437 0.9956370 0.9987280 0.9987280
 eigenvectors
 1  -0.0768921 -0.0312716  0.0286032 -0.9961347 -0.0026684
 2  -0.9961347 -0.0149735 -0.0195952  0.0768921 -0.0345687
 3   0.0000000 -0.5773503 -0.5773503  0.0000000  0.5773503
 4  -0.0420443  0.3047877  0.5029128  0.0059544  0.8077005
 5  -0.0059544  0.7566829 -0.6422953 -0.0420443  0.1143876
 occupations
 0.994  0.000  0.000  0.000  0.000
 0.000  0.998 -0.001  0.000  0.001
 0.000 -0.001  0.998  0.000  0.001
 0.000  0.000  0.000  0.994  0.000
 0.000  0.001  0.001  0.000  0.998
atom  3  spin  2
eigenvalues:  0.0226384 0.0226384 0.0623670 0.0623670 0.9754564
 eigenvectors
 1  -0.1385799  0.4651458  0.3401838 -0.0124149  0.8053296
 2  -0.0124149 -0.6613625  0.7335093  0.1385799  0.0721468
 3  -0.3385240 -0.1118737  0.0730386 -0.9306143 -0.0388351
 4  -0.9306143 -0.0197474 -0.0870118  0.3385240 -0.1067592
 5   0.0000000 -0.5773503 -0.5773503  0.0000000  0.5773503
 occupations
 0.062  0.002  0.002  0.000  0.004
 0.002  0.341  0.317  0.004 -0.317
 0.002  0.317  0.341 -0.004 -0.317
 0.000  0.004 -0.004  0.062  0.000
 0.004 -0.317 -0.317  0.000  0.341
atom  4   Tr[ns(na)]=   6.7457776
atom  4  spin  1
eigenvalues:  0.1036960 0.1036960 0.2777006 0.2777006 0.9833435
 eigenvectors
 1  -0.0691548  0.1929908  0.5886838  0.0202113  0.7816745
 2  -0.0202113  0.7911767 -0.5627233 -0.0691548  0.2284535
 3   0.1214515  0.0541480 -0.0469847  0.9899791  0.0071632
 4   0.9899791  0.0229910  0.0353980 -0.1214515  0.0583890
 5   0.0000000 -0.5773503 -0.5773503  0.0000000  0.5773503
 occupations
 0.277  0.005  0.005  0.000  0.010
 0.005  0.398  0.293  0.009 -0.293
 0.005  0.293  0.398 -0.009 -0.293
 0.000  0.009 -0.009  0.277  0.000
 0.010 -0.293 -0.293  0.000  0.398
atom  4  spin  2
eigenvalues:  0.9967760 0.9967760 1.0019844 1.0019844 1.0021203
 eigenvectors
 1  -0.3269103 -0.2288040  0.3632593  0.8311094  0.1344553
 2  -0.8311094  0.2873557  0.0544722 -0.3269103  0.3418279
 3  -0.4488701 -0.4059602 -0.3216186 -0.0300415 -0.7275788
 4  -0.0300415  0.6057544 -0.6544491  0.4488701 -0.0486947
 5   0.0000000  0.5773503  0.5773503  0.0000000 -0.5773503
 occupations
 0.998  0.001  0.001  0.000  0.002
 0.001  1.001  0.000  0.001  0.000
 0.001  0.000  1.001 -0.001  0.000
 0.000  0.001 -0.001  0.998  0.000
 0.002  0.000  0.000  0.000  1.001
nsum =  12.8728252
 exit write_ns

     total cpu time spent up to now is     72.76 secs

     total energy              =  -174.60101597 ryd
     estimated scf accuracy    <     0.00002558 ryd

     total magnetization       =     0.00 Bohr mag/cell
     absolute magnetization    =     7.36 Bohr mag/cell

     iteration #  9     ecut=    30.00 ryd     beta=0.30
     Davidson diagonalization with overlap
     ethr =  9.13E-08,  avg # of iterations =  2.4
 enter write_ns
U( 1) =  0.0000      U( 2) =  4.3000      U( 3) =  4.3000
alpha( 1) =  0.0000      alpha( 2) =  0.0000      alpha( 3) =  0.0000
atom  3   Tr[ns(na)]=   6.1270360
atom  3  spin  1
eigenvalues:  0.9942353 0.9942353 0.9956177 0.9987310 0.9987310
 eigenvectors
 1  -0.1838082 -0.0325365  0.0261904 -0.9820538 -0.0063461
 2  -0.9820538 -0.0114571 -0.0224489  0.1838082 -0.0339060
 3   0.0000000 -0.5773503 -0.5773503  0.0000000  0.5773503
 4  -0.0417576  0.2958968  0.5104143  0.0064141  0.8063111
 5  -0.0064141  0.7602117 -0.6363600 -0.0417576  0.1238517
 occupations
 0.994  0.000  0.000  0.000  0.000
 0.000  0.998 -0.001  0.000  0.001
 0.000 -0.001  0.998  0.000  0.001
 0.000  0.000  0.000  0.994  0.000
 0.000  0.001  0.001  0.000  0.998
atom  3  spin  2
eigenvalues:  0.0224967 0.0224967 0.0623777 0.0623777 0.9757369
 eigenvectors
 1  -0.1394294  0.3176313  0.4849791  0.0167845  0.8026104
 2  -0.0167845  0.7433901 -0.6467718 -0.1394294  0.0966183
 3   0.5049676  0.1146578 -0.0561759  0.8516369  0.0584819
 4  -0.8516369  0.0013314 -0.0999623  0.5049676 -0.0986309
 5   0.0000000 -0.5773503 -0.5773503  0.0000000  0.5773503
 occupations
 0.062  0.002  0.002  0.000  0.005
 0.002  0.341  0.317  0.004 -0.317
 0.002  0.317  0.341 -0.004 -0.317
 0.000  0.004 -0.004  0.062  0.000
 0.005 -0.317 -0.317  0.000  0.341
atom  4   Tr[ns(na)]=   6.7449505
atom  4  spin  1
eigenvalues:  0.1030375 0.1030375 0.2777314 0.2777314 0.9837923
 eigenvectors
 1   0.0713888 -0.2281786 -0.5628529 -0.0174381 -0.7910314
 2   0.0174381 -0.7816655  0.5884412  0.0713888 -0.1932243
 3   0.0911405  0.0544880 -0.0490045  0.9931228  0.0054835
 4   0.9931228  0.0251269  0.0346245 -0.0911405  0.0597514
 5   0.0000000 -0.5773503 -0.5773503  0.0000000  0.5773503
 occupations
 0.277  0.005  0.005  0.000  0.010
 0.005  0.397  0.293  0.009 -0.293
 0.005  0.293  0.397 -0.009 -0.293
 0.000  0.009 -0.009  0.277  0.000
 0.010 -0.293 -0.293  0.000  0.397
atom  4  spin  2
eigenvalues:  0.9967769 0.9967769 1.0019832 1.0019832 1.0021003
 eigenvectors
 1  -0.3155894 -0.2329124  0.3628904  0.8352074  0.1299780
 2  -0.8352074  0.2845577  0.0594292 -0.3155894  0.3439869
 3  -0.4493016 -0.4070704 -0.3202055 -0.0309829 -0.7272759
 4  -0.0309829  0.6047637 -0.6549152  0.4493016 -0.0501515
 5   0.0000000  0.5773503  0.5773503  0.0000000 -0.5773503
 occupations
 0.998  0.001  0.001  0.000  0.002
 0.001  1.001  0.000  0.001  0.000
 0.001  0.000  1.001 -0.001  0.000
 0.000  0.001 -0.001  0.998  0.000
 0.002  0.000  0.000  0.000  1.001
nsum =  12.8719865
 exit write_ns

     total cpu time spent up to now is     80.95 secs

     total energy              =  -174.60102068 ryd
     estimated scf accuracy    <     0.00000349 ryd

     total magnetization       =     0.00 Bohr mag/cell
     absolute magnetization    =     7.36 Bohr mag/cell

     iteration # 10     ecut=    30.00 ryd     beta=0.30
     Davidson diagonalization with overlap
     ethr =  1.25E-08,  avg # of iterations =  3.2
 enter write_ns
U( 1) =  0.0000      U( 2) =  4.3000      U( 3) =  4.3000
alpha( 1) =  0.0000      alpha( 2) =  0.0000      alpha( 3) =  0.0000
atom  3   Tr[ns(na)]=   6.1268397
atom  3  spin  1
eigenvalues:  0.9942155 0.9942155 0.9955969 0.9987310 0.9987310
 eigenvectors
 1  -0.1351328 -0.0316581  0.0270326 -0.9899418 -0.0046255
 2  -0.9899418 -0.0129367 -0.0209484  0.1351328 -0.0338851
 3   0.0000000 -0.5773503 -0.5773503  0.0000000  0.5773503
 4  -0.0414372  0.3004431  0.5066066  0.0061114  0.8070497
 5  -0.0061114  0.7584398 -0.6394113 -0.0414372  0.1190285
 occupations
 0.994  0.000  0.000  0.000  0.000
 0.000  0.998 -0.001  0.000  0.001
 0.000 -0.001  0.998  0.000  0.001
 0.000  0.000  0.000  0.994  0.000
 0.000  0.001  0.001  0.000  0.998
atom  3  spin  2
eigenvalues:  0.0224274 0.0224274 0.0623218 0.0623218 0.9758514
 eigenvectors
 1  -0.1348555  0.5902550  0.1831680 -0.0409806  0.7734230
 2  -0.0409806 -0.5522881  0.7873198  0.1348555  0.2350318
 3  -0.3138700 -0.1127641  0.0762794 -0.9389463 -0.0364847
 4  -0.9389463 -0.0229755 -0.0861688  0.3138700 -0.1091443
 5   0.0000000 -0.5773503 -0.5773503  0.0000000  0.5773503
 occupations
 0.062  0.002  0.002  0.000  0.005
 0.002  0.341  0.318  0.004 -0.318
 0.002  0.318  0.341 -0.004 -0.318
 0.000  0.004 -0.004  0.062  0.000
 0.005 -0.318 -0.318  0.000  0.341
atom  4   Tr[ns(na)]=   6.7448013
atom  4  spin  1
eigenvalues:  0.1027247 0.1027247 0.2778524 0.2778524 0.9840357
 eigenvectors
 1  -0.0707346  0.1700121  0.6046009  0.0229121  0.7746130
 2  -0.0229121  0.7962895 -0.5453795 -0.0707346  0.2509100
 3   0.2205998  0.0579877 -0.0445582  0.9725263  0.0134295
 4   0.9725263  0.0179721  0.0412328 -0.2205998  0.0592049
 5   0.0000000 -0.5773503 -0.5773503  0.0000000  0.5773503
 occupations
 0.277  0.005  0.005  0.000  0.011
 0.005  0.397  0.293  0.009 -0.293
 0.005  0.293  0.397 -0.009 -0.293
 0.000  0.009 -0.009  0.277  0.000
 0.011 -0.293 -0.293  0.000  0.397
atom  4  spin  2
eigenvalues:  0.9967767 0.9967767 1.0019823 1.0019823 1.0020931
 eigenvectors
 1  -0.3198345 -0.2315167  0.3632879  0.8335252  0.1317711
 2  -0.8335252  0.2858224  0.0575881 -0.3198345  0.3434106
 3  -0.4495904 -0.4036345 -0.3238618 -0.0284629 -0.7274964
 4  -0.0284629  0.6070019 -0.6530587  0.4495904 -0.0460568
 5   0.0000000  0.5773503  0.5773503  0.0000000 -0.5773503
 occupations
 0.998  0.001  0.001  0.000  0.002
 0.001  1.001  0.000  0.001  0.000
 0.001  0.000  1.001 -0.001  0.000
 0.000  0.001 -0.001  0.998  0.000
 0.002  0.000  0.000  0.000  1.001
nsum =  12.8716410
 exit write_ns
