
     Program PWSCF     v.3.0    starts ...
     Today is 17Oct2005 at  4:44:45 

     Ultrasoft (Vanderbilt) Pseudopotentials

     Current dimensions of program pwscf are:

     ntypx = 10   npk = 40000  lmax =  3
     nchix =  6  ndmx =  2000  nbrx = 14  nqfx =  8
  HUBBARD L FOR TYPE Fe IS            2
  HUBBARD L FOR TYPE Fe IS            2
  MAXIMUM HUBBARD L IS            2


     bravais-lattice index     =            0
     lattice parameter (a_0)   =       8.1900  a.u.
     unit-cell volume          =     274.6766 (a.u.)^3
     number of atoms/cell      =            4
     number of atomic types    =            3
     kinetic-energy cutoff     =      30.0000  Ry
     charge density cutoff     =     240.0000  Ry
     convergence threshold     =      1.0E-06
     beta                      =       0.3000
     number of iterations used =            8  plain     mixing
     Exchange-correlation      =  SLA  PZ   NOGX NOGC (1100)
     celldm(1)=   8.190000  celldm(2)=   0.000000  celldm(3)=   0.000000
     celldm(4)=   0.000000  celldm(5)=   0.000000  celldm(6)=   0.000000

     crystal axes: (cart. coord. in units of a_0)
               a(1) = (  0.500000  0.500000  1.000000 )  
               a(2) = (  0.500000  1.000000  0.500000 )  
               a(3) = (  1.000000  0.500000  0.500000 )  

     reciprocal axes: (cart. coord. in units 2 pi/a_0)
               b(1) = ( -0.500000 -0.500000  1.500000 )  
               b(2) = ( -0.500000  1.500000 -0.500000 )  
               b(3) = (  1.500000 -0.500000 -0.500000 )  


     PSEUDO 1 is O  (US)    zval =  6.0   lmax= 2   lloc= 0
     Version   0  0  0 of US pseudo code
     Using log mesh of  1269 points
     The pseudopotential has  4 beta functions with: 
                l(1) =   0
                l(2) =   0
                l(3) =   1
                l(4) =   1
     Q(r) pseudized with  0 coefficients,  rinner =    0.000   0.000   0.000
                                                       0.000   0.000

     PSEUDO 2 is Fe (US)    zval =  8.0   lmax= 2   lloc= 0
     Version   0  0  0 of US pseudo code
     Using log mesh of   957 points
     The pseudopotential has  6 beta functions with: 
                l(1) =   0
                l(2) =   0
                l(3) =   1
                l(4) =   1
                l(5) =   2
                l(6) =   2
     Q(r) pseudized with  0 coefficients,  rinner =    0.000   0.000   0.000
                                                       0.000   0.000

     PSEUDO 3 is Fe (US)    zval =  8.0   lmax= 2   lloc= 0
     Version   0  0  0 of US pseudo code
     Using log mesh of   957 points
     The pseudopotential has  6 beta functions with: 
                l(1) =   0
                l(2) =   0
                l(3) =   1
                l(4) =   1
                l(5) =   2
                l(6) =   2
     Q(r) pseudized with  0 coefficients,  rinner =    0.000   0.000   0.000
                                                       0.000   0.000

     atomic species   valence    mass     pseudopotential
        O1             6.00     1.00000     O ( 1.00)
        Fe1            8.00     1.00000     Fe( 1.00)
        Fe2            8.00     1.00000     Fe( 1.00)

     Starting magnetic structure 
     atomic species   magnetization
        O1           0.000
        Fe1          0.500
        Fe2         -0.500

     12 Sym.Ops. (with inversion)


   Cartesian axes

     site n.     atom                  positions (a_0 units)
         1           O1  tau(  1) = (   0.5000000   0.5000000   0.5000000  )
         2           O1  tau(  2) = (   1.5000000   1.5000000   1.5000000  )
         3           Fe1 tau(  3) = (   0.0000000   0.0000000   0.0000000  )
         4           Fe2 tau(  4) = (   1.0000000   1.0000000   1.0000000  )

     number of k points=    8  gaussian broad. (ryd)=  0.0100     ngauss =   0
                       cart. coord. in units 2pi/a_0
        k(    1) = (   0.0000000   0.0000000   0.0000000), wk =   0.1250000
        k(    2) = (  -0.7500000   0.2500000   0.2500000), wk =   0.3750000
        k(    3) = (  -0.5000000  -0.5000000   0.5000000), wk =   0.3750000
        k(    4) = (  -0.2500000  -0.2500000  -0.2500000), wk =   0.1250000
        k(    5) = (   0.0000000   0.0000000   0.0000000), wk =   0.1250000
        k(    6) = (  -0.7500000   0.2500000   0.2500000), wk =   0.3750000
        k(    7) = (  -0.5000000  -0.5000000   0.5000000), wk =   0.3750000
        k(    8) = (  -0.2500000  -0.2500000  -0.2500000), wk =   0.1250000

     G cutoff =  407.7738  (  17255 G-vectors)     FFT grid: ( 50, 50, 50)
     G cutoff =  203.8869  (   6111 G-vectors)  smooth grid: ( 36, 36, 36)

     nbndx  =    80  nbnd   =    20  natomwfc =    20  npwx   =     780
     nelec  =  28.00  nkb   =    52  ngl    =     342

     Check: negative/imaginary core charge=   -0.000003    0.000000

     Initial potential from superposition of free atoms

     starting charge   27.99905, renormalised to   28.00000

     Parameters of the lda+U calculation:
     Number of iteration with fixed ns =  0
     Starting ns and Hubbard U :
 enter write_ns
U( 1) =  0.0000      U( 2) =  0.0000      U( 3) =  0.0000
alpha( 1) =  0.0000      alpha( 2) =  0.0000      alpha( 3) =  0.0000
atom  3   Tr[ns(na)]=   6.0000000
atom  3  spin  1
eigenvalues:  1.0000000 1.0000000 1.0000000 1.0000000 1.0000000
 eigenvectors
 1   1.0000000  0.0000000  0.0000000  0.0000000  0.0000000
 2   0.0000000  1.0000000  0.0000000  0.0000000  0.0000000
 3   0.0000000  0.0000000  1.0000000  0.0000000  0.0000000
 4   0.0000000  0.0000000  0.0000000  1.0000000  0.0000000
 5   0.0000000  0.0000000  0.0000000  0.0000000  1.0000000
 occupations
 1.000  0.000  0.000  0.000  0.000
 0.000  1.000  0.000  0.000  0.000
 0.000  0.000  1.000  0.000  0.000
 0.000  0.000  0.000  1.000  0.000
 0.000  0.000  0.000  0.000  1.000
atom  3  spin  2
eigenvalues:  0.2000000 0.2000000 0.2000000 0.2000000 0.2000000
 eigenvectors
 1   1.0000000  0.0000000  0.0000000  0.0000000  0.0000000
 2   0.0000000  1.0000000  0.0000000  0.0000000  0.0000000
 3   0.0000000  0.0000000  1.0000000  0.0000000  0.0000000
 4   0.0000000  0.0000000  0.0000000  1.0000000  0.0000000
 5   0.0000000  0.0000000  0.0000000  0.0000000  1.0000000
 occupations
 0.200  0.000  0.000  0.000  0.000
 0.000  0.200  0.000  0.000  0.000
 0.000  0.000  0.200  0.000  0.000
 0.000  0.000  0.000  0.200  0.000
 0.000  0.000  0.000  0.000  0.200
atom  4   Tr[ns(na)]=   6.0000000
atom  4  spin  1
eigenvalues:  0.2000000 0.2000000 0.2000000 0.2000000 0.2000000
 eigenvectors
 1   1.0000000  0.0000000  0.0000000  0.0000000  0.0000000
 2   0.0000000  1.0000000  0.0000000  0.0000000  0.0000000
 3   0.0000000  0.0000000  1.0000000  0.0000000  0.0000000
 4   0.0000000  0.0000000  0.0000000  1.0000000  0.0000000
 5   0.0000000  0.0000000  0.0000000  0.0000000  1.0000000
 occupations
 0.200  0.000  0.000  0.000  0.000
 0.000  0.200  0.000  0.000  0.000
 0.000  0.000  0.200  0.000  0.000
 0.000  0.000  0.000  0.200  0.000
 0.000  0.000  0.000  0.000  0.200
atom  4  spin  2
eigenvalues:  1.0000000 1.0000000 1.0000000 1.0000000 1.0000000
 eigenvectors
 1   1.0000000  0.0000000  0.0000000  0.0000000  0.0000000
 2   0.0000000  1.0000000  0.0000000  0.0000000  0.0000000
 3   0.0000000  0.0000000  1.0000000  0.0000000  0.0000000
 4   0.0000000  0.0000000  0.0000000  1.0000000  0.0000000
 5   0.0000000  0.0000000  0.0000000  0.0000000  1.0000000
 occupations
 1.000  0.000  0.000  0.000  0.000
 0.000  1.000  0.000  0.000  0.000
 0.000  0.000  1.000  0.000  0.000
 0.000  0.000  0.000  1.000  0.000
 0.000  0.000  0.000  0.000  1.000
nsum =  12.0000000
 exit write_ns
 Atomic wfc used for LDA+U Projector are NOT orthogonalized
     Starting wfc are atomic

     total cpu time spent up to now is      7.14 secs

     Self-consistent Calculation

     iteration #  1     ecut=    30.00 ryd     beta=0.30
     Davidson diagonalization with overlap
     ethr =  1.00E-02,  avg # of iterations =  3.2
 enter write_ns
U( 1) =  0.0000      U( 2) =  0.0000      U( 3) =  0.0000
alpha( 1) =  0.0000      alpha( 2) =  0.0000      alpha( 3) =  0.0000
atom  3   Tr[ns(na)]=   6.4251862
atom  3  spin  1
eigenvalues:  0.9871648 0.9871648 0.9966670 0.9966670 0.9980445
 eigenvectors
 1  -0.2575288 -0.1668260  0.2310556  0.9210515  0.0642296
 2  -0.9210515  0.1704830  0.0592341 -0.2575288  0.2297170
 3  -0.2921322 -0.3935375 -0.3873328 -0.0013402 -0.7808703
 4  -0.0013402  0.6744624 -0.6780447  0.2921322 -0.0035823
 5   0.0000000  0.5773503  0.5773503  0.0000000 -0.5773503
 occupations
 0.988  0.001  0.001  0.000  0.002
 0.001  0.997  0.001  0.002 -0.001
 0.001  0.001  0.997 -0.002 -0.001
 0.000  0.002 -0.002  0.988  0.000
 0.002 -0.001 -0.001  0.000  0.997
atom  3  spin  2
eigenvalues:  0.2000722 0.2000722 0.3336994 0.3336994 0.3919349
 eigenvectors
 1  -0.3832004 -0.0580005  0.0355299 -0.9208833 -0.0224705
 2  -0.9208833 -0.0075398 -0.0464600  0.3832004 -0.0539998
 3  -0.0704096  0.2704225  0.5300617  0.0131853  0.8004842
 4   0.0131853 -0.7681910  0.6182883  0.0704096 -0.1499027
 5   0.0000000 -0.5773503 -0.5773503  0.0000000  0.5773503
 occupations
 0.201 -0.004 -0.004  0.000 -0.008
-0.004  0.353  0.020 -0.007 -0.020
-0.004  0.020  0.353  0.007 -0.020
 0.000 -0.007  0.007  0.201  0.000
-0.008 -0.020 -0.020  0.000  0.353
atom  4   Tr[ns(na)]=   6.4251862
atom  4  spin  1
eigenvalues:  0.2000722 0.2000722 0.3336994 0.3336994 0.3919349
 eigenvectors
 1  -0.2602668 -0.0565286  0.0412668 -0.9628758 -0.0152618
 2  -0.9628758 -0.0150140 -0.0414482  0.2602668 -0.0564622
 3  -0.0707390  0.2910013  0.5132277  0.0112853  0.8042290
 4   0.0112853 -0.7606340  0.6323315  0.0707390 -0.1283025
 5   0.0000000 -0.5773503 -0.5773503  0.0000000  0.5773503
 occupations
 0.201 -0.004 -0.004  0.000 -0.008
-0.004  0.353  0.020 -0.007 -0.020
-0.004  0.020  0.353  0.007 -0.020
 0.000 -0.007  0.007  0.201  0.000
-0.008 -0.020 -0.020  0.000  0.353
atom  4  spin  2
eigenvalues:  0.9871648 0.9871648 0.9966670 0.9966670 0.9980445
 eigenvectors
 1   0.1537453  0.1847115 -0.2230568 -0.9439382 -0.0383452
 2   0.9439382 -0.1509205 -0.0845046  0.1537453 -0.2354251
 3  -0.2921221 -0.3968387 -0.3840047 -0.0027720 -0.7808434
 4   0.0027720 -0.6725254  0.6799351 -0.2921221  0.0074097
 5   0.0000000 -0.5773503 -0.5773503  0.0000000  0.5773503
 occupations
 0.988  0.001  0.001  0.000  0.002
 0.001  0.997  0.001  0.002 -0.001
 0.001  0.001  0.997 -0.002 -0.001
 0.000  0.002 -0.002  0.988  0.000
 0.002 -0.001 -0.001  0.000  0.997
nsum =  12.8503725
 exit write_ns

     total cpu time spent up to now is     14.73 secs

     total energy              =  -174.41116749 ryd
     estimated scf accuracy    <     1.83910576 ryd

     total magnetization       =     0.00 Bohr mag/cell
     absolute magnetization    =     7.80 Bohr mag/cell

     iteration #  2     ecut=    30.00 ryd     beta=0.30
     Davidson diagonalization with overlap
     ethr =  6.57E-03,  avg # of iterations =  2.0
 enter write_ns
U( 1) =  0.0000      U( 2) =  0.0000      U( 3) =  0.0000
alpha( 1) =  0.0000      alpha( 2) =  0.0000      alpha( 3) =  0.0000
atom  3   Tr[ns(na)]=   7.0723087
atom  3  spin  1
eigenvalues:  0.9820441 0.9820441 0.9993320 0.9993320 0.9994634
 eigenvectors
 1   0.0210614  0.0744599 -0.0763041 -0.9940757 -0.0018442
 2   0.9940757 -0.0451189 -0.0419247  0.0210614 -0.0870437
 3   0.1063213  0.3512695  0.4582203 -0.0081102  0.8094899
 4  -0.0081102 -0.7319128  0.6701648 -0.1063213 -0.0617481
 5   0.0000000 -0.5773503 -0.5773503  0.0000000  0.5773503
 occupations
 0.982  0.001  0.001  0.000  0.001
 0.001  0.999  0.000  0.001  0.000
 0.001  0.000  0.999 -0.001  0.000
 0.000  0.001 -0.001  0.982  0.000
 0.001  0.000  0.000  0.000  0.999
atom  3  spin  2
eigenvalues:  0.3640701 0.3640701 0.4473002 0.4673264 0.4673264
 eigenvectors
 1   0.7728589  0.3463338  0.1267076  0.2071689  0.4730414
 2   0.2071689 -0.3462653  0.4730665 -0.7728589  0.1268013
 3   0.0000000 -0.5773503 -0.5773503  0.0000000  0.5773503
 4  -0.4532852 -0.1236728  0.6173935  0.3928138  0.4937207
 5   0.3928138 -0.6415021  0.2136472  0.4532852 -0.4278549
 occupations
 0.401 -0.020 -0.020  0.000 -0.040
-0.020  0.436  0.006 -0.035 -0.006
-0.020  0.006  0.436  0.035 -0.006
 0.000 -0.035  0.035  0.401  0.000
-0.040 -0.006 -0.006  0.000  0.436
atom  4   Tr[ns(na)]=   7.0723087
atom  4  spin  1
eigenvalues:  0.3640701 0.3640701 0.4473002 0.4673264 0.4673264
 eigenvectors
 1   0.7773697  0.3383709  0.1374315  0.1895421  0.4758024
 2   0.1895421 -0.3540507  0.4700632 -0.7773697  0.1160124
 3   0.0000000  0.5773503  0.5773503  0.0000000 -0.5773503
 4   0.4652456  0.1037251 -0.6104731 -0.3785719 -0.5067480
 5   0.3785719 -0.6450279  0.2326854  0.4652456 -0.4123425
 occupations
 0.401 -0.020 -0.020  0.000 -0.040
-0.020  0.436  0.006 -0.035 -0.006
-0.020  0.006  0.436  0.035 -0.006
 0.000 -0.035  0.035  0.401  0.000
-0.040 -0.006 -0.006  0.000  0.436
atom  4  spin  2
eigenvalues:  0.9820441 0.9820441 0.9993320 0.9993320 0.9994634
 eigenvectors
 1   0.0599101  0.0726390 -0.0778849 -0.9924922 -0.0052459
 2   0.9924922 -0.0479956 -0.0389094  0.0599101 -0.0869050
 3   0.1062673  0.3465873  0.4624917 -0.0087892  0.8090789
 4  -0.0087892 -0.7341416  0.6672242 -0.1062673 -0.0669175
 5   0.0000000 -0.5773503 -0.5773503  0.0000000  0.5773503
 occupations
 0.982  0.001  0.001  0.000  0.001
 0.001  0.999  0.000  0.001  0.000
 0.001  0.000  0.999 -0.001  0.000
 0.000  0.001 -0.001  0.982  0.000
 0.001  0.000  0.000  0.000  0.999
nsum =  14.1446175
 exit write_ns

     total cpu time spent up to now is     22.14 secs

     total energy              =  -174.80051269 ryd
     estimated scf accuracy    <     0.10996786 ryd

     total magnetization       =     0.00 Bohr mag/cell
     absolute magnetization    =     6.81 Bohr mag/cell

     iteration #  3     ecut=    30.00 ryd     beta=0.30
     Davidson diagonalization with overlap
     ethr =  3.93E-04,  avg # of iterations =  2.0
 enter write_ns
U( 1) =  0.0000      U( 2) =  0.0000      U( 3) =  0.0000
alpha( 1) =  0.0000      alpha( 2) =  0.0000      alpha( 3) =  0.0000
atom  3   Tr[ns(na)]=   6.9340445
atom  3  spin  1
eigenvalues:  0.9835314 0.9835314 0.9994364 0.9994364 0.9997647
 eigenvectors
 1  -0.0443690 -0.0845841  0.0890710  0.9914248  0.0044869
 2   0.9914248 -0.0540157 -0.0462442  0.0443690 -0.1002599
 3   0.1226343  0.3567689  0.4516813 -0.0083123  0.8084502
 4  -0.0083123 -0.7275372  0.6727396 -0.1226343 -0.0547976
 5   0.0000000 -0.5773503 -0.5773503  0.0000000  0.5773503
 occupations
 0.984  0.001  0.001  0.000  0.002
 0.001  0.999  0.000  0.001  0.000
 0.001  0.000  0.999 -0.001  0.000
 0.000  0.001 -0.001  0.984  0.000
 0.002  0.000  0.000  0.000  0.999
atom  3  spin  2
eigenvalues:  0.3297260 0.3297260 0.4284447 0.4284447 0.4520026
 eigenvectors
 1   0.8505596  0.2603086  0.0507452  0.3308446  0.3110538
 2  -0.3308446  0.2088848 -0.3298763  0.8505596 -0.1209915
 3   0.3738059 -0.0795846 -0.6018499 -0.1654065 -0.6814344
 4   0.1654065 -0.7409045  0.4393745  0.3738059 -0.3015300
 5   0.0000000 -0.5773503 -0.5773503  0.0000000  0.5773503
 occupations
 0.346 -0.015 -0.015  0.000 -0.030
-0.015  0.425  0.013 -0.026 -0.013
-0.015  0.013  0.425  0.026 -0.013
 0.000 -0.026  0.026  0.346  0.000
-0.030 -0.013 -0.013  0.000  0.425
atom  4   Tr[ns(na)]=   6.9340445
atom  4  spin  1
eigenvalues:  0.3297260 0.3297260 0.4284447 0.4284447 0.4520026
 eigenvectors
 1   0.8350899  0.2692950  0.0361015  0.3681503  0.3053965
 2  -0.3681503  0.1971639 -0.3317983  0.8350899 -0.1346344
 3   0.3778263 -0.0980920 -0.5906714 -0.1560047 -0.6887634
 4   0.1560047 -0.7386821  0.4542912  0.3778263 -0.2843909
 5   0.0000000 -0.5773503 -0.5773503  0.0000000  0.5773503
 occupations
 0.346 -0.015 -0.015  0.000 -0.030
-0.015  0.425  0.013 -0.026 -0.013
-0.015  0.013  0.425  0.026 -0.013
 0.000 -0.026  0.026  0.346  0.000
-0.030 -0.013 -0.013  0.000  0.425
atom  4  spin  2
eigenvalues:  0.9835314 0.9835314 0.9994364 0.9994364 0.9997647
 eigenvectors
 1   0.0664684  0.0833585 -0.0900802 -0.9901887 -0.0067218
 2   0.9901887 -0.0558886 -0.0442462  0.0664684 -0.1001349
 3   0.1226674  0.3597580  0.4489107 -0.0078079  0.8086687
 4  -0.0078079 -0.7260638  0.6745915 -0.1226674 -0.0514724
 5   0.0000000 -0.5773503 -0.5773503  0.0000000  0.5773503
 occupations
 0.984  0.001  0.001  0.000  0.002
 0.001  0.999  0.000  0.001  0.000
 0.001  0.000  0.999 -0.001  0.000
 0.000  0.001 -0.001  0.984  0.000
 0.002  0.000  0.000  0.000  0.999
nsum =  13.8680890
 exit write_ns

     total cpu time spent up to now is     29.45 secs

     total energy              =  -174.82203562 ryd
     estimated scf accuracy    <     0.01954787 ryd

     total magnetization       =     0.00 Bohr mag/cell
     absolute magnetization    =     7.04 Bohr mag/cell

     iteration #  4     ecut=    30.00 ryd     beta=0.30
     Davidson diagonalization with overlap
     ethr =  6.98E-05,  avg # of iterations =  2.0
 enter write_ns
U( 1) =  0.0000      U( 2) =  0.0000      U( 3) =  0.0000
alpha( 1) =  0.0000      alpha( 2) =  0.0000      alpha( 3) =  0.0000
atom  3   Tr[ns(na)]=   6.9566561
atom  3  spin  1
eigenvalues:  0.9850873 0.9850873 0.9995036 0.9995036 0.9998002
 eigenvectors
 1   0.0745326  0.0971139 -0.1059701 -0.9867653 -0.0088562
 2   0.9867653 -0.0662950 -0.0509556  0.0745326 -0.1172506
 3   0.1437545  0.3615154  0.4450301 -0.0085940  0.8065455
 4  -0.0085940 -0.7225975  0.6743803 -0.1437545 -0.0482172
 5   0.0000000 -0.5773503 -0.5773503  0.0000000  0.5773503
 occupations
 0.985  0.001  0.001  0.000  0.002
 0.001  0.999  0.000  0.001  0.000
 0.001  0.000  0.999 -0.001  0.000
 0.000  0.001 -0.001  0.985  0.000
 0.002  0.000  0.000  0.000  0.999
atom  3  spin  2
eigenvalues:  0.3376224 0.3376224 0.4183593 0.4470350 0.4470350
 eigenvectors
 1   0.8223552  0.2473812  0.0083034  0.4439493  0.2556846
 2  -0.4439493  0.1524136 -0.2904452  0.8223552 -0.1380316
 3   0.0000000  0.5773503  0.5773503  0.0000000 -0.5773503
 4   0.3338890 -0.1293318 -0.5865902 -0.1231225 -0.7159220
 5  -0.1231225  0.7520057 -0.4880075 -0.3338890  0.2639982
 occupations
 0.351 -0.015 -0.015  0.000 -0.030
-0.015  0.428 -0.005 -0.026  0.005
-0.015 -0.005  0.428  0.026  0.005
 0.000 -0.026  0.026  0.351  0.000
-0.030  0.005  0.005  0.000  0.428
atom  4   Tr[ns(na)]=   6.9566561
atom  4  spin  1
eigenvalues:  0.3376224 0.3376224 0.4183593 0.4470350 0.4470350
 eigenvectors
 1  -0.8405321 -0.2406593 -0.0206768 -0.4084909 -0.2613361
 2   0.4084909 -0.1628202  0.2898272 -0.8405321  0.1270070
 3   0.0000000  0.5773503  0.5773503  0.0000000 -0.5773503
 4   0.3330323 -0.1241447 -0.5899403 -0.1254213 -0.7140851
 5  -0.1254213  0.7528794 -0.4839522 -0.3330323  0.2689272
 occupations
 0.351 -0.015 -0.015  0.000 -0.030
-0.015  0.428 -0.005 -0.026  0.005
-0.015 -0.005  0.428  0.026  0.005
 0.000 -0.026  0.026  0.351  0.000
-0.030  0.005  0.005  0.000  0.428
atom  4  spin  2
eigenvalues:  0.9850873 0.9850873 0.9995036 0.9995036 0.9998002
 eigenvectors
 1  -0.1249698 -0.0935913  0.1084406  0.9816534  0.0148493
 2   0.9816534 -0.0711815 -0.0454617  0.1249698 -0.1166432
 3   0.1438166  0.3670865  0.4398074 -0.0074833  0.8068939
 4   0.0074833  0.7197833 -0.6777979  0.1438166  0.0419854
 5   0.0000000 -0.5773503 -0.5773503  0.0000000  0.5773503
 occupations
 0.985  0.001  0.001  0.000  0.002
 0.001  0.999  0.000  0.001  0.000
 0.001  0.000  0.999 -0.001  0.000
 0.000  0.001 -0.001  0.985  0.000
 0.002  0.000  0.000  0.000  0.999
nsum =  13.9133122
 exit write_ns

     total cpu time spent up to now is     36.71 secs

     total energy              =  -174.82399736 ryd
     estimated scf accuracy    <     0.00211410 ryd

     total magnetization       =     0.00 Bohr mag/cell
     absolute magnetization    =     7.04 Bohr mag/cell

     iteration #  5     ecut=    30.00 ryd     beta=0.30
     Davidson diagonalization with overlap
     ethr =  7.55E-06,  avg # of iterations =  2.8
 enter write_ns
U( 1) =  0.0000      U( 2) =  0.0000      U( 3) =  0.0000
alpha( 1) =  0.0000      alpha( 2) =  0.0000      alpha( 3) =  0.0000
atom  3   Tr[ns(na)]=   6.9399810
atom  3  spin  1
eigenvalues:  0.9853243 0.9853243 0.9995123 0.9995123 0.9999043
 eigenvectors
 1  -0.0091425 -0.0998836  0.1009546  0.9898215  0.0010710
 2   0.9898215 -0.0589045 -0.0570495  0.0091425 -0.1159540
 3   0.1417305  0.3586069  0.4479652 -0.0090656  0.8065721
 4  -0.0090656 -0.7243075  0.6727164 -0.1417305 -0.0515911
 5   0.0000000 -0.5773503 -0.5773503  0.0000000  0.5773503
 occupations
 0.986  0.001  0.001  0.000  0.002
 0.001  0.999  0.000  0.001  0.000
 0.001  0.000  0.999 -0.001  0.000
 0.000  0.001 -0.001  0.986  0.000
 0.002  0.000  0.000  0.000  0.999
atom  3  spin  2
eigenvalues:  0.3315123 0.3315123 0.4255545 0.4409123 0.4409123
 eigenvectors
 1   0.8439908  0.2376140  0.0221993  0.4040090  0.2598133
 2   0.4040090 -0.1628200  0.2871898 -0.8439908  0.1243697
 3   0.0000000  0.5773503  0.5773503  0.0000000 -0.5773503
 4   0.3311018 -0.1301451 -0.5869003 -0.1217693 -0.7170454
 5   0.1217693 -0.7528334  0.4891257  0.3311018 -0.2637078
 occupations
 0.345 -0.015 -0.015  0.000 -0.029
-0.015  0.427 -0.001 -0.026  0.001
-0.015 -0.001  0.427  0.026  0.001
 0.000 -0.026  0.026  0.345  0.000
-0.029  0.001  0.001  0.000  0.427
atom  4   Tr[ns(na)]=   6.9399810
atom  4  spin  1
eigenvalues:  0.3315123 0.3315123 0.4255545 0.4409123 0.4409123
 eigenvectors
 1   0.7985602  0.2529315 -0.0071035  0.4876940  0.2458280
 2   0.4876940 -0.1378276  0.2879589 -0.7985602  0.1501312
 3   0.0000000  0.5773503  0.5773503  0.0000000 -0.5773503
 4   0.3275408 -0.1088900 -0.6004437 -0.1310464 -0.7093336
 5   0.1310464 -0.7562003  0.4724016  0.3275408 -0.2837987
 occupations
 0.345 -0.015 -0.015  0.000 -0.029
-0.015  0.427 -0.001 -0.026  0.001
-0.015 -0.001  0.427  0.026  0.001
 0.000 -0.026  0.026  0.345  0.000
-0.029  0.001  0.001  0.000  0.427
atom  4  spin  2
eigenvalues:  0.9853243 0.9853243 0.9995123 0.9995123 0.9999043
 eigenvectors
 1  -0.0233875 -0.0990255  0.1017653  0.9895874  0.0027398
 2   0.9895874 -0.0603360 -0.0555906  0.0233875 -0.1159266
 3   0.1417758  0.3623764  0.4444536 -0.0083269  0.8068300
 4  -0.0083269 -0.7224289  0.6750416 -0.1417758 -0.0473873
 5   0.0000000 -0.5773503 -0.5773503  0.0000000  0.5773503
 occupations
 0.986  0.001  0.001  0.000  0.002
 0.001  0.999  0.000  0.001  0.000
 0.001  0.000  0.999 -0.001  0.000
 0.000  0.001 -0.001  0.986  0.000
 0.002  0.000  0.000  0.000  0.999
nsum =  13.8799621
 exit write_ns

     total cpu time spent up to now is     44.51 secs

     total energy              =  -174.82456392 ryd
     estimated scf accuracy    <     0.00036284 ryd

     total magnetization       =     0.00 Bohr mag/cell
     absolute magnetization    =     7.07 Bohr mag/cell

     iteration #  6     ecut=    30.00 ryd     beta=0.30
     Davidson diagonalization with overlap
     ethr =  1.30E-06,  avg # of iterations =  4.0
 enter write_ns
U( 1) =  0.0000      U( 2) =  0.0000      U( 3) =  0.0000
alpha( 1) =  0.0000      alpha( 2) =  0.0000      alpha( 3) =  0.0000
atom  3   Tr[ns(na)]=   6.9404426
atom  3  spin  1
eigenvalues:  0.9855452 0.9855452 0.9995095 0.9995095 0.9999597
 eigenvectors
 1   0.0770722  0.0953323 -0.1043348 -0.9869168 -0.0090025
 2   0.9869168 -0.0654353 -0.0498425  0.0770722 -0.1152779
 3   0.1413347  0.3592468  0.4474163 -0.0089190  0.8066631
 4  -0.0089190 -0.7240431  0.6731384 -0.1413347 -0.0509047
 5   0.0000000 -0.5773503 -0.5773503  0.0000000  0.5773503
 occupations
 0.986  0.001  0.001  0.000  0.002
 0.001  0.999  0.000  0.001  0.000
 0.001  0.000  0.999 -0.001  0.000
 0.000  0.001 -0.001  0.986  0.000
 0.002  0.000  0.000  0.000  0.999
atom  3  spin  2
eigenvalues:  0.3305463 0.3305463 0.4309849 0.4391480 0.4391480
 eigenvectors
 1   0.8318703  0.2507112  0.0181807  0.4153339  0.2688919
 2   0.4153339 -0.1657414  0.2999930 -0.8318703  0.1342516
 3   0.0000000  0.5773503  0.5773503  0.0000000 -0.5773503
 4   0.3435909 -0.1184777 -0.5901667 -0.1320409 -0.7086444
 5   0.1320409 -0.7498689  0.4775391  0.3435909 -0.2723298
 occupations
 0.345 -0.015 -0.015  0.000 -0.030
-0.015  0.427  0.002 -0.026 -0.002
-0.015  0.002  0.427  0.026 -0.002
 0.000 -0.026  0.026  0.345  0.000
-0.030 -0.002 -0.002  0.000  0.427
atom  4   Tr[ns(na)]=   6.9404426
atom  4  spin  1
eigenvalues:  0.3305463 0.3305463 0.4309849 0.4391480 0.4391480
 eigenvectors
 1   0.8249761  0.2533847  0.0132787  0.4288647  0.2666634
 2   0.4288647 -0.1616246  0.3002499 -0.8249761  0.1386253
 3   0.0000000  0.5773503  0.5773503  0.0000000 -0.5773503
 4   0.3418140 -0.1085468 -0.5964327 -0.1365749 -0.7049795
 5   0.1365749 -0.7513707  0.4696896  0.3418140 -0.2816811
 occupations
 0.345 -0.015 -0.015  0.000 -0.030
-0.015  0.427  0.002 -0.026 -0.002
-0.015  0.002  0.427  0.026 -0.002
 0.000 -0.026  0.026  0.345  0.000
-0.030 -0.002 -0.002  0.000  0.427
atom  4  spin  2
eigenvalues:  0.9855452 0.9855452 0.9995095 0.9995095 0.9999597
 eigenvectors
 1   0.0800675  0.0951332 -0.1044856 -0.9866783 -0.0093524
 2   0.9866783 -0.0657244 -0.0495256  0.0800675 -0.1152500
 3   0.1413972  0.3646275  0.4423923 -0.0078665  0.8070197
 4  -0.0078665 -0.7213484  0.6764508 -0.1413972 -0.0448975
 5   0.0000000 -0.5773503 -0.5773503  0.0000000  0.5773503
 occupations
 0.986  0.001  0.001  0.000  0.002
 0.001  0.999  0.000  0.001  0.000
 0.001  0.000  0.999 -0.001  0.000
 0.000  0.001 -0.001  0.986  0.000
 0.002  0.000  0.000  0.000  0.999
nsum =  13.8808851
 exit write_ns

     total cpu time spent up to now is     52.32 secs

     total energy              =  -174.82464042 ryd
     estimated scf accuracy    <     0.00002892 ryd

     total magnetization       =     0.00 Bohr mag/cell
     absolute magnetization    =     7.08 Bohr mag/cell

     iteration #  7     ecut=    30.00 ryd     beta=0.30
     Davidson diagonalization with overlap
     ethr =  1.03E-07,  avg # of iterations =  3.2
 enter write_ns
U( 1) =  0.0000      U( 2) =  0.0000      U( 3) =  0.0000
alpha( 1) =  0.0000      alpha( 2) =  0.0000      alpha( 3) =  0.0000
atom  3   Tr[ns(na)]=   6.9384224
atom  3  spin  1
eigenvalues:  0.9855909 0.9855909 0.9995049 0.9995049 0.9999641
 eigenvectors
 1   0.0966692  0.0944463 -0.1057910 -0.9850962 -0.0113447
 2   0.9850962 -0.0676283 -0.0479787  0.0966692 -0.1156070
 3   0.1419724  0.3580627  0.4484422 -0.0091856  0.8065049
 4  -0.0091856 -0.7245440  0.6723634 -0.1419724 -0.0521806
 5   0.0000000 -0.5773503 -0.5773503  0.0000000  0.5773503
 occupations
 0.986  0.001  0.001  0.000  0.002
 0.001  0.999  0.000  0.001  0.000
 0.001  0.000  0.999 -0.001  0.000
 0.000  0.001 -0.001  0.986  0.000
 0.002  0.000  0.000  0.000  0.999
atom  3  spin  2
eigenvalues:  0.3299716 0.3299716 0.4302519 0.4390359 0.4390359
 eigenvectors
 1   0.8318970  0.2485794  0.0170288  0.4187100  0.2656082
 2   0.4187100 -0.1631805  0.2968663 -0.8318970  0.1336858
 3   0.0000000  0.5773503  0.5773503  0.0000000 -0.5773503
 4   0.3428781 -0.1360287 -0.5799112 -0.1227356 -0.7159398
 5   0.1227356 -0.7481599  0.4918843  0.3428781 -0.2562757
 occupations
 0.344 -0.015 -0.015  0.000 -0.030
-0.015  0.426  0.002 -0.026 -0.002
-0.015  0.002  0.426  0.026 -0.002
 0.000 -0.026  0.026  0.344  0.000
-0.030 -0.002 -0.002  0.000  0.426
atom  4   Tr[ns(na)]=   6.9384223
atom  4  spin  1
eigenvalues:  0.3299715 0.3299715 0.4302519 0.4390359 0.4390359
 eigenvectors
 1   0.7952960  0.2609661 -0.0070438  0.4846388  0.2539223
 2   0.4846388 -0.1425354  0.2972709 -0.7952960  0.1547356
 3   0.0000000  0.5773503  0.5773503  0.0000000 -0.5773503
 4   0.3401361 -0.1197734 -0.5904409 -0.1301418 -0.7102143
 5   0.1301418 -0.7509337  0.4791936  0.3401361 -0.2717400
 occupations
 0.344 -0.015 -0.015  0.000 -0.030
-0.015  0.426  0.002 -0.026 -0.002
-0.015  0.002  0.426  0.026 -0.002
 0.000 -0.026  0.026  0.344  0.000
-0.030 -0.002 -0.002  0.000  0.426
atom  4  spin  2
eigenvalues:  0.9855909 0.9855909 0.9995049 0.9995049 0.9999641
 eigenvectors
 1  -0.1633834 -0.0896326  0.1088066  0.9762507  0.0191740
 2   0.9762507 -0.0738897 -0.0406793  0.1633834 -0.1145690
 3   0.1420840  0.3678702  0.4392690 -0.0072565  0.8071392
 4   0.0072565  0.7196141 -0.6783920  0.1420840  0.0412221
 5   0.0000000 -0.5773503 -0.5773503  0.0000000  0.5773503
 occupations
 0.986  0.001  0.001  0.000  0.002
 0.001  0.999  0.000  0.001  0.000
 0.001  0.000  0.999 -0.001  0.000
 0.000  0.001 -0.001  0.986  0.000
 0.002  0.000  0.000  0.000  0.999
nsum =  13.8768447
 exit write_ns

     total cpu time spent up to now is     60.67 secs

     total energy              =  -174.82465416 ryd
     estimated scf accuracy    <     0.00001511 ryd

     total magnetization       =     0.00 Bohr mag/cell
     absolute magnetization    =     7.09 Bohr mag/cell

     iteration #  8     ecut=    30.00 ryd     beta=0.30
     Davidson diagonalization with overlap
     ethr =  5.40E-08,  avg # of iterations =  2.0
 enter write_ns
U( 1) =  0.0000      U( 2) =  0.0000      U( 3) =  0.0000
alpha( 1) =  0.0000      alpha( 2) =  0.0000      alpha( 3) =  0.0000
atom  3   Tr[ns(na)]=   6.9392388
atom  3  spin  1
eigenvalues:  0.9856314 0.9856314 0.9995008 0.9995008 0.9999716
 eigenvectors
 1   0.0490747  0.0976320 -0.1033933 -0.9886032 -0.0057614
 2   0.9886032 -0.0630205 -0.0530415  0.0490747 -0.1160620
 3   0.1421326  0.3675172  0.4395958 -0.0073283  0.8071129
 4  -0.0073283 -0.7197876  0.6781730 -0.1421326 -0.0416146
 5   0.0000000 -0.5773503 -0.5773503  0.0000000  0.5773503
 occupations
 0.986  0.001  0.001  0.000  0.002
 0.001  0.999  0.000  0.001  0.000
 0.001  0.000  0.999 -0.001  0.000
 0.000  0.001 -0.001  0.986  0.000
 0.002  0.000  0.000  0.000  0.999
atom  3  spin  2
eigenvalues:  0.3300454 0.3300454 0.4309986 0.4389567 0.4389567
 eigenvectors
 1   0.8581923  0.2385407  0.0382628  0.3584971  0.2768035
 2   0.3584971 -0.1819036  0.2975341 -0.8581923  0.1156305
 3   0.0000000  0.5773503  0.5773503  0.0000000 -0.5773503
 4   0.3395796 -0.0998838 -0.6019971 -0.1402553 -0.7018809
 5   0.1402553 -0.7527943  0.4628991  0.3395796 -0.2898953
 occupations
 0.345 -0.015 -0.015  0.000 -0.030
-0.015  0.427  0.002 -0.026 -0.002
-0.015  0.002  0.427  0.026 -0.002
 0.000 -0.026  0.026  0.345  0.000
-0.030 -0.002 -0.002  0.000  0.427
atom  4   Tr[ns(na)]=   6.9392403
atom  4  spin  1
eigenvalues:  0.3300454 0.3300454 0.4309989 0.4389573 0.4389573
 eigenvectors
 1   0.8273130  0.2521177  0.0147253  0.4249327  0.2668430
 2   0.4249327 -0.1625635  0.2996221 -0.8273130  0.1370585
 3   0.0000000  0.5773503  0.5773503  0.0000000 -0.5773503
 4   0.3405689 -0.1052407 -0.5986865 -0.1378339 -0.7039272
 5   0.1378339 -0.7520644  0.4671733  0.3405689 -0.2848911
 occupations
 0.345 -0.015 -0.015  0.000 -0.030
-0.015  0.427  0.002 -0.026 -0.002
-0.015  0.002  0.427  0.026 -0.002
 0.000 -0.026  0.026  0.345  0.000
-0.030 -0.002 -0.002  0.000  0.427
atom  4  spin  2
eigenvalues:  0.9856314 0.9856314 0.9995008 0.9995008 0.9999716
 eigenvectors
 1   0.0968348  0.0944695 -0.1058379 -0.9850724 -0.0113684
 2   0.9850724 -0.0676691 -0.0479784  0.0968348 -0.1156476
 3   0.1420916  0.3636730  0.4432065 -0.0080863  0.8068795
 4  -0.0080863 -0.7217375  0.6758188 -0.1420916 -0.0459187
 5   0.0000000 -0.5773503 -0.5773503  0.0000000  0.5773503
 occupations
 0.986  0.001  0.001  0.000  0.002
 0.001  0.999  0.000  0.001  0.000
 0.001  0.000  0.999 -0.001  0.000
 0.000  0.001 -0.001  0.986  0.000
 0.002  0.000  0.000  0.000  0.999
nsum =  13.8784790
 exit write_ns

     total cpu time spent up to now is     68.50 secs

     total energy              =  -174.82465746 ryd
     estimated scf accuracy    <     0.00000174 ryd

     total magnetization       =     0.00 Bohr mag/cell
     absolute magnetization    =     7.09 Bohr mag/cell

     iteration #  9     ecut=    30.00 ryd     beta=0.30
     Davidson diagonalization with overlap
     ethr =  6.21E-09,  avg # of iterations =  2.5
 enter write_ns
U( 1) =  0.0000      U( 2) =  0.0000      U( 3) =  0.0000
alpha( 1) =  0.0000      alpha( 2) =  0.0000      alpha( 3) =  0.0000
atom  3   Tr[ns(na)]=   6.9388981
atom  3  spin  1
eigenvalues:  0.9856401 0.9856401 0.9995008 0.9995008 0.9999706
 eigenvectors
 1   0.0998978  0.0944081 -0.1061551 -0.9847338 -0.0117470
 2   0.9847338 -0.0680708 -0.0477244  0.0998978 -0.1157952
 3   0.1423019  0.3623162  0.4444499 -0.0083642  0.8067661
 4  -0.0083642 -0.7223899  0.6749700 -0.1423019 -0.0474199
 5   0.0000000 -0.5773503 -0.5773503  0.0000000  0.5773503
 occupations
 0.986  0.001  0.001  0.000  0.002
 0.001  0.999  0.000  0.001  0.000
 0.001  0.000  0.999 -0.001  0.000
 0.000  0.001 -0.001  0.986  0.000
 0.002  0.000  0.000  0.000  0.999
atom  3  spin  2
eigenvalues:  0.3300051 0.3300051 0.4304472 0.4390942 0.4390942
 eigenvectors
 1   0.8397288  0.2461754  0.0231494  0.4014742  0.2693248
 2   0.4014742 -0.1688601  0.2976242 -0.8397288  0.1287641
 3   0.0000000  0.5773503  0.5773503  0.0000000 -0.5773503
 4   0.3399448 -0.1110454 -0.5955646 -0.1345795 -0.7066100
 5   0.1345795 -0.7518108  0.4720736  0.3399448 -0.2797372
 occupations
 0.345 -0.015 -0.015  0.000 -0.030
-0.015  0.426  0.002 -0.026 -0.002
-0.015  0.002  0.426  0.026 -0.002
 0.000 -0.026  0.026  0.345  0.000
-0.030 -0.002 -0.002  0.000  0.426
atom  4   Tr[ns(na)]=   6.9388786
atom  4  spin  1
eigenvalues:  0.3300042 0.3300042 0.4304438 0.4390871 0.4390871
 eigenvectors
 1   0.8573232  0.2381439  0.0368320  0.3623755  0.2749759
 2   0.3623755 -0.1800224  0.2962499 -0.8573232  0.1162275
 3   0.0000000  0.5773503  0.5773503  0.0000000 -0.5773503
 4   0.3414607 -0.1195805 -0.5901597 -0.1307114 -0.7097402
 5   0.1307114 -0.7504976  0.4788085  0.3414607 -0.2716890
 occupations
 0.345 -0.015 -0.015  0.000 -0.030
-0.015  0.426  0.002 -0.026 -0.002
-0.015  0.002  0.426  0.026 -0.002
 0.000 -0.026  0.026  0.345  0.000
-0.030 -0.002 -0.002  0.000  0.426
atom  4  spin  2
eigenvalues:  0.9856400 0.9856400 0.9995008 0.9995008 0.9999706
 eigenvectors
 1   0.0798103  0.0957748 -0.1051597 -0.9865652 -0.0093848
 2   0.9865652 -0.0661323 -0.0498773  0.0798103 -0.1160096
 3   0.1422861  0.3610665  0.4456165 -0.0086102  0.8066830
 4  -0.0086102 -0.7230155  0.6742005 -0.1422861 -0.0488150
 5   0.0000000 -0.5773503 -0.5773503  0.0000000  0.5773503
 occupations
 0.986  0.001  0.001  0.000  0.002
 0.001  0.999  0.000  0.001  0.000
 0.001  0.000  0.999 -0.001  0.000
 0.000  0.001 -0.001  0.986  0.000
 0.002  0.000  0.000  0.000  0.999
nsum =  13.8777767
 exit write_ns

     total cpu time spent up to now is     76.01 secs

     End of self-consistent calculation

 ------ SPIN UP ------------


          k = 0.0000 0.0000 0.0000 (   731 PWs)   bands (ev):

    -8.9533  -7.7470   2.7539   5.1280   5.1280   7.5762   7.5997   7.5997
     7.7786   7.7786   8.0653   8.9390   8.9390  11.0571  11.0571  11.2581
    11.5026  12.8937  12.8937  15.3691

          k =-0.7500 0.2500 0.2500 (   764 PWs)   bands (ev):

    -7.7710  -7.7516   3.6508   3.9129   4.7746   5.3281   5.3837   6.0704
     7.7226   8.2478   8.6481   9.6399   9.8410  10.4294  11.7006  11.8251
    12.6018  12.6287  17.2955  17.6039

          k =-0.5000-0.5000 0.5000 (   780 PWs)   bands (ev):

    -7.7622  -7.7506   2.7897   4.0521   5.1683   5.1908   6.4319   6.4446
     7.1587   8.2362   8.5578   9.3835   9.6071  10.7267  11.7108  11.8188
    13.0247  13.0949  15.3294  16.7015

          k =-0.2500-0.2500-0.2500 (   748 PWs)   bands (ev):

    -8.4148  -8.3808   4.4377   4.8297   5.5356   5.5356   6.5043   6.5043
     7.8491   7.8491   8.2989   9.9328   9.9328  10.9605  10.9727  10.9727
    12.4963  12.4963  13.9942  14.2632

 ------ SPIN DOWN ----------


          k = 0.0000 0.0000 0.0000 (   731 PWs)   bands (ev):

    -8.9533  -7.7470   2.7539   5.1280   5.1280   7.5762   7.5997   7.5997
     7.7786   7.7786   8.0653   8.9390   8.9390  11.0571  11.0571  11.2581
    11.5026  12.8937  12.8937  15.3691

          k =-0.7500 0.2500 0.2500 (   764 PWs)   bands (ev):

    -7.7710  -7.7516   3.6508   3.9129   4.7746   5.3281   5.3837   6.0704
     7.7226   8.2478   8.6481   9.6399   9.8410  10.4294  11.7006  11.8251
    12.6018  12.6287  17.2955  17.6039

          k =-0.5000-0.5000 0.5000 (   780 PWs)   bands (ev):

    -7.7622  -7.7506   2.7897   4.0521   5.1683   5.1908   6.4319   6.4446
     7.1587   8.2362   8.5578   9.3835   9.6071  10.7267  11.7108  11.8188
    13.0247  13.0949  15.3294  16.7015

          k =-0.2500-0.2500-0.2500 (   748 PWs)   bands (ev):

    -8.4148  -8.3808   4.4377   4.8297   5.5356   5.5356   6.5043   6.5043
     7.8491   7.8491   8.2989   9.9328   9.9328  10.9605  10.9727  10.9727
    12.4963  12.4963  13.9942  14.2632

     the Fermi energy is    10.9772 ev

!    total energy              =  -174.82465789 ryd
     estimated scf accuracy    <     0.00000002 ryd

     band energy sum           =    10.14384908 ryd
     one-electron contribution =     0.56186052 ryd
     hartree contribution      =    27.86102390 ryd
     xc contribution           =   -65.73506331 ryd
     ewald contribution        =  -137.50929535 ryd
     Hubbard energy            =     0.00000000 ryd
     correction for metals     =    -0.00318367 ryd

     total magnetization       =     0.00 Bohr mag/cell
     absolute magnetization    =     7.09 Bohr mag/cell

     convergence has been achieved

     Writing output data file      feo_af.save
 
     PWSCF        :  1m16.04s CPU time

     init_run     :     6.93s CPU
     electrons    :    68.87s CPU
 
     electrons    :    68.87s CPU
     c_bands      :    36.75s CPU (       9 calls,   4.083 s avg)
     sum_band     :    20.36s CPU (       9 calls,   2.262 s avg)
     v_of_rho     :     1.59s CPU (      10 calls,   0.159 s avg)
     newd         :     8.69s CPU (      10 calls,   0.869 s avg)
     mix_rho      :     0.25s CPU (       9 calls,   0.028 s avg)
 
     c_bands      :    36.75s CPU (       9 calls,   4.083 s avg)
     init_us_2    :     0.45s CPU (     160 calls,   0.003 s avg)
     cegterg      :    36.18s CPU (      72 calls,   0.502 s avg)
 
     sum_band     :    20.36s CPU (       9 calls,   2.262 s avg)
     becsum       :     0.00s CPU (      72 calls,   0.000 s avg)
     addusdens    :     8.68s CPU (       9 calls,   0.964 s avg)
 
     wfcrot       :     1.62s CPU (       8 calls,   0.203 s avg)
     cegterg      :    36.18s CPU (      72 calls,   0.502 s avg)
     h_psi        :    34.82s CPU (     270 calls,   0.129 s avg)
     g_psi        :     0.06s CPU (     190 calls,   0.000 s avg)
     overlap      :     0.50s CPU (     190 calls,   0.003 s avg)
     cdiaghg      :     0.80s CPU (     262 calls,   0.003 s avg)
     update       :     0.33s CPU (     190 calls,   0.002 s avg)
     last         :     0.13s CPU (      72 calls,   0.002 s avg)
 
     h_psi        :    34.82s CPU (     270 calls,   0.129 s avg)
     init         :     0.09s CPU (     270 calls,   0.000 s avg)
     firstfft     :    14.69s CPU (    3534 calls,   0.004 s avg)
     secondfft    :    14.90s CPU (    3534 calls,   0.004 s avg)
     add_vuspsi   :     0.57s CPU (     270 calls,   0.002 s avg)
     s_psi        :     0.45s CPU (     278 calls,   0.002 s avg)
 
     General routines
     ccalbec      :     0.82s CPU (     350 calls,   0.002 s avg)
     cft3         :     4.06s CPU (     136 calls,   0.030 s avg)
     cft3s        :    32.33s CPU (    8546 calls,   0.004 s avg)
     interpolate  :     1.72s CPU (      38 calls,   0.045 s avg)
     davcio       :     0.28s CPU (     456 calls,   0.001 s avg)
 
