
     Program PWSCF     v.3.1.1  starts ...
     Today is 29Jun2006 at  5: 6:25 

     Ultrasoft (Vanderbilt) Pseudopotentials

     Current dimensions of program pwscf are:

     ntypx = 10   npk = 40000  lmax =  3
     nchix =  6  ndmx =  2000  nbrx = 14  nqfx =  8
  HUBBARD L FOR TYPE Fe IS            2
  HUBBARD L FOR TYPE Fe IS            2
  MAXIMUM HUBBARD L IS            2


     bravais-lattice index     =            0
     lattice parameter (a_0)   =       8.1900  a.u.
     unit-cell volume          =     274.6766 (a.u.)^3
     number of atoms/cell      =            4
     number of atomic types    =            3
     kinetic-energy cutoff     =      30.0000  Ry
     charge density cutoff     =     240.0000  Ry
     convergence threshold     =      1.0E-06
     beta                      =       0.3000
     number of iterations used =            8  plain     mixing
     Exchange-correlation      =  SLA  PZ   NOGX NOGC (1100)
     celldm(1)=   8.190000  celldm(2)=   0.000000  celldm(3)=   0.000000
     celldm(4)=   0.000000  celldm(5)=   0.000000  celldm(6)=   0.000000

     crystal axes: (cart. coord. in units of a_0)
               a(1) = (  0.500000  0.500000  1.000000 )  
               a(2) = (  0.500000  1.000000  0.500000 )  
               a(3) = (  1.000000  0.500000  0.500000 )  

     reciprocal axes: (cart. coord. in units 2 pi/a_0)
               b(1) = ( -0.500000 -0.500000  1.500000 )  
               b(2) = ( -0.500000  1.500000 -0.500000 )  
               b(3) = (  1.500000 -0.500000 -0.500000 )  


     PSEUDO 1 is O  (US)    zval =  6.0   lmax= 2   lloc= 0
     Version   0  0  0 of US pseudo code
     Using log mesh of  1269 points
     The pseudopotential has  4 beta functions with: 
                l(1) =   0
                l(2) =   0
                l(3) =   1
                l(4) =   1
     Q(r) pseudized with  0 coefficients,  rinner =    0.000   0.000   0.000
                                                       0.000   0.000

     PSEUDO 2 is Fe (US)    zval =  8.0   lmax= 2   lloc= 0
     Version   0  0  0 of US pseudo code
     Using log mesh of   957 points
     The pseudopotential has  6 beta functions with: 
                l(1) =   0
                l(2) =   0
                l(3) =   1
                l(4) =   1
                l(5) =   2
                l(6) =   2
     Q(r) pseudized with  0 coefficients,  rinner =    0.000   0.000   0.000
                                                       0.000   0.000

     PSEUDO 3 is Fe (US)    zval =  8.0   lmax= 2   lloc= 0
     Version   0  0  0 of US pseudo code
     Using log mesh of   957 points
     The pseudopotential has  6 beta functions with: 
                l(1) =   0
                l(2) =   0
                l(3) =   1
                l(4) =   1
                l(5) =   2
                l(6) =   2
     Q(r) pseudized with  0 coefficients,  rinner =    0.000   0.000   0.000
                                                       0.000   0.000

     atomic species   valence    mass     pseudopotential
        O1             6.00     1.00000     O ( 1.00)
        Fe1            8.00     1.00000     Fe( 1.00)
        Fe2            8.00     1.00000     Fe( 1.00)

     Starting magnetic structure 
     atomic species   magnetization
        O1           0.000
        Fe1          0.500
        Fe2         -0.500

     12 Sym.Ops. (with inversion)


   Cartesian axes

     site n.     atom                  positions (a_0 units)
         1           O1  tau(  1) = (   0.5000000   0.5000000   0.5000000  )
         2           O1  tau(  2) = (   1.5000000   1.5000000   1.5000000  )
         3           Fe1 tau(  3) = (   0.0000000   0.0000000   0.0000000  )
         4           Fe2 tau(  4) = (   1.0000000   1.0000000   1.0000000  )

     number of k points=    8  gaussian broad. (ryd)=  0.0100     ngauss =   0
                       cart. coord. in units 2pi/a_0
        k(    1) = (   0.0000000   0.0000000   0.0000000), wk =   0.1250000
        k(    2) = (  -0.7500000   0.2500000   0.2500000), wk =   0.3750000
        k(    3) = (  -0.5000000  -0.5000000   0.5000000), wk =   0.3750000
        k(    4) = (  -0.2500000  -0.2500000  -0.2500000), wk =   0.1250000
        k(    5) = (   0.0000000   0.0000000   0.0000000), wk =   0.1250000
        k(    6) = (  -0.7500000   0.2500000   0.2500000), wk =   0.3750000
        k(    7) = (  -0.5000000  -0.5000000   0.5000000), wk =   0.3750000
        k(    8) = (  -0.2500000  -0.2500000  -0.2500000), wk =   0.1250000

     G cutoff =  407.7738  (  17255 G-vectors)     FFT grid: ( 50, 50, 50)
     G cutoff =  203.8869  (   6111 G-vectors)  smooth grid: ( 36, 36, 36)

     nbndx  =    80  nbnd   =    20  natomwfc =    20  npwx   =     780
     nelec  =  28.00  nkb   =    52  ngl    =     342

     Check: negative/imaginary core charge=   -0.000003    0.000000

     Initial potential from superposition of free atoms

     starting charge   27.99905, renormalised to   28.00000

     Parameters of the lda+U calculation:
     Number of iteration with fixed ns =  0
     Starting ns and Hubbard U :
 enter write_ns
U( 1) =  0.0000      U( 2) =  4.3000      U( 3) =  4.3000
alpha( 1) =  0.0000      alpha( 2) =  0.0000      alpha( 3) =  0.0000
atom  3   Tr[ns(na)]=   6.0000000
atom  3  spin  1
eigenvalues:  1.0000000 1.0000000 1.0000000 1.0000000 1.0000000
 eigenvectors
 1   1.0000000  0.0000000  0.0000000  0.0000000  0.0000000
 2   0.0000000  1.0000000  0.0000000  0.0000000  0.0000000
 3   0.0000000  0.0000000  1.0000000  0.0000000  0.0000000
 4   0.0000000  0.0000000  0.0000000  1.0000000  0.0000000
 5   0.0000000  0.0000000  0.0000000  0.0000000  1.0000000
 occupations
 1.000  0.000  0.000  0.000  0.000
 0.000  1.000  0.000  0.000  0.000
 0.000  0.000  1.000  0.000  0.000
 0.000  0.000  0.000  1.000  0.000
 0.000  0.000  0.000  0.000  1.000
atom  3  spin  2
eigenvalues:  0.2000000 0.2000000 0.2000000 0.2000000 0.2000000
 eigenvectors
 1   1.0000000  0.0000000  0.0000000  0.0000000  0.0000000
 2   0.0000000  1.0000000  0.0000000  0.0000000  0.0000000
 3   0.0000000  0.0000000  1.0000000  0.0000000  0.0000000
 4   0.0000000  0.0000000  0.0000000  1.0000000  0.0000000
 5   0.0000000  0.0000000  0.0000000  0.0000000  1.0000000
 occupations
 0.200  0.000  0.000  0.000  0.000
 0.000  0.200  0.000  0.000  0.000
 0.000  0.000  0.200  0.000  0.000
 0.000  0.000  0.000  0.200  0.000
 0.000  0.000  0.000  0.000  0.200
atom  4   Tr[ns(na)]=   6.0000000
atom  4  spin  1
eigenvalues:  0.2000000 0.2000000 0.2000000 0.2000000 0.2000000
 eigenvectors
 1   1.0000000  0.0000000  0.0000000  0.0000000  0.0000000
 2   0.0000000  1.0000000  0.0000000  0.0000000  0.0000000
 3   0.0000000  0.0000000  1.0000000  0.0000000  0.0000000
 4   0.0000000  0.0000000  0.0000000  1.0000000  0.0000000
 5   0.0000000  0.0000000  0.0000000  0.0000000  1.0000000
 occupations
 0.200  0.000  0.000  0.000  0.000
 0.000  0.200  0.000  0.000  0.000
 0.000  0.000  0.200  0.000  0.000
 0.000  0.000  0.000  0.200  0.000
 0.000  0.000  0.000  0.000  0.200
atom  4  spin  2
eigenvalues:  1.0000000 1.0000000 1.0000000 1.0000000 1.0000000
 eigenvectors
 1   1.0000000  0.0000000  0.0000000  0.0000000  0.0000000
 2   0.0000000  1.0000000  0.0000000  0.0000000  0.0000000
 3   0.0000000  0.0000000  1.0000000  0.0000000  0.0000000
 4   0.0000000  0.0000000  0.0000000  1.0000000  0.0000000
 5   0.0000000  0.0000000  0.0000000  0.0000000  1.0000000
 occupations
 1.000  0.000  0.000  0.000  0.000
 0.000  1.000  0.000  0.000  0.000
 0.000  0.000  1.000  0.000  0.000
 0.000  0.000  0.000  1.000  0.000
 0.000  0.000  0.000  0.000  1.000
nsum =  12.0000000
 exit write_ns
 Atomic wfc used for LDA+U Projector are NOT orthogonalized
     Starting wfc are atomic

     total cpu time spent up to now is      7.47 secs

     Self-consistent Calculation

     iteration #  1     ecut=    30.00 ryd     beta=0.30
     Davidson diagonalization with overlap
     ethr =  1.00E-02,  avg # of iterations =  3.2
 enter write_ns
U( 1) =  0.0000      U( 2) =  4.3000      U( 3) =  4.3000
alpha( 1) =  0.0000      alpha( 2) =  0.0000      alpha( 3) =  0.0000
atom  3   Tr[ns(na)]=   6.1226804
atom  3  spin  1
eigenvalues:  0.9969552 0.9969552 1.0025536 1.0025536 1.0030281
 eigenvectors
 1  -0.3999635 -0.2445215  0.4878693  0.6949847  0.2433478
 2  -0.6949847  0.4221684  0.0006777 -0.3999635  0.4228460
 3   0.5925494  0.3975896  0.2516818  0.0768805  0.6492714
 4   0.0768805 -0.5201656  0.6044055 -0.5925494  0.0842399
 5   0.0000000  0.5773503  0.5773503  0.0000000 -0.5773503
 occupations
 0.999  0.001  0.001  0.000  0.002
 0.001  1.001  0.001  0.002 -0.001
 0.001  0.001  1.001 -0.002 -0.001
 0.000  0.002 -0.002  0.999  0.000
 0.002 -0.001 -0.001  0.000  1.001
atom  3  spin  2
eigenvalues:  0.1553854 0.1553854 0.2567875 0.2765383 0.2765383
 eigenvectors
 1  -0.2309434 -0.0688265  0.0521761 -0.9689832 -0.0166504
 2  -0.9689832 -0.0205108 -0.0493501  0.2309434 -0.0698609
 3   0.0000000 -0.5773503 -0.5773503  0.0000000  0.5773503
 4  -0.0866911  0.2816731  0.5199409  0.0148770  0.8016140
 5  -0.0148770  0.7630001 -0.6254361 -0.0866911  0.1375640
 occupations
 0.156 -0.004 -0.004  0.000 -0.009
-0.004  0.269 -0.006 -0.008  0.006
-0.004 -0.006  0.269  0.008  0.006
 0.000 -0.008  0.008  0.156  0.000
-0.009  0.006  0.006  0.000  0.269
atom  4   Tr[ns(na)]=   6.1226804
atom  4  spin  1
eigenvalues:  0.1553854 0.1553854 0.2567875 0.2765383 0.2765383
 eigenvectors
 1  -0.2202778 -0.0685969  0.0527155 -0.9714633 -0.0158814
 2  -0.9714633 -0.0212662 -0.0487735  0.2202778 -0.0700397
 3   0.0000000 -0.5773503 -0.5773503  0.0000000  0.5773503
 4  -0.0867375  0.2840717  0.5179710  0.0146042  0.8020428
 5  -0.0146042  0.7621103 -0.6270685 -0.0867375  0.1350418
 occupations
 0.156 -0.004 -0.004  0.000 -0.009
-0.004  0.269 -0.006 -0.008  0.006
-0.004 -0.006  0.269  0.008  0.006
 0.000 -0.008  0.008  0.156  0.000
-0.009  0.006  0.006  0.000  0.269
atom  4  spin  2
eigenvalues:  0.9969552 0.9969552 1.0025536 1.0025536 1.0030281
 eigenvectors
 1  -0.4144005 -0.2356453  0.4877769  0.6864742  0.2521316
 2  -0.6864742  0.4271864 -0.0095183 -0.4144005  0.4176680
 3   0.5927604  0.3961449  0.2533577  0.0752362  0.6495026
 4   0.0752362 -0.5212667  0.6037049 -0.5927604  0.0824383
 5   0.0000000  0.5773503  0.5773503  0.0000000 -0.5773503
 occupations
 0.999  0.001  0.001  0.000  0.002
 0.001  1.001  0.001  0.002 -0.001
 0.001  0.001  1.001 -0.002 -0.001
 0.000  0.002 -0.002  0.999  0.000
 0.002 -0.001 -0.001  0.000  1.001
nsum =  12.2453608
 exit write_ns

     total cpu time spent up to now is     15.99 secs

     total energy              =  -173.87440478 ryd
     estimated scf accuracy    <     2.40343117 ryd

     total magnetization       =     0.00 Bohr mag/cell
     absolute magnetization    =     8.54 Bohr mag/cell

     iteration #  2     ecut=    30.00 ryd     beta=0.30
     Davidson diagonalization with overlap
     ethr =  8.58E-03,  avg # of iterations =  2.2
 enter write_ns
U( 1) =  0.0000      U( 2) =  4.3000      U( 3) =  4.3000
alpha( 1) =  0.0000      alpha( 2) =  0.0000      alpha( 3) =  0.0000
atom  3   Tr[ns(na)]=   6.9138797
atom  3  spin  1
eigenvalues:  0.9930388 0.9930388 1.0013931 1.0013931 1.0026209
 eigenvectors
 1   0.1756008  0.1725464 -0.2140490 -0.9443795 -0.0415027
 2   0.9443795 -0.1475428 -0.0756581  0.1756008 -0.2232010
 3  -0.2780447 -0.3880291 -0.3962559  0.0016839 -0.7842850
 4  -0.0016839 -0.6815856  0.6768358 -0.2780447 -0.0047498
 5   0.0000000 -0.5773503 -0.5773503  0.0000000  0.5773503
 occupations
 0.994  0.001  0.001  0.000  0.002
 0.001  1.001  0.001  0.002 -0.001
 0.001  0.001  1.001 -0.002 -0.001
 0.000  0.002 -0.002  0.994  0.000
 0.002 -0.001 -0.001  0.000  1.001
atom  3  spin  2
eigenvalues:  0.3123237 0.3123237 0.4063959 0.4456759 0.4456759
 eigenvectors
 1  -0.8073972 -0.2778830 -0.0101131 -0.4334129 -0.2879961
 2   0.4334129 -0.1721134  0.3267105 -0.8073972  0.1545970
 3   0.0000000  0.5773503  0.5773503  0.0000000 -0.5773503
 4   0.3636653 -0.0689505 -0.6107401 -0.1673635 -0.6796906
 5  -0.1673635  0.7450305 -0.4322282 -0.3636653  0.3128024
 occupations
 0.334 -0.020 -0.020  0.000 -0.040
-0.020  0.418 -0.006 -0.035  0.006
-0.020 -0.006  0.418  0.035  0.006
 0.000 -0.035  0.035  0.334  0.000
-0.040  0.006  0.006  0.000  0.418
atom  4   Tr[ns(na)]=   6.9138797
atom  4  spin  1
eigenvalues:  0.3123237 0.3123237 0.4063959 0.4456759 0.4456759
 eigenvectors
 1   0.7845935  0.2861822 -0.0063202  0.4734449  0.2798621
 2  -0.4734449  0.1579295 -0.3268058  0.7845935 -0.1688763
 3   0.0000000  0.5773503  0.5773503  0.0000000 -0.5773503
 4   0.3637689 -0.0694117 -0.6104724 -0.1671383 -0.6798841
 5  -0.1671383  0.7449877 -0.4326061 -0.3637689  0.3123816
 occupations
 0.334 -0.020 -0.020  0.000 -0.040
-0.020  0.418 -0.006 -0.035  0.006
-0.020 -0.006  0.418  0.035  0.006
 0.000 -0.035  0.035  0.334  0.000
-0.040  0.006  0.006  0.000  0.418
atom  4  spin  2
eigenvalues:  0.9930388 0.9930388 1.0013931 1.0013931 1.0026209
 eigenvectors
 1   0.1464422  0.1770071 -0.2116182 -0.9493382 -0.0346111
 2   0.9493382 -0.1421606 -0.0822124  0.1464422 -0.2243729
 3  -0.2780479 -0.3896094 -0.3946845  0.0010388 -0.7842939
 4  -0.0010388 -0.6806835  0.6777534 -0.2780479 -0.0029301
 5   0.0000000 -0.5773503 -0.5773503  0.0000000  0.5773503
 occupations
 0.994  0.001  0.001  0.000  0.002
 0.001  1.001  0.001  0.002 -0.001
 0.001  0.001  1.001 -0.002 -0.001
 0.000  0.002 -0.002  0.994  0.000
 0.002 -0.001 -0.001  0.000  1.001
nsum =  13.8277593
 exit write_ns

     total cpu time spent up to now is     24.35 secs

     total energy              =  -174.43468946 ryd
     estimated scf accuracy    <     0.17790706 ryd

     total magnetization       =     0.00 Bohr mag/cell
     absolute magnetization    =     7.22 Bohr mag/cell

     iteration #  3     ecut=    30.00 ryd     beta=0.30
     Davidson diagonalization with overlap
     ethr =  6.35E-04,  avg # of iterations =  2.0
 enter write_ns
U( 1) =  0.0000      U( 2) =  4.3000      U( 3) =  4.3000
alpha( 1) =  0.0000      alpha( 2) =  0.0000      alpha( 3) =  0.0000
atom  3   Tr[ns(na)]=   6.8006636
atom  3  spin  1
eigenvalues:  0.9937848 0.9937848 1.0016893 1.0016893 1.0028979
 eigenvectors
 1   0.2433778  0.1698956 -0.2307868 -0.9246256 -0.0608912
 2   0.9246256 -0.1684004 -0.0629337  0.2433778 -0.2313341
 3  -0.2929683 -0.3855139 -0.3951349  0.0020846 -0.7806488
 4  -0.0020846 -0.6788391  0.6732844 -0.2929683 -0.0055547
 5   0.0000000 -0.5773503 -0.5773503  0.0000000  0.5773503
 occupations
 0.994  0.001  0.001  0.000  0.002
 0.001  1.002  0.001  0.002 -0.001
 0.001  0.001  1.002 -0.002 -0.001
 0.000  0.002 -0.002  0.994  0.000
 0.002 -0.001 -0.001  0.000  1.002
atom  3  spin  2
eigenvalues:  0.2785364 0.2785364 0.4109928 0.4193759 0.4193759
 eigenvectors
 1  -0.7739543 -0.2409062  0.0234585 -0.5432543 -0.2174477
 2  -0.5432543  0.1119998 -0.2646308  0.7739543 -0.1526310
 3   0.0000000  0.5773503  0.5773503  0.0000000 -0.5773503
 4   0.3063389 -0.1380944 -0.5887997 -0.1096637 -0.7268942
 5   0.1096637 -0.7596162  0.4994014  0.3063389 -0.2602148
 occupations
 0.293 -0.018 -0.018  0.000 -0.035
-0.018  0.407  0.002 -0.031 -0.002
-0.018  0.002  0.407  0.031 -0.002
 0.000 -0.031  0.031  0.293  0.000
-0.035 -0.002 -0.002  0.000  0.407
atom  4   Tr[ns(na)]=   6.8006636
atom  4  spin  1
eigenvalues:  0.2785364 0.2785364 0.4109928 0.4193759 0.4193759
 eigenvectors
 1  -0.7629825 -0.2430888  0.0287236 -0.5585589 -0.2143652
 2  -0.5585589  0.1071802 -0.2641112  0.7629825 -0.1569310
 3   0.0000000  0.5773503  0.5773503  0.0000000 -0.5773503
 4   0.3048387 -0.1278818 -0.5954526 -0.1137673 -0.7233345
 5   0.1137673 -0.7614021  0.4914500  0.3048387 -0.2699521
 occupations
 0.293 -0.018 -0.018  0.000 -0.035
-0.018  0.407  0.002 -0.031 -0.002
-0.018  0.002  0.407  0.031 -0.002
 0.000 -0.031  0.031  0.293  0.000
-0.035 -0.002 -0.002  0.000  0.407
atom  4  spin  2
eigenvalues:  0.9937848 0.9937848 1.0016893 1.0016893 1.0028979
 eigenvectors
 1  -0.2009986 -0.1773916  0.2276799  0.9347538  0.0502883
 2   0.9347538 -0.1604850 -0.0733831  0.2009986 -0.2338681
 3  -0.2929237 -0.4030153 -0.3775145 -0.0055253 -0.7805298
 4  -0.0055253  0.6685971 -0.6833201  0.2929237 -0.0147229
 5   0.0000000 -0.5773503 -0.5773503  0.0000000  0.5773503
 occupations
 0.994  0.001  0.001  0.000  0.002
 0.001  1.002  0.001  0.002 -0.001
 0.001  0.001  1.002 -0.002 -0.001
 0.000  0.002 -0.002  0.994  0.000
 0.002 -0.001 -0.001  0.000  1.002
nsum =  13.6013272
 exit write_ns

     total cpu time spent up to now is     32.37 secs

     total energy              =  -174.44762032 ryd
     estimated scf accuracy    <     0.04587666 ryd

     total magnetization       =     0.00 Bohr mag/cell
     absolute magnetization    =     7.40 Bohr mag/cell

     iteration #  4     ecut=    30.00 ryd     beta=0.30
     Davidson diagonalization with overlap
     ethr =  1.64E-04,  avg # of iterations =  1.8
 enter write_ns
U( 1) =  0.0000      U( 2) =  4.3000      U( 3) =  4.3000
alpha( 1) =  0.0000      alpha( 2) =  0.0000      alpha( 3) =  0.0000
atom  3   Tr[ns(na)]=   6.8603650
atom  3  spin  1
eigenvalues:  0.9936105 0.9936105 1.0013475 1.0013475 1.0026028
 eigenvectors
 1  -0.2280540 -0.1695622  0.2254792  0.9302002  0.0559169
 2   0.9302002 -0.1624641 -0.0656132  0.2280540 -0.2280773
 3  -0.2875893 -0.3830594 -0.3988852  0.0033605 -0.7819445
 4   0.0033605  0.6817523 -0.6726153  0.2875893  0.0091370
 5   0.0000000 -0.5773503 -0.5773503  0.0000000  0.5773503
 occupations
 0.994  0.001  0.001  0.000  0.002
 0.001  1.001  0.001  0.002 -0.001
 0.001  0.001  1.001 -0.002 -0.001
 0.000  0.002 -0.002  0.994  0.000
 0.002 -0.001 -0.001  0.000  1.001
atom  3  spin  2
eigenvalues:  0.2808750 0.2808750 0.3985085 0.4537938 0.4537938
 eigenvectors
 1  -0.6390905 -0.2729471  0.0824650 -0.6884616 -0.1904821
 2   0.6884616 -0.0623637  0.2675609 -0.6390905  0.2051972
 3   0.0000000  0.5773503  0.5773503  0.0000000 -0.5773503
 4   0.3194127 -0.1155958 -0.5988498 -0.1247377 -0.7144456
 5  -0.1247377  0.7582315 -0.4792246 -0.3194127  0.2790068
 occupations
 0.301 -0.023 -0.023  0.000 -0.045
-0.023  0.422 -0.012 -0.039  0.012
-0.023 -0.012  0.422  0.039  0.012
 0.000 -0.039  0.039  0.301  0.000
-0.045  0.012  0.012  0.000  0.422
atom  4   Tr[ns(na)]=   6.8603650
atom  4  spin  1
eigenvalues:  0.2808750 0.2808750 0.3985085 0.4537938 0.4537938
 eigenvectors
 1   0.7290560  0.2615491 -0.0442526  0.5923625  0.2172965
 2  -0.5923625  0.0999069 -0.2764616  0.7290560 -0.1765547
 3   0.0000000  0.5773503  0.5773503  0.0000000 -0.5773503
 4   0.3233855 -0.1407552 -0.5825765 -0.1140431 -0.7233316
 5  -0.1140431  0.7539664 -0.4988808 -0.3233855  0.2550856
 occupations
 0.301 -0.023 -0.023  0.000 -0.045
-0.023  0.422 -0.012 -0.039  0.012
-0.023 -0.012  0.422  0.039  0.012
 0.000 -0.039  0.039  0.301  0.000
-0.045  0.012  0.012  0.000  0.422
atom  4  spin  2
eigenvalues:  0.9936105 0.9936105 1.0013475 1.0013475 1.0026028
 eigenvectors
 1   0.2363394  0.1681068 -0.2260553 -0.9281297 -0.0579484
 2   0.9281297 -0.1639696 -0.0636000  0.2363394 -0.2275696
 3  -0.2876090 -0.3911252 -0.3908726 -0.0000536 -0.7819979
 4   0.0000536 -0.6771571  0.6773030 -0.2876090  0.0001458
 5   0.0000000 -0.5773503 -0.5773503  0.0000000  0.5773503
 occupations
 0.994  0.001  0.001  0.000  0.002
 0.001  1.001  0.001  0.002 -0.001
 0.001  0.001  1.001 -0.002 -0.001
 0.000  0.002 -0.002  0.994  0.000
 0.002 -0.001 -0.001  0.000  1.001
nsum =  13.7207299
 exit write_ns

     total cpu time spent up to now is     40.32 secs

     total energy              =  -174.45325867 ryd
     estimated scf accuracy    <     0.00422687 ryd

     total magnetization       =     0.00 Bohr mag/cell
     absolute magnetization    =     7.31 Bohr mag/cell

     iteration #  5     ecut=    30.00 ryd     beta=0.30
     Davidson diagonalization with overlap
     ethr =  1.51E-05,  avg # of iterations =  2.2
 enter write_ns
U( 1) =  0.0000      U( 2) =  4.3000      U( 3) =  4.3000
alpha( 1) =  0.0000      alpha( 2) =  0.0000      alpha( 3) =  0.0000
atom  3   Tr[ns(na)]=   6.8555891
atom  3  spin  1
eigenvalues:  0.9938034 0.9938034 1.0015004 1.0015004 1.0027991
 eigenvectors
 1  -0.1823238 -0.1752557  0.2193906  0.9412563  0.0441350
 2   0.9412563 -0.1521466 -0.0757026  0.1823238 -0.2278491
 3  -0.2842439 -0.3921759 -0.3906413 -0.0003217 -0.7828172
 4  -0.0003217  0.6774966 -0.6783826  0.2842439 -0.0008860
 5   0.0000000 -0.5773503 -0.5773503  0.0000000  0.5773503
 occupations
 0.994  0.001  0.001  0.000  0.002
 0.001  1.002  0.001  0.001 -0.001
 0.001  0.001  1.002 -0.001 -0.001
 0.000  0.001 -0.001  0.994  0.000
 0.002 -0.001 -0.001  0.000  1.002
atom  3  spin  2
eigenvalues:  0.2771342 0.2771342 0.3718463 0.4680338 0.4680338
 eigenvectors
 1  -0.7000507 -0.2591174  0.0568521 -0.6313824 -0.2022654
 2   0.6313824 -0.0839544  0.2663795 -0.7000507  0.1824251
 3   0.0000000  0.5773503  0.5773503  0.0000000 -0.5773503
 4   0.3164274 -0.1539706 -0.5761434 -0.1056362 -0.7301140
 5  -0.1056362  0.7541681 -0.5104265 -0.3164274  0.2437416
 occupations
 0.298 -0.025 -0.025  0.000 -0.049
-0.025  0.422 -0.025 -0.042  0.025
-0.025 -0.025  0.422  0.042  0.025
 0.000 -0.042  0.042  0.298  0.000
-0.049  0.025  0.025  0.000  0.422
atom  4   Tr[ns(na)]=   6.8555891
atom  4  spin  1
eigenvalues:  0.2771342 0.2771342 0.3718463 0.4680338 0.4680338
 eigenvectors
 1   0.7251897  0.2554824 -0.0459536  0.6023409  0.2095288
 2  -0.6023409  0.0944402 -0.2684743  0.7251897 -0.1740341
 3   0.0000000  0.5773503  0.5773503  0.0000000 -0.5773503
 4   0.3137591 -0.1355464 -0.5884110 -0.1133160 -0.7239574
 5  -0.1133160  0.7576963 -0.4962348 -0.3137591  0.2614615
 occupations
 0.298 -0.025 -0.025  0.000 -0.049
-0.025  0.422 -0.025 -0.042  0.025
-0.025 -0.025  0.422  0.042  0.025
 0.000 -0.042  0.042  0.298  0.000
-0.049  0.025  0.025  0.000  0.422
atom  4  spin  2
eigenvalues:  0.9938034 0.9938034 1.0015004 1.0015004 1.0027991
 eigenvectors
 1  -0.2074342 -0.1711235  0.2213370  0.9360429  0.0502134
 2   0.9360429 -0.1567797 -0.0698075  0.2074342 -0.2265872
 3  -0.2842437 -0.3925297 -0.3902870 -0.0004702 -0.7828166
 4  -0.0004702  0.6772917 -0.6785865  0.2842437 -0.0012948
 5   0.0000000 -0.5773503 -0.5773503  0.0000000  0.5773503
 occupations
 0.994  0.001  0.001  0.000  0.002
 0.001  1.002  0.001  0.001 -0.001
 0.001  0.001  1.002 -0.001 -0.001
 0.000  0.001 -0.001  0.994  0.000
 0.002 -0.001 -0.001  0.000  1.002
nsum =  13.7111782
 exit write_ns

     total cpu time spent up to now is     48.71 secs

     total energy              =  -174.45487460 ryd
     estimated scf accuracy    <     0.00252826 ryd

     total magnetization       =     0.00 Bohr mag/cell
     absolute magnetization    =     7.32 Bohr mag/cell

     iteration #  6     ecut=    30.00 ryd     beta=0.30
     Davidson diagonalization with overlap
     ethr =  9.03E-06,  avg # of iterations =  1.0
 enter write_ns
U( 1) =  0.0000      U( 2) =  4.3000      U( 3) =  4.3000
alpha( 1) =  0.0000      alpha( 2) =  0.0000      alpha( 3) =  0.0000
atom  3   Tr[ns(na)]=   6.8612540
atom  3  spin  1
eigenvalues:  0.9937745 0.9937745 1.0015089 1.0015089 1.0028133
 eigenvectors
 1  -0.1986667 -0.1702484  0.2176213  0.9391186  0.0473729
 2   0.9391186 -0.1529945 -0.0709422  0.1986667 -0.2239367
 3  -0.2802982 -0.3808196 -0.4028342  0.0045462 -0.7836538
 4   0.0045462  0.6850192 -0.6723090  0.2802982  0.0127102
 5   0.0000000 -0.5773503 -0.5773503  0.0000000  0.5773503
 occupations
 0.994  0.001  0.001  0.000  0.002
 0.001  1.002  0.001  0.001 -0.001
 0.001  0.001  1.002 -0.001 -0.001
 0.000  0.001 -0.001  0.994  0.000
 0.002 -0.001 -0.001  0.000  1.002
atom  3  spin  2
eigenvalues:  0.2777245 0.2777245 0.3323909 0.4900169 0.4900169
 eigenvectors
 1  -0.7350643 -0.2519846  0.0415008 -0.5917419 -0.2104838
 2   0.5917419 -0.0975624  0.2670063 -0.7350643  0.1694438
 3   0.0000000  0.5773503  0.5773503  0.0000000 -0.5773503
 4   0.3101841 -0.1284871 -0.5936754 -0.1153594 -0.7221625
 5  -0.1153594  0.7596993 -0.4911228 -0.3101841  0.2685766
 occupations
 0.301 -0.027 -0.027  0.000 -0.054
-0.027  0.422 -0.045 -0.047  0.045
-0.027 -0.045  0.422  0.047  0.045
 0.000 -0.047  0.047  0.301  0.000
-0.054  0.045  0.045  0.000  0.422
atom  4   Tr[ns(na)]=   6.8612540
atom  4  spin  1
eigenvalues:  0.2777246 0.2777246 0.3323909 0.4900169 0.4900169
 eigenvectors
 1   0.7544450  0.2485804 -0.0325470  0.5668252  0.2160334
 2  -0.5668252  0.1059360 -0.2682449  0.7544450 -0.1623090
 3   0.0000000  0.5773503  0.5773503  0.0000000 -0.5773503
 4   0.3124658 -0.1439090 -0.5835657 -0.1090279 -0.7274746
 5  -0.1090279  0.7569295 -0.5030936 -0.3124658  0.2538359
 occupations
 0.301 -0.027 -0.027  0.000 -0.054
-0.027  0.422 -0.045 -0.047  0.045
-0.027 -0.045  0.422  0.047  0.045
 0.000 -0.047  0.047  0.301  0.000
-0.054  0.045  0.045  0.000  0.422
atom  4  spin  2
eigenvalues:  0.9937745 0.9937745 1.0015089 1.0015089 1.0028133
 eigenvectors
 1  -0.2095295 -0.1684651  0.2184283  0.9367549  0.0499632
 2   0.9367549 -0.1549559 -0.0684171  0.2095295 -0.2233730
 3  -0.2802999 -0.3810896 -0.4025691  0.0044357 -0.7836588
 4   0.0044357  0.6848690 -0.6724678  0.2802999  0.0124012
 5   0.0000000 -0.5773503 -0.5773503  0.0000000  0.5773503
 occupations
 0.994  0.001  0.001  0.000  0.002
 0.001  1.002  0.001  0.001 -0.001
 0.001  0.001  1.002 -0.001 -0.001
 0.000  0.001 -0.001  0.994  0.000
 0.002 -0.001 -0.001  0.000  1.002
nsum =  13.7225080
 exit write_ns

     total cpu time spent up to now is     56.52 secs

     total energy              =  -174.45720440 ryd
     estimated scf accuracy    <     0.00457259 ryd

     total magnetization       =     0.00 Bohr mag/cell
     absolute magnetization    =     7.31 Bohr mag/cell

     iteration #  7     ecut=    30.00 ryd     beta=0.30
     Davidson diagonalization with overlap
     ethr =  9.03E-06,  avg # of iterations =  1.2
 enter write_ns
U( 1) =  0.0000      U( 2) =  4.3000      U( 3) =  4.3000
alpha( 1) =  0.0000      alpha( 2) =  0.0000      alpha( 3) =  0.0000
atom  3   Tr[ns(na)]=   6.8546042
atom  3  spin  1
eigenvalues:  0.9938372 0.9938372 1.0014826 1.0014826 1.0027868
 eigenvectors
 1  -0.1515838 -0.1839521  0.2215087  0.9448319  0.0375566
 2   0.9448319 -0.1495715 -0.0845215  0.1515838 -0.2340929
 3  -0.2903522 -0.3830517 -0.3982165  0.0032539 -0.7812682
 4   0.0032539  0.6809758 -0.6722204  0.2903522  0.0087554
 5   0.0000000 -0.5773503 -0.5773503  0.0000000  0.5773503
 occupations
 0.994  0.001  0.001  0.000  0.002
 0.001  1.001  0.001  0.002 -0.001
 0.001  0.001  1.001 -0.002 -0.001
 0.000  0.002 -0.002  0.994  0.000
 0.002 -0.001 -0.001  0.000  1.001
atom  3  spin  2
eigenvalues:  0.2766376 0.2766376 0.3980582 0.3980582 0.5117862
 eigenvectors
 1  -0.8101966 -0.2829256 -0.0162964 -0.4168156 -0.2992220
 2   0.4168156 -0.1821646  0.3361031 -0.8101966  0.1539384
 3   0.3783682 -0.0861357 -0.5968637 -0.1633516 -0.6829994
 4   0.1633516 -0.7389293  0.4440603  0.3783682 -0.2948690
 5   0.0000000 -0.5773503 -0.5773503  0.0000000  0.5773503
 occupations
 0.297 -0.019 -0.019  0.000 -0.037
-0.019  0.422  0.045 -0.032 -0.045
-0.019  0.045  0.422  0.032 -0.045
 0.000 -0.032  0.032  0.297  0.000
-0.037 -0.045 -0.045  0.000  0.422
atom  4   Tr[ns(na)]=   6.8546044
atom  4  spin  1
eigenvalues:  0.2766376 0.2766376 0.3980583 0.3980583 0.5117863
 eigenvectors
 1   0.7802808  0.2945531 -0.0063798  0.4704420  0.2881734
 2  -0.4704420  0.1626936 -0.3364373  0.7802808 -0.1737437
 3   0.3754406 -0.0731439 -0.6045711 -0.1699720 -0.6777150
 4   0.1699720 -0.7403282  0.4335086  0.3754406 -0.3068197
 5   0.0000000 -0.5773503 -0.5773503  0.0000000  0.5773503
 occupations
 0.297 -0.019 -0.019  0.000 -0.037
-0.019  0.422  0.045 -0.032 -0.045
-0.019  0.045  0.422  0.032 -0.045
 0.000 -0.032  0.032  0.297  0.000
-0.037 -0.045 -0.045  0.000  0.422
atom  4  spin  2
eigenvalues:  0.9938372 0.9938372 1.0014826 1.0014826 1.0027868
 eigenvectors
 1  -0.1958297 -0.1767179  0.2252370  0.9366620  0.0485191
 2   0.9366620 -0.1580531 -0.0740156  0.1958297 -0.2320688
 3  -0.2903594 -0.3965589 -0.3847285 -0.0025384 -0.7812874
 4  -0.0025384  0.6731996 -0.6800299  0.2903594 -0.0068303
 5   0.0000000 -0.5773503 -0.5773503  0.0000000  0.5773503
 occupations
 0.994  0.001  0.001  0.000  0.002
 0.001  1.001  0.001  0.002 -0.001
 0.001  0.001  1.001 -0.002 -0.001
 0.000  0.002 -0.002  0.994  0.000
 0.002 -0.001 -0.001  0.000  1.001
nsum =  13.7092086
 exit write_ns

     total cpu time spent up to now is     64.38 secs

     total energy              =  -174.45487968 ryd
     estimated scf accuracy    <     0.00220854 ryd

     total magnetization       =     0.00 Bohr mag/cell
     absolute magnetization    =     7.32 Bohr mag/cell

     iteration #  8     ecut=    30.00 ryd     beta=0.30
     Davidson diagonalization with overlap
     ethr =  7.89E-06,  avg # of iterations =  1.0
 enter write_ns
U( 1) =  0.0000      U( 2) =  4.3000      U( 3) =  4.3000
alpha( 1) =  0.0000      alpha( 2) =  0.0000      alpha( 3) =  0.0000
atom  3   Tr[ns(na)]=   6.8591849
atom  3  spin  1
eigenvalues:  0.9938150 0.9938150 1.0015289 1.0015289 1.0028239
 eigenvectors
 1  -0.2053699 -0.1707296  0.2202062  0.9368756  0.0494766
 2   0.9368756 -0.1557014 -0.0700055  0.2053699 -0.2257069
 3  -0.2829962 -0.3899178 -0.3931988  0.0006845 -0.7831166
 4   0.0006845  0.6791460 -0.6772517  0.2829962  0.0018943
 5   0.0000000 -0.5773503 -0.5773503  0.0000000  0.5773503
 occupations
 0.994  0.001  0.001  0.000  0.002
 0.001  1.002  0.001  0.001 -0.001
 0.001  0.001  1.002 -0.001 -0.001
 0.000  0.001 -0.001  0.994  0.000
 0.002 -0.001 -0.001  0.000  1.002
atom  3  spin  2
eigenvalues:  0.2759806 0.2759806 0.3836848 0.4650136 0.4650136
 eigenvectors
 1   0.7913976  0.2538838 -0.0115229  0.5003611  0.2423609
 2  -0.5003611  0.1332743 -0.2865070  0.7913976 -0.1532327
 3   0.0000000  0.5773503  0.5773503  0.0000000 -0.5773503
 4   0.3280464 -0.1207356 -0.5933928 -0.1253559 -0.7141284
 5  -0.1253559  0.7548977 -0.4820090 -0.3280464  0.2728887
 occupations
 0.299 -0.025 -0.025  0.000 -0.051
-0.025  0.422 -0.019 -0.044  0.019
-0.025 -0.019  0.422  0.044  0.019
 0.000 -0.044  0.044  0.299  0.000
-0.051  0.019  0.019  0.000  0.422
atom  4   Tr[ns(na)]=   6.8591831
atom  4  spin  1
eigenvalues:  0.2759806 0.2759806 0.3836845 0.4650129 0.4650129
 eigenvectors
 1   0.7795366  0.2569175 -0.0181886  0.5186462  0.2387288
 2  -0.5186462  0.1273289 -0.2861615  0.7795366 -0.1588326
 3   0.0000000  0.5773503  0.5773503  0.0000000 -0.5773503
 4   0.3257413 -0.1071509 -0.6019584 -0.1312306 -0.7091093
 5  -0.1312306  0.7569452 -0.4712680 -0.3257413  0.2856772
 occupations
 0.299 -0.025 -0.025  0.000 -0.051
-0.025  0.422 -0.019 -0.044  0.019
-0.025 -0.019  0.422  0.044  0.019
 0.000 -0.044  0.044  0.299  0.000
-0.051  0.019  0.019  0.000  0.422
atom  4  spin  2
eigenvalues:  0.9938150 0.9938150 1.0015289 1.0015289 1.0028239
 eigenvectors
 1  -0.1781651 -0.1751649  0.2180874  0.9424277  0.0429225
 2   0.9424277 -0.1506942 -0.0763502  0.1781651 -0.2270443
 3  -0.2829955 -0.3936262 -0.3894891 -0.0008632 -0.7831152
 4  -0.0008632  0.6770034 -0.6793920  0.2829955 -0.0023886
 5   0.0000000 -0.5773503 -0.5773503  0.0000000  0.5773503
 occupations
 0.994  0.001  0.001  0.000  0.002
 0.001  1.002  0.001  0.001 -0.001
 0.001  0.001  1.002 -0.001 -0.001
 0.000  0.001 -0.001  0.994  0.000
 0.002 -0.001 -0.001  0.000  1.002
nsum =  13.7183680
 exit write_ns

     total cpu time spent up to now is     72.24 secs

     total energy              =  -174.45452662 ryd
     estimated scf accuracy    <     0.00142965 ryd

     total magnetization       =     0.00 Bohr mag/cell
     absolute magnetization    =     7.31 Bohr mag/cell

     iteration #  9     ecut=    30.00 ryd     beta=0.30
     Davidson diagonalization with overlap
     ethr =  5.11E-06,  avg # of iterations =  1.5
 enter write_ns
U( 1) =  0.0000      U( 2) =  4.3000      U( 3) =  4.3000
alpha( 1) =  0.0000      alpha( 2) =  0.0000      alpha( 3) =  0.0000
atom  3   Tr[ns(na)]=   6.8505843
atom  3  spin  1
eigenvalues:  0.9938136 0.9938136 1.0014955 1.0014955 1.0027556
 eigenvectors
 1   0.2423936  0.1684453 -0.2284400 -0.9257901 -0.0599947
 2   0.9257901 -0.1665279 -0.0626140  0.2423936 -0.2291418
 3  -0.2900995 -0.3894228 -0.3919601  0.0005439 -0.7813829
 4  -0.0005439 -0.6774299  0.6759650 -0.2900995 -0.0014649
 5   0.0000000 -0.5773503 -0.5773503  0.0000000  0.5773503
 occupations
 0.994  0.001  0.001  0.000  0.002
 0.001  1.001  0.001  0.002 -0.001
 0.001  0.001  1.001 -0.002 -0.001
 0.000  0.002 -0.002  0.994  0.000
 0.002 -0.001 -0.001  0.000  1.001
atom  3  spin  2
eigenvalues:  0.2712072 0.2712072 0.3970921 0.3970921 0.5206120
 eigenvectors
 1  -0.8218448 -0.2912804 -0.0410933 -0.3571639 -0.3323736
 2   0.3571639 -0.2156212  0.3600668 -0.8218448  0.1444456
 3   0.3949501 -0.0363916 -0.6146582 -0.2025329 -0.6510498
 4   0.2025329 -0.7307568  0.3968944  0.3949501 -0.3338624
 5   0.0000000 -0.5773503 -0.5773503  0.0000000  0.5773503
 occupations
 0.296 -0.020 -0.020  0.000 -0.041
-0.020  0.422  0.049 -0.035 -0.049
-0.020  0.049  0.422  0.035 -0.049
 0.000 -0.035  0.035  0.296  0.000
-0.041 -0.049 -0.049  0.000  0.422
atom  4   Tr[ns(na)]=   6.8506301
atom  4  spin  1
eigenvalues:  0.2712094 0.2712094 0.3971085 0.3971085 0.5206204
 eigenvectors
 1  -0.8134662 -0.2961222 -0.0328394 -0.3758859 -0.3289616
 2   0.3758859 -0.2088860  0.3608923 -0.8134662  0.1520064
 3   0.4029078 -0.0663585 -0.5978565 -0.1861393 -0.6642150
 4   0.1861393 -0.7286573  0.4217968  0.4029078 -0.3068605
 5   0.0000000 -0.5773503 -0.5773503  0.0000000  0.5773503
 occupations
 0.296 -0.020 -0.020  0.000 -0.041
-0.020  0.422  0.049 -0.035 -0.049
-0.020  0.049  0.422  0.035 -0.049
 0.000 -0.035  0.035  0.296  0.000
-0.041 -0.049 -0.049  0.000  0.422
atom  4  spin  2
eigenvalues:  0.9938137 0.9938137 1.0014955 1.0014955 1.0027556
 eigenvectors
 1   0.2280214  0.1710075 -0.2274459 -0.9294330 -0.0564384
 2   0.9294330 -0.1639006 -0.0661465  0.2280214 -0.2300472
 3  -0.2900984 -0.3863912 -0.3949762  0.0018402 -0.7813675
 4  -0.0018402 -0.6791623  0.6742058 -0.2900984 -0.0049565
 5   0.0000000 -0.5773503 -0.5773503  0.0000000  0.5773503
 occupations
 0.994  0.001  0.001  0.000  0.002
 0.001  1.001  0.001  0.002 -0.001
 0.001  0.001  1.001 -0.002 -0.001
 0.000  0.002 -0.002  0.994  0.000
 0.002 -0.001 -0.001  0.000  1.001
nsum =  13.7012144
 exit write_ns

     total cpu time spent up to now is     80.16 secs

     total energy              =  -174.45536534 ryd
     estimated scf accuracy    <     0.00241271 ryd

     total magnetization       =     0.00 Bohr mag/cell
     absolute magnetization    =     7.33 Bohr mag/cell

     iteration # 10     ecut=    30.00 ryd     beta=0.30
     Davidson diagonalization with overlap
     ethr =  5.11E-06,  avg # of iterations =  1.0
 enter write_ns
U( 1) =  0.0000      U( 2) =  4.3000      U( 3) =  4.3000
alpha( 1) =  0.0000      alpha( 2) =  0.0000      alpha( 3) =  0.0000
atom  3   Tr[ns(na)]=   6.8551501
atom  3  spin  1
eigenvalues:  0.9937908 0.9937908 1.0015059 1.0015059 1.0027468
 eigenvectors
 1   0.2166005  0.1714690 -0.2245508 -0.9329747 -0.0530818
 2   0.9329747 -0.1602913 -0.0683509  0.2166005 -0.2286422
 3  -0.2874759 -0.3906930 -0.3913374  0.0001368 -0.7820304
 4  -0.0001368 -0.6774442  0.6770722 -0.2874759 -0.0003720
 5   0.0000000 -0.5773503 -0.5773503  0.0000000  0.5773503
 occupations
 0.994  0.001  0.001  0.000  0.002
 0.001  1.001  0.001  0.002 -0.001
 0.001  0.001  1.001 -0.002 -0.001
 0.000  0.002 -0.002  0.994  0.000
 0.002 -0.001 -0.001  0.000  1.001
atom  3  spin  2
eigenvalues:  0.2725180 0.2725180 0.4187501 0.4187501 0.4792735
 eigenvectors
 1  -0.8296782 -0.2751645 -0.0343208 -0.3727728 -0.3094853
 2   0.3727728 -0.1984966  0.3375477 -0.8296782  0.1390511
 3   0.3741980 -0.0547125 -0.6140622 -0.1806943 -0.6687747
 4   0.1806943 -0.7406462  0.4177055  0.3741980 -0.3229407
 5   0.0000000 -0.5773503 -0.5773503  0.0000000  0.5773503
 occupations
 0.298 -0.023 -0.023  0.000 -0.045
-0.023  0.422  0.029 -0.039 -0.029
-0.023  0.029  0.422  0.039 -0.029
 0.000 -0.039  0.039  0.298  0.000
-0.045 -0.029 -0.029  0.000  0.422
atom  4   Tr[ns(na)]=   6.8549810
atom  4  spin  1
eigenvalues:  0.2725112 0.2725112 0.4186876 0.4186876 0.4792434
 eigenvectors
 1   0.8191477  0.2805370  0.0250848  0.3953000  0.3056219
 2  -0.3953000  0.1909336 -0.3384190  0.8191477 -0.1474854
 3   0.3762893 -0.0631074 -0.6092627 -0.1764692 -0.6723700
 4   0.1764692 -0.7399510  0.4246281  0.3762893 -0.3153229
 5   0.0000000 -0.5773503 -0.5773503  0.0000000  0.5773503
 occupations
 0.298 -0.023 -0.023  0.000 -0.045
-0.023  0.422  0.029 -0.039 -0.029
-0.023  0.029  0.422  0.039 -0.029
 0.000 -0.039  0.039  0.298  0.000
-0.045 -0.029 -0.029  0.000  0.422
atom  4  spin  2
eigenvalues:  0.9937906 0.9937906 1.0015059 1.0015059 1.0027469
 eigenvectors
 1  -0.2039571 -0.1736134  0.2235940  0.9358245  0.0499806
 2  -0.9358245  0.1579483  0.0713795 -0.2039571  0.2293278
 3  -0.2874594 -0.3933964 -0.3886329 -0.0010109 -0.7820293
 4  -0.0010109  0.6758821 -0.6786323  0.2874594 -0.0027502
 5   0.0000000  0.5773503  0.5773503  0.0000000 -0.5773503
 occupations
 0.994  0.001  0.001  0.000  0.002
 0.001  1.001  0.001  0.002 -0.001
 0.001  0.001  1.001 -0.002 -0.001
 0.000  0.002 -0.002  0.994  0.000
 0.002 -0.001 -0.001  0.000  1.001
nsum =  13.7101311
 exit write_ns

     total cpu time spent up to now is     87.98 secs

     total energy              =  -174.45375915 ryd
     estimated scf accuracy    <     0.00052625 ryd

     total magnetization       =     0.00 Bohr mag/cell
     absolute magnetization    =     7.32 Bohr mag/cell

     iteration # 11     ecut=    30.00 ryd     beta=0.30
     Davidson diagonalization with overlap
     ethr =  1.88E-06,  avg # of iterations =  1.0
 enter write_ns
U( 1) =  0.0000      U( 2) =  4.3000      U( 3) =  4.3000
alpha( 1) =  0.0000      alpha( 2) =  0.0000      alpha( 3) =  0.0000
atom  3   Tr[ns(na)]=   6.8555838
atom  3  spin  1
eigenvalues:  0.9937532 0.9937532 1.0015025 1.0015025 1.0027359
 eigenvectors
 1  -0.1822035 -0.1764306  0.2208579  0.9407030  0.0444273
 2   0.9407030 -0.1531625 -0.0762122  0.1822035 -0.2293746
 3  -0.2861378 -0.3859242 -0.3964079  0.0022138 -0.7823321
 4   0.0022138  0.6805459 -0.6744931  0.2861378  0.0060528
 5   0.0000000 -0.5773503 -0.5773503  0.0000000  0.5773503
 occupations
 0.994  0.001  0.001  0.000  0.002
 0.001  1.001  0.001  0.002 -0.001
 0.001  0.001  1.001 -0.002 -0.001
 0.000  0.002 -0.002  0.994  0.000
 0.002 -0.001 -0.001  0.000  1.001
atom  3  spin  2
eigenvalues:  0.2727070 0.2727070 0.4281362 0.4281362 0.4606502
 eigenvectors
 1   0.8274145  0.2752241  0.0311708  0.3805096  0.3063948
 2  -0.3805096  0.1948936 -0.3357978  0.8274145 -0.1409042
 3   0.3821437 -0.0996314 -0.5883507 -0.1567287 -0.6879821
 4   0.1567287 -0.7368911  0.4547289  0.3821437 -0.2821622
 5   0.0000000 -0.5773503 -0.5773503  0.0000000  0.5773503
 occupations
 0.299 -0.024 -0.024  0.000 -0.048
-0.024  0.421  0.020 -0.041 -0.020
-0.024  0.020  0.421  0.041 -0.020
 0.000 -0.041  0.041  0.299  0.000
-0.048 -0.020 -0.020  0.000  0.421
atom  4   Tr[ns(na)]=   6.8609860
atom  4  spin  1
eigenvalues:  0.2729164 0.2729164 0.4301243 0.4301243 0.4616480
 eigenvectors
 1   0.8373162  0.2690231  0.0391542  0.3605856  0.3081773
 2  -0.3605856  0.2005319 -0.3332468  0.8373162 -0.1327148
 3   0.3741493 -0.0722188 -0.6054890 -0.1699766 -0.6777078
 4   0.1699766 -0.7408540  0.4329703  0.3741493 -0.3078836
 5   0.0000000 -0.5773503 -0.5773503  0.0000000  0.5773503
 occupations
 0.299 -0.024 -0.024  0.000 -0.048
-0.024  0.423  0.019 -0.042 -0.019
-0.024  0.019  0.423  0.042 -0.019
 0.000 -0.042  0.042  0.299  0.000
-0.048 -0.019 -0.019  0.000  0.423
atom  4  spin  2
eigenvalues:  0.9937607 0.9937607 1.0014998 1.0014998 1.0027355
 eigenvectors
 1   0.1992208  0.1738864 -0.2225438 -0.9371133 -0.0486574
 2   0.9371133 -0.1565781 -0.0723010  0.1992208 -0.2288791
