
     Program PWSCF     v.2.1    starts ...
     Today is 31Oct2004 at 17:42:41 

     Ultrasoft (Vanderbilt) Pseudopotentials

     Current dimensions of program pwscf are:

     ntypx = 10   npk = 40000  lmax =  3
     nchix =  6  ndmx =  2000  nbrx = 14  nqfx =  8
  HUBBARD L FOR TYPE Fe IS            2
  HUBBARD L FOR TYPE Fe IS            2
  MAXIMUM HUBBARD L IS            2


     bravais-lattice index     =            0
     lattice parameter (a_0)   =       8.1900  a.u.
     unit-cell volume          =     274.6766 (a.u.)^3
     number of atoms/cell      =            4
     number of atomic types    =            3
     kinetic-energy cutoff     =      30.0000  Ry
     charge density cutoff     =     240.0000  Ry
     convergence threshold     =      1.0E-06
     beta                      =       0.3000
     number of iterations used =            8  plain     mixing
     Exchange-correlation      =  SLA  PZ   NOGX NOGC (1100)
     iswitch =  0

     celldm(1)=   8.190000  celldm(2)=   0.000000  celldm(3)=   0.000000
     celldm(4)=   0.000000  celldm(5)=   0.000000  celldm(6)=   0.000000

     crystal axes: (cart. coord. in units of a_0)
               a(1) = (  0.500000  0.500000  1.000000 )  
               a(2) = (  0.500000  1.000000  0.500000 )  
               a(3) = (  1.000000  0.500000  0.500000 )  

     reciprocal axes: (cart. coord. in units 2 pi/a_0)
               b(1) = ( -0.500000 -0.500000  1.500000 )  
               b(2) = ( -0.500000  1.500000 -0.500000 )  
               b(3) = (  1.500000 -0.500000 -0.500000 )  


     PSEUDO 1 is O  (US)    zval =  6.0   lmax= 2   lloc= 0
     Version   0  0  0 of US pseudo code
     Using log mesh of  1269 points
     The pseudopotential has  4 beta functions with: 
                l(1) =   0
                l(2) =   0
                l(3) =   1
                l(4) =   1
     Q(r) pseudized with  0 coefficients,  rinner =    0.000   0.000   0.000
                                                       0.000   0.000

     PSEUDO 2 is Fe (US)    zval =  8.0   lmax= 2   lloc= 0
     Version   0  0  0 of US pseudo code
     Using log mesh of   957 points
     The pseudopotential has  6 beta functions with: 
                l(1) =   0
                l(2) =   0
                l(3) =   1
                l(4) =   1
                l(5) =   2
                l(6) =   2
     Q(r) pseudized with  0 coefficients,  rinner =    0.000   0.000   0.000
                                                       0.000   0.000

     PSEUDO 3 is Fe (US)    zval =  8.0   lmax= 2   lloc= 0
     Version   0  0  0 of US pseudo code
     Using log mesh of   957 points
     The pseudopotential has  6 beta functions with: 
                l(1) =   0
                l(2) =   0
                l(3) =   1
                l(4) =   1
                l(5) =   2
                l(6) =   2
     Q(r) pseudized with  0 coefficients,  rinner =    0.000   0.000   0.000
                                                       0.000   0.000

     atomic species   valence    mass     pseudopotential
        O1             6.00     1.00000     O ( 1.00)
        Fe1            8.00     1.00000     Fe( 1.00)
        Fe2            8.00     1.00000     Fe( 1.00)

     Starting magnetic structure 
     atomic species   magnetization
        O1           0.000
        Fe1          0.500
        Fe2         -0.500

     12 Sym.Ops. (with inversion)


   Cartesian axes

     site n.     atom                  positions (a_0 units)
         1           O1  tau(  1) = (   0.5000000   0.5000000   0.5000000  )
         2           O1  tau(  2) = (   1.5000000   1.5000000   1.5000000  )
         3           Fe1 tau(  3) = (   0.0000000   0.0000000   0.0000000  )
         4           Fe2 tau(  4) = (   1.0000000   1.0000000   1.0000000  )

     number of k points=    8  gaussian broad. (ryd)=  0.0100     ngauss =   0
                       cart. coord. in units 2pi/a_0
        k(   1) = (   0.0000000   0.0000000   0.0000000), wk =   0.1250000
        k(   2) = (  -0.7500000   0.2500000   0.2500000), wk =   0.3750000
        k(   3) = (  -0.5000000  -0.5000000   0.5000000), wk =   0.3750000
        k(   4) = (  -0.2500000  -0.2500000  -0.2500000), wk =   0.1250000
        k(   5) = (   0.0000000   0.0000000   0.0000000), wk =   0.1250000
        k(   6) = (  -0.7500000   0.2500000   0.2500000), wk =   0.3750000
        k(   7) = (  -0.5000000  -0.5000000   0.5000000), wk =   0.3750000
        k(   8) = (  -0.2500000  -0.2500000  -0.2500000), wk =   0.1250000

     G cutoff =  407.7738  (  17255 G-vectors)     FFT grid: ( 50, 50, 50)
     G cutoff =  203.8869  (   6111 G-vectors)  smooth grid: ( 36, 36, 36)

     nbndx  =    80  nbnd   =    20  natomwfc =    20  npwx   =     780
     nelec  =   28.00 nkb   =    52  ngl    =     342
  warning: negative or imaginary core charge    -0.000003    0.000000

     Initial potential from superposition of free atoms

     Parameters of the lda+U calculation:
     Number of iteration with fixed ns =  0
     Starting ns and Hubbard U :
 enter write_ns
U( 1) =  0.0000      U( 2) =  0.0000      U( 3) =  0.0000
alpha( 1) =  0.0000      alpha( 2) =  0.0000      alpha( 3) =  0.0000
atom  3   Tr[ns(na)]=   8.0000000
atom  3  spin  1
eigenvalues:  1.0000000 1.0000000 1.0000000 1.0000000 1.0000000
 eigenvectors
 1   1.0000000  0.0000000  0.0000000  0.0000000  0.0000000
 2   0.0000000  1.0000000  0.0000000  0.0000000  0.0000000
 3   0.0000000  0.0000000  1.0000000  0.0000000  0.0000000
 4   0.0000000  0.0000000  0.0000000  1.0000000  0.0000000
 5   0.0000000  0.0000000  0.0000000  0.0000000  1.0000000
 occupations
 1.000  0.000  0.000  0.000  0.000
 0.000  1.000  0.000  0.000  0.000
 0.000  0.000  1.000  0.000  0.000
 0.000  0.000  0.000  1.000  0.000
 0.000  0.000  0.000  0.000  1.000
atom  3  spin  2
eigenvalues:  0.6000000 0.6000000 0.6000000 0.6000000 0.6000000
 eigenvectors
 1   1.0000000  0.0000000  0.0000000  0.0000000  0.0000000
 2   0.0000000  1.0000000  0.0000000  0.0000000  0.0000000
 3   0.0000000  0.0000000  1.0000000  0.0000000  0.0000000
 4   0.0000000  0.0000000  0.0000000  1.0000000  0.0000000
 5   0.0000000  0.0000000  0.0000000  0.0000000  1.0000000
 occupations
 0.600  0.000  0.000  0.000  0.000
 0.000  0.600  0.000  0.000  0.000
 0.000  0.000  0.600  0.000  0.000
 0.000  0.000  0.000  0.600  0.000
 0.000  0.000  0.000  0.000  0.600
atom  4   Tr[ns(na)]=   8.0000000
atom  4  spin  1
eigenvalues:  0.6000000 0.6000000 0.6000000 0.6000000 0.6000000
 eigenvectors
 1   1.0000000  0.0000000  0.0000000  0.0000000  0.0000000
 2   0.0000000  1.0000000  0.0000000  0.0000000  0.0000000
 3   0.0000000  0.0000000  1.0000000  0.0000000  0.0000000
 4   0.0000000  0.0000000  0.0000000  1.0000000  0.0000000
 5   0.0000000  0.0000000  0.0000000  0.0000000  1.0000000
 occupations
 0.600  0.000  0.000  0.000  0.000
 0.000  0.600  0.000  0.000  0.000
 0.000  0.000  0.600  0.000  0.000
 0.000  0.000  0.000  0.600  0.000
 0.000  0.000  0.000  0.000  0.600
atom  4  spin  2
eigenvalues:  1.0000000 1.0000000 1.0000000 1.0000000 1.0000000
 eigenvectors
 1   1.0000000  0.0000000  0.0000000  0.0000000  0.0000000
 2   0.0000000  1.0000000  0.0000000  0.0000000  0.0000000
 3   0.0000000  0.0000000  1.0000000  0.0000000  0.0000000
 4   0.0000000  0.0000000  0.0000000  1.0000000  0.0000000
 5   0.0000000  0.0000000  0.0000000  0.0000000  1.0000000
 occupations
 1.000  0.000  0.000  0.000  0.000
 0.000  1.000  0.000  0.000  0.000
 0.000  0.000  1.000  0.000  0.000
 0.000  0.000  0.000  1.000  0.000
 0.000  0.000  0.000  0.000  1.000
nsum =  16.0000000
 exit write_ns
     Starting wfc are atomic
 Atomic wfc used for LDA+U Projector are NOT orthogonalized

     total cpu time spent up to now is     12.29 secs

     Self-consistent Calculation

     iteration #  1     ecut=    30.00 ryd     beta=0.30
     Davidson diagonalization (with overlap)
     ethr =  1.00E-02,  avg # of iterations =  2.5
 enter write_ns
U( 1) =  0.0000      U( 2) =  0.0000      U( 3) =  0.0000
alpha( 1) =  0.0000      alpha( 2) =  0.0000      alpha( 3) =  0.0000
atom  3   Tr[ns(na)]=   6.4287175
atom  3  spin  1
eigenvalues:  0.9873158 0.9873158 0.9969550 0.9969550 0.9988241
 eigenvectors
 1  -0.6926080 -0.0539756  0.2156425  0.6668905  0.1616670
 2  -0.6668905  0.2178398 -0.0621757 -0.6926080  0.1556641
 3  -0.2748502 -0.3997833 -0.3852189 -0.0029441 -0.7850022
 4  -0.0029441  0.6756275 -0.6840362  0.2748502 -0.0084088
 5   0.0000000 -0.5773503 -0.5773503  0.0000000  0.5773503
 occupations
 0.988  0.001  0.001  0.000  0.002
 0.001  0.997  0.001  0.002 -0.001
 0.001  0.001  0.997 -0.002 -0.001
 0.000  0.002 -0.002  0.988  0.000
 0.002 -0.001 -0.001  0.000  0.997
atom  3  spin  2
eigenvalues:  0.2000749 0.2000749 0.3339959 0.3339959 0.3932102
 eigenvectors
 1  -0.9049488 -0.0476653 -0.0052111 -0.4194909 -0.0528764
 2   0.4194909 -0.0335368  0.0580478 -0.9049488  0.0245110
 3  -0.0711903  0.3548027  0.4574520  0.0051943  0.8122547
 4   0.0051943 -0.7330655  0.6738009  0.0711903 -0.0592646
 5   0.0000000 -0.5773503 -0.5773503  0.0000000  0.5773503
 occupations
 0.201 -0.004 -0.004  0.000 -0.008
-0.004  0.353  0.020 -0.007 -0.020
-0.004  0.020  0.353  0.007 -0.020
 0.000 -0.007  0.007  0.201  0.000
-0.008 -0.020 -0.020  0.000  0.353
atom  4   Tr[ns(na)]=   6.4287175
atom  4  spin  1
eigenvalues:  0.2000749 0.2000749 0.3339959 0.3339959 0.3932102
 eigenvectors
 1  -0.9211986 -0.0462677 -0.0075582 -0.3824893 -0.0538258
 2   0.3824893 -0.0354401  0.0577890 -0.9211986  0.0223489
 3  -0.0711819  0.3536218  0.4585364  0.0053089  0.8121582
 4   0.0053089 -0.7336359  0.6730634  0.0711819 -0.0605724
 5   0.0000000 -0.5773503 -0.5773503  0.0000000  0.5773503
 occupations
 0.201 -0.004 -0.004  0.000 -0.008
-0.004  0.353  0.020 -0.007 -0.020
-0.004  0.020  0.353  0.007 -0.020
 0.000 -0.007  0.007  0.201  0.000
-0.008 -0.020 -0.020  0.000  0.353
atom  4  spin  2
eigenvalues:  0.9873158 0.9873158 0.9969550 0.9969550 0.9988241
 eigenvectors
 1   0.4936916 -0.2243997  0.1091633  0.8250560 -0.1152364
 2  -0.8250560 -0.0035063  0.1960890  0.4936916  0.1925827
 3   0.2747785  0.4095497  0.3752476  0.0069340  0.7847974
 4   0.0069340 -0.6697523  0.6895566 -0.2747785  0.0198043
 5   0.0000000 -0.5773503 -0.5773503  0.0000000  0.5773503
 occupations
 0.988  0.001  0.001  0.000  0.002
 0.001  0.997  0.001  0.002 -0.001
 0.001  0.001  0.997 -0.002 -0.001
 0.000  0.002 -0.002  0.988  0.000
 0.002 -0.001 -0.001  0.000  0.997
nsum =  12.8574350
 exit write_ns

     total cpu time spent up to now is     25.67 secs

     total energy              =  -173.61566517 ryd
     estimated scf accuracy    <     1.83395641 ryd

     total magnetization       =     0.00 Bohr mag/cell
     absolute magnetization    =     7.81 Bohr mag/cell

     iteration #  2     ecut=    30.00 ryd     beta=0.30
     Davidson diagonalization (with overlap)
     ethr =  6.55E-03,  avg # of iterations =  2.2
 enter write_ns
U( 1) =  0.0000      U( 2) =  0.0000      U( 3) =  0.0000
alpha( 1) =  0.0000      alpha( 2) =  0.0000      alpha( 3) =  0.0000
atom  3   Tr[ns(na)]=   7.0679545
atom  3  spin  1
eigenvalues:  0.9821764 0.9821764 0.9990946 0.9990946 0.9994010
 eigenvectors
 1  -0.7983424  0.0782287 -0.0098092 -0.5930870  0.0684195
 2   0.5930870  0.0338387 -0.0846674 -0.7983424 -0.0508287
 3  -0.1043412 -0.3844249 -0.4272345  0.0031773 -0.8116594
 4   0.0031773  0.7152757 -0.6905596  0.1043412  0.0247161
 5   0.0000000 -0.5773503 -0.5773503  0.0000000  0.5773503
 occupations
 0.982  0.001  0.001  0.000  0.001
 0.001  0.999  0.000  0.001  0.000
 0.001  0.000  0.999 -0.001  0.000
 0.000  0.001 -0.001  0.982  0.000
 0.001  0.000  0.000  0.000  0.999
atom  3  spin  2
eigenvalues:  0.3623623 0.3623623 0.4584053 0.4584053 0.4644763
 eigenvectors
 1   0.7664112  0.3351637  0.1652338  0.1502643  0.5003975
 2   0.1502643 -0.3843024  0.4824115 -0.7664112  0.0981091
 3  -0.5860721  0.1084160  0.4900044  0.2157641  0.5984205
 4   0.2157641 -0.6284024  0.4080922  0.5860721 -0.2203102
 5   0.0000000 -0.5773503 -0.5773503  0.0000000  0.5773503
 occupations
 0.400 -0.019 -0.019  0.000 -0.038
-0.019  0.435  0.015 -0.033 -0.015
-0.019  0.015  0.435  0.033 -0.015
 0.000 -0.033  0.033  0.400  0.000
-0.038 -0.015 -0.015  0.000  0.435
atom  4   Tr[ns(na)]=   7.0679545
atom  4  spin  1
eigenvalues:  0.3623623 0.3623623 0.4584053 0.4584053 0.4644763
 eigenvectors
 1   0.7680378  0.3308611  0.1705984  0.1417159  0.5014595
 2   0.1417159 -0.3880128  0.4805406 -0.7680378  0.0925277
 3  -0.5897747  0.1194468  0.4827543  0.2054273  0.6022011
 4   0.2054273 -0.6263993  0.4166436  0.5897747 -0.2097556
 5   0.0000000 -0.5773503 -0.5773503  0.0000000  0.5773503
 occupations
 0.400 -0.019 -0.019  0.000 -0.038
-0.019  0.435  0.015 -0.033 -0.015
-0.019  0.015  0.435  0.033 -0.015
 0.000 -0.033  0.033  0.400  0.000
-0.038 -0.015 -0.015  0.000  0.435
atom  4  spin  2
eigenvalues:  0.9821764 0.9821764 0.9990946 0.9990946 0.9994010
 eigenvectors
 1  -0.8552259  0.0743239 -0.0010293 -0.5076332  0.0732946
 2   0.5076332  0.0417224 -0.0852275 -0.8552259 -0.0435052
 3  -0.1043087 -0.3780321 -0.4333747  0.0041075 -0.8114068
 4   0.0041075  0.7186749 -0.6867229  0.1043087  0.0319520
 5   0.0000000 -0.5773503 -0.5773503  0.0000000  0.5773503
 occupations
 0.982  0.001  0.001  0.000  0.001
 0.001  0.999  0.000  0.001  0.000
 0.001  0.000  0.999 -0.001  0.000
 0.000  0.001 -0.001  0.982  0.000
 0.001  0.000  0.000  0.000  0.999
nsum =  14.1359090
 exit write_ns

     total cpu time spent up to now is     41.51 secs

     total energy              =  -174.76529306 ryd
     estimated scf accuracy    <     0.11096818 ryd

     total magnetization       =     0.00 Bohr mag/cell
     absolute magnetization    =     6.81 Bohr mag/cell

     iteration #  3     ecut=    30.00 ryd     beta=0.30
     Davidson diagonalization (with overlap)
     ethr =  3.96E-04,  avg # of iterations =  2.0
 enter write_ns
U( 1) =  0.0000      U( 2) =  0.0000      U( 3) =  0.0000
alpha( 1) =  0.0000      alpha( 2) =  0.0000      alpha( 3) =  0.0000
atom  3   Tr[ns(na)]=   6.9319454
atom  3  spin  1
eigenvalues:  0.9836779 0.9836779 0.9994759 0.9994759 0.9998030
 eigenvectors
 1   0.8701356 -0.0852268 -0.0021679  0.4774494 -0.0873947
 2  -0.4774494 -0.0517090  0.0996631  0.8701356  0.0479541
 3  -0.1220474 -0.3863536 -0.4237471  0.0032526 -0.8101007
 4   0.0032526  0.7123624 -0.6907732  0.1220474  0.0215892
 5   0.0000000 -0.5773503 -0.5773503  0.0000000  0.5773503
 occupations
 0.984  0.001  0.001  0.000  0.002
 0.001  0.999  0.000  0.001  0.000
 0.001  0.000  0.999 -0.001  0.000
 0.000  0.001 -0.001  0.984  0.000
 0.002  0.000  0.000  0.000  0.999
atom  3  spin  2
eigenvalues:  0.3291426 0.3291426 0.4277898 0.4277898 0.4519701
 eigenvectors
 1   0.8768264  0.2388773  0.0747897  0.2648256  0.3136669
 2  -0.2648256  0.2242755 -0.3190115  0.8768264 -0.0947360
 3  -0.3895385  0.2073101  0.5186355  0.0964495  0.7259456
 4  -0.0964495  0.7185592 -0.5388154 -0.3895385  0.1797438
 5   0.0000000 -0.5773503 -0.5773503  0.0000000  0.5773503
 occupations
 0.345 -0.015 -0.015  0.000 -0.030
-0.015  0.425  0.013 -0.026 -0.013
-0.015  0.013  0.425  0.026 -0.013
 0.000 -0.026  0.026  0.345  0.000
-0.030 -0.013 -0.013  0.000  0.425
atom  4   Tr[ns(na)]=   6.9319454
atom  4  spin  1
eigenvalues:  0.3291426 0.3291426 0.4277898 0.4277898 0.4519701
 eigenvectors
 1   0.8727130  0.2422482  0.0699473  0.2780813  0.3121954
 2  -0.2780813  0.2206302 -0.3201082  0.8727130 -0.0994780
 3  -0.3917362  0.2244558  0.5055854  0.0870948  0.7300412
 4  -0.0870948  0.7133894 -0.5510791 -0.3917362  0.1623102
 5   0.0000000 -0.5773503 -0.5773503  0.0000000  0.5773503
 occupations
 0.345 -0.015 -0.015  0.000 -0.030
-0.015  0.425  0.013 -0.026 -0.013
-0.015  0.013  0.425  0.026 -0.013
 0.000 -0.026  0.026  0.345  0.000
-0.030 -0.013 -0.013  0.000  0.425
atom  4  spin  2
eigenvalues:  0.9836779 0.9836779 0.9994759 0.9994759 0.9998030
 eigenvectors
 1  -0.8222970  0.0896401 -0.0070502 -0.5558070  0.0825899
 2   0.5558070  0.0436129 -0.0994370 -0.8222970 -0.0558242
 3  -0.1220610 -0.3896164 -0.4205748  0.0026928 -0.8101912
 4   0.0026928  0.7105831 -0.6927092  0.1220610  0.0178738
 5   0.0000000 -0.5773503 -0.5773503  0.0000000  0.5773503
 occupations
 0.984  0.001  0.001  0.000  0.002
 0.001  0.999  0.000  0.001  0.000
 0.001  0.000  0.999 -0.001  0.000
 0.000  0.001 -0.001  0.984  0.000
 0.002  0.000  0.000  0.000  0.999
nsum =  13.8638908
 exit write_ns

     total cpu time spent up to now is     56.35 secs

     total energy              =  -174.82199671 ryd
     estimated scf accuracy    <     0.02041414 ryd

     total magnetization       =     0.00 Bohr mag/cell
     absolute magnetization    =     7.04 Bohr mag/cell

     iteration #  4     ecut=    30.00 ryd     beta=0.30
     Davidson diagonalization (with overlap)
     ethr =  7.29E-05,  avg # of iterations =  2.2
 enter write_ns
U( 1) =  0.0000      U( 2) =  0.0000      U( 3) =  0.0000
alpha( 1) =  0.0000      alpha( 2) =  0.0000      alpha( 3) =  0.0000
atom  3   Tr[ns(na)]=   6.9622475
atom  3  spin  1
eigenvalues:  0.9851135 0.9851135 0.9994874 0.9994874 0.9997674
 eigenvectors
 1   0.9745396 -0.0742874 -0.0391608  0.1742120 -0.1134482
 2  -0.1742120 -0.0881088  0.1083892  0.9745396  0.0202804
 3  -0.1411059 -0.3869953 -0.4210873  0.0034370 -0.8080826
 4   0.0034370  0.7096615 -0.6899786  0.1411059  0.0196830
 5   0.0000000 -0.5773503 -0.5773503  0.0000000  0.5773503
 occupations
 0.985  0.001  0.001  0.000  0.002
 0.001  0.999  0.000  0.001  0.000
 0.001  0.000  0.999 -0.001  0.000
 0.000  0.001 -0.001  0.985  0.000
 0.002  0.000  0.000  0.000  0.999
atom  3  spin  2
eigenvalues:  0.3390161 0.3390161 0.4211649 0.4470406 0.4470406
 eigenvectors
 1   0.8887519  0.2197082  0.0664204  0.2748945  0.2861287
 2   0.2748945 -0.2035443  0.2920450 -0.8887519  0.0885007
 3   0.0000000  0.5773503  0.5773503  0.0000000 -0.5773503
 4   0.3589155 -0.2358326 -0.5073922 -0.0757141 -0.7432248
 5   0.0757141 -0.7220441  0.5652591  0.3589155 -0.1567850
 occupations
 0.354 -0.015 -0.015  0.000 -0.030
-0.015  0.429 -0.004 -0.026  0.004
-0.015 -0.004  0.429  0.026  0.004
 0.000 -0.026  0.026  0.354  0.000
-0.030  0.004  0.004  0.000  0.429
atom  4   Tr[ns(na)]=   6.9622475
atom  4  spin  1
eigenvalues:  0.3390161 0.3390161 0.4211649 0.4470406 0.4470406
 eigenvectors
 1   0.8929591  0.2164848  0.0709983  0.2609045  0.2874831
 2   0.2609045 -0.2069693  0.2909660 -0.8929591  0.0839967
 3   0.0000000  0.5773503  0.5773503  0.0000000 -0.5773503
 4   0.3587590 -0.2343464 -0.5085542 -0.0764524 -0.7429007
 5   0.0764524 -0.7225278  0.5642139  0.3587590 -0.1583139
 occupations
 0.354 -0.015 -0.015  0.000 -0.030
-0.015  0.429 -0.004 -0.026  0.004
-0.015 -0.004  0.429  0.026  0.004
 0.000 -0.026  0.026  0.354  0.000
-0.030  0.004  0.004  0.000  0.429
atom  4  spin  2
eigenvalues:  0.9851135 0.9851135 0.9994874 0.9994874 0.9997674
 eigenvectors
 1   0.9550713 -0.0818642 -0.0293176  0.2606071 -0.1111818
 2  -0.2606071 -0.0811174  0.1114552  0.9550713  0.0303378
 3  -0.1411172 -0.3895095 -0.4186378  0.0029366 -0.8081473
 4   0.0029366  0.7082847 -0.6914675  0.1411172  0.0168172
 5   0.0000000 -0.5773503 -0.5773503  0.0000000  0.5773503
 occupations
 0.985  0.001  0.001  0.000  0.002
 0.001  0.999  0.000  0.001  0.000
 0.001  0.000  0.999 -0.001  0.000
 0.000  0.001 -0.001  0.985  0.000
 0.002  0.000  0.000  0.000  0.999
nsum =  13.9244950
 exit write_ns

     total cpu time spent up to now is     71.21 secs

     total energy              =  -174.82301957 ryd
     estimated scf accuracy    <     0.00273523 ryd

     total magnetization       =     0.00 Bohr mag/cell
     absolute magnetization    =     7.04 Bohr mag/cell

     iteration #  5     ecut=    30.00 ryd     beta=0.30
     Davidson diagonalization (with overlap)
     ethr =  9.77E-06,  avg # of iterations =  2.2
 enter write_ns
U( 1) =  0.0000      U( 2) =  0.0000      U( 3) =  0.0000
alpha( 1) =  0.0000      alpha( 2) =  0.0000      alpha( 3) =  0.0000
atom  3   Tr[ns(na)]=   6.9365334
atom  3  spin  1
eigenvalues:  0.9853142 0.9853142 0.9995000 0.9995000 0.9999124
 eigenvectors
 1  -0.9861744  0.0661038  0.0485668 -0.0870757  0.1146706
 2  -0.0870757 -0.0942451  0.1043701  0.9861744  0.0101250
 3   0.1409287  0.3835911  0.4244061 -0.0041101  0.8079972
 4  -0.0041101 -0.7115284  0.6879638 -0.1409287 -0.0235646
 5   0.0000000 -0.5773503 -0.5773503  0.0000000  0.5773503
 occupations
 0.986  0.001  0.001  0.000  0.002
 0.001  0.999  0.000  0.001  0.000
 0.001  0.000  0.999 -0.001  0.000
 0.000  0.001 -0.001  0.986  0.000
 0.002  0.000  0.000  0.000  0.999
atom  3  spin  2
eigenvalues:  0.3301991 0.3301991 0.4298214 0.4383865 0.4383865
 eigenvectors
 1  -0.8991713 -0.2085391 -0.0715997 -0.2537680 -0.2801388
 2  -0.2537680  0.2030763 -0.2821383  0.8991713 -0.0790620
 3   0.0000000  0.5773503  0.5773503  0.0000000 -0.5773503
 4   0.3492587 -0.2411904 -0.5061615 -0.0714924 -0.7473519
 5   0.0714924 -0.7237163  0.5707352  0.3492587 -0.1529812
 occupations
 0.344 -0.015 -0.015  0.000 -0.029
-0.015  0.426  0.002 -0.025 -0.002
-0.015  0.002  0.426  0.025 -0.002
 0.000 -0.025  0.025  0.344  0.000
-0.029 -0.002 -0.002  0.000  0.426
atom  4   Tr[ns(na)]=   6.9365334
atom  4  spin  1
eigenvalues:  0.3301991 0.3301991 0.4298214 0.4383865 0.4383865
 eigenvectors
 1  -0.8869487 -0.2173952 -0.0589356 -0.2936481 -0.2763308
 2  -0.2936481  0.1935661 -0.2850528  0.8869487 -0.0914867
 3   0.0000000  0.5773503  0.5773503  0.0000000 -0.5773503
 4   0.3490430 -0.2390223 -0.5078682 -0.0725379 -0.7468905
 5   0.0725379 -0.7244353  0.5692170  0.3490430 -0.1552183
 occupations
 0.344 -0.015 -0.015  0.000 -0.029
-0.015  0.426  0.002 -0.025 -0.002
-0.015  0.002  0.426  0.025 -0.002
 0.000 -0.025  0.025  0.344  0.000
-0.029 -0.002 -0.002  0.000  0.426
atom  4  spin  2
eigenvalues:  0.9853142 0.9853142 0.9995000 0.9995000 0.9999124
 eigenvectors
 1   0.9601393 -0.0801266 -0.0315167  0.2413601 -0.1116433
 2  -0.2413601 -0.0826534  0.1107184  0.9601393  0.0280649
 3  -0.1409487 -0.3874125 -0.4206997  0.0033520 -0.8081123
 4   0.0033520  0.7094550 -0.6902366  0.1409487  0.0192184
 5   0.0000000 -0.5773503 -0.5773503  0.0000000  0.5773503
 occupations
 0.986  0.001  0.001  0.000  0.002
 0.001  0.999  0.000  0.001  0.000
 0.001  0.000  0.999 -0.001  0.000
 0.000  0.001 -0.001  0.986  0.000
 0.002  0.000  0.000  0.000  0.999
nsum =  13.8730668
 exit write_ns

     total cpu time spent up to now is     86.28 secs

     total energy              =  -174.82449485 ryd
     estimated scf accuracy    <     0.00045815 ryd

     total magnetization       =     0.00 Bohr mag/cell
     absolute magnetization    =     7.08 Bohr mag/cell

     iteration #  6     ecut=    30.00 ryd     beta=0.30
     Davidson diagonalization (with overlap)
     ethr =  1.64E-06,  avg # of iterations =  2.5
 enter write_ns
U( 1) =  0.0000      U( 2) =  0.0000      U( 3) =  0.0000
alpha( 1) =  0.0000      alpha( 2) =  0.0000      alpha( 3) =  0.0000
atom  3   Tr[ns(na)]=   6.9409515
atom  3  spin  1
eigenvalues:  0.9855615 0.9855615 0.9995013 0.9995013 0.9999503
 eigenvectors
 1   0.9625214 -0.0799250 -0.0330004  0.2309188 -0.1129253
 2  -0.2309188 -0.0842502  0.1113422  0.9625214  0.0270919
 3  -0.1421877 -0.3870712 -0.4208888  0.0034360 -0.8079600
 4   0.0034360  0.7094762 -0.6899516  0.1421877  0.0195246
 5   0.0000000 -0.5773503 -0.5773503  0.0000000  0.5773503
 occupations
 0.986  0.001  0.001  0.000  0.002
 0.001  0.999  0.000  0.001  0.000
 0.001  0.000  0.999 -0.001  0.000
 0.000  0.001 -0.001  0.986  0.000
 0.002  0.000  0.000  0.000  0.999
atom  3  spin  2
eigenvalues:  0.3307476 0.3307476 0.4308170 0.4392817 0.4392817
 eigenvectors
 1  -0.8921118 -0.2173156 -0.0703963 -0.2630146 -0.2877119
 2  -0.2630146  0.2067538 -0.2915777  0.8921118 -0.0848239
 3   0.0000000  0.5773503  0.5773503  0.0000000 -0.5773503
 4   0.3578951 -0.2215190 -0.5183009 -0.0828908 -0.7398200
 5   0.0828908 -0.7263765  0.5550293  0.3578951 -0.1713471
 occupations
 0.345 -0.015 -0.015  0.000 -0.030
-0.015  0.427  0.002 -0.026 -0.002
-0.015  0.002  0.427  0.026 -0.002
 0.000 -0.026  0.026  0.345  0.000
-0.030 -0.002 -0.002  0.000  0.427
atom  4   Tr[ns(na)]=   6.9409515
atom  4  spin  1
eigenvalues:  0.3307476 0.3307476 0.4308170 0.4392817 0.4392817
 eigenvectors
 1  -0.8930274 -0.2165903 -0.0714169 -0.2598890 -0.2880071
 2  -0.2598890  0.2075135 -0.2913295  0.8930274 -0.0838159
 3   0.0000000  0.5773503  0.5773503  0.0000000 -0.5773503
 4   0.3569870 -0.2137278 -0.5242149 -0.0867187 -0.7379427
 5   0.0867187 -0.7287070  0.5494472  0.3569870 -0.1792598
 occupations
 0.345 -0.015 -0.015  0.000 -0.030
-0.015  0.427  0.002 -0.026 -0.002
-0.015  0.002  0.427  0.026 -0.002
 0.000 -0.026  0.026  0.345  0.000
-0.030 -0.002 -0.002  0.000  0.427
atom  4  spin  2
eigenvalues:  0.9855615 0.9855615 0.9995013 0.9995013 0.9999503
 eigenvectors
 1   0.8751064 -0.0983326 -0.0043370  0.4625577 -0.1026696
 2  -0.4625577 -0.0617803  0.1160487  0.8751064  0.0542684
 3  -0.1422097 -0.3924394 -0.4156454  0.0023578 -0.8080848
 4   0.0023578  0.7065209 -0.6931230  0.1422097  0.0133980
 5   0.0000000 -0.5773503 -0.5773503  0.0000000  0.5773503
 occupations
 0.986  0.001  0.001  0.000  0.002
 0.001  0.999  0.000  0.001  0.000
 0.001  0.000  0.999 -0.001  0.000
 0.000  0.001 -0.001  0.986  0.000
 0.002  0.000  0.000  0.000  0.999
nsum =  13.8819030
 exit write_ns

     total cpu time spent up to now is    102.14 secs

     total energy              =  -174.82464499 ryd
     estimated scf accuracy    <     0.00004420 ryd

     total magnetization       =     0.00 Bohr mag/cell
     absolute magnetization    =     7.08 Bohr mag/cell

     iteration #  7     ecut=    30.00 ryd     beta=0.30
     Davidson diagonalization (with overlap)
     ethr =  1.58E-07,  avg # of iterations =  3.0
 enter write_ns
U( 1) =  0.0000      U( 2) =  0.0000      U( 3) =  0.0000
alpha( 1) =  0.0000      alpha( 2) =  0.0000      alpha( 3) =  0.0000
atom  3   Tr[ns(na)]=   6.9389005
atom  3  spin  1
eigenvalues:  0.9856015 0.9856015 0.9995025 0.9995025 0.9999656
 eigenvectors
 1  -0.8355818  0.1028772 -0.0048979 -0.5306557  0.0979792
 2   0.5306557  0.0537405 -0.1159645 -0.8355818 -0.0622240
 3  -0.1421320 -0.3918591 -0.4162232  0.0024742 -0.8080823
 4   0.0024742  0.7068531 -0.6927865  0.1421320  0.0140666
 5   0.0000000 -0.5773503 -0.5773503  0.0000000  0.5773503
 occupations
 0.986  0.001  0.001  0.000  0.002
 0.001  0.999  0.000  0.001  0.000
 0.001  0.000  0.999 -0.001  0.000
 0.000  0.001 -0.001  0.986  0.000
 0.002  0.000  0.000  0.000  0.999
atom  3  spin  2
eigenvalues:  0.3299936 0.3299936 0.4314327 0.4386535 0.4386535
 eigenvectors
 1  -0.8903828 -0.2186066 -0.0684041 -0.2690265 -0.2870108
 2  -0.2690265  0.2051989 -0.2919183  0.8903828 -0.0867194
 3   0.0000000  0.5773503  0.5773503  0.0000000 -0.5773503
 4   0.3575561 -0.2199251 -0.5195636 -0.0836469 -0.7394887
 5   0.0836469 -0.7269142  0.5539178  0.3575561 -0.1729964
 occupations
 0.345 -0.015 -0.015  0.000 -0.030
-0.015  0.426  0.002 -0.026 -0.002
-0.015  0.002  0.426  0.026 -0.002
 0.000 -0.026  0.026  0.345  0.000
-0.030 -0.002 -0.002  0.000  0.426
atom  4   Tr[ns(na)]=   6.9389005
atom  4  spin  1
eigenvalues:  0.3299936 0.3299936 0.4314327 0.4386535 0.4386535
 eigenvectors
 1  -0.8780767 -0.2271735 -0.0558705 -0.3068194 -0.2830439
 2  -0.3068194  0.1956723 -0.2945742  0.8780767 -0.0989018
 3   0.0000000  0.5773503  0.5773503  0.0000000 -0.5773503
 4   0.3566986 -0.2126184 -0.5250967 -0.0872312 -0.7377152
 5   0.0872312 -0.7290848  0.5486754  0.3566986 -0.1804094
 occupations
 0.345 -0.015 -0.015  0.000 -0.030
-0.015  0.426  0.002 -0.026 -0.002
-0.015  0.002  0.426  0.026 -0.002
 0.000 -0.026  0.026  0.345  0.000
-0.030 -0.002 -0.002  0.000  0.426
atom  4  spin  2
eigenvalues:  0.9856015 0.9856015 0.9995025 0.9995025 0.9999656
 eigenvectors
 1   0.8895229 -0.0962461 -0.0080582  0.4342135 -0.1043043
 2  -0.4342135 -0.0648725  0.1157878  0.8895229  0.0509153
 3  -0.1421095 -0.3865534 -0.4214009  0.0035387 -0.8079543
 4   0.0035387  0.7097686 -0.6896493  0.1421095  0.0201193
 5   0.0000000 -0.5773503 -0.5773503  0.0000000  0.5773503
 occupations
 0.986  0.001  0.001  0.000  0.002
 0.001  0.999  0.000  0.001  0.000
 0.001  0.000  0.999 -0.001  0.000
 0.000  0.001 -0.001  0.986  0.000
 0.002  0.000  0.000  0.000  0.999
nsum =  13.8778010
 exit write_ns

     total cpu time spent up to now is    116.97 secs

     total energy              =  -174.82465577 ryd
     estimated scf accuracy    <     0.00000506 ryd

     total magnetization       =     0.00 Bohr mag/cell
     absolute magnetization    =     7.08 Bohr mag/cell

     iteration #  8     ecut=    30.00 ryd     beta=0.30
     Davidson diagonalization (with overlap)
     ethr =  1.81E-08,  avg # of iterations =  3.5
 enter write_ns
U( 1) =  0.0000      U( 2) =  0.0000      U( 3) =  0.0000
alpha( 1) =  0.0000      alpha( 2) =  0.0000      alpha( 3) =  0.0000
atom  3   Tr[ns(na)]=   6.9390025
atom  3  spin  1
eigenvalues:  0.9856379 0.9856379 0.9994999 0.9994999 0.9999690
 eigenvectors
 1  -0.8568196  0.1008321 -0.0000853 -0.4955231  0.1007467
 2   0.4955231  0.0581169 -0.1163816 -0.8568196 -0.0582647
 3  -0.1424858 -0.3850305 -0.4228344  0.0038495 -0.8078648
 4   0.0038495  0.7105445 -0.6887184  0.1424858  0.0218261
 5   0.0000000 -0.5773503 -0.5773503  0.0000000  0.5773503
 occupations
 0.986  0.001  0.001  0.000  0.002
 0.001  0.999  0.000  0.001  0.000
 0.001  0.000  0.999 -0.001  0.000
 0.000  0.001 -0.001  0.986  0.000
 0.002  0.000  0.000  0.000  0.999
atom  3  spin  2
eigenvalues:  0.3300349 0.3300349 0.4306108 0.4390386 0.4390386
 eigenvectors
 1  -0.8929686 -0.2162273 -0.0704836 -0.2620721 -0.2867109
 2  -0.2620721  0.2062264 -0.2903715  0.8929686 -0.0841451
 3   0.0000000  0.5773503  0.5773503  0.0000000 -0.5773503
 4   0.3576502 -0.2318827 -0.5107245 -0.0775348 -0.7426073
 5   0.0775348 -0.7236114  0.5626221  0.3576502 -0.1609894
 occupations
 0.345 -0.015 -0.015  0.000 -0.030
-0.015  0.426  0.002 -0.026 -0.002
-0.015  0.002  0.426  0.026 -0.002
 0.000 -0.026  0.026  0.345  0.000
-0.030 -0.002 -0.002  0.000  0.426
atom  4   Tr[ns(na)]=   6.9390032
atom  4  spin  1
eigenvalues:  0.3300350 0.3300350 0.4306109 0.4390389 0.4390389
 eigenvectors
 1  -0.8897788 -0.2186718 -0.0670146 -0.2727061 -0.2856865
 2  -0.2727061  0.2036321 -0.2911914  0.8897788 -0.0875593
 3   0.0000000  0.5773503  0.5773503  0.0000000 -0.5773503
 4   0.3581695 -0.2368037 -0.5068825 -0.0750981 -0.7436862
 5   0.0750981 -0.7220161  0.5660861  0.3581695 -0.1559301
 occupations
 0.345 -0.015 -0.015  0.000 -0.030
-0.015  0.426  0.002 -0.026 -0.002
-0.015  0.002  0.426  0.026 -0.002
 0.000 -0.026  0.026  0.345  0.000
-0.030 -0.002 -0.002  0.000  0.426
atom  4  spin  2
eigenvalues:  0.9856379 0.9856379 0.9994999 0.9994999 0.9999690
 eigenvectors
 1   0.8876206 -0.0967817 -0.0075867  0.4379642 -0.1043684
 2  -0.4379642 -0.0646373  0.1161341  0.8876206  0.0514968
 3  -0.1424897 -0.3857634 -0.4221235  0.0037025 -0.8078869
 4   0.0037025  0.7101469 -0.6891543  0.1424897  0.0209925
 5   0.0000000 -0.5773503 -0.5773503  0.0000000  0.5773503
 occupations
 0.986  0.001  0.001  0.000  0.002
 0.001  0.999  0.000  0.001  0.000
 0.001  0.000  0.999 -0.001  0.000
 0.000  0.001 -0.001  0.986  0.000
 0.002  0.000  0.000  0.000  0.999
nsum =  13.8780057
 exit write_ns

     total cpu time spent up to now is    132.67 secs

     End of self-consistent calculation

 ------ SPIN UP ------------


          k = 0.0000 0.0000 0.0000 (  731 PWs)   bands (ev):

    -8.9532  -7.7467   2.7540   5.1278   5.1278   7.5764   7.5999   7.5999
     7.7778   7.7778   8.0649   8.9383   8.9383  11.0564  11.0564  11.2572
    11.5026  12.8931  12.8931  19.8114

          k =-0.7500 0.2500 0.2500 (  764 PWs)   bands (ev):

    -7.7708  -7.7514   3.6509   3.9130   4.7745   5.3282   5.3836   6.0704
     7.7221   8.2470   8.6475   9.6394   9.8405  10.4288  11.6998  11.8242
    12.6011  12.6280  17.2955  17.6039

          k =-0.5000-0.5000 0.5000 (  780 PWs)   bands (ev):

    -7.7620  -7.7504   2.7897   4.0522   5.1682   5.1906   6.4321   6.4448
     7.1582   8.2353   8.5572   9.3828   9.6065  10.7260  11.7101  11.8179
    13.0240  13.0942  15.3295  16.7014

          k =-0.2500-0.2500-0.2500 (  748 PWs)   bands (ev):

    -8.4146  -8.3807   4.4377   4.8299   5.5353   5.5353   6.5043   6.5043
     7.8483   7.8483   8.2986   9.9324   9.9324  10.9596  10.9720  10.9720
    12.4957  12.4957  13.9943  14.2632

 ------ SPIN DOWN ----------


          k = 0.0000 0.0000 0.0000 (  731 PWs)   bands (ev):

    -8.9532  -7.7467   2.7540   5.1278   5.1278   7.5764   7.5999   7.5999
     7.7778   7.7778   8.0649   8.9383   8.9383  11.0564  11.0564  11.2572
    11.5026  12.8931  12.8931  19.8114

          k =-0.7500 0.2500 0.2500 (  764 PWs)   bands (ev):

    -7.7708  -7.7514   3.6509   3.9130   4.7745   5.3282   5.3836   6.0704
     7.7221   8.2470   8.6475   9.6394   9.8405  10.4288  11.6998  11.8242
    12.6011  12.6280  17.2955  17.6039

          k =-0.5000-0.5000 0.5000 (  780 PWs)   bands (ev):

    -7.7620  -7.7504   2.7897   4.0522   5.1682   5.1906   6.4321   6.4448
     7.1582   8.2353   8.5572   9.3828   9.6065  10.7260  11.7101  11.8179
    13.0240  13.0942  15.3295  16.7014

          k =-0.2500-0.2500-0.2500 (  748 PWs)   bands (ev):

    -8.4146  -8.3807   4.4377   4.8299   5.5353   5.5353   6.5043   6.5043
     7.8483   7.8483   8.2986   9.9324   9.9324  10.9596  10.9720  10.9720
    12.4957  12.4957  13.9943  14.2632

     the Fermi energy is    10.9764 ev

!    total energy              =  -174.82465787 ryd
     estimated scf accuracy    <     0.00000009 ryd

     band energy sum           =    10.14337025 ryd
     one-electron contribution =     0.56189612 ryd
     hartree contribution      =    27.86118608 ryd
     xc contribution           =   -65.73526137 ryd
     ewald contribution        =  -137.50929535 ryd
     Hubbard energy            =     0.00000000 ryd
     correction for metals     =    -0.00318336 ryd

     total magnetization       =     0.00 Bohr mag/cell
     absolute magnetization    =     7.09 Bohr mag/cell

     convergence has been achieved

     Writing file    feo_af.save for program phonon
 
     PWSCF        :  2m12.70s CPU time

     init_run     :    11.74s CPU
     electrons    :   120.38s CPU
 
     electrons    :   120.38s CPU
     c_bands      :    70.16s CPU (       8 calls,   8.770 s avg)
     sum_band     :    28.98s CPU (       8 calls,   3.622 s avg)
     v_of_rho     :     5.74s CPU (      17 calls,   0.338 s avg)
     newd         :    11.95s CPU (       9 calls,   1.328 s avg)
     mix_rho      :     3.81s CPU (       8 calls,   0.476 s avg)
 
     c_bands      :    70.16s CPU (       8 calls,   8.770 s avg)
     init_us_2    :     0.62s CPU (     144 calls,   0.004 s avg)
     cegterg      :    69.51s CPU (      64 calls,   1.086 s avg)
 
     sum_band     :    28.98s CPU (       8 calls,   3.622 s avg)
     becsum       :     0.02s CPU (      64 calls,   0.000 s avg)
     addusdens    :    10.93s CPU (       8 calls,   1.366 s avg)
 
     wfcrot       :     3.15s CPU (       8 calls,   0.394 s avg)
     cegterg      :    69.51s CPU (      64 calls,   1.086 s avg)
     h_psi        :    66.42s CPU (     234 calls,   0.284 s avg)
     g_psi        :     0.06s CPU (     162 calls,   0.000 s avg)
     overlap      :     1.43s CPU (     162 calls,   0.009 s avg)
     cdiaghg      :     0.98s CPU (     170 calls,   0.006 s avg)
     update       :     0.51s CPU (     162 calls,   0.003 s avg)
     last         :     0.57s CPU (      64 calls,   0.009 s avg)
 
     h_psi        :    66.42s CPU (     234 calls,   0.284 s avg)
     init         :     0.07s CPU (     234 calls,   0.000 s avg)
     firstfft     :    28.80s CPU (    3460 calls,   0.008 s avg)
     secondfft    :    29.09s CPU (    3460 calls,   0.008 s avg)
     add_vuspsi   :     1.33s CPU (     234 calls,   0.006 s avg)
     s_psi        :     1.65s CPU (     242 calls,   0.007 s avg)
 
     General routines
     ccalbec      :     2.22s CPU (     306 calls,   0.007 s avg)
     cft3         :     8.93s CPU (     166 calls,   0.054 s avg)
     cft3s        :    62.46s CPU (    8234 calls,   0.008 s avg)
     interpolate  :     2.66s CPU (      34 calls,   0.078 s avg)
     davcio       :     0.25s CPU (     408 calls,   0.001 s avg)
 
