
     Program PWSCF     v.3.2cvs starts ...
     Today is 17Oct2006 at  5:15:59 

     Ultrasoft (Vanderbilt) Pseudopotentials

     Current dimensions of program pwscf are:

     ntypx = 10   npk = 40000  lmax =  3
     nchix =  6  ndmx =  2000  nbrx = 14  nqfx =  8
  HUBBARD L FOR TYPE Fe IS            2
  HUBBARD L FOR TYPE Fe IS            2
  MAXIMUM HUBBARD L IS            2


     bravais-lattice index     =            0
     lattice parameter (a_0)   =       8.1900  a.u.
     unit-cell volume          =     274.6766 (a.u.)^3
     number of atoms/cell      =            4
     number of atomic types    =            3
     kinetic-energy cutoff     =      30.0000  Ry
     charge density cutoff     =     240.0000  Ry
     convergence threshold     =      1.0E-06
     beta                      =       0.3000
     number of iterations used =            8  plain     mixing
     Exchange-correlation      =  SLA  PZ   NOGX NOGC (1100)
     celldm(1)=   8.190000  celldm(2)=   0.000000  celldm(3)=   0.000000
     celldm(4)=   0.000000  celldm(5)=   0.000000  celldm(6)=   0.000000

     crystal axes: (cart. coord. in units of a_0)
               a(1) = (  0.500000  0.500000  1.000000 )  
               a(2) = (  0.500000  1.000000  0.500000 )  
               a(3) = (  1.000000  0.500000  0.500000 )  

     reciprocal axes: (cart. coord. in units 2 pi/a_0)
               b(1) = ( -0.500000 -0.500000  1.500000 )  
               b(2) = ( -0.500000  1.500000 -0.500000 )  
               b(3) = (  1.500000 -0.500000 -0.500000 )  


     PSEUDO 1 is O  (US)    zval =  6.0   lmax= 2   lloc= 0
     Version   0  0  0 of US pseudo code
     Using log mesh of  1269 points
     The pseudopotential has  4 beta functions with: 
                l(1) =   0
                l(2) =   0
                l(3) =   1
                l(4) =   1
     Q(r) pseudized with  0 coefficients,  rinner =    0.000   0.000   0.000
                                                       0.000   0.000

     PSEUDO 2 is Fe (US)    zval =  8.0   lmax= 2   lloc= 0
     Version   0  0  0 of US pseudo code
     Using log mesh of   957 points
     The pseudopotential has  6 beta functions with: 
                l(1) =   0
                l(2) =   0
                l(3) =   1
                l(4) =   1
                l(5) =   2
                l(6) =   2
     Q(r) pseudized with  0 coefficients,  rinner =    0.000   0.000   0.000
                                                       0.000   0.000

     PSEUDO 3 is Fe (US)    zval =  8.0   lmax= 2   lloc= 0
     Version   0  0  0 of US pseudo code
     Using log mesh of   957 points
     The pseudopotential has  6 beta functions with: 
                l(1) =   0
                l(2) =   0
                l(3) =   1
                l(4) =   1
                l(5) =   2
                l(6) =   2
     Q(r) pseudized with  0 coefficients,  rinner =    0.000   0.000   0.000
                                                       0.000   0.000

     atomic species   valence    mass     pseudopotential
        O1             6.00     1.00000     O ( 1.00)
        Fe1            8.00     1.00000     Fe( 1.00)
        Fe2            8.00     1.00000     Fe( 1.00)

     Starting magnetic structure 
     atomic species   magnetization
        O1           0.000
        Fe1          0.500
        Fe2         -0.500

     12 Sym.Ops. (with inversion)


   Cartesian axes

     site n.     atom                  positions (a_0 units)
         1           O1  tau(  1) = (   0.5000000   0.5000000   0.5000000  )
         2           O1  tau(  2) = (   1.5000000   1.5000000   1.5000000  )
         3           Fe1 tau(  3) = (   0.0000000   0.0000000   0.0000000  )
         4           Fe2 tau(  4) = (   1.0000000   1.0000000   1.0000000  )

     number of k points=    8  gaussian broad. (ryd)=  0.0100     ngauss =   0
                       cart. coord. in units 2pi/a_0
        k(    1) = (   0.0000000   0.0000000   0.0000000), wk =   0.1250000
        k(    2) = (  -0.7500000   0.2500000   0.2500000), wk =   0.3750000
        k(    3) = (  -0.5000000  -0.5000000   0.5000000), wk =   0.3750000
        k(    4) = (  -0.2500000  -0.2500000  -0.2500000), wk =   0.1250000
        k(    5) = (   0.0000000   0.0000000   0.0000000), wk =   0.1250000
        k(    6) = (  -0.7500000   0.2500000   0.2500000), wk =   0.3750000
        k(    7) = (  -0.5000000  -0.5000000   0.5000000), wk =   0.3750000
        k(    8) = (  -0.2500000  -0.2500000  -0.2500000), wk =   0.1250000

     G cutoff =  407.7738  (  17255 G-vectors)     FFT grid: ( 50, 50, 50)
     G cutoff =  203.8869  (   6111 G-vectors)  smooth grid: ( 36, 36, 36)

     nbndx  =    80  nbnd   =    20  natomwfc =    20  npwx   =     780
     nelec  =  28.00  nkb   =    52  ngl    =     342

     Check: negative/imaginary core charge=   -0.000003    0.000000

     Initial potential from superposition of free atoms

     starting charge   27.99905, renormalised to   28.00000

     Parameters of the lda+U calculation:
     Number of iteration with fixed ns =  0
     Starting ns and Hubbard U :
 enter write_ns
U( 1) =  0.0000      U( 2) =  4.3000      U( 3) =  4.3000
alpha( 1) =  0.0000      alpha( 2) =  0.0000      alpha( 3) =  0.0000
atom  3   Tr[ns(na)]=   6.0000000
atom  3  spin  1
eigenvalues:  1.0000000 1.0000000 1.0000000 1.0000000 1.0000000
 eigenvectors
 1   1.0000000  0.0000000  0.0000000  0.0000000  0.0000000
 2   0.0000000  1.0000000  0.0000000  0.0000000  0.0000000
 3   0.0000000  0.0000000  1.0000000  0.0000000  0.0000000
 4   0.0000000  0.0000000  0.0000000  1.0000000  0.0000000
 5   0.0000000  0.0000000  0.0000000  0.0000000  1.0000000
 occupations
 1.000  0.000  0.000  0.000  0.000
 0.000  1.000  0.000  0.000  0.000
 0.000  0.000  1.000  0.000  0.000
 0.000  0.000  0.000  1.000  0.000
 0.000  0.000  0.000  0.000  1.000
atom  3  spin  2
eigenvalues:  0.2000000 0.2000000 0.2000000 0.2000000 0.2000000
 eigenvectors
 1   1.0000000  0.0000000  0.0000000  0.0000000  0.0000000
 2   0.0000000  1.0000000  0.0000000  0.0000000  0.0000000
 3   0.0000000  0.0000000  1.0000000  0.0000000  0.0000000
 4   0.0000000  0.0000000  0.0000000  1.0000000  0.0000000
 5   0.0000000  0.0000000  0.0000000  0.0000000  1.0000000
 occupations
 0.200  0.000  0.000  0.000  0.000
 0.000  0.200  0.000  0.000  0.000
 0.000  0.000  0.200  0.000  0.000
 0.000  0.000  0.000  0.200  0.000
 0.000  0.000  0.000  0.000  0.200
atom  4   Tr[ns(na)]=   6.0000000
atom  4  spin  1
eigenvalues:  0.2000000 0.2000000 0.2000000 0.2000000 0.2000000
 eigenvectors
 1   1.0000000  0.0000000  0.0000000  0.0000000  0.0000000
 2   0.0000000  1.0000000  0.0000000  0.0000000  0.0000000
 3   0.0000000  0.0000000  1.0000000  0.0000000  0.0000000
 4   0.0000000  0.0000000  0.0000000  1.0000000  0.0000000
 5   0.0000000  0.0000000  0.0000000  0.0000000  1.0000000
 occupations
 0.200  0.000  0.000  0.000  0.000
 0.000  0.200  0.000  0.000  0.000
 0.000  0.000  0.200  0.000  0.000
 0.000  0.000  0.000  0.200  0.000
 0.000  0.000  0.000  0.000  0.200
atom  4  spin  2
eigenvalues:  1.0000000 1.0000000 1.0000000 1.0000000 1.0000000
 eigenvectors
 1   1.0000000  0.0000000  0.0000000  0.0000000  0.0000000
 2   0.0000000  1.0000000  0.0000000  0.0000000  0.0000000
 3   0.0000000  0.0000000  1.0000000  0.0000000  0.0000000
 4   0.0000000  0.0000000  0.0000000  1.0000000  0.0000000
 5   0.0000000  0.0000000  0.0000000  0.0000000  1.0000000
 occupations
 1.000  0.000  0.000  0.000  0.000
 0.000  1.000  0.000  0.000  0.000
 0.000  0.000  1.000  0.000  0.000
 0.000  0.000  0.000  1.000  0.000
 0.000  0.000  0.000  0.000  1.000
nsum =  12.0000000
 exit write_ns
 Atomic wfc used for LDA+U Projector are NOT orthogonalized
     Starting wfc are atomic

     total cpu time spent up to now is      7.49 secs

     Self-consistent Calculation

     iteration #  1     ecut=    30.00 Ry     beta=0.30
     Davidson diagonalization with overlap
     ethr =  1.00E-02,  avg # of iterations =  3.2
 enter write_ns
U( 1) =  0.0000      U( 2) =  4.3000      U( 3) =  4.3000
alpha( 1) =  0.0000      alpha( 2) =  0.0000      alpha( 3) =  0.0000
atom  3   Tr[ns(na)]=   6.1226789
atom  3  spin  1
eigenvalues:  0.9969552 0.9969552 1.0025536 1.0025536 1.0030281
 eigenvectors
 1  -0.5326168 -0.1538080  0.4778658  0.5994108  0.3240578
 2  -0.5994108  0.4629908 -0.0982938 -0.5326168  0.3646970
 3   0.5889737  0.4182119  0.2271407  0.1006778  0.6453526
 4   0.1006778 -0.5037342  0.6140492 -0.5889737  0.1103150
 5   0.0000000  0.5773503  0.5773503  0.0000000 -0.5773503
 occupations
 0.999  0.001  0.001  0.000  0.002
 0.001  1.001  0.001  0.002 -0.001
 0.001  0.001  1.001 -0.002 -0.001
 0.000  0.002 -0.002  0.999  0.000
 0.002 -0.001 -0.001  0.000  1.001
atom  3  spin  2
eigenvalues:  0.1553851 0.1553851 0.2567868 0.2765381 0.2765381
 eigenvectors
 1   0.7240981  0.0688144 -0.0166089  0.6840652  0.0522054
 2  -0.6840652  0.0205517 -0.0698708  0.7240981 -0.0493192
 3   0.0000000 -0.5773503 -0.5773503  0.0000000  0.5773503
 4  -0.0869162  0.2937364  0.5099582  0.0135005  0.8036945
 5  -0.0135005  0.7584378 -0.6336020 -0.0869162  0.1248357
 occupations
 0.156 -0.004 -0.004  0.000 -0.009
-0.004  0.269 -0.006 -0.008  0.006
-0.004 -0.006  0.269  0.008  0.006
 0.000 -0.008  0.008  0.156  0.000
-0.009  0.006  0.006  0.000  0.269
atom  4   Tr[ns(na)]=   6.1226789
atom  4  spin  1
eigenvalues:  0.1553851 0.1553851 0.2567868 0.2765381 0.2765381
 eigenvectors
 1  -0.7284784 -0.0686809  0.0161597 -0.6793987 -0.0525212
 2  -0.6793987  0.0209934 -0.0699761  0.7284784 -0.0489827
 3   0.0000000 -0.5773503 -0.5773503  0.0000000  0.5773503
 4  -0.0868928  0.2924292  0.5110490  0.0136502  0.8034783
 5  -0.0136502  0.7589427 -0.6327225 -0.0868928  0.1262202
 occupations
 0.156 -0.004 -0.004  0.000 -0.009
-0.004  0.269 -0.006 -0.008  0.006
-0.004 -0.006  0.269  0.008  0.006
 0.000 -0.008  0.008  0.156  0.000
-0.009  0.006  0.006  0.000  0.269
atom  4  spin  2
eigenvalues:  0.9969552 0.9969552 1.0025536 1.0025536 1.0030281
 eigenvectors
 1  -0.4840038 -0.1896188  0.4840992  0.6393077  0.2944804
 2  -0.6393077  0.4495131 -0.0605418 -0.4840038  0.3889713
 3   0.5891780  0.4171828  0.2283936  0.0994754  0.6455764
 4   0.0994754 -0.5045868  0.6135843 -0.5891780  0.1089975
 5   0.0000000  0.5773503  0.5773503  0.0000000 -0.5773503
 occupations
 0.999  0.001  0.001  0.000  0.002
 0.001  1.001  0.001  0.002 -0.001
 0.001  0.001  1.001 -0.002 -0.001
 0.000  0.002 -0.002  0.999  0.000
 0.002 -0.001 -0.001  0.000  1.001
nsum =  12.2453578
 exit write_ns

     total cpu time spent up to now is     15.31 secs

     total energy              =  -173.87440081 Ry
     Harris-Foulkes estimate   =  -176.58378743 Ry
     estimated scf accuracy    <     2.40343423 Ry

     total magnetization       =     0.00 Bohr mag/cell
     absolute magnetization    =     8.54 Bohr mag/cell

     iteration #  2     ecut=    30.00 Ry     beta=0.30
     Davidson diagonalization with overlap
     ethr =  8.58E-03,  avg # of iterations =  2.2
 enter write_ns
U( 1) =  0.0000      U( 2) =  4.3000      U( 3) =  4.3000
alpha( 1) =  0.0000      alpha( 2) =  0.0000      alpha( 3) =  0.0000
atom  3   Tr[ns(na)]=   6.9138776
atom  3  spin  1
eigenvalues:  0.9930388 0.9930388 1.0013931 1.0013931 1.0026209
 eigenvectors
 1  -0.2565061 -0.1591600  0.2197847  0.9256846  0.0606247
 2   0.9256846 -0.1618945 -0.0568894  0.2565061 -0.2187838
 3  -0.2780243 -0.4015974 -0.3826251 -0.0038833 -0.7842225
 4  -0.0038833  0.6736798 -0.6846334  0.2780243 -0.0109536
 5   0.0000000 -0.5773503 -0.5773503  0.0000000  0.5773503
 occupations
 0.994  0.001  0.001  0.000  0.002
 0.001  1.001  0.001  0.002 -0.001
 0.001  0.001  1.001 -0.002 -0.001
 0.000  0.002 -0.002  0.994  0.000
 0.002 -0.001 -0.001  0.000  1.001
atom  3  spin  2
eigenvalues:  0.3123231 0.3123231 0.4063953 0.4456757 0.4456757
 eigenvectors
 1   0.8216301  0.2718856  0.0211854  0.4057865  0.2930710
 2  -0.4057865  0.1814360 -0.3261779  0.8216301 -0.1447419
 3   0.0000000  0.5773503  0.5773503  0.0000000 -0.5773503
 4   0.3769176 -0.1339032 -0.5705606 -0.1348863 -0.7044638
 5  -0.1348863  0.7361357 -0.4840315 -0.3769176  0.2521043
 occupations
 0.334 -0.020 -0.020  0.000 -0.040
-0.020  0.418 -0.006 -0.035  0.006
-0.020 -0.006  0.418  0.035  0.006
 0.000 -0.035  0.035  0.334  0.000
-0.040  0.006  0.006  0.000  0.418
atom  4   Tr[ns(na)]=   6.9138776
atom  4  spin  1
eigenvalues:  0.3123231 0.3123231 0.4063953 0.4456757 0.4456757
 eigenvectors
 1  -0.8329060 -0.2665821 -0.0305109 -0.3821079 -0.2970930
 2   0.3821079 -0.1891422  0.3254380 -0.8329060  0.1362958
 3   0.0000000  0.5773503  0.5773503  0.0000000 -0.5773503
 4   0.3722656 -0.1095605 -0.5862087 -0.1472398 -0.6957691
 5  -0.1472398  0.7401502 -0.4649573 -0.3722656  0.2751930
 occupations
 0.334 -0.020 -0.020  0.000 -0.040
-0.020  0.418 -0.006 -0.035  0.006
-0.020 -0.006  0.418  0.035  0.006
 0.000 -0.035  0.035  0.334  0.000
-0.040  0.006  0.006  0.000  0.418
atom  4  spin  2
eigenvalues:  0.9930388 0.9930388 1.0013931 1.0013931 1.0026209
 eigenvectors
 1  -0.2689617 -0.1569631  0.2205317  0.9221426  0.0635686
 2   0.9221426 -0.1640254 -0.0539213  0.2689617 -0.2179467
 3  -0.2779508 -0.4102832 -0.3737318 -0.0074815 -0.7840151
 4  -0.0074815  0.6684255 -0.6895284  0.2779508 -0.0211029
 5   0.0000000 -0.5773503 -0.5773503  0.0000000  0.5773503
 occupations
 0.994  0.001  0.001  0.000  0.002
 0.001  1.001  0.001  0.002 -0.001
 0.001  0.001  1.001 -0.002 -0.001
 0.000  0.002 -0.002  0.994  0.000
 0.002 -0.001 -0.001  0.000  1.001
nsum =  13.8277553
 exit write_ns

     total cpu time spent up to now is     23.47 secs

     total energy              =  -174.43468613 Ry
     Harris-Foulkes estimate   =  -176.06057425 Ry
     estimated scf accuracy    <     0.17790698 Ry

     total magnetization       =     0.00 Bohr mag/cell
     absolute magnetization    =     7.22 Bohr mag/cell

     iteration #  3     ecut=    30.00 Ry     beta=0.30
     Davidson diagonalization with overlap
     ethr =  6.35E-04,  avg # of iterations =  2.0
 enter write_ns
U( 1) =  0.0000      U( 2) =  4.3000      U( 3) =  4.3000
alpha( 1) =  0.0000      alpha( 2) =  0.0000      alpha( 3) =  0.0000
atom  3   Tr[ns(na)]=   6.8006612
atom  3  spin  1
eigenvalues:  0.9937849 0.9937849 1.0016893 1.0016893 1.0028980
 eigenvectors
 1  -0.3000371 -0.1591680  0.2342354  0.9078226  0.0750674
 2   0.9078226 -0.1785761 -0.0485555  0.3000371 -0.2271316
 3  -0.2929009 -0.4056905 -0.3747736 -0.0066989 -0.7804641
 4  -0.0066989  0.6669768 -0.6848267  0.2929009 -0.0178499
 5   0.0000000 -0.5773503 -0.5773503  0.0000000  0.5773503
 occupations
 0.994  0.001  0.001  0.000  0.002
 0.001  1.002  0.001  0.002 -0.001
 0.001  0.001  1.002 -0.002 -0.001
 0.000  0.002 -0.002  0.994  0.000
 0.002 -0.001 -0.001  0.000  1.002
atom  3  spin  2
eigenvalues:  0.2785358 0.2785358 0.4109898 0.4193768 0.4193768
 eigenvectors
 1   0.8294470  0.2269924  0.0060452  0.4540364  0.2330375
 2   0.4540364 -0.1380345  0.2655984 -0.8294470  0.1275639
 3   0.0000000  0.5773503  0.5773503  0.0000000 -0.5773503
 4   0.3116179 -0.1773479 -0.5620768 -0.0936101 -0.7394247
 5   0.0936101 -0.7514222  0.5292989  0.3116179 -0.2221233
 occupations
 0.293 -0.018 -0.018  0.000 -0.035
-0.018  0.407  0.002 -0.031 -0.002
-0.018  0.002  0.407  0.031 -0.002
 0.000 -0.031  0.031  0.293  0.000
-0.035 -0.002 -0.002  0.000  0.407
atom  4   Tr[ns(na)]=   6.8006612
atom  4  spin  1
eigenvalues:  0.2785358 0.2785358 0.4109898 0.4193768 0.4193768
 eigenvectors
 1   0.8455372  0.2217785  0.0157797  0.4233181  0.2375581
 2   0.4233181 -0.1462647  0.2651981 -0.8455372  0.1189335
 3   0.0000000 -0.5773503 -0.5773503  0.0000000  0.5773503
 4   0.3126130 -0.1854723 -0.5563137 -0.0902310 -0.7417860
 5  -0.0902310  0.7494582 -0.5353529 -0.3126130  0.2141054
 occupations
 0.293 -0.018 -0.018  0.000 -0.035
-0.018  0.407  0.002 -0.031 -0.002
-0.018  0.002  0.407  0.031 -0.002
 0.000 -0.031  0.031  0.293  0.000
-0.035 -0.002 -0.002  0.000  0.407
atom  4  spin  2
eigenvalues:  0.9937849 0.9937849 1.0016893 1.0016893 1.0028980
 eigenvectors
 1  -0.3040732 -0.1583719  0.2344491  0.9064787  0.0760772
 2   0.9064787 -0.1792825 -0.0475129  0.3040732 -0.2267953
 3  -0.2927886 -0.4143521 -0.3658129 -0.0105172 -0.7801650
 4  -0.0105172  0.6616307 -0.6896548  0.2927886 -0.0280241
 5   0.0000000 -0.5773503 -0.5773503  0.0000000  0.5773503
 occupations
 0.994  0.001  0.001  0.000  0.002
 0.001  1.002  0.001  0.002 -0.001
 0.001  0.001  1.002 -0.002 -0.001
 0.000  0.002 -0.002  0.994  0.000
 0.002 -0.001 -0.001  0.000  1.002
nsum =  13.6013224
 exit write_ns

     total cpu time spent up to now is     31.26 secs

     total energy              =  -174.44760925 Ry
     Harris-Foulkes estimate   =  -176.10238990 Ry
     estimated scf accuracy    <     0.04587583 Ry

     total magnetization       =     0.00 Bohr mag/cell
     absolute magnetization    =     7.40 Bohr mag/cell

     iteration #  4     ecut=    30.00 Ry     beta=0.30
     Davidson diagonalization with overlap
     ethr =  1.64E-04,  avg # of iterations =  1.8
 enter write_ns
U( 1) =  0.0000      U( 2) =  4.3000      U( 3) =  4.3000
alpha( 1) =  0.0000      alpha( 2) =  0.0000      alpha( 3) =  0.0000
atom  3   Tr[ns(na)]=   6.8603675
atom  3  spin  1
eigenvalues:  0.9936104 0.9936104 1.0013475 1.0013475 1.0026028
 eigenvectors
 1  -0.3460134 -0.1472145  0.2320541  0.8930597  0.0848396
 2   0.8930597 -0.1829587 -0.0360122  0.3460134 -0.2189709
 3  -0.2875162 -0.4080873 -0.3736579 -0.0073108 -0.7817452
 4  -0.0073108  0.6670723 -0.6869501  0.2875162 -0.0198778
 5   0.0000000 -0.5773503 -0.5773503  0.0000000  0.5773503
 occupations
 0.994  0.001  0.001  0.000  0.002
 0.001  1.001  0.001  0.002 -0.001
 0.001  0.001  1.001 -0.002 -0.001
 0.000  0.002 -0.002  0.994  0.000
 0.002 -0.001 -0.001  0.000  1.001
atom  3  spin  2
eigenvalues:  0.2808766 0.2808766 0.3985079 0.4537939 0.4537939
 eigenvectors
 1  -0.8338239 -0.2359306 -0.0125965 -0.4326083 -0.2485272
 2   0.4326083 -0.1507598  0.2797018 -0.8338239  0.1289420
 3   0.0000000  0.5773503  0.5773503  0.0000000 -0.5773503
 4   0.3264102 -0.1614766 -0.5686076 -0.1050907 -0.7300842
 5  -0.1050907  0.7498001 -0.5147429 -0.3264102  0.2350572
 occupations
 0.301 -0.023 -0.023  0.000 -0.045
-0.023  0.422 -0.012 -0.039  0.012
-0.023 -0.012  0.422  0.039  0.012
 0.000 -0.039  0.039  0.301  0.000
-0.045  0.012  0.012  0.000  0.422
atom  4   Tr[ns(na)]=   6.8603675
atom  4  spin  1
eigenvalues:  0.2808766 0.2808766 0.3985079 0.4537939 0.4537939
 eigenvectors
 1  -0.8251351 -0.2388563 -0.0070811 -0.4489593 -0.2459374
 2   0.4489593 -0.1460803  0.2798958 -0.8251351  0.1338155
 3   0.0000000  0.5773503  0.5773503  0.0000000 -0.5773503
 4   0.3262730 -0.1604992 -0.5692781 -0.1055161 -0.7297772
 5  -0.1055161  0.7500099 -0.5140013 -0.3262730  0.2360086
 occupations
 0.301 -0.023 -0.023  0.000 -0.045
-0.023  0.422 -0.012 -0.039  0.012
-0.023 -0.012  0.422  0.039  0.012
 0.000 -0.039  0.039  0.301  0.000
-0.045  0.012  0.012  0.000  0.422
atom  4  spin  2
eigenvalues:  0.9936104 0.9936104 1.0013475 1.0013475 1.0026028
 eigenvectors
 1  -0.2063340 -0.1732991  0.2238905  0.9352579  0.0505914
 2   0.9352579 -0.1584722 -0.0708453  0.2063340 -0.2293175
 3  -0.2873565 -0.4190358 -0.3622751 -0.0120527 -0.7813109
 4  -0.0120527  0.6602497 -0.6930205  0.2873565 -0.0327708
 5   0.0000000 -0.5773503 -0.5773503  0.0000000  0.5773503
 occupations
 0.994  0.001  0.001  0.000  0.002
 0.001  1.001  0.001  0.002 -0.001
 0.001  0.001  1.001 -0.002 -0.001
 0.000  0.002 -0.002  0.994  0.000
 0.002 -0.001 -0.001  0.000  1.001
nsum =  13.7207351
 exit write_ns

     total cpu time spent up to now is     39.00 secs

     total energy              =  -174.45325027 Ry
     Harris-Foulkes estimate   =  -176.22734567 Ry
     estimated scf accuracy    <     0.00423145 Ry

     total magnetization       =     0.00 Bohr mag/cell
     absolute magnetization    =     7.31 Bohr mag/cell

     iteration #  5     ecut=    30.00 Ry     beta=0.30
     Davidson diagonalization with overlap
     ethr =  1.51E-05,  avg # of iterations =  2.2
 enter write_ns
U( 1) =  0.0000      U( 2) =  4.3000      U( 3) =  4.3000
alpha( 1) =  0.0000      alpha( 2) =  0.0000      alpha( 3) =  0.0000
atom  3   Tr[ns(na)]=   6.8555899
atom  3  spin  1
eigenvalues:  0.9938034 0.9938034 1.0015004 1.0015004 1.0027991
 eigenvectors
 1  -0.2537284 -0.1631152  0.2245352  0.9245685  0.0614200
 2   0.9245685 -0.1650963 -0.0587138  0.2537284 -0.2238101
 3  -0.2841620 -0.4076497 -0.3749400 -0.0068572 -0.7825897
 4  -0.0068572  0.6683001 -0.6871850  0.2841620 -0.0188849
 5   0.0000000 -0.5773503 -0.5773503  0.0000000  0.5773503
 occupations
 0.994  0.001  0.001  0.000  0.002
 0.001  1.002  0.001  0.001 -0.001
 0.001  0.001  1.002 -0.001 -0.001
 0.000  0.001 -0.001  0.994  0.000
 0.002 -0.001 -0.001  0.000  1.002
atom  3  spin  2
eigenvalues:  0.2771351 0.2771351 0.3718444 0.4680343 0.4680343
 eigenvectors
 1  -0.8214238 -0.2344152 -0.0029212 -0.4625748 -0.2373364
 2   0.4625748 -0.1387128  0.2723659 -0.8214238  0.1336531
 3   0.0000000  0.5773503  0.5773503  0.0000000 -0.5773503
 4   0.3163554 -0.1534345 -0.5765052 -0.1058621 -0.7299397
 5  -0.1058621  0.7542764 -0.5100164 -0.3163554  0.2442600
 occupations
 0.298 -0.025 -0.025  0.000 -0.049
-0.025  0.422 -0.025 -0.042  0.025
-0.025 -0.025  0.422  0.042  0.025
 0.000 -0.042  0.042  0.298  0.000
-0.049  0.025  0.025  0.000  0.422
atom  4   Tr[ns(na)]=   6.8555899
atom  4  spin  1
eigenvalues:  0.2771351 0.2771351 0.3718444 0.4680343 0.4680343
 eigenvectors
 1  -0.8299738 -0.2317663 -0.0080404 -0.4470526 -0.2398067
 2   0.4470526 -0.1430946  0.2722628 -0.8299738  0.1291682
 3   0.0000000  0.5773503  0.5773503  0.0000000 -0.5773503
 4   0.3185462 -0.1695240 -0.5654706 -0.0990751 -0.7349946
 5  -0.0990751  0.7508239 -0.5222240 -0.3185462  0.2285999
 occupations
 0.298 -0.025 -0.025  0.000 -0.049
-0.025  0.422 -0.025 -0.042  0.025
-0.025 -0.025  0.422  0.042  0.025
 0.000 -0.042  0.042  0.298  0.000
-0.049  0.025  0.025  0.000  0.422
atom  4  spin  2
eigenvalues:  0.9938034 0.9938034 1.0015004 1.0015004 1.0027991
 eigenvectors
 1  -0.3077963 -0.1530980  0.2276062  0.9080013  0.0745082
 2   0.9080013 -0.1744258 -0.0453739  0.3077963 -0.2197997
 3  -0.2841593 -0.4079050 -0.3746775 -0.0069658 -0.7825824
 4  -0.0069658  0.6681443 -0.6873282  0.2841593 -0.0191839
 5   0.0000000 -0.5773503 -0.5773503  0.0000000  0.5773503
 occupations
 0.994  0.001  0.001  0.000  0.002
 0.001  1.002  0.001  0.001 -0.001
 0.001  0.001  1.002 -0.001 -0.001
 0.000  0.001 -0.001  0.994  0.000
 0.002 -0.001 -0.001  0.000  1.002
nsum =  13.7111798
 exit write_ns

     total cpu time spent up to now is     47.17 secs

     total energy              =  -174.45486865 Ry
     Harris-Foulkes estimate   =  -176.24506718 Ry
     estimated scf accuracy    <     0.00253035 Ry

     total magnetization       =     0.00 Bohr mag/cell
     absolute magnetization    =     7.32 Bohr mag/cell

     iteration #  6     ecut=    30.00 Ry     beta=0.30
     Davidson diagonalization with overlap
     ethr =  9.04E-06,  avg # of iterations =  1.0
 enter write_ns
U( 1) =  0.0000      U( 2) =  4.3000      U( 3) =  4.3000
alpha( 1) =  0.0000      alpha( 2) =  0.0000      alpha( 3) =  0.0000
atom  3   Tr[ns(na)]=   6.8612546
atom  3  spin  1
eigenvalues:  0.9937745 0.9937745 1.0015089 1.0015089 1.0028133
 eigenvectors
 1  -0.2660305 -0.1587444  0.2221807  0.9223012  0.0634363
 2   0.9223012 -0.1649010 -0.0550262  0.2660305 -0.2199272
 3  -0.2802662 -0.4069166 -0.3766452 -0.0062513 -0.7835618
 4  -0.0062513  0.6698458 -0.6873230  0.2802662 -0.0174772
 5   0.0000000 -0.5773503 -0.5773503  0.0000000  0.5773503
 occupations
 0.994  0.001  0.001  0.000  0.002
 0.001  1.002  0.001  0.001 -0.001
 0.001  0.001  1.002 -0.001 -0.001
 0.000  0.001 -0.001  0.994  0.000
 0.002 -0.001 -0.001  0.000  1.002
atom  3  spin  2
eigenvalues:  0.2777252 0.2777252 0.3323912 0.4900164 0.4900164
 eigenvectors
 1  -0.8390577 -0.2272149 -0.0130496 -0.4318082 -0.2402644
 2   0.4318082 -0.1462509  0.2698993 -0.8390577  0.1236484
 3   0.0000000  0.5773503  0.5773503  0.0000000 -0.5773503
 4   0.3158271 -0.1682821 -0.5670109 -0.0988794 -0.7352930
 5  -0.0988794  0.7518855 -0.5216793 -0.3158271  0.2302062
 occupations
 0.301 -0.027 -0.027  0.000 -0.054
-0.027  0.422 -0.045 -0.047  0.045
-0.027 -0.045  0.422  0.047  0.045
 0.000 -0.047  0.047  0.301  0.000
-0.054  0.045  0.045  0.000  0.422
atom  4   Tr[ns(na)]=   6.8612546
atom  4  spin  1
eigenvalues:  0.2777252 0.2777252 0.3323912 0.4900164 0.4900164
 eigenvectors
 1  -0.8344776 -0.2287379 -0.0102150 -0.4405942 -0.2389529
 2   0.4405942 -0.1438572  0.2700215 -0.8344776  0.1261643
 3   0.0000000  0.5773503  0.5773503  0.0000000 -0.5773503
 4   0.3132191 -0.1491681 -0.5800530 -0.1068537 -0.7292211
 5  -0.1068537  0.7559098 -0.5071383 -0.3132191  0.2487715
 occupations
 0.301 -0.027 -0.027  0.000 -0.054
-0.027  0.422 -0.045 -0.047  0.045
-0.027 -0.045  0.422  0.047  0.045
 0.000 -0.047  0.047  0.301  0.000
-0.054  0.045  0.045  0.000  0.422
atom  4  spin  2
eigenvalues:  0.9937745 0.9937745 1.0015089 1.0015089 1.0028133
 eigenvectors
 1  -0.2506146 -0.1614720  0.2212323  0.9266089  0.0597603
 2   0.9266089 -0.1622311 -0.0587233  0.2506146 -0.2209544
 3  -0.2802419 -0.4093209 -0.3741731 -0.0072583 -0.7834939
 4  -0.0072583  0.6683794 -0.6886719  0.2802419 -0.0202926
 5   0.0000000 -0.5773503 -0.5773503  0.0000000  0.5773503
 occupations
 0.994  0.001  0.001  0.000  0.002
 0.001  1.002  0.001  0.001 -0.001
 0.001  0.001  1.002 -0.001 -0.001
 0.000  0.001 -0.001  0.994  0.000
 0.002 -0.001 -0.001  0.000  1.002
nsum =  13.7225093
 exit write_ns

     total cpu time spent up to now is     54.75 secs

     total energy              =  -174.45719482 Ry
     Harris-Foulkes estimate   =  -176.25114402 Ry
     estimated scf accuracy    <     0.00457361 Ry

     total magnetization       =     0.00 Bohr mag/cell
     absolute magnetization    =     7.31 Bohr mag/cell

     iteration #  7     ecut=    30.00 Ry     beta=0.30
     Davidson diagonalization with overlap
     ethr =  9.04E-06,  avg # of iterations =  1.2
 enter write_ns
U( 1) =  0.0000      U( 2) =  4.3000      U( 3) =  4.3000
alpha( 1) =  0.0000      alpha( 2) =  0.0000      alpha( 3) =  0.0000
atom  3   Tr[ns(na)]=   6.8546084
atom  3  spin  1
eigenvalues:  0.9938372 0.9938372 1.0014826 1.0014826 1.0027868
 eigenvectors
 1  -0.2706849 -0.1634023  0.2304666  0.9178327  0.0670643
 2   0.9178327 -0.1717796 -0.0556207  0.2706849 -0.2274003
 3  -0.2902691 -0.4080697 -0.3729859 -0.0075278 -0.7810556
 4  -0.0075278  0.6662861 -0.6865418  0.2902691 -0.0202557
 5   0.0000000 -0.5773503 -0.5773503  0.0000000  0.5773503
 occupations
 0.994  0.001  0.001  0.000  0.002
 0.001  1.001  0.001  0.002 -0.001
 0.001  0.001  1.001 -0.002 -0.001
 0.000  0.002 -0.002  0.994  0.000
 0.002 -0.001 -0.001  0.000  1.001
atom  3  spin  2
eigenvalues:  0.2766386 0.2766386 0.3980853 0.3980853 0.5117343
 eigenvectors
 1  -0.8217837 -0.2775851 -0.0258864 -0.3935138 -0.3034715
 2   0.3935138 -0.1901549  0.3354732 -0.8217837  0.1453183
 3   0.3834049 -0.1099073 -0.5822520 -0.1510602 -0.6921593
 4   0.1510602 -0.7357817  0.4630733  0.3834049 -0.2727084
 5   0.0000000 -0.5773503 -0.5773503  0.0000000  0.5773503
 occupations
 0.297 -0.019 -0.019  0.000 -0.037
-0.019  0.422  0.045 -0.032 -0.045
-0.019  0.045  0.422  0.032 -0.045
 0.000 -0.032  0.032  0.297  0.000
-0.037 -0.045 -0.045  0.000  0.422
atom  4   Tr[ns(na)]=   6.8546087
atom  4  spin  1
eigenvalues:  0.2766386 0.2766386 0.3980854 0.3980854 0.5117344
 eigenvectors
 1  -0.8234441 -0.2767766 -0.0273079 -0.3900275 -0.3040845
 2   0.3900275 -0.1913295  0.3353603 -0.8234441  0.1440308
 3   0.3878388 -0.1323241 -0.5678399 -0.1392819 -0.7001641
 4   0.1392819 -0.7320825  0.4806373  0.3878388 -0.2514452
 5   0.0000000 -0.5773503 -0.5773503  0.0000000  0.5773503
 occupations
 0.297 -0.019 -0.019  0.000 -0.037
-0.019  0.422  0.045 -0.032 -0.045
-0.019  0.045  0.422  0.032 -0.045
 0.000 -0.032  0.032  0.297  0.000
-0.037 -0.045 -0.045  0.000  0.422
atom  4  spin  2
eigenvalues:  0.9938372 0.9938372 1.0014826 1.0014826 1.0027868
 eigenvectors
 1  -0.3003409 -0.1577391  0.2321510  0.9085607  0.0744118
 2   0.9085607 -0.1769941 -0.0481090  0.3003409 -0.2251031
 3  -0.2903006 -0.4050079 -0.3761324 -0.0061957 -0.7811403
 4  -0.0061957  0.6681517 -0.6848230  0.2903006 -0.0166713
 5   0.0000000 -0.5773503 -0.5773503  0.0000000  0.5773503
 occupations
 0.994  0.001  0.001  0.000  0.002
 0.001  1.001  0.001  0.002 -0.001
 0.001  0.001  1.001 -0.002 -0.001
 0.000  0.002 -0.002  0.994  0.000
 0.002 -0.001 -0.001  0.000  1.001
nsum =  13.7092172
 exit write_ns

     total cpu time spent up to now is     62.37 secs

     total energy              =  -174.45487315 Ry
     Harris-Foulkes estimate   =  -176.25116307 Ry
     estimated scf accuracy    <     0.00220737 Ry

     total magnetization       =     0.00 Bohr mag/cell
     absolute magnetization    =     7.32 Bohr mag/cell

     iteration #  8     ecut=    30.00 Ry     beta=0.30
     Davidson diagonalization with overlap
     ethr =  7.88E-06,  avg # of iterations =  1.0
 enter write_ns
U( 1) =  0.0000      U( 2) =  4.3000      U( 3) =  4.3000
alpha( 1) =  0.0000      alpha( 2) =  0.0000      alpha( 3) =  0.0000
atom  3   Tr[ns(na)]=   6.8591837
atom  3  spin  1
eigenvalues:  0.9938150 0.9938150 1.0015289 1.0015289 1.0028239
 eigenvectors
 1  -0.2795379 -0.1577502  0.2250954  0.9174803  0.0673453
 2   0.9174803 -0.1688407 -0.0521953  0.2795379 -0.2210360
 3  -0.2829028 -0.4091106 -0.3737415 -0.0073794 -0.7828521
 4  -0.0073794  0.6677596 -0.6881800  0.2829028 -0.0204204
 5   0.0000000 -0.5773503 -0.5773503  0.0000000  0.5773503
 occupations
 0.994  0.001  0.001  0.000  0.002
 0.001  1.002  0.001  0.001 -0.001
 0.001  0.001  1.002 -0.001 -0.001
 0.000  0.001 -0.001  0.994  0.000
 0.002 -0.001 -0.001  0.000  1.002
atom  3  spin  2
eigenvalues:  0.2759808 0.2759808 0.3837373 0.4649865 0.4649865
 eigenvectors
 1  -0.8420450 -0.2375333 -0.0203549 -0.4094111 -0.2578883
 2   0.4094111 -0.1606438  0.2860318 -0.8420450  0.1253880
 3   0.0000000  0.5773503  0.5773503  0.0000000 -0.5773503
 4   0.3331726 -0.1532186 -0.5720213 -0.1110801 -0.7252399
 5  -0.1110801  0.7489741 -0.5071783 -0.3331726  0.2417958
 occupations
 0.299 -0.025 -0.025  0.000 -0.051
-0.025  0.422 -0.019 -0.044  0.019
-0.025 -0.019  0.422  0.044  0.019
 0.000 -0.044  0.044  0.299  0.000
-0.051  0.019  0.019  0.000  0.422
atom  4   Tr[ns(na)]=   6.8591818
atom  4  spin  1
eigenvalues:  0.2759808 0.2759808 0.3837370 0.4649858 0.4649858
 eigenvectors
 1  -0.8210950 -0.2450792 -0.0063932 -0.4499554 -0.2514724
 2   0.4499554 -0.1488788  0.2866842 -0.8210950  0.1378055
 3   0.0000000  0.5773503  0.5773503  0.0000000 -0.5773503
 4   0.3335581 -0.1558280 -0.5702501 -0.1099184 -0.7260781
 5  -0.1099184  0.7484354 -0.5091687 -0.3335581  0.2392667
 occupations
 0.299 -0.025 -0.025  0.000 -0.051
-0.025  0.422 -0.019 -0.044  0.019
-0.025 -0.019  0.422  0.044  0.019
 0.000 -0.044  0.044  0.299  0.000
-0.051  0.019  0.019  0.000  0.422
atom  4  spin  2
eigenvalues:  0.9938150 0.9938150 1.0015289 1.0015289 1.0028239
 eigenvectors
 1  -0.2859154 -0.1565714  0.2254531  0.9155130  0.0688817
 2   0.9155130 -0.1699342 -0.0506277  0.2859154 -0.2205619
 3  -0.2828495 -0.4133880 -0.3693169 -0.0091950 -0.7827049
 4  -0.0091950  0.6651201 -0.6905646  0.2828495 -0.0254445
 5   0.0000000 -0.5773503 -0.5773503  0.0000000  0.5773503
 occupations
 0.994  0.001  0.001  0.000  0.002
 0.001  1.002  0.001  0.001 -0.001
 0.001  0.001  1.002 -0.001 -0.001
 0.000  0.001 -0.001  0.994  0.000
 0.002 -0.001 -0.001  0.000  1.002
nsum =  13.7183655
 exit write_ns

     total cpu time spent up to now is     69.97 secs

     total energy              =  -174.45451890 Ry
     Harris-Foulkes estimate   =  -176.25505190 Ry
     estimated scf accuracy    <     0.00142760 Ry

     total magnetization       =     0.00 Bohr mag/cell
     absolute magnetization    =     7.31 Bohr mag/cell

     iteration #  9     ecut=    30.00 Ry     beta=0.30
     Davidson diagonalization with overlap
     ethr =  5.10E-06,  avg # of iterations =  1.5
 enter write_ns
U( 1) =  0.0000      U( 2) =  4.3000      U( 3) =  4.3000
alpha( 1) =  0.0000      alpha( 2) =  0.0000      alpha( 3) =  0.0000
atom  3   Tr[ns(na)]=   6.8505904
atom  3  spin  1
eigenvalues:  0.9938136 0.9938136 1.0014955 1.0014955 1.0027556
 eigenvectors
 1  -0.3263181 -0.1524524  0.2332179  0.8996450  0.0807654
 2   0.8996450 -0.1812784 -0.0413885  0.3263181 -0.2226669
 3  -0.2900395 -0.4039083 -0.3773263 -0.0056977 -0.7812346
 4  -0.0056977  0.6688955 -0.6842426  0.2900395 -0.0153471
 5   0.0000000 -0.5773503 -0.5773503  0.0000000  0.5773503
 occupations
 0.994  0.001  0.001  0.000  0.002
 0.001  1.001  0.001  0.002 -0.001
 0.001  0.001  1.001 -0.002 -0.001
 0.000  0.002 -0.002  0.994  0.000
 0.002 -0.001 -0.001  0.000  1.001
atom  3  spin  2
eigenvalues:  0.2712093 0.2712093 0.3971317 0.3971317 0.5205345
 eigenvectors
 1  -0.8155003 -0.2949663 -0.0347852 -0.3714944 -0.3297515
 2   0.3714944 -0.2104654  0.3606810 -0.8155003  0.1502156
 3   0.4120495 -0.1043383 -0.5750147 -0.1648222 -0.6793530
 4   0.1648222 -0.7242095  0.4524644  0.4120495 -0.2717451
 5   0.0000000 -0.5773503 -0.5773503  0.0000000  0.5773503
 occupations
 0.296 -0.020 -0.020  0.000 -0.041
-0.020  0.422  0.049 -0.035 -0.049
-0.020  0.049  0.422  0.035 -0.049
 0.000 -0.035  0.035  0.296  0.000
-0.041 -0.049 -0.049  0.000  0.422
atom  4   Tr[ns(na)]=   6.8506377
atom  4  spin  1
eigenvalues:  0.2712116 0.2712116 0.3971487 0.3971487 0.5205432
 eigenvectors
 1  -0.8036636 -0.3013007 -0.0236406 -0.3964808 -0.3249413
 2   0.3964808 -0.2012539  0.3615610 -0.8036636  0.1603071
 3   0.4098975 -0.0951282 -0.5807265 -0.1700351 -0.6758547
 4   0.1700351 -0.7254875  0.4451271  0.4098975 -0.2803603
 5   0.0000000 -0.5773503 -0.5773503  0.0000000  0.5773503
 occupations
 0.296 -0.020 -0.020  0.000 -0.041
-0.020  0.422  0.049 -0.035 -0.049
-0.020  0.049  0.422  0.035 -0.049
 0.000 -0.035  0.035  0.296  0.000
-0.041 -0.049 -0.049  0.000  0.422
atom  4  spin  2
eigenvalues:  0.9938137 0.9938137 1.0014955 1.0014955 1.0027555
 eigenvectors
 1  -0.3143447 -0.1548481  0.2326513  0.9038968  0.0778032
 2   0.9038968 -0.1792410 -0.0444819  0.3143447 -0.2237229
 3  -0.2899343 -0.4133269 -0.3676115 -0.0097991 -0.7809384
 4  -0.0097991  0.6631156 -0.6895094  0.2899343 -0.0263938
 5   0.0000000 -0.5773503 -0.5773503  0.0000000  0.5773503
 occupations
 0.994  0.001  0.001  0.000  0.002
 0.001  1.001  0.001  0.002 -0.001
 0.001  0.001  1.001 -0.002 -0.001
 0.000  0.002 -0.002  0.994  0.000
 0.002 -0.001 -0.001  0.000  1.001
nsum =  13.7012280
 exit write_ns

     total cpu time spent up to now is     77.62 secs

     total energy              =  -174.45535751 Ry
     Harris-Foulkes estimate   =  -176.26210135 Ry
     estimated scf accuracy    <     0.00240882 Ry

     total magnetization       =     0.00 Bohr mag/cell
     absolute magnetization    =     7.33 Bohr mag/cell

     iteration # 10     ecut=    30.00 Ry     beta=0.30
     Davidson diagonalization with overlap
     ethr =  5.10E-06,  avg # of iterations =  1.0
 enter write_ns
U( 1) =  0.0000      U( 2) =  4.3000      U( 3) =  4.3000
alpha( 1) =  0.0000      alpha( 2) =  0.0000      alpha( 3) =  0.0000
atom  3   Tr[ns(na)]=   6.8551543
atom  3  spin  1
eigenvalues:  0.9937909 0.9937909 1.0015059 1.0015059 1.0027469
 eigenvectors
 1  -0.2855320 -0.1590460  0.2290209  0.9142367  0.0699749
 2   0.9142367 -0.1726253 -0.0514253  0.2855320 -0.2240506
 3  -0.2873028 -0.4143178 -0.3672401 -0.0099916 -0.7815579
 4  -0.0099916  0.6632588 -0.6904392  0.2873028 -0.0271804
 5   0.0000000 -0.5773503 -0.5773503  0.0000000  0.5773503
 occupations
 0.994  0.001  0.001  0.000  0.002
 0.001  1.001  0.001  0.002 -0.001
 0.001  0.001  1.001 -0.002 -0.001
 0.000  0.002 -0.002  0.994  0.000
 0.002 -0.001 -0.001  0.000  1.001
atom  3  spin  2
eigenvalues:  0.2725183 0.2725183 0.4187562 0.4187562 0.4792649
 eigenvectors
 1   0.8236316  0.2782913  0.0289350  0.3859529  0.3072264
 2  -0.3859529  0.1940829 -0.3380488  0.8236316 -0.1439659
 3   0.3882587 -0.1177645 -0.5761476 -0.1480760 -0.6939122
 4   0.1480760 -0.7332694  0.4686218  0.3882587 -0.2646476
 5   0.0000000 -0.5773503 -0.5773503  0.0000000  0.5773503
 occupations
 0.298 -0.023 -0.023  0.000 -0.045
-0.023  0.422  0.029 -0.039 -0.029
-0.023  0.029  0.422  0.039 -0.029
 0.000 -0.039  0.039  0.298  0.000
-0.045 -0.029 -0.029  0.000  0.422
atom  4   Tr[ns(na)]=   6.8549797
atom  4  spin  1
eigenvalues:  0.2725112 0.2725112 0.4186917 0.4186917 0.4792339
 eigenvectors
 1   0.8251309  0.2775664  0.0302864  0.3826556  0.3078528
 2  -0.3826556  0.1952248 -0.3379919  0.8251309 -0.1427672
 3   0.3859964 -0.1064276 -0.5832907 -0.1540794 -0.6897183
 4   0.1540794 -0.7349721  0.4596551  0.3859964 -0.2753171
 5   0.0000000 -0.5773503 -0.5773503  0.0000000  0.5773503
 occupations
 0.298 -0.023 -0.023  0.000 -0.045
-0.023  0.422  0.029 -0.039 -0.029
-0.023  0.029  0.422  0.039 -0.029
 0.000 -0.039  0.039  0.298  0.000
-0.045 -0.029 -0.029  0.000  0.422
atom  4  spin  2
eigenvalues:  0.9937906 0.9937906 1.0015059 1.0015059 1.0027469
 eigenvectors
 1  -0.2463948 -0.1662347  0.2266148  0.9255569  0.0603801
 2   0.9255569 -0.1656966 -0.0611152  0.2463948 -0.2268117
 3  -0.2874197 -0.4024777 -0.3794434 -0.0048884 -0.7819210
 4  -0.0048884  0.6705140 -0.6838129  0.2874197 -0.0132989
 5   0.0000000 -0.5773503 -0.5773503  0.0000000  0.5773503
 occupations
 0.994  0.001  0.001  0.000  0.002
 0.001  1.001  0.001  0.002 -0.001
 0.001  0.001  1.001 -0.002 -0.001
 0.000  0.002 -0.002  0.994  0.000
 0.002 -0.001 -0.001  0.000  1.001
nsum =  13.7101340
 exit write_ns

     total cpu time spent up to now is     85.26 secs

     total energy              =  -174.45375528 Ry
     Harris-Foulkes estimate   =  -176.26106617 Ry
     estimated scf accuracy    <     0.00052605 Ry

     total magnetization       =     0.00 Bohr mag/cell
     absolute magnetization    =     7.32 Bohr mag/cell

     iteration # 11     ecut=    30.00 Ry     beta=0.30
     Davidson diagonalization with overlap
     ethr =  1.88E-06,  avg # of iterations =  1.0
 enter write_ns
U( 1) =  0.0000      U( 2) =  4.3000      U( 3) =  4.3000
alpha( 1) =  0.0000      alpha( 2) =  0.0000      alpha( 3) =  0.0000
atom  3   Tr[ns(na)]=   6.8554936
atom  3  spin  1
eigenvalues:  0.9937531 0.9937531 1.0015026 1.0015026 1.0027360
 eigenvectors
 1  -0.2101603 -0.1717819  0.2230242  0.9348572  0.0512423
 2   0.9348572 -0.1583479 -0.0695936  0.2101603 -0.2279414
 3  -0.2860261 -0.4099224 -0.3721311 -0.0079800 -0.7820534
 4  -0.0079800  0.6663687 -0.6881875  0.2860261 -0.0218188
 5   0.0000000 -0.5773503 -0.5773503  0.0000000  0.5773503
 occupations
 0.994  0.001  0.001  0.000  0.002
 0.001  1.001  0.001  0.002 -0.001
 0.001  0.001  1.001 -0.002 -0.001
 0.000  0.002 -0.002  0.994  0.000
 0.002 -0.001 -0.001  0.000  1.001
atom  3  spin  2
eigenvalues:  0.2727041 0.2727041 0.4281313 0.4281313 0.4605754
 eigenvectors
 1   0.8142900  0.2815562  0.0199737  0.4078464  0.3015299
 2  -0.4078464  0.1856202 -0.3366449  0.8142900 -0.1510247
 3  -0.3875277  0.1260679  0.5716184  0.1428824  0.6976863
 4  -0.1428824  0.7328334 -0.4755947 -0.3875277  0.2572387
 5   0.0000000 -0.5773503 -0.5773503  0.0000000  0.5773503
 occupations
 0.299 -0.024 -0.024  0.000 -0.048
-0.024  0.421  0.020 -0.041 -0.020
-0.024  0.020  0.421  0.041 -0.020
 0.000 -0.041  0.041  0.299  0.000
-0.048 -0.020 -0.020  0.000  0.421
atom  4   Tr[ns(na)]=   6.8610765
atom  4  spin  1
eigenvalues:  0.2729204 0.2729204 0.4301860 0.4301860 0.4616067
 eigenvectors
 1   0.8255160  0.2751845  0.0285835  0.3869170  0.3037679
 2  -0.3869170  0.1918832 -0.3342583  0.8255160 -0.1423752
 3  -0.3863101  0.1303790  0.5695086  0.1399393  0.6998877
