
     Program PWSCF     v.3.1    starts ...
     Today is  9May2006 at  5:14: 5 

     Ultrasoft (Vanderbilt) Pseudopotentials

     Current dimensions of program pwscf are:

     ntypx = 10   npk = 40000  lmax =  3
     nchix =  6  ndmx =  2000  nbrx = 14  nqfx =  8
  HUBBARD L FOR TYPE Fe IS            2
  HUBBARD L FOR TYPE Fe IS            2
  MAXIMUM HUBBARD L IS            2


     bravais-lattice index     =            0
     lattice parameter (a_0)   =       8.1900  a.u.
     unit-cell volume          =     274.6766 (a.u.)^3
     number of atoms/cell      =            4
     number of atomic types    =            3
     kinetic-energy cutoff     =      30.0000  Ry
     charge density cutoff     =     240.0000  Ry
     convergence threshold     =      1.0E-06
     beta                      =       0.3000
     number of iterations used =            8  plain     mixing
     Exchange-correlation      =  SLA  PZ   NOGX NOGC (1100)
     celldm(1)=   8.190000  celldm(2)=   0.000000  celldm(3)=   0.000000
     celldm(4)=   0.000000  celldm(5)=   0.000000  celldm(6)=   0.000000

     crystal axes: (cart. coord. in units of a_0)
               a(1) = (  0.500000  0.500000  1.000000 )  
               a(2) = (  0.500000  1.000000  0.500000 )  
               a(3) = (  1.000000  0.500000  0.500000 )  

     reciprocal axes: (cart. coord. in units 2 pi/a_0)
               b(1) = ( -0.500000 -0.500000  1.500000 )  
               b(2) = ( -0.500000  1.500000 -0.500000 )  
               b(3) = (  1.500000 -0.500000 -0.500000 )  


     PSEUDO 1 is O  (US)    zval =  6.0   lmax= 2   lloc= 0
     Version   0  0  0 of US pseudo code
     Using log mesh of  1269 points
     The pseudopotential has  4 beta functions with: 
                l(1) =   0
                l(2) =   0
                l(3) =   1
                l(4) =   1
     Q(r) pseudized with  0 coefficients,  rinner =    0.000   0.000   0.000
                                                       0.000   0.000

     PSEUDO 2 is Fe (US)    zval =  8.0   lmax= 2   lloc= 0
     Version   0  0  0 of US pseudo code
     Using log mesh of   957 points
     The pseudopotential has  6 beta functions with: 
                l(1) =   0
                l(2) =   0
                l(3) =   1
                l(4) =   1
                l(5) =   2
                l(6) =   2
     Q(r) pseudized with  0 coefficients,  rinner =    0.000   0.000   0.000
                                                       0.000   0.000

     PSEUDO 3 is Fe (US)    zval =  8.0   lmax= 2   lloc= 0
     Version   0  0  0 of US pseudo code
     Using log mesh of   957 points
     The pseudopotential has  6 beta functions with: 
                l(1) =   0
                l(2) =   0
                l(3) =   1
                l(4) =   1
                l(5) =   2
                l(6) =   2
     Q(r) pseudized with  0 coefficients,  rinner =    0.000   0.000   0.000
                                                       0.000   0.000

     atomic species   valence    mass     pseudopotential
        O1             6.00     1.00000     O ( 1.00)
        Fe1            8.00     1.00000     Fe( 1.00)
        Fe2            8.00     1.00000     Fe( 1.00)

     Starting magnetic structure 
     atomic species   magnetization
        O1           0.000
        Fe1          0.500
        Fe2         -0.500

     12 Sym.Ops. (with inversion)


   Cartesian axes

     site n.     atom                  positions (a_0 units)
         1           O1  tau(  1) = (   0.5000000   0.5000000   0.5000000  )
         2           O1  tau(  2) = (   1.5000000   1.5000000   1.5000000  )
         3           Fe1 tau(  3) = (   0.0000000   0.0000000   0.0000000  )
         4           Fe2 tau(  4) = (   1.0000000   1.0000000   1.0000000  )

     number of k points=    8  gaussian broad. (ryd)=  0.0100     ngauss =   0
                       cart. coord. in units 2pi/a_0
        k(    1) = (   0.0000000   0.0000000   0.0000000), wk =   0.1250000
        k(    2) = (  -0.7500000   0.2500000   0.2500000), wk =   0.3750000
        k(    3) = (  -0.5000000  -0.5000000   0.5000000), wk =   0.3750000
        k(    4) = (  -0.2500000  -0.2500000  -0.2500000), wk =   0.1250000
        k(    5) = (   0.0000000   0.0000000   0.0000000), wk =   0.1250000
        k(    6) = (  -0.7500000   0.2500000   0.2500000), wk =   0.3750000
        k(    7) = (  -0.5000000  -0.5000000   0.5000000), wk =   0.3750000
        k(    8) = (  -0.2500000  -0.2500000  -0.2500000), wk =   0.1250000

     G cutoff =  407.7738  (  17255 G-vectors)     FFT grid: ( 50, 50, 50)
     G cutoff =  203.8869  (   6111 G-vectors)  smooth grid: ( 36, 36, 36)

     nbndx  =    80  nbnd   =    20  natomwfc =    20  npwx   =     780
     nelec  =  28.00  nkb   =    52  ngl    =     342

     Check: negative/imaginary core charge=   -0.000003    0.000000

     Initial potential from superposition of free atoms

     starting charge   27.99905, renormalised to   28.00000

     Parameters of the lda+U calculation:
     Number of iteration with fixed ns =  0
     Starting ns and Hubbard U :
 enter write_ns
U( 1) =  0.0000      U( 2) =  4.3000      U( 3) =  4.3000
alpha( 1) =  0.0000      alpha( 2) =  0.0000      alpha( 3) =  0.0000
atom  3   Tr[ns(na)]=   6.0000000
atom  3  spin  1
eigenvalues:  1.0000000 1.0000000 1.0000000 1.0000000 1.0000000
 eigenvectors
 1   1.0000000  0.0000000  0.0000000  0.0000000  0.0000000
 2   0.0000000  1.0000000  0.0000000  0.0000000  0.0000000
 3   0.0000000  0.0000000  1.0000000  0.0000000  0.0000000
 4   0.0000000  0.0000000  0.0000000  1.0000000  0.0000000
 5   0.0000000  0.0000000  0.0000000  0.0000000  1.0000000
 occupations
 1.000  0.000  0.000  0.000  0.000
 0.000  1.000  0.000  0.000  0.000
 0.000  0.000  1.000  0.000  0.000
 0.000  0.000  0.000  1.000  0.000
 0.000  0.000  0.000  0.000  1.000
atom  3  spin  2
eigenvalues:  0.2000000 0.2000000 0.2000000 0.2000000 0.2000000
 eigenvectors
 1   1.0000000  0.0000000  0.0000000  0.0000000  0.0000000
 2   0.0000000  1.0000000  0.0000000  0.0000000  0.0000000
 3   0.0000000  0.0000000  1.0000000  0.0000000  0.0000000
 4   0.0000000  0.0000000  0.0000000  1.0000000  0.0000000
 5   0.0000000  0.0000000  0.0000000  0.0000000  1.0000000
 occupations
 0.200  0.000  0.000  0.000  0.000
 0.000  0.200  0.000  0.000  0.000
 0.000  0.000  0.200  0.000  0.000
 0.000  0.000  0.000  0.200  0.000
 0.000  0.000  0.000  0.000  0.200
atom  4   Tr[ns(na)]=   6.0000000
atom  4  spin  1
eigenvalues:  0.2000000 0.2000000 0.2000000 0.2000000 0.2000000
 eigenvectors
 1   1.0000000  0.0000000  0.0000000  0.0000000  0.0000000
 2   0.0000000  1.0000000  0.0000000  0.0000000  0.0000000
 3   0.0000000  0.0000000  1.0000000  0.0000000  0.0000000
 4   0.0000000  0.0000000  0.0000000  1.0000000  0.0000000
 5   0.0000000  0.0000000  0.0000000  0.0000000  1.0000000
 occupations
 0.200  0.000  0.000  0.000  0.000
 0.000  0.200  0.000  0.000  0.000
 0.000  0.000  0.200  0.000  0.000
 0.000  0.000  0.000  0.200  0.000
 0.000  0.000  0.000  0.000  0.200
atom  4  spin  2
eigenvalues:  1.0000000 1.0000000 1.0000000 1.0000000 1.0000000
 eigenvectors
 1   1.0000000  0.0000000  0.0000000  0.0000000  0.0000000
 2   0.0000000  1.0000000  0.0000000  0.0000000  0.0000000
 3   0.0000000  0.0000000  1.0000000  0.0000000  0.0000000
 4   0.0000000  0.0000000  0.0000000  1.0000000  0.0000000
 5   0.0000000  0.0000000  0.0000000  0.0000000  1.0000000
 occupations
 1.000  0.000  0.000  0.000  0.000
 0.000  1.000  0.000  0.000  0.000
 0.000  0.000  1.000  0.000  0.000
 0.000  0.000  0.000  1.000  0.000
 0.000  0.000  0.000  0.000  1.000
nsum =  12.0000000
 exit write_ns
 LDA+U Projector read from file 
     Starting wfc are atomic

     total cpu time spent up to now is      7.30 secs

     Self-consistent Calculation

     iteration #  1     ecut=    30.00 ryd     beta=0.30
     Davidson diagonalization with overlap
     ethr =  1.00E-02,  avg # of iterations =  3.1
 enter write_ns
U( 1) =  0.0000      U( 2) =  4.3000      U( 3) =  4.3000
alpha( 1) =  0.0000      alpha( 2) =  0.0000      alpha( 3) =  0.0000
atom  3   Tr[ns(na)]=   5.7760880
atom  3  spin  1
eigenvalues:  0.9907404 0.9907404 0.9912458 0.9955846 0.9955846
 eigenvectors
 1   0.2210694 -0.2217290 -0.5503584 -0.0543260 -0.7720874
 2   0.0543260 -0.7635144  0.5737802  0.2210694 -0.1897342
 3   0.0000000  0.5773503  0.5773503  0.0000000 -0.5773503
 4  -0.6062803 -0.1838271  0.0680975 -0.7619720 -0.1157296
 5  -0.7619720  0.0275004 -0.1729491  0.6062803 -0.1454487
 occupations
 0.995  0.000  0.000  0.000  0.001
 0.000  0.991  0.000  0.001  0.000
 0.000  0.000  0.991 -0.001  0.000
 0.000  0.001 -0.001  0.995  0.000
 0.001  0.000  0.000  0.000  0.991
atom  3  spin  2
eigenvalues:  0.0511291 0.0511291 0.2194890 0.2452225 0.2452225
 eigenvectors
 1   0.3010132  0.0430866 -0.0297849  0.9520875  0.0133017
 2   0.9520875  0.0095166  0.0325558 -0.3010132  0.0420724
 3   0.0000000 -0.5773503 -0.5773503  0.0000000  0.5773503
 4   0.0534373 -0.2977662 -0.5084153 -0.0080614 -0.8061815
 5   0.0080614 -0.7589828  0.6373645  0.0534373 -0.1216183
 occupations
 0.052 -0.004 -0.004  0.000 -0.009
-0.004  0.236 -0.008 -0.007  0.008
-0.004 -0.008  0.236  0.007  0.008
 0.000 -0.007  0.007  0.052  0.000
-0.009  0.008  0.008  0.000  0.236
atom  4   Tr[ns(na)]=   6.0819623
atom  4  spin  1
eigenvalues:  0.1596417 0.1596417 0.2422504 0.2568335 0.2568335
 eigenvectors
 1  -0.2918149 -0.0899721  0.0628610 -0.9497697 -0.0271110
 2  -0.9497697 -0.0206403 -0.0675980  0.2918149 -0.0882382
 3   0.0000000  0.5773503  0.5773503  0.0000000 -0.5773503
 4   0.1106595 -0.2531659 -0.5409045 -0.0231509 -0.7940704
 5  -0.0231509  0.7707481 -0.6046222 -0.1106595  0.1661259
 occupations
 0.161 -0.004 -0.004  0.000 -0.009
-0.004  0.251 -0.004 -0.008  0.004
-0.004 -0.004  0.251  0.008  0.004
 0.000 -0.008  0.008  0.161  0.000
-0.009  0.004  0.004  0.000  0.251
atom  4  spin  2
eigenvalues:  0.9977251 0.9977251 1.0036930 1.0038092 1.0038092
 eigenvectors
 1   0.4423585  0.2131158 -0.5612264 -0.5681062 -0.3481105
 2   0.5681062 -0.5250059  0.0779392  0.4423585 -0.4470667
 3   0.0000000 -0.5773503 -0.5773503  0.0000000  0.5773503
 4  -0.6810311 -0.3862744 -0.1906686 -0.1333076 -0.5769430
 5   0.1333076 -0.4431808  0.5561138 -0.6810311  0.1129330
 occupations
 1.001  0.001  0.001  0.000  0.002
 0.001  1.002  0.001  0.002 -0.001
 0.001  0.001  1.002 -0.002 -0.001
 0.000  0.002 -0.002  1.001  0.000
 0.002 -0.001 -0.001  0.000  1.002
nsum =  11.8580504
 exit write_ns
 Modify starting ns matrices according to input values 
 enter write_ns
U( 1) =  0.0000      U( 2) =  4.3000      U( 3) =  4.3000
alpha( 1) =  0.0000      alpha( 2) =  0.0000      alpha( 3) =  0.0000
atom  3   Tr[ns(na)]=   6.5308655
atom  3  spin  1
eigenvalues:  0.9907404 0.9907404 0.9912458 0.9955846 0.9955846
 eigenvectors
 1   0.2216177 -0.2295880 -0.5444143 -0.0520442 -0.7740022
 2   0.0520442 -0.7611881  0.5794231  0.2216177 -0.1817651
 3   0.0000000  0.5773503  0.5773503  0.0000000 -0.5773503
 4  -0.5804554 -0.1846440  0.0738440 -0.7818238 -0.1108000
 5  -0.7818238  0.0213366 -0.1705747  0.5804554 -0.1492381
 occupations
 0.995  0.000  0.000  0.000  0.001
 0.000  0.991  0.000  0.001  0.000
 0.000  0.000  0.991 -0.001  0.000
 0.000  0.001 -0.001  0.995  0.000
 0.001  0.000  0.000  0.000  0.991
atom  3  spin  2
eigenvalues:  0.0511291 0.0511291 0.2194890 0.2452225 1.0000000
 eigenvectors
 1   0.4274073  0.0439794 -0.0250924  0.9024425  0.0188870
 2  -0.9024425 -0.0035827 -0.0362959  0.4274073 -0.0398786
 3   0.0000000 -0.5773503 -0.5773503  0.0000000  0.5773503
 4  -0.0534373  0.2977662  0.5084153  0.0080614  0.8061815
 5  -0.0080614  0.7589828 -0.6373645 -0.0534373  0.1216183
 occupations
 0.052 -0.009  0.000  0.000 -0.009
-0.009  0.671 -0.374 -0.038  0.078
 0.000 -0.374  0.543  0.033 -0.050
 0.000 -0.038  0.033  0.054 -0.005
-0.009  0.078 -0.050 -0.005  0.247
atom  4   Tr[ns(na)]=   6.8251289
atom  4  spin  1
eigenvalues:  0.1596417 0.1596417 0.2422504 0.2568335 1.0000000
 eigenvectors
 1  -0.2098764 -0.0878876  0.0683891 -0.9711696 -0.0194985
 2  -0.9711696 -0.0282270 -0.0619994  0.2098764 -0.0902264
 3   0.0000000 -0.5773503 -0.5773503  0.0000000  0.5773503
 4  -0.1106595  0.2531659  0.5409045  0.0231509  0.7940704
 5  -0.0231509  0.7707481 -0.6046222 -0.1106595  0.1661259
 occupations
 0.161 -0.018  0.006  0.002 -0.012
-0.018  0.693 -0.351 -0.071  0.100
 0.006 -0.351  0.523  0.057 -0.070
 0.002 -0.071  0.057  0.170 -0.014
-0.012  0.100 -0.070 -0.014  0.272
atom  4  spin  2
eigenvalues:  0.9977251 0.9977251 1.0036930 1.0038092 1.0038092
 eigenvectors
 1   0.4597596  0.1967359 -0.5585401 -0.5541181 -0.3618042
 2   0.5541181 -0.5313610  0.0953022  0.4597596 -0.4360588
 3   0.0000000 -0.5773503 -0.5773503  0.0000000  0.5773503
 4  -0.6822918 -0.3819585 -0.1960525 -0.1266971 -0.5780110
 5   0.1266971 -0.4469058  0.5542387 -0.6822918  0.1073329
 occupations
 1.001  0.001  0.001  0.000  0.002
 0.001  1.002  0.001  0.002 -0.001
 0.001  0.001  1.002 -0.002 -0.001
 0.000  0.002 -0.002  1.001  0.000
 0.002 -0.001 -0.001  0.000  1.002
nsum =  13.3559944
 exit write_ns

     total cpu time spent up to now is     15.75 secs

     total energy              =  -173.96257799 ryd
     estimated scf accuracy    <     2.49032129 ryd

     total magnetization       =    -0.12 Bohr mag/cell
     absolute magnetization    =     8.49 Bohr mag/cell

     iteration #  2     ecut=    30.00 ryd     beta=0.30
     Davidson diagonalization with overlap
     ethr =  8.89E-03,  avg # of iterations =  2.2
 enter write_ns
U( 1) =  0.0000      U( 2) =  4.3000      U( 3) =  4.3000
alpha( 1) =  0.0000      alpha( 2) =  0.0000      alpha( 3) =  0.0000
atom  3   Tr[ns(na)]=   5.8619388
atom  3  spin  1
eigenvalues:  0.9890494 0.9890494 0.9968966 0.9982285 0.9982285
 eigenvectors
 1  -0.1164079 -0.0492671  0.0430092 -0.9910262 -0.0062579
 2  -0.9910262 -0.0212184 -0.0320573  0.1164079 -0.0532757
 3   0.0000000 -0.5773503 -0.5773503  0.0000000  0.5773503
 4  -0.0648581  0.2897127  0.5146069  0.0104702  0.8043196
 5  -0.0104702  0.7614826 -0.6316399 -0.0648581  0.1298427
 occupations
 0.989  0.000  0.000  0.000  0.000
 0.000  0.998  0.000  0.000  0.000
 0.000  0.000  0.998  0.000  0.000
 0.000  0.000  0.000  0.989  0.000
 0.000  0.000  0.000  0.000  0.998
atom  3  spin  2
eigenvalues:  0.0851607 0.0851607 0.0893854 0.3153898 0.3153898
 eigenvectors
 1   0.4037462  0.1273704 -0.0750264  0.9013307  0.0523440
 2   0.9013307  0.0130956  0.1037582 -0.4037462  0.1168538
 3   0.0000000 -0.5773503 -0.5773503  0.0000000  0.5773503
 4   0.1526920 -0.2334346 -0.5517401 -0.0357383 -0.7851746
 5   0.0357383 -0.7718680  0.5880943  0.1526920 -0.1837738
 occupations
 0.091 -0.015 -0.015  0.000 -0.029
-0.015  0.236 -0.073 -0.025  0.073
-0.015 -0.073  0.236  0.025  0.073
 0.000 -0.025  0.025  0.091  0.000
-0.029  0.073  0.073  0.000  0.236
atom  4   Tr[ns(na)]=   7.1940211
atom  4  spin  1
eigenvalues:  0.2959079 0.3210357 0.3210357 0.6305290 0.6305290
 eigenvectors
 1   0.0000000  0.5773503  0.5773503  0.0000000 -0.5773503
 2  -0.3612587 -0.1024656  0.0647186 -0.9237855 -0.0377470
 3   0.9237855  0.0155721  0.0809518 -0.3612587  0.0965239
 4   0.1247794 -0.2693537 -0.5267838 -0.0232945 -0.7961375
 5   0.0232945 -0.7637889  0.6151616  0.1247794 -0.1486273
 occupations
 0.326 -0.016 -0.016  0.000 -0.032
-0.016  0.516 -0.110 -0.028  0.110
-0.016 -0.110  0.516  0.028  0.110
 0.000 -0.028  0.028  0.326  0.000
-0.032  0.110  0.110  0.000  0.516
atom  4  spin  2
eigenvalues:  0.9953395 0.9953395 1.0010584 1.0010584 1.0021880
 eigenvectors
 1  -0.2712671 -0.2101432  0.3004715  0.8853314  0.0903283
 2  -0.8853314  0.2256284  0.0691752 -0.2712671  0.2948035
 3  -0.3772315 -0.4075995 -0.3476490 -0.0172882 -0.7552485
 4   0.0172882 -0.6367582  0.6713706 -0.3772315  0.0346125
 5   0.0000000 -0.5773503 -0.5773503  0.0000000  0.5773503
 occupations
 0.996  0.001  0.001  0.000  0.002
 0.001  1.001  0.001  0.001 -0.001
 0.001  0.001  1.001 -0.001 -0.001
 0.000  0.001 -0.001  0.996  0.000
 0.002 -0.001 -0.001  0.000  1.001
nsum =  13.0559600
 exit write_ns

     total cpu time spent up to now is     24.17 secs

     total energy              =  -174.47362478 ryd
     estimated scf accuracy    <     0.31092455 ryd

     total magnetization       =     0.68 Bohr mag/cell
     absolute magnetization    =     7.17 Bohr mag/cell

     iteration #  3     ecut=    30.00 ryd     beta=0.30
     Davidson diagonalization with overlap
     ethr =  1.11E-03,  avg # of iterations =  1.9
 enter write_ns
U( 1) =  0.0000      U( 2) =  4.3000      U( 3) =  4.3000
alpha( 1) =  0.0000      alpha( 2) =  0.0000      alpha( 3) =  0.0000
atom  3   Tr[ns(na)]=   7.0091005
atom  3  spin  1
eigenvalues:  0.9968925 0.9968925 0.9971710 0.9985015 0.9985015
 eigenvectors
 1  -0.8240343 -0.2944159 -0.0510393 -0.3351752 -0.3454552
 2   0.3351752 -0.2289162  0.3694298 -0.8240343  0.1405136
 3   0.0000000  0.5773503  0.5773503  0.0000000 -0.5773503
 4   0.4059188 -0.0343491 -0.6111586 -0.2094158 -0.6455077
 5  -0.2094158  0.7255366 -0.3925155 -0.4059188  0.3330211
 occupations
 0.997  0.000  0.000  0.000 -0.001
 0.000  0.998  0.000  0.000  0.000
 0.000  0.000  0.998  0.000  0.000
 0.000  0.000  0.000  0.997  0.000
-0.001  0.000  0.000  0.000  0.998
atom  3  spin  2
eigenvalues:  0.1151021 0.1151021 0.2723513 0.7592930 0.7592930
 eigenvectors
 1   0.0970556  0.0643003 -0.0574212  0.9915146  0.0068790
 2   0.9915146  0.0291805  0.0410954 -0.0970556  0.0702759
 3   0.0000000 -0.5773503 -0.5773503  0.0000000  0.5773503
 4   0.0852271 -0.2812716 -0.5203674 -0.0146761 -0.8016390
 5   0.0146761 -0.7632607  0.6252187  0.0852271 -0.1380420
 occupations
 0.120 -0.023 -0.023  0.000 -0.045
-0.023  0.594 -0.161 -0.039  0.161
-0.023 -0.161  0.594  0.039  0.161
 0.000 -0.039  0.039  0.120  0.000
-0.045  0.161  0.161  0.000  0.594
atom  4   Tr[ns(na)]=   5.9350651
atom  4  spin  1
eigenvalues:  0.1182133 0.1709106 0.1709106 0.2380715 0.2380715
 eigenvectors
 1   0.0000000 -0.5773503 -0.5773503  0.0000000  0.5773503
 2   0.0839046  0.3353674  0.4742602 -0.0083104  0.8096276
 3  -0.0083104 -0.7412530  0.6610632 -0.0839046 -0.0801898
 4   0.0000000  0.0596198 -0.0596198 -0.9964391  0.0000000
 5   0.9964391 -0.0344215 -0.0344215  0.0000000 -0.0688430
 occupations
 0.238 -0.002 -0.002  0.000 -0.005
-0.002  0.154 -0.018 -0.004  0.018
-0.002 -0.018  0.154  0.004  0.018
 0.000 -0.004  0.004  0.238  0.000
-0.005  0.018  0.018  0.000  0.154
atom  4  spin  2
eigenvalues:  0.9948168 0.9948168 1.0027984 1.0027984 1.0036571
 eigenvectors
 1   0.2170132  0.1813120 -0.2379504 -0.9274713 -0.0566384
 2   0.9274713 -0.1700809 -0.0719803  0.2170132 -0.2420613
 3   0.3044559  0.3954698  0.3822233  0.0029940  0.7776931
 4  -0.0029940  0.6696781 -0.6773260  0.3044559 -0.0076479
 5   0.0000000 -0.5773503 -0.5773503  0.0000000  0.5773503
 occupations
 0.996  0.001  0.001  0.000  0.002
 0.001  1.003  0.001  0.002 -0.001
 0.001  0.001  1.003 -0.002 -0.001
 0.000  0.002 -0.002  0.996  0.000
 0.002 -0.001 -0.001  0.000  1.003
nsum =  12.9441655
 exit write_ns

     total cpu time spent up to now is     32.28 secs

     total energy              =  -174.49867210 ryd
     estimated scf accuracy    <     1.29357065 ryd

     total magnetization       =    -1.61 Bohr mag/cell
     absolute magnetization    =     7.35 Bohr mag/cell

     iteration #  4     ecut=    30.00 ryd     beta=0.30
     Davidson diagonalization with overlap
     ethr =  1.11E-03,  avg # of iterations =  1.0
 enter write_ns
U( 1) =  0.0000      U( 2) =  4.3000      U( 3) =  4.3000
alpha( 1) =  0.0000      alpha( 2) =  0.0000      alpha( 3) =  0.0000
atom  3   Tr[ns(na)]=   5.9830109
atom  3  spin  1
eigenvalues:  0.9940893 0.9940893 0.9979145 0.9988020 0.9988020
 eigenvectors
 1  -0.2791596 -0.0813478  0.0578497 -0.9547532 -0.0234981
 2  -0.9547532 -0.0198329 -0.0605328  0.2791596 -0.0803657
 3   0.0000000 -0.5773503 -0.5773503  0.0000000  0.5773503
 4  -0.1009166  0.2746484  0.5246184  0.0182221  0.7992669
 5  -0.0182221  0.7643455 -0.6200253 -0.1009166  0.1443202
 occupations
 0.994  0.000  0.000  0.000  0.000
 0.000  0.998  0.000  0.000  0.000
 0.000  0.000  0.998  0.000  0.000
 0.000  0.000  0.000  0.994  0.000
 0.000  0.000  0.000  0.000  0.998
atom  3  spin  2
eigenvalues:  0.0691572 0.0691572 0.1133522 0.3738236 0.3738236
 eigenvectors
 1  -0.3640957 -0.1172639  0.0736426 -0.9199769 -0.0436213
 2   0.9199769  0.0173328  0.0928871 -0.3640957  0.1102199
 3   0.0000000  0.5773503  0.5773503  0.0000000 -0.5773503
 4  -0.1424328  0.2608560  0.5317103  0.0281028  0.7925663
 5   0.0281028 -0.7645715  0.6081937  0.1424328 -0.1563778
 occupations
 0.076 -0.018 -0.018  0.000 -0.036
-0.018  0.283 -0.085 -0.031  0.085
-0.018 -0.085  0.283  0.031  0.085
 0.000 -0.031  0.031  0.076  0.000
-0.036  0.085  0.085  0.000  0.283
atom  4   Tr[ns(na)]=   6.8979881
atom  4  spin  1
eigenvalues:  0.2380832 0.2646979 0.2646979 0.5654373 0.5654373
 eigenvectors
 1   0.0000000  0.5773503  0.5773503  0.0000000 -0.5773503
 2  -0.5917135 -0.1641444  0.0641778 -0.7802689 -0.0999666
 3  -0.7802689  0.0206626 -0.1524846  0.5917135 -0.1318219
 4   0.1974863 -0.2347428 -0.5445532 -0.0453284 -0.7792959
 5   0.0453284 -0.7643246  0.5854555  0.1974863 -0.1788691
 occupations
 0.277 -0.024 -0.024  0.000 -0.049
-0.024  0.448 -0.105 -0.042  0.105
-0.024 -0.105  0.448  0.042  0.105
 0.000 -0.042  0.042  0.277  0.000
-0.049  0.105  0.105  0.000  0.448
atom  4  spin  2
eigenvalues:  0.9964175 0.9964175 1.0019194 1.0019194 1.0029605
 eigenvectors
 1  -0.2976218 -0.2197919  0.3292662  0.8618073  0.1094743
 2  -0.8618073  0.2533070  0.0636919 -0.2976218  0.3169989
 3  -0.4103258 -0.4008766 -0.3428100 -0.0184971 -0.7436867
 4   0.0184971 -0.6272892  0.6608139 -0.4103258  0.0335247
 5   0.0000000 -0.5773503 -0.5773503  0.0000000  0.5773503
 occupations
 0.997  0.001  0.001  0.000  0.002
 0.001  1.002  0.001  0.001 -0.001
 0.001  0.001  1.002 -0.001 -0.001
 0.000  0.001 -0.001  0.997  0.000
 0.002 -0.001 -0.001  0.000  1.002
nsum =  12.8809990
 exit write_ns

     total cpu time spent up to now is     40.13 secs

     total energy              =  -174.51692718 ryd
     estimated scf accuracy    <     0.05584428 ryd

     total magnetization       =     0.30 Bohr mag/cell
     absolute magnetization    =     7.41 Bohr mag/cell

     iteration #  5     ecut=    30.00 ryd     beta=0.30
     Davidson diagonalization with overlap
     ethr =  1.99E-04,  avg # of iterations =  1.5
 enter write_ns
U( 1) =  0.0000      U( 2) =  4.3000      U( 3) =  4.3000
alpha( 1) =  0.0000      alpha( 2) =  0.0000      alpha( 3) =  0.0000
atom  3   Tr[ns(na)]=   5.9091734
atom  3  spin  1
eigenvalues:  0.9937301 0.9937301 0.9978957 0.9989448 0.9989448
 eigenvectors
 1  -0.2734716 -0.0740210  0.0530617 -0.9573293 -0.0209593
 2  -0.9573293 -0.0185343 -0.0548369  0.2734716 -0.0733712
 3   0.0000000 -0.5773503 -0.5773503  0.0000000  0.5773503
 4  -0.0919753  0.2752155  0.5248312  0.0165679  0.8000467
 5  -0.0165679  0.7649186 -0.6208029 -0.0919753  0.1441157
 occupations
 0.994  0.000  0.000  0.000  0.000
 0.000  0.999  0.000  0.000  0.000
 0.000  0.000  0.999  0.000  0.000
 0.000  0.000  0.000  0.994  0.000
 0.000  0.000  0.000  0.000  0.999
atom  3  spin  2
eigenvalues:  0.0661133 0.0661133 0.0931697 0.3502659 0.3502659
 eigenvectors
 1  -0.7026558 -0.1316597  0.0343054 -0.6915821 -0.0973543
 2   0.6915821 -0.0364013  0.1322213 -0.7026558  0.0958200
 3   0.0000000  0.5773503  0.5773503  0.0000000 -0.5773503
 4  -0.1636442  0.2487763  0.5386264  0.0347790  0.7874027
 5   0.0347790 -0.7655832  0.5982382  0.1636442 -0.1673450
 occupations
 0.074 -0.019 -0.019  0.000 -0.038
-0.019  0.259 -0.083 -0.033  0.083
-0.019 -0.083  0.259  0.033  0.083
 0.000 -0.033  0.033  0.074  0.000
-0.038  0.083  0.083  0.000  0.259
atom  4   Tr[ns(na)]=   7.0400973
atom  4  spin  1
eigenvalues:  0.1986923 0.2664354 0.2664354 0.6549607 0.6549607
 eigenvectors
 1   0.0000000  0.5773503  0.5773503  0.0000000 -0.5773503
 2   0.5020703  0.1993412 -0.0961115  0.8296353  0.1032297
 3  -0.8296353  0.0041097 -0.1746894  0.5020703 -0.1705797
 4  -0.2348382  0.1927366  0.5687062  0.0669458  0.7614428
 5  -0.0669458  0.7679619 -0.5508958 -0.2348382  0.2170661
 occupations
 0.290 -0.038 -0.038  0.000 -0.075
-0.038  0.487 -0.144 -0.065  0.144
-0.038 -0.144  0.487  0.065  0.144
 0.000 -0.065  0.065  0.290  0.000
-0.075  0.144  0.144  0.000  0.487
atom  4  spin  2
eigenvalues:  0.9963872 0.9963872 1.0015294 1.0015294 1.0027793
 eigenvectors
 1  -0.2971775 -0.2220213  0.3327038  0.8599126  0.1106825
 2   0.8599126 -0.2559892 -0.0642815  0.2971775 -0.3202707
 3  -0.4141860 -0.4112887 -0.3300919 -0.0261898 -0.7413805
 4  -0.0261898  0.6186149 -0.6654939  0.4141860 -0.0468790
 5   0.0000000 -0.5773503 -0.5773503  0.0000000  0.5773503
 occupations
 0.997  0.001  0.001  0.000  0.002
 0.001  1.001  0.001  0.001 -0.001
 0.001  0.001  1.001 -0.001 -0.001
 0.000  0.001 -0.001  0.997  0.000
 0.002 -0.001 -0.001  0.000  1.001
nsum =  12.9492706
 exit write_ns

     total cpu time spent up to now is     48.09 secs

     total energy              =  -174.52346038 ryd
     estimated scf accuracy    <     0.06665534 ryd

     total magnetization       =     0.50 Bohr mag/cell
     absolute magnetization    =     7.35 Bohr mag/cell

     iteration #  6     ecut=    30.00 ryd     beta=0.30
     Davidson diagonalization with overlap
     ethr =  1.99E-04,  avg # of iterations =  1.0
 enter write_ns
U( 1) =  0.0000      U( 2) =  4.3000      U( 3) =  4.3000
alpha( 1) =  0.0000      alpha( 2) =  0.0000      alpha( 3) =  0.0000
atom  3   Tr[ns(na)]=   5.9125383
atom  3  spin  1
eigenvalues:  0.9949260 0.9949260 0.9979670 0.9989985 0.9989985
 eigenvectors
 1  -0.2764130 -0.0838578  0.0598485 -0.9551992 -0.0240093
 2  -0.9551992 -0.0206918 -0.0622771  0.2764130 -0.0829688
 3   0.0000000 -0.5773503 -0.5773503  0.0000000  0.5773503
 4  -0.1039736  0.2694523  0.5285621  0.0194911  0.7980145
 5  -0.0194911  0.7658994 -0.6163023 -0.1039736  0.1495971
 occupations
 0.995  0.000  0.000  0.000  0.000
 0.000  0.999  0.000  0.000  0.000
 0.000  0.000  0.999  0.000  0.000
 0.000  0.000  0.000  0.995  0.000
 0.000  0.000  0.000  0.000  0.999
atom  3  spin  2
eigenvalues:  0.0656741 0.0656741 0.0838348 0.3557696 0.3557696
 eigenvectors
 1   0.4422962  0.1404354 -0.0772724  0.8801655  0.0631629
 2   0.8801655  0.0081461  0.1175475 -0.4422962  0.1256937
 3   0.0000000  0.5773503  0.5773503  0.0000000 -0.5773503
 4  -0.1685964  0.2501398  0.5369204  0.0354674  0.7870603
 5   0.0354674 -0.7644006  0.5988278  0.1685964 -0.1655728
 occupations
 0.074 -0.020 -0.020  0.000 -0.040
-0.020  0.259 -0.088 -0.035  0.088
-0.020 -0.088  0.259  0.035  0.088
 0.000 -0.035  0.035  0.074  0.000
-0.040  0.088  0.088  0.000  0.259
atom  4   Tr[ns(na)]=   7.0110581
atom  4  spin  1
eigenvalues:  0.1673637 0.2545091 0.2545091 0.6679144 0.6679144
 eigenvectors
 1   0.0000000  0.5773503  0.5773503  0.0000000 -0.5773503
 2   0.6639421  0.2076641 -0.0607796  0.7005622  0.1468845
 3   0.7005622 -0.0497127  0.2046987 -0.6639421  0.1549860
 4  -0.2521201  0.1985218  0.5612276  0.0694914  0.7597494
 5  -0.0694914  0.7626664 -0.5532581 -0.2521201  0.2094083
 occupations
 0.283 -0.043 -0.043  0.000 -0.085
-0.043  0.482 -0.157 -0.074  0.157
-0.043 -0.157  0.482  0.074  0.157
 0.000 -0.074  0.074  0.283  0.000
-0.085  0.157  0.157  0.000  0.482
atom  4  spin  2
eigenvalues:  0.9964644 0.9964644 1.0014413 1.0014413 1.0030362
 eigenvectors
 1  -0.3277077 -0.2189296  0.3458347  0.8420041  0.1269051
 2   0.8420041 -0.2729364 -0.0531304  0.3277077 -0.3260668
 3  -0.4280272 -0.3993254 -0.3375394 -0.0207211 -0.7368648
 4  -0.0207211  0.6203076 -0.6559797  0.4280272 -0.0356721
 5   0.0000000 -0.5773503 -0.5773503  0.0000000  0.5773503
 occupations
 0.997  0.001  0.001  0.000  0.002
 0.001  1.001  0.001  0.001 -0.001
 0.001  0.001  1.001 -0.001 -0.001
 0.000  0.001 -0.001  0.997  0.000
 0.002 -0.001 -0.001  0.000  1.001
nsum =  12.9235965
 exit write_ns

     total cpu time spent up to now is     55.98 secs

     total energy              =  -174.52255624 ryd
     estimated scf accuracy    <     0.03896226 ryd

     total magnetization       =     0.49 Bohr mag/cell
     absolute magnetization    =     7.38 Bohr mag/cell

     iteration #  7     ecut=    30.00 ryd     beta=0.30
     Davidson diagonalization with overlap
     ethr =  1.39E-04,  avg # of iterations =  1.1
 enter write_ns
U( 1) =  0.0000      U( 2) =  4.3000      U( 3) =  4.3000
alpha( 1) =  0.0000      alpha( 2) =  0.0000      alpha( 3) =  0.0000
atom  3   Tr[ns(na)]=   6.1349578
atom  3  spin  1
eigenvalues:  0.9959749 0.9959749 0.9978967 0.9986483 0.9986483
 eigenvectors
 1  -0.3606044 -0.1009719  0.0638468 -0.9242913 -0.0371251
 2  -0.9242913 -0.0154277 -0.0797304  0.3606044 -0.0951581
 3   0.0000000 -0.5773503 -0.5773503  0.0000000  0.5773503
 4  -0.1226536  0.2590573  0.5351833  0.0246192  0.7942406
 5  -0.0246192  0.7675432 -0.6081219 -0.1226536  0.1594214
 occupations
 0.996  0.000  0.000  0.000  0.000
 0.000  0.998  0.000  0.000  0.000
 0.000  0.000  0.998  0.000  0.000
 0.000  0.000  0.000  0.996  0.000
 0.000  0.000  0.000  0.000  0.998
atom  3  spin  2
eigenvalues:  0.0716010 0.0716010 0.0841022 0.4602551 0.4602551
 eigenvectors
 1  -0.4069446 -0.1492080  0.0871482 -0.8948111 -0.0620598
 2   0.8948111  0.0144848  0.1219755 -0.4069446  0.1364603
 3   0.0000000  0.5773503  0.5773503  0.0000000 -0.5773503
 4  -0.1786948  0.2309752  0.5501950  0.0421595  0.7811701
 5   0.0421595 -0.7686640  0.5843623  0.1786948 -0.1843016
 occupations
 0.085 -0.029 -0.029  0.000 -0.057
-0.029  0.326 -0.121 -0.050  0.121
-0.029 -0.121  0.326  0.050  0.121
 0.000 -0.050  0.050  0.085  0.000
-0.057  0.121  0.121  0.000  0.326
atom  4   Tr[ns(na)]=   6.7848713
atom  4  spin  1
eigenvalues:  0.1447638 0.2414849 0.2414849 0.5788801 0.5788801
 eigenvectors
 1   0.0000000  0.5773503  0.5773503  0.0000000 -0.5773503
 2   0.7496518  0.2189990 -0.0346879  0.5957245  0.1843111
 3   0.5957245 -0.0863850  0.2328512 -0.7496518  0.1464662
 4  -0.2765814  0.1836715  0.5662914  0.0814686  0.7499629
 5  -0.0814686  0.7599398 -0.5390341 -0.2765814  0.2209057
 occupations
 0.270 -0.038 -0.038  0.000 -0.076
-0.038  0.415 -0.135 -0.066  0.135
-0.038 -0.135  0.415  0.066  0.135
 0.000 -0.066  0.066  0.270  0.000
-0.076  0.135  0.135  0.000  0.415
atom  4  spin  2
eigenvalues:  0.9963947 0.9963947 1.0016172 1.0016172 1.0033538
 eigenvectors
 1  -0.2666030 -0.2193689  0.3123652  0.8801022  0.0929963
 2   0.8801022 -0.2340356 -0.0729612  0.2666030 -0.3069968
 3  -0.3923013 -0.4097122 -0.3400571 -0.0210419 -0.7497693
 4  -0.0210419  0.6292116 -0.6694270  0.3923013 -0.0402154
 5   0.0000000 -0.5773503 -0.5773503  0.0000000  0.5773503
 occupations
 0.997  0.001  0.001  0.000  0.002
 0.001  1.002  0.001  0.001 -0.001
 0.001  0.001  1.002 -0.001 -0.001
 0.000  0.001 -0.001  0.997  0.000
 0.002 -0.001 -0.001  0.000  1.002
nsum =  12.9198291
 exit write_ns

     total cpu time spent up to now is     63.87 secs

     total energy              =  -174.52425702 ryd
     estimated scf accuracy    <     0.01328126 ryd

     total magnetization       =     0.08 Bohr mag/cell
     absolute magnetization    =     7.39 Bohr mag/cell

     iteration #  8     ecut=    30.00 ryd     beta=0.30
     Davidson diagonalization with overlap
     ethr =  4.74E-05,  avg # of iterations =  1.0
 enter write_ns
U( 1) =  0.0000      U( 2) =  4.3000      U( 3) =  4.3000
alpha( 1) =  0.0000      alpha( 2) =  0.0000      alpha( 3) =  0.0000
atom  3   Tr[ns(na)]=   6.0731909
atom  3  spin  1
eigenvalues:  0.9958339 0.9958339 0.9979050 0.9987394 0.9987394
 eigenvectors
 1  -0.1904530 -0.0877547  0.0699689 -0.9750973 -0.0177859
 2  -0.9750973 -0.0301278 -0.0609339  0.1904530 -0.0910618
 3   0.0000000 -0.5773503 -0.5773503  0.0000000  0.5773503
 4  -0.1117779  0.2724908  0.5254608  0.0204592  0.7979516
 5  -0.0204592  0.7640725 -0.6180202 -0.1117779  0.1460523
 occupations
 0.996  0.000  0.000  0.000  0.000
 0.000  0.998  0.000  0.000  0.000
 0.000  0.000  0.998  0.000  0.000
 0.000  0.000  0.000  0.996  0.000
 0.000  0.000  0.000  0.000  0.998
atom  3  spin  2
eigenvalues:  0.0709947 0.0709947 0.0793647 0.4323926 0.4323926
 eigenvectors
 1   0.8347318  0.1345707 -0.0048461  0.5179398  0.1297246
 2  -0.5179398  0.0720986 -0.1525909  0.8347318 -0.0804923
 3   0.0000000 -0.5773503 -0.5773503  0.0000000  0.5773503
 4   0.1820605 -0.2322195 -0.5487774 -0.0426049 -0.7809969
 5   0.0426049 -0.7677456  0.5849808  0.1820605 -0.1827648
 occupations
 0.084 -0.027 -0.027  0.000 -0.054
-0.027  0.306 -0.113 -0.047  0.113
-0.027 -0.113  0.306  0.047  0.113
 0.000 -0.047  0.047  0.084  0.000
-0.054  0.113  0.113  0.000  0.306
atom  4   Tr[ns(na)]=   6.8467715
atom  4  spin  1
eigenvalues:  0.1438091 0.2424465 0.2424465 0.6096274 0.6096274
 eigenvectors
 1   0.0000000  0.5773503  0.5773503  0.0000000 -0.5773503
 2   0.6536139  0.2276505 -0.0682691  0.7006433  0.1593813
 3   0.7006433 -0.0526037  0.2234529 -0.6536139  0.1708493
 4  -0.2728628  0.1688590  0.5771376  0.0862191  0.7459966
 5  -0.0862191  0.7639119 -0.5281921 -0.2728628  0.2357198
 occupations
 0.273 -0.041 -0.041  0.000 -0.082
-0.041  0.434 -0.145 -0.071  0.145
-0.041 -0.145  0.434  0.071  0.145
 0.000 -0.071  0.071  0.273  0.000
-0.082  0.145  0.145  0.000  0.434
atom  4  spin  2
eigenvalues:  0.9963622 0.9963622 1.0014181 1.0014181 1.0032541
 eigenvectors
 1  -0.2739337 -0.2242063  0.3235756  0.8718466  0.0993694
 2   0.8718466 -0.2441874 -0.0720746  0.2739337 -0.3162620
 3  -0.4054029 -0.4078467 -0.3372086 -0.0221910 -0.7450553
 4  -0.0221910  0.6248454 -0.6656283  0.4054029 -0.0407829
 5   0.0000000 -0.5773503 -0.5773503  0.0000000  0.5773503
 occupations
 0.997  0.001  0.001  0.000  0.002
 0.001  1.001  0.001  0.001 -0.001
 0.001  0.001  1.001 -0.001 -0.001
 0.000  0.001 -0.001  0.997  0.000
 0.002 -0.001 -0.001  0.000  1.001
nsum =  12.9199624
 exit write_ns

     total cpu time spent up to now is     71.77 secs

     total energy              =  -174.52426677 ryd
     estimated scf accuracy    <     0.00213289 ryd

     total magnetization       =     0.20 Bohr mag/cell
     absolute magnetization    =     7.39 Bohr mag/cell

     iteration #  9     ecut=    30.00 ryd     beta=0.30
     Davidson diagonalization with overlap
     ethr =  7.62E-06,  avg # of iterations =  2.1
 enter write_ns
U( 1) =  0.0000      U( 2) =  4.3000      U( 3) =  4.3000
alpha( 1) =  0.0000      alpha( 2) =  0.0000      alpha( 3) =  0.0000
atom  3   Tr[ns(na)]=   6.0505736
atom  3  spin  1
eigenvalues:  0.9958759 0.9958759 0.9978819 0.9987424 0.9987424
 eigenvectors
 1  -0.2702775 -0.0687113  0.0494773 -0.9588592 -0.0192340
 2  -0.9588592 -0.0174610 -0.0507752  0.2702775 -0.0682362
 3   0.0000000 -0.5773503 -0.5773503  0.0000000  0.5773503
 4  -0.0856356  0.2847528  0.5174851  0.0143432  0.8022380
 5  -0.0143432  0.7619425 -0.6275744 -0.0856356  0.1343681
 occupations
 0.996  0.000  0.000  0.000  0.000
 0.000  0.998  0.000  0.000  0.000
 0.000  0.000  0.998  0.000  0.000
 0.000  0.000  0.000  0.996  0.000
 0.000  0.000  0.000  0.000  0.998
atom  3  spin  2
eigenvalues:  0.0679348 0.0725673 0.0725673 0.4251928 0.4251928
 eigenvectors
 1   0.0000000  0.5773503  0.5773503  0.0000000 -0.5773503
 2  -0.8355464 -0.1488421  0.0039377 -0.5086211 -0.1449044
 3  -0.5086211  0.0813871 -0.1695946  0.8355464 -0.0882074
 4  -0.2018053  0.2233905  0.5523749  0.0494102  0.7757654
 5  -0.0494102  0.7668021 -0.5768629 -0.2018053  0.1899392
 occupations
 0.088 -0.029 -0.029  0.000 -0.059
-0.029  0.296 -0.114 -0.051  0.114
-0.029 -0.114  0.296  0.051  0.114
 0.000 -0.051  0.051  0.088  0.000
-0.059  0.114  0.114  0.000  0.296
atom  4   Tr[ns(na)]=   6.8692643
atom  4  spin  1
eigenvalues:  0.1309263 0.2374579 0.2374579 0.6328489 0.6328489
 eigenvectors
 1   0.0000000  0.5773503  0.5773503  0.0000000 -0.5773503
 2  -0.7187917 -0.2308112  0.0470969 -0.6277703 -0.1837142
 3  -0.6277703  0.0788760 -0.2393264  0.7187917 -0.1604503
 4  -0.2869813  0.1868474  0.5617058  0.0829732  0.7485532
 5  -0.0829732  0.7564784 -0.5400538 -0.2869813  0.2164246
 occupations
 0.273 -0.046 -0.046  0.000 -0.092
-0.046  0.442 -0.156 -0.080  0.156
-0.046 -0.156  0.442  0.080  0.156
 0.000 -0.080  0.080  0.273  0.000
-0.092  0.156  0.156  0.000  0.442
atom  4  spin  2
eigenvalues:  0.9961551 0.9961551 1.0011144 1.0011144 1.0031851
 eigenvectors
 1  -0.3135785 -0.2212342  0.3410279  0.8497490  0.1197936
 2   0.8497490 -0.2660554 -0.0585668  0.3135785 -0.3246222
 3  -0.4234043 -0.3966416 -0.3422429 -0.0179973 -0.7388844
 4  -0.0179973  0.6241891 -0.6555962  0.4234043 -0.0314071
 5   0.0000000 -0.5773503 -0.5773503  0.0000000  0.5773503
 occupations
 0.997  0.001  0.001  0.000  0.002
 0.001  1.001  0.001  0.001 -0.001
 0.001  0.001  1.001 -0.001 -0.001
 0.000  0.001 -0.001  0.997  0.000
 0.002 -0.001 -0.001  0.000  1.001
nsum =  12.9198379
 exit write_ns

     total cpu time spent up to now is     79.99 secs

     total energy              =  -174.52427987 ryd
     estimated scf accuracy    <     0.00116642 ryd

     total magnetization       =     0.27 Bohr mag/cell
     absolute magnetization    =     7.38 Bohr mag/cell

     iteration # 10     ecut=    30.00 ryd     beta=0.30
     Davidson diagonalization with overlap
     ethr =  4.17E-06,  avg # of iterations =  1.0
 enter write_ns
U( 1) =  0.0000      U( 2) =  4.3000      U( 3) =  4.3000
alpha( 1) =  0.0000      alpha( 2) =  0.0000      alpha( 3) =  0.0000
atom  3   Tr[ns(na)]=   6.0231512
atom  3  spin  1
eigenvalues:  0.9958620 0.9958620 0.9979107 0.9988085 0.9988085
 eigenvectors
 1  -0.1797586 -0.0681248  0.0550740 -0.9797155 -0.0130507
 2  -0.9797155 -0.0242621 -0.0468667  0.1797586 -0.0711288
 3   0.0000000 -0.5773503 -0.5773503  0.0000000  0.5773503
 4  -0.0870278  0.2687512  0.5303856  0.0164502  0.7991367
 5  -0.0164502  0.7676000 -0.6165454 -0.0870278  0.1510547
 occupations
 0.996  0.000  0.000  0.000  0.000
 0.000  0.998  0.000  0.000  0.000
 0.000  0.000  0.998  0.000  0.000
 0.000  0.000  0.000  0.996  0.000
 0.000  0.000  0.000  0.000  0.998
atom  3  spin  2
eigenvalues:  0.0674592 0.0721632 0.0721632 0.4120570 0.4120570
 eigenvectors
 1   0.0000000  0.5773503  0.5773503  0.0000000 -0.5773503
 2  -0.6087206 -0.1692981  0.0627291 -0.7651833 -0.1065689
 3   0.7651833 -0.0253109  0.1592719 -0.6087206  0.1339609
 4  -0.2038351  0.2263746  0.5498278  0.0490405  0.7762024
 5  -0.0490405  0.7655839 -0.5788381 -0.2038351  0.1867458
 occupations
 0.087 -0.028 -0.028  0.000 -0.057
-0.028  0.287 -0.110 -0.049  0.110
-0.028 -0.110  0.287  0.049  0.110
 0.000 -0.049  0.049  0.087  0.000
-0.057  0.110  0.110  0.000  0.287
atom  4   Tr[ns(na)]=   6.8942461
atom  4  spin  1
eigenvalues:  0.1319816 0.2374664 0.2374664 0.6448592 0.6448592
 eigenvectors
 1   0.0000000  0.5773503  0.5773503  0.0000000 -0.5773503
 2  -0.6921206 -0.2322645  0.0567537 -0.6580253 -0.1755108
 3  -0.6580253  0.0685644 -0.2354291  0.6921206 -0.1668647
 4  -0.2836867  0.1758135  0.5699924  0.0865657  0.7458059
 5  -0.0865657  0.7596765 -0.5320972 -0.2836867  0.2275793
 occupations
 0.273 -0.047 -0.047  0.000 -0.094
-0.047  0.450 -0.159 -0.082  0.159
-0.047 -0.159  0.450  0.082  0.159
 0.000 -0.082  0.082  0.273  0.000
-0.094  0.159  0.159  0.000  0.450
atom  4  spin  2
eigenvalues:  0.9961641 0.9961641 1.0010676 1.0010676 1.0031499
 eigenvectors
 1  -0.2850512 -0.2339978  0.3454372  0.8557133  0.1114394
 2   0.8557133 -0.2637779 -0.0707591  0.2850512 -0.3345370
 3  -0.4311522 -0.4040425 -0.3311879 -0.0246663 -0.7352303
 4  -0.0246663  0.6156969 -0.6577595  0.4311522 -0.0420626
 5   0.0000000 -0.5773503 -0.5773503  0.0000000  0.5773503
 occupations
 0.997  0.001  0.001  0.000  0.002
 0.001  1.001  0.001  0.001 -0.001
 0.001  0.001  1.001 -0.001 -0.001
 0.000  0.001 -0.001  0.997  0.000
 0.002 -0.001 -0.001  0.000  1.001
nsum =  12.9173974
 exit write_ns
