
     Program PWSCF     v.3.0    starts ...
     Today is  2Nov2005 at  4:43:42 

     Ultrasoft (Vanderbilt) Pseudopotentials

     Current dimensions of program pwscf are:

     ntypx = 10   npk = 40000  lmax =  3
     nchix =  6  ndmx =  2000  nbrx = 14  nqfx =  8
  HUBBARD L FOR TYPE Fe IS            2
  HUBBARD L FOR TYPE Fe IS            2
  MAXIMUM HUBBARD L IS            2


     bravais-lattice index     =            0
     lattice parameter (a_0)   =       8.1900  a.u.
     unit-cell volume          =     274.6766 (a.u.)^3
     number of atoms/cell      =            4
     number of atomic types    =            3
     kinetic-energy cutoff     =      30.0000  Ry
     charge density cutoff     =     240.0000  Ry
     convergence threshold     =      1.0E-06
     beta                      =       0.3000
     number of iterations used =            8  plain     mixing
     Exchange-correlation      =  SLA  PZ   NOGX NOGC (1100)
     celldm(1)=   8.190000  celldm(2)=   0.000000  celldm(3)=   0.000000
     celldm(4)=   0.000000  celldm(5)=   0.000000  celldm(6)=   0.000000

     crystal axes: (cart. coord. in units of a_0)
               a(1) = (  0.500000  0.500000  1.000000 )  
               a(2) = (  0.500000  1.000000  0.500000 )  
               a(3) = (  1.000000  0.500000  0.500000 )  

     reciprocal axes: (cart. coord. in units 2 pi/a_0)
               b(1) = ( -0.500000 -0.500000  1.500000 )  
               b(2) = ( -0.500000  1.500000 -0.500000 )  
               b(3) = (  1.500000 -0.500000 -0.500000 )  


     PSEUDO 1 is O  (US)    zval =  6.0   lmax= 2   lloc= 0
     Version   0  0  0 of US pseudo code
     Using log mesh of  1269 points
     The pseudopotential has  4 beta functions with: 
                l(1) =   0
                l(2) =   0
                l(3) =   1
                l(4) =   1
     Q(r) pseudized with  0 coefficients,  rinner =    0.000   0.000   0.000
                                                       0.000   0.000

     PSEUDO 2 is Fe (US)    zval =  8.0   lmax= 2   lloc= 0
     Version   0  0  0 of US pseudo code
     Using log mesh of   957 points
     The pseudopotential has  6 beta functions with: 
                l(1) =   0
                l(2) =   0
                l(3) =   1
                l(4) =   1
                l(5) =   2
                l(6) =   2
     Q(r) pseudized with  0 coefficients,  rinner =    0.000   0.000   0.000
                                                       0.000   0.000

     PSEUDO 3 is Fe (US)    zval =  8.0   lmax= 2   lloc= 0
     Version   0  0  0 of US pseudo code
     Using log mesh of   957 points
     The pseudopotential has  6 beta functions with: 
                l(1) =   0
                l(2) =   0
                l(3) =   1
                l(4) =   1
                l(5) =   2
                l(6) =   2
     Q(r) pseudized with  0 coefficients,  rinner =    0.000   0.000   0.000
                                                       0.000   0.000

     atomic species   valence    mass     pseudopotential
        O1             6.00     1.00000     O ( 1.00)
        Fe1            8.00     1.00000     Fe( 1.00)
        Fe2            8.00     1.00000     Fe( 1.00)

     Starting magnetic structure 
     atomic species   magnetization
        O1           0.000
        Fe1          0.500
        Fe2         -0.500

     12 Sym.Ops. (with inversion)


   Cartesian axes

     site n.     atom                  positions (a_0 units)
         1           O1  tau(  1) = (   0.5000000   0.5000000   0.5000000  )
         2           O1  tau(  2) = (   1.5000000   1.5000000   1.5000000  )
         3           Fe1 tau(  3) = (   0.0000000   0.0000000   0.0000000  )
         4           Fe2 tau(  4) = (   1.0000000   1.0000000   1.0000000  )

     number of k points=    8  gaussian broad. (ryd)=  0.0100     ngauss =   0
                       cart. coord. in units 2pi/a_0
        k(    1) = (   0.0000000   0.0000000   0.0000000), wk =   0.1250000
        k(    2) = (  -0.7500000   0.2500000   0.2500000), wk =   0.3750000
        k(    3) = (  -0.5000000  -0.5000000   0.5000000), wk =   0.3750000
        k(    4) = (  -0.2500000  -0.2500000  -0.2500000), wk =   0.1250000
        k(    5) = (   0.0000000   0.0000000   0.0000000), wk =   0.1250000
        k(    6) = (  -0.7500000   0.2500000   0.2500000), wk =   0.3750000
        k(    7) = (  -0.5000000  -0.5000000   0.5000000), wk =   0.3750000
        k(    8) = (  -0.2500000  -0.2500000  -0.2500000), wk =   0.1250000

     G cutoff =  407.7738  (  17255 G-vectors)     FFT grid: ( 50, 50, 50)
     G cutoff =  203.8869  (   6111 G-vectors)  smooth grid: ( 36, 36, 36)

     nbndx  =    80  nbnd   =    20  natomwfc =    20  npwx   =     780
     nelec  =  28.00  nkb   =    52  ngl    =     342

     Check: negative/imaginary core charge=   -0.000003    0.000000

     Initial potential from superposition of free atoms

     starting charge   27.99905, renormalised to   28.00000

     Parameters of the lda+U calculation:
     Number of iteration with fixed ns =  0
     Starting ns and Hubbard U :
 enter write_ns
U( 1) =  0.0000      U( 2) =  0.0000      U( 3) =  0.0000
alpha( 1) =  0.0000      alpha( 2) =  0.0000      alpha( 3) =  0.0000
atom  3   Tr[ns(na)]=   6.0000000
atom  3  spin  1
eigenvalues:  1.0000000 1.0000000 1.0000000 1.0000000 1.0000000
 eigenvectors
 1   1.0000000  0.0000000  0.0000000  0.0000000  0.0000000
 2   0.0000000  1.0000000  0.0000000  0.0000000  0.0000000
 3   0.0000000  0.0000000  1.0000000  0.0000000  0.0000000
 4   0.0000000  0.0000000  0.0000000  1.0000000  0.0000000
 5   0.0000000  0.0000000  0.0000000  0.0000000  1.0000000
 occupations
 1.000  0.000  0.000  0.000  0.000
 0.000  1.000  0.000  0.000  0.000
 0.000  0.000  1.000  0.000  0.000
 0.000  0.000  0.000  1.000  0.000
 0.000  0.000  0.000  0.000  1.000
atom  3  spin  2
eigenvalues:  0.2000000 0.2000000 0.2000000 0.2000000 0.2000000
 eigenvectors
 1   1.0000000  0.0000000  0.0000000  0.0000000  0.0000000
 2   0.0000000  1.0000000  0.0000000  0.0000000  0.0000000
 3   0.0000000  0.0000000  1.0000000  0.0000000  0.0000000
 4   0.0000000  0.0000000  0.0000000  1.0000000  0.0000000
 5   0.0000000  0.0000000  0.0000000  0.0000000  1.0000000
 occupations
 0.200  0.000  0.000  0.000  0.000
 0.000  0.200  0.000  0.000  0.000
 0.000  0.000  0.200  0.000  0.000
 0.000  0.000  0.000  0.200  0.000
 0.000  0.000  0.000  0.000  0.200
atom  4   Tr[ns(na)]=   6.0000000
atom  4  spin  1
eigenvalues:  0.2000000 0.2000000 0.2000000 0.2000000 0.2000000
 eigenvectors
 1   1.0000000  0.0000000  0.0000000  0.0000000  0.0000000
 2   0.0000000  1.0000000  0.0000000  0.0000000  0.0000000
 3   0.0000000  0.0000000  1.0000000  0.0000000  0.0000000
 4   0.0000000  0.0000000  0.0000000  1.0000000  0.0000000
 5   0.0000000  0.0000000  0.0000000  0.0000000  1.0000000
 occupations
 0.200  0.000  0.000  0.000  0.000
 0.000  0.200  0.000  0.000  0.000
 0.000  0.000  0.200  0.000  0.000
 0.000  0.000  0.000  0.200  0.000
 0.000  0.000  0.000  0.000  0.200
atom  4  spin  2
eigenvalues:  1.0000000 1.0000000 1.0000000 1.0000000 1.0000000
 eigenvectors
 1   1.0000000  0.0000000  0.0000000  0.0000000  0.0000000
 2   0.0000000  1.0000000  0.0000000  0.0000000  0.0000000
 3   0.0000000  0.0000000  1.0000000  0.0000000  0.0000000
 4   0.0000000  0.0000000  0.0000000  1.0000000  0.0000000
 5   0.0000000  0.0000000  0.0000000  0.0000000  1.0000000
 occupations
 1.000  0.000  0.000  0.000  0.000
 0.000  1.000  0.000  0.000  0.000
 0.000  0.000  1.000  0.000  0.000
 0.000  0.000  0.000  1.000  0.000
 0.000  0.000  0.000  0.000  1.000
nsum =  12.0000000
 exit write_ns
 Atomic wfc used for LDA+U Projector are NOT orthogonalized
     Starting wfc are atomic

     total cpu time spent up to now is      7.15 secs

     Self-consistent Calculation

     iteration #  1     ecut=    30.00 ryd     beta=0.30
     Davidson diagonalization with overlap
     ethr =  1.00E-02,  avg # of iterations =  3.2
 enter write_ns
U( 1) =  0.0000      U( 2) =  0.0000      U( 3) =  0.0000
alpha( 1) =  0.0000      alpha( 2) =  0.0000      alpha( 3) =  0.0000
atom  3   Tr[ns(na)]=   6.4251862
atom  3  spin  1
eigenvalues:  0.9871648 0.9871648 0.9966670 0.9966670 0.9980445
 eigenvectors
 1  -0.2030554 -0.1765394  0.2271829  0.9345724  0.0506435
 2  -0.9345724  0.1604032  0.0726861 -0.2030554  0.2330892
 3  -0.2921327 -0.3932839 -0.3875878 -0.0012303 -0.7808716
 4  -0.0012303  0.6746103 -0.6778990  0.2921327 -0.0032886
 5   0.0000000  0.5773503  0.5773503  0.0000000 -0.5773503
 occupations
 0.988  0.001  0.001  0.000  0.002
 0.001  0.997  0.001  0.002 -0.001
 0.001  0.001  0.997 -0.002 -0.001
 0.000  0.002 -0.002  0.988  0.000
 0.002 -0.001 -0.001  0.000  0.997
atom  3  spin  2
eigenvalues:  0.2000722 0.2000722 0.3336994 0.3336994 0.3919349
 eigenvectors
 1  -0.3134399 -0.0572765  0.0388966 -0.9469024 -0.0183798
 2  -0.9469024 -0.0118454 -0.0436802  0.3134399 -0.0555255
 3  -0.0705917  0.2814310  0.5211242  0.0121723  0.8025552
 4   0.0121723 -0.7642267  0.6258397  0.0705917 -0.1383870
 5   0.0000000 -0.5773503 -0.5773503  0.0000000  0.5773503
 occupations
 0.201 -0.004 -0.004  0.000 -0.008
-0.004  0.353  0.020 -0.007 -0.020
-0.004  0.020  0.353  0.007 -0.020
 0.000 -0.007  0.007  0.201  0.000
-0.008 -0.020 -0.020  0.000  0.353
atom  4   Tr[ns(na)]=   6.4251862
atom  4  spin  1
eigenvalues:  0.2000722 0.2000722 0.3336994 0.3336994 0.3919349
 eigenvectors
 1  -0.3073906 -0.0571997  0.0391746 -0.9488834 -0.0180251
 2  -0.9488834 -0.0122106 -0.0434311  0.3073906 -0.0556417
 3  -0.0706752  0.2867729  0.5167312  0.0116780  0.8035041
 4   0.0116780 -0.7622382  0.6294717  0.0706752 -0.1327665
 5   0.0000000 -0.5773503 -0.5773503  0.0000000  0.5773503
 occupations
 0.201 -0.004 -0.004  0.000 -0.008
-0.004  0.353  0.020 -0.007 -0.020
-0.004  0.020  0.353  0.007 -0.020
 0.000 -0.007  0.007  0.201  0.000
-0.008 -0.020 -0.020  0.000  0.353
atom  4  spin  2
eigenvalues:  0.9871648 0.9871648 0.9966670 0.9966670 0.9980445
 eigenvectors
 1   0.1807256  0.1803119 -0.2253862 -0.9391460 -0.0450743
 2   0.9391460 -0.1561505 -0.0780795  0.1807256 -0.2342299
 3  -0.2921218 -0.3839186 -0.3969238  0.0028090 -0.7808425
 4  -0.0028090 -0.6799837  0.6724751 -0.2921218 -0.0075086
 5   0.0000000 -0.5773503 -0.5773503  0.0000000  0.5773503
 occupations
 0.988  0.001  0.001  0.000  0.002
 0.001  0.997  0.001  0.002 -0.001
 0.001  0.001  0.997 -0.002 -0.001
 0.000  0.002 -0.002  0.988  0.000
 0.002 -0.001 -0.001  0.000  0.997
nsum =  12.8503725
 exit write_ns

     total cpu time spent up to now is     14.72 secs

     total energy              =  -174.41116749 ryd
     estimated scf accuracy    <     1.83910576 ryd

     total magnetization       =     0.00 Bohr mag/cell
     absolute magnetization    =     7.80 Bohr mag/cell

     iteration #  2     ecut=    30.00 ryd     beta=0.30
     Davidson diagonalization with overlap
     ethr =  6.57E-03,  avg # of iterations =  2.0
 enter write_ns
U( 1) =  0.0000      U( 2) =  0.0000      U( 3) =  0.0000
alpha( 1) =  0.0000      alpha( 2) =  0.0000      alpha( 3) =  0.0000
atom  3   Tr[ns(na)]=   7.0723087
atom  3  spin  1
eigenvalues:  0.9820441 0.9820441 0.9993320 0.9993320 0.9994634
 eigenvectors
 1   0.0832996  0.0714869 -0.0787808 -0.9908033 -0.0072939
 2   0.9908033 -0.0496953 -0.0370618  0.0832996 -0.0867571
 3   0.1062704  0.3468447  0.4622576 -0.0087519  0.8091024
 4  -0.0087519 -0.7340200  0.6673863 -0.1062704 -0.0666337
 5   0.0000000 -0.5773503 -0.5773503  0.0000000  0.5773503
 occupations
 0.982  0.001  0.001  0.000  0.001
 0.001  0.999  0.000  0.001  0.000
 0.001  0.000  0.999 -0.001  0.000
 0.000  0.001 -0.001  0.982  0.000
 0.001  0.000  0.000  0.000  0.999
atom  3  spin  2
eigenvalues:  0.3640701 0.3640701 0.4473002 0.4673264 0.4673264
 eigenvectors
 1   0.7768765  0.3392861  0.1362144  0.1915534  0.4755005
 2   0.1915534 -0.3531738  0.4704173 -0.7768765  0.1172435
 3   0.0000000  0.5773503  0.5773503  0.0000000 -0.5773503
 4   0.4588149  0.1145552 -0.6142989 -0.3863405 -0.4997437
 5   0.3863405 -0.6431928  0.2223887  0.4588149 -0.4208042
 occupations
 0.401 -0.020 -0.020  0.000 -0.040
-0.020  0.436  0.006 -0.035 -0.006
-0.020  0.006  0.436  0.035 -0.006
 0.000 -0.035  0.035  0.401  0.000
-0.040 -0.006 -0.006  0.000  0.436
atom  4   Tr[ns(na)]=   7.0723087
atom  4  spin  1
eigenvalues:  0.3640701 0.3640701 0.4473002 0.4673264 0.4673264
 eigenvectors
 1   0.7789596  0.3353358  0.1414398  0.1828981  0.4767755
 2   0.1828981 -0.3569267  0.4688727 -0.7789596  0.1119459
 3   0.0000000  0.5773503  0.5773503  0.0000000 -0.5773503
 4   0.4676057  0.0996864 -0.6090050 -0.3756529 -0.5093186
 5   0.3756529 -0.6456644  0.2365013  0.4676057 -0.4091631
 occupations
 0.401 -0.020 -0.020  0.000 -0.040
-0.020  0.436  0.006 -0.035 -0.006
-0.020  0.006  0.436  0.035 -0.006
 0.000 -0.035  0.035  0.401  0.000
-0.040 -0.006 -0.006  0.000  0.436
atom  4  spin  2
eigenvalues:  0.9820441 0.9820441 0.9993320 0.9993320 0.9994634
 eigenvectors
 1  -0.0163157 -0.0746745  0.0761031  0.9941649  0.0014286
 2   0.9941649 -0.0447630 -0.0422885  0.0163157 -0.0870515
 3   0.1063122  0.3504501  0.4589702 -0.0082292  0.8094202
 4  -0.0082292 -0.7323055  0.6696514 -0.1063122 -0.0626541
 5   0.0000000 -0.5773503 -0.5773503  0.0000000  0.5773503
 occupations
 0.982  0.001  0.001  0.000  0.001
 0.001  0.999  0.000  0.001  0.000
 0.001  0.000  0.999 -0.001  0.000
 0.000  0.001 -0.001  0.982  0.000
 0.001  0.000  0.000  0.000  0.999
nsum =  14.1446175
 exit write_ns

     total cpu time spent up to now is     22.07 secs

     total energy              =  -174.80051269 ryd
     estimated scf accuracy    <     0.10996786 ryd

     total magnetization       =     0.00 Bohr mag/cell
     absolute magnetization    =     6.81 Bohr mag/cell

     iteration #  3     ecut=    30.00 ryd     beta=0.30
     Davidson diagonalization with overlap
     ethr =  3.93E-04,  avg # of iterations =  2.0
 enter write_ns
U( 1) =  0.0000      U( 2) =  0.0000      U( 3) =  0.0000
alpha( 1) =  0.0000      alpha( 2) =  0.0000      alpha( 3) =  0.0000
atom  3   Tr[ns(na)]=   6.9340445
atom  3  spin  1
eigenvalues:  0.9835314 0.9835314 0.9994364 0.9994364 0.9997647
 eigenvectors
 1   0.0884518  0.0820962 -0.0910410 -0.9884675 -0.0089449
 2   0.9884675 -0.0577269 -0.0422339  0.0884518 -0.0999608
 3   0.1226681  0.3598230  0.4488503 -0.0077969  0.8086733
 4  -0.0077969 -0.7260316  0.6746317 -0.1226681 -0.0513999
 5   0.0000000 -0.5773503 -0.5773503  0.0000000  0.5773503
 occupations
 0.984  0.001  0.001  0.000  0.002
 0.001  0.999  0.000  0.001  0.000
 0.001  0.000  0.999 -0.001  0.000
 0.000  0.001 -0.001  0.984  0.000
 0.002  0.000  0.000  0.000  0.999
atom  3  spin  2
eigenvalues:  0.3297260 0.3297260 0.4284447 0.4284447 0.4520026
 eigenvectors
 1   0.8390067  0.2671558  0.0396731  0.3591344  0.3068289
 2  -0.3591344  0.2000530 -0.3313902  0.8390067 -0.1313372
 3   0.3749767 -0.0848695 -0.5986992 -0.1627349 -0.6835688
 4   0.1627349 -0.7403178  0.4436580  0.3749767 -0.2966597
 5   0.0000000 -0.5773503 -0.5773503  0.0000000  0.5773503
 occupations
 0.346 -0.015 -0.015  0.000 -0.030
-0.015  0.425  0.013 -0.026 -0.013
-0.015  0.013  0.425  0.026 -0.013
 0.000 -0.026  0.026  0.346  0.000
-0.030 -0.013 -0.013  0.000  0.425
atom  4   Tr[ns(na)]=   6.9340445
atom  4  spin  1
eigenvalues:  0.3297260 0.3297260 0.4284447 0.4284447 0.4520026
 eigenvectors
 1   0.8359532  0.2688308  0.0368814  0.3661859  0.3057122
 2  -0.3661859  0.1977965 -0.3317125  0.8359532 -0.1339160
 3   0.3749560 -0.0847754 -0.5987556 -0.1627825 -0.6835310
 4   0.1627825 -0.7403285  0.4435819  0.3749560 -0.2967466
 5   0.0000000 -0.5773503 -0.5773503  0.0000000  0.5773503
 occupations
 0.346 -0.015 -0.015  0.000 -0.030
-0.015  0.425  0.013 -0.026 -0.013
-0.015  0.013  0.425  0.026 -0.013
 0.000 -0.026  0.026  0.346  0.000
-0.030 -0.013 -0.013  0.000  0.425
atom  4  spin  2
eigenvalues:  0.9835314 0.9835314 0.9994364 0.9994364 0.9997647
 eigenvectors
 1   0.0373745  0.0849630 -0.0887426 -0.9917131 -0.0037796
 2   0.9917131 -0.0534177 -0.0468713  0.0373745 -0.1002890
 3   0.1226714  0.3601258  0.4485689 -0.0077457  0.8086947
 4  -0.0077457 -0.7258815  0.6748188 -0.1226714 -0.0510627
 5   0.0000000 -0.5773503 -0.5773503  0.0000000  0.5773503
 occupations
 0.984  0.001  0.001  0.000  0.002
 0.001  0.999  0.000  0.001  0.000
 0.001  0.000  0.999 -0.001  0.000
 0.000  0.001 -0.001  0.984  0.000
 0.002  0.000  0.000  0.000  0.999
nsum =  13.8680890
 exit write_ns

     total cpu time spent up to now is     29.32 secs

     total energy              =  -174.82203562 ryd
     estimated scf accuracy    <     0.01954787 ryd

     total magnetization       =     0.00 Bohr mag/cell
     absolute magnetization    =     7.04 Bohr mag/cell

     iteration #  4     ecut=    30.00 ryd     beta=0.30
     Davidson diagonalization with overlap
     ethr =  6.98E-05,  avg # of iterations =  2.0
 enter write_ns
U( 1) =  0.0000      U( 2) =  0.0000      U( 3) =  0.0000
alpha( 1) =  0.0000      alpha( 2) =  0.0000      alpha( 3) =  0.0000
atom  3   Tr[ns(na)]=   6.9566561
atom  3  spin  1
eigenvalues:  0.9850873 0.9850873 0.9995036 0.9995036 0.9998002
 eigenvectors
 1  -0.0147936 -0.1009409  0.1026988  0.9894655  0.0017578
 2   0.9894655 -0.0603080 -0.0572634  0.0147936 -0.1175714
 3   0.1437891  0.3645267  0.4422129 -0.0079942  0.8067396
 4  -0.0079942 -0.7210831  0.6762309 -0.1437891 -0.0448521
 5   0.0000000 -0.5773503 -0.5773503  0.0000000  0.5773503
 occupations
 0.985  0.001  0.001  0.000  0.002
 0.001  0.999  0.000  0.001  0.000
 0.001  0.000  0.999 -0.001  0.000
 0.000  0.001 -0.001  0.985  0.000
 0.002  0.000  0.000  0.000  0.999
atom  3  spin  2
eigenvalues:  0.3376224 0.3376224 0.4183593 0.4470350 0.4470350
 eigenvectors
 1  -0.8699925 -0.2271419 -0.0433540 -0.3412801 -0.2704959
 2   0.3412801 -0.1812013  0.2873113 -0.8699925  0.1061099
 3   0.0000000  0.5773503  0.5773503  0.0000000 -0.5773503
 4   0.3324514 -0.1206776 -0.5921619 -0.1269530 -0.7128395
 5  -0.1269530  0.7534429 -0.4812313 -0.3324514  0.2722116
 occupations
 0.351 -0.015 -0.015  0.000 -0.030
-0.015  0.428 -0.005 -0.026  0.005
-0.015 -0.005  0.428  0.026  0.005
 0.000 -0.026  0.026  0.351  0.000
-0.030  0.005  0.005  0.000  0.428
atom  4   Tr[ns(na)]=   6.9566561
atom  4  spin  1
eigenvalues:  0.3376224 0.3376224 0.4183593 0.4470350 0.4470350
 eigenvectors
 1  -0.8249481 -0.2464819 -0.0100090 -0.4391122 -0.2564908
 2   0.4391122 -0.1538637  0.2903914 -0.8249481  0.1365277
 3   0.0000000  0.5773503  0.5773503  0.0000000 -0.5773503
 4   0.3314326 -0.1146896 -0.5959654 -0.1295895 -0.7106550
 5  -0.1295895  0.7543776 -0.4765129 -0.3314326  0.2778647
 occupations
 0.351 -0.015 -0.015  0.000 -0.030
-0.015  0.428 -0.005 -0.026  0.005
-0.015 -0.005  0.428  0.026  0.005
 0.000 -0.026  0.026  0.351  0.000
-0.030  0.005  0.005  0.000  0.428
atom  4  spin  2
eigenvalues:  0.9850873 0.9850873 0.9995036 0.9995036 0.9998002
 eigenvectors
 1   0.0682799  0.0975319 -0.1056452 -0.9872176 -0.0081132
 2   0.9872176 -0.0656784 -0.0516259  0.0682799 -0.1173043
 3   0.1437587  0.3618766  0.4446929 -0.0085221  0.8065695
 4  -0.0085221 -0.7224167  0.6746027 -0.1437587 -0.0478140
 5   0.0000000 -0.5773503 -0.5773503  0.0000000  0.5773503
 occupations
 0.985  0.001  0.001  0.000  0.002
 0.001  0.999  0.000  0.001  0.000
 0.001  0.000  0.999 -0.001  0.000
 0.000  0.001 -0.001  0.985  0.000
 0.002  0.000  0.000  0.000  0.999
nsum =  13.9133122
 exit write_ns

     total cpu time spent up to now is     36.48 secs

     total energy              =  -174.82399736 ryd
     estimated scf accuracy    <     0.00211410 ryd

     total magnetization       =     0.00 Bohr mag/cell
     absolute magnetization    =     7.04 Bohr mag/cell

     iteration #  5     ecut=    30.00 ryd     beta=0.30
     Davidson diagonalization with overlap
     ethr =  7.55E-06,  avg # of iterations =  2.8
 enter write_ns
U( 1) =  0.0000      U( 2) =  0.0000      U( 3) =  0.0000
alpha( 1) =  0.0000      alpha( 2) =  0.0000      alpha( 3) =  0.0000
atom  3   Tr[ns(na)]=   6.9399810
atom  3  spin  1
eigenvalues:  0.9853243 0.9853243 0.9995123 0.9995123 0.9999043
 eigenvectors
 1   0.0619382  0.0965987 -0.1038545 -0.9879241 -0.0072558
 2   0.9879241 -0.0641496 -0.0515821  0.0619382 -0.1157317
 3   0.1417356  0.3590176  0.4475836 -0.0089852  0.8066012
 4  -0.0089852 -0.7241040  0.6729703 -0.1417356 -0.0511336
 5   0.0000000 -0.5773503 -0.5773503  0.0000000  0.5773503
 occupations
 0.986  0.001  0.001  0.000  0.002
 0.001  0.999  0.000  0.001  0.000
 0.001  0.000  0.999 -0.001  0.000
 0.000  0.001 -0.001  0.986  0.000
 0.002  0.000  0.000  0.000  0.999
atom  3  spin  2
eigenvalues:  0.3315123 0.3315123 0.4255545 0.4409123 0.4409123
 eigenvectors
 1   0.8322240  0.2421249  0.0140661  0.4277230  0.2561910
 2   0.4277230 -0.1560330  0.2877028 -0.8322240  0.1316698
 3   0.0000000  0.5773503  0.5773503  0.0000000 -0.5773503
 4   0.3291207 -0.1181398 -0.5946152 -0.1270266 -0.7127550
 5   0.1270266 -0.7548105  0.4797173  0.3291207 -0.2750932
 occupations
 0.345 -0.015 -0.015  0.000 -0.029
-0.015  0.427 -0.001 -0.026  0.001
-0.015 -0.001  0.427  0.026  0.001
 0.000 -0.026  0.026  0.345  0.000
-0.029  0.001  0.001  0.000  0.427
atom  4   Tr[ns(na)]=   6.9399810
atom  4  spin  1
eigenvalues:  0.3315123 0.3315123 0.4255545 0.4409123 0.4409123
 eigenvectors
 1   0.8283858  0.2435035  0.0115060  0.4351100  0.2550095
 2  -0.4351100  0.1538728 -0.2878166  0.8283858 -0.1339438
 3   0.0000000  0.5773503  0.5773503  0.0000000 -0.5773503
 4   0.3299538 -0.1231309 -0.5914284 -0.1248464 -0.7145593
 5  -0.1248464  0.7540124 -0.4836407 -0.3299538  0.2703717
 occupations
 0.345 -0.015 -0.015  0.000 -0.029
-0.015  0.427 -0.001 -0.026  0.001
-0.015 -0.001  0.427  0.026  0.001
 0.000 -0.026  0.026  0.345  0.000
-0.029  0.001  0.001  0.000  0.427
atom  4  spin  2
eigenvalues:  0.9853243 0.9853243 0.9995123 0.9995123 0.9999043
 eigenvectors
 1   0.0713737  0.0959814 -0.1043426 -0.9872872 -0.0083612
 2   0.9872872 -0.0650695 -0.0505876  0.0713737 -0.1156571
 3   0.1417596  0.3609873  0.4457501 -0.0085993  0.8067374
 4  -0.0085993 -0.7231240  0.6741862 -0.1417596 -0.0489378
 5   0.0000000 -0.5773503 -0.5773503  0.0000000  0.5773503
 occupations
 0.986  0.001  0.001  0.000  0.002
 0.001  0.999  0.000  0.001  0.000
 0.001  0.000  0.999 -0.001  0.000
 0.000  0.001 -0.001  0.986  0.000
 0.002  0.000  0.000  0.000  0.999
nsum =  13.8799621
 exit write_ns

     total cpu time spent up to now is     44.31 secs

     total energy              =  -174.82456392 ryd
     estimated scf accuracy    <     0.00036284 ryd

     total magnetization       =     0.00 Bohr mag/cell
     absolute magnetization    =     7.07 Bohr mag/cell

     iteration #  6     ecut=    30.00 ryd     beta=0.30
     Davidson diagonalization with overlap
     ethr =  1.30E-06,  avg # of iterations =  4.0
 enter write_ns
U( 1) =  0.0000      U( 2) =  0.0000      U( 3) =  0.0000
alpha( 1) =  0.0000      alpha( 2) =  0.0000      alpha( 3) =  0.0000
atom  3   Tr[ns(na)]=   6.9404426
atom  3  spin  1
eigenvalues:  0.9855452 0.9855452 0.9995095 0.9995095 0.9999597
 eigenvectors
 1   0.1002585  0.0937672 -0.1054780 -0.9848316 -0.0117108
 2   0.9848316 -0.0676590 -0.0473753  0.1002585 -0.1150343
 3   0.1413434  0.3599560  0.4467566 -0.0087805  0.8067126
 4  -0.0087805 -0.7236908  0.6735764 -0.1413434 -0.0501144
 5   0.0000000 -0.5773503 -0.5773503  0.0000000  0.5773503
 occupations
 0.986  0.001  0.001  0.000  0.002
 0.001  0.999  0.000  0.001  0.000
 0.001  0.000  0.999 -0.001  0.000
 0.000  0.001 -0.001  0.986  0.000
 0.002  0.000  0.000  0.000  0.999
atom  3  spin  2
eigenvalues:  0.3305463 0.3305463 0.4309849 0.4391480 0.4391480
 eigenvectors
 1   0.8394508  0.2475854  0.0237568  0.3997910  0.2713422
 2   0.3997910 -0.1703754  0.2996030 -0.8394508  0.1292275
 3   0.0000000  0.5773503  0.5773503  0.0000000 -0.5773503
 4   0.3440186 -0.1209165 -0.5886101 -0.1309224 -0.7095265
 5   0.1309224 -0.7494795  0.4794565  0.3440186 -0.2700230
 occupations
 0.345 -0.015 -0.015  0.000 -0.030
-0.015  0.427  0.002 -0.026 -0.002
-0.015  0.002  0.427  0.026 -0.002
 0.000 -0.026  0.026  0.345  0.000
-0.030 -0.002 -0.002  0.000  0.427
atom  4   Tr[ns(na)]=   6.9404426
atom  4  spin  1
eigenvalues:  0.3305463 0.3305463 0.4309849 0.4391480 0.4391480
 eigenvectors
 1   0.8393966  0.2476085  0.0237162  0.3999047  0.2713247
 2   0.3999047 -0.1703419  0.2996062 -0.8393966  0.1292643
 3   0.0000000  0.5773503  0.5773503  0.0000000 -0.5773503
 4   0.3446544 -0.1245782 -0.5862596 -0.1292394 -0.7108378
 5   0.1292394 -0.7488796  0.4823277  0.3446544 -0.2665519
 occupations
 0.345 -0.015 -0.015  0.000 -0.030
-0.015  0.427  0.002 -0.026 -0.002
-0.015  0.002  0.427  0.026 -0.002
 0.000 -0.026  0.026  0.345  0.000
-0.030 -0.002 -0.002  0.000  0.427
atom  4  spin  2
eigenvalues:  0.9855452 0.9855452 0.9995095 0.9995095 0.9999597
 eigenvectors
 1   0.0620836  0.0963145 -0.1035663 -0.9879730 -0.0072517
 2   0.9879730 -0.0639808 -0.0514204  0.0620836 -0.1154012
 3   0.1413014  0.3566189  0.4498543 -0.0094314  0.8064732
 4  -0.0094314 -0.7253410  0.6715115 -0.1413014 -0.0538295
 5   0.0000000 -0.5773503 -0.5773503  0.0000000  0.5773503
 occupations
 0.986  0.001  0.001  0.000  0.002
 0.001  0.999  0.000  0.001  0.000
 0.001  0.000  0.999 -0.001  0.000
 0.000  0.001 -0.001  0.986  0.000
 0.002  0.000  0.000  0.000  0.999
nsum =  13.8808851
 exit write_ns

     total cpu time spent up to now is     51.99 secs

     total energy              =  -174.82464042 ryd
     estimated scf accuracy    <     0.00002892 ryd

     total magnetization       =     0.00 Bohr mag/cell
     absolute magnetization    =     7.08 Bohr mag/cell

     iteration #  7     ecut=    30.00 ryd     beta=0.30
     Davidson diagonalization with overlap
     ethr =  1.03E-07,  avg # of iterations =  3.2
 enter write_ns
U( 1) =  0.0000      U( 2) =  0.0000      U( 3) =  0.0000
alpha( 1) =  0.0000      alpha( 2) =  0.0000      alpha( 3) =  0.0000
atom  3   Tr[ns(na)]=   6.9384224
atom  3  spin  1
eigenvalues:  0.9855909 0.9855909 0.9995049 0.9995049 0.9999641
 eigenvectors
 1   0.0728467  0.0960522 -0.1046012 -0.9871438 -0.0085490
 2   0.9871438 -0.0653273 -0.0505200  0.0728467 -0.1158473
 3   0.1419461  0.3560329  0.4503227 -0.0095830  0.8063557
 4  -0.0095830 -0.7255436  0.6711054 -0.1419461 -0.0544382
 5   0.0000000 -0.5773503 -0.5773503  0.0000000  0.5773503
 occupations
 0.986  0.001  0.001  0.000  0.002
 0.001  0.999  0.000  0.001  0.000
 0.001  0.000  0.999 -0.001  0.000
 0.000  0.001 -0.001  0.986  0.000
 0.002  0.000  0.000  0.000  0.999
atom  3  spin  2
eigenvalues:  0.3299716 0.3299716 0.4302519 0.4390359 0.4390359
 eigenvectors
 1   0.8447998  0.2432608  0.0264670  0.3920254  0.2697278
 2   0.3920254 -0.1710082  0.2961741 -0.8447998  0.1251660
 3   0.0000000  0.5773503  0.5773503  0.0000000 -0.5773503
 4   0.3419547 -0.1304539 -0.5835578 -0.1252854 -0.7140117
 5   0.1252854 -0.7491521  0.4875524  0.3419547 -0.2615997
 occupations
 0.344 -0.015 -0.015  0.000 -0.030
-0.015  0.426  0.002 -0.026 -0.002
-0.015  0.002  0.426  0.026 -0.002
 0.000 -0.026  0.026  0.344  0.000
-0.030 -0.002 -0.002  0.000  0.426
atom  4   Tr[ns(na)]=   6.9384224
atom  4  spin  1
eigenvalues:  0.3299716 0.3299716 0.4302519 0.4390359 0.4390359
 eigenvectors
 1   0.8376440  0.2462842  0.0211590  0.4070910  0.2674431
 2   0.4070910 -0.1666245  0.2966006 -0.8376440  0.1299761
 3   0.0000000  0.5773503  0.5773503  0.0000000 -0.5773503
 4   0.3381037 -0.1082623 -0.5977084 -0.1353342 -0.7059706
 5   0.1353342 -0.7526794  0.4700976  0.3381037 -0.2825818
 occupations
 0.344 -0.015 -0.015  0.000 -0.030
-0.015  0.426  0.002 -0.026 -0.002
-0.015  0.002  0.426  0.026 -0.002
 0.000 -0.026  0.026  0.344  0.000
-0.030 -0.002 -0.002  0.000  0.426
atom  4  spin  2
eigenvalues:  0.9855909 0.9855909 0.9995049 0.9995049 0.9999641
 eigenvectors
 1   0.0402767  0.0981529 -0.1028796 -0.9890082 -0.0047267
 2   0.9890082 -0.0621265 -0.0539396  0.0402767 -0.1160661
 3   0.1419381  0.3554265  0.4508834 -0.0097016  0.8063099
 4  -0.0097016 -0.7258409  0.6707288 -0.1419381 -0.0551121
 5   0.0000000 -0.5773503 -0.5773503  0.0000000  0.5773503
 occupations
 0.986  0.001  0.001  0.000  0.002
 0.001  0.999  0.000  0.001  0.000
 0.001  0.000  0.999 -0.001  0.000
 0.000  0.001 -0.001  0.986  0.000
 0.002  0.000  0.000  0.000  0.999
nsum =  13.8768447
 exit write_ns

     total cpu time spent up to now is     60.24 secs

     total energy              =  -174.82465416 ryd
     estimated scf accuracy    <     0.00001511 ryd

     total magnetization       =     0.00 Bohr mag/cell
     absolute magnetization    =     7.09 Bohr mag/cell

     iteration #  8     ecut=    30.00 ryd     beta=0.30
     Davidson diagonalization with overlap
     ethr =  5.40E-08,  avg # of iterations =  2.0
 enter write_ns
U( 1) =  0.0000      U( 2) =  0.0000      U( 3) =  0.0000
alpha( 1) =  0.0000      alpha( 2) =  0.0000      alpha( 3) =  0.0000
atom  3   Tr[ns(na)]=   6.9392394
atom  3  spin  1
eigenvalues:  0.9856314 0.9856314 0.9995008 0.9995008 0.9999716
 eigenvectors
 1   0.0364457  0.0984288 -0.1027076 -0.9891493 -0.0042787
 2   0.9891493 -0.0617686 -0.0543576  0.0364457 -0.1161262
 3   0.1420995  0.3643928  0.4425321 -0.0079445  0.8069249
 4  -0.0079445 -0.7213744  0.6762606 -0.1420995 -0.0451138
 5   0.0000000 -0.5773503 -0.5773503  0.0000000  0.5773503
 occupations
 0.986  0.001  0.001  0.000  0.002
 0.001  0.999  0.000  0.001  0.000
 0.001  0.000  0.999 -0.001  0.000
 0.000  0.001 -0.001  0.986  0.000
 0.002  0.000  0.000  0.000  0.999
atom  3  spin  2
eigenvalues:  0.3300454 0.3300454 0.4309987 0.4389570 0.4389570
 eigenvectors
 1   0.8610478  0.2370699  0.0406544  0.3515836  0.2777242
 2   0.3515836 -0.1838160  0.2972165 -0.8610478  0.1134005
 3   0.0000000  0.5773503  0.5773503  0.0000000 -0.5773503
 4   0.3432020 -0.1199414 -0.5894273 -0.1311414 -0.7093687
 5   0.1311414 -0.7498602  0.4788024  0.3432020 -0.2710578
 occupations
 0.345 -0.015 -0.015  0.000 -0.030
-0.015  0.427  0.002 -0.026 -0.002
-0.015  0.002  0.427  0.026 -0.002
 0.000 -0.026  0.026  0.345  0.000
-0.030 -0.002 -0.002  0.000  0.427
atom  4   Tr[ns(na)]=   6.9392397
atom  4  spin  1
eigenvalues:  0.3300454 0.3300454 0.4309987 0.4389571 0.4389571
 eigenvectors
 1   0.8527517  0.2412262  0.0338221  0.3712533  0.2750483
 2   0.3712533 -0.1783264  0.2980712 -0.8527517  0.1197448
 3   0.0000000  0.5773503  0.5773503  0.0000000 -0.5773503
 4   0.3403333 -0.1039562 -0.5994834 -0.1384154 -0.7034396
 5   0.1384154 -0.7522429  0.4661502  0.3403333 -0.2860928
 occupations
 0.345 -0.015 -0.015  0.000 -0.030
-0.015  0.427  0.002 -0.026 -0.002
-0.015  0.002  0.427  0.026 -0.002
 0.000 -0.026  0.026  0.345  0.000
-0.030 -0.002 -0.002  0.000  0.427
atom  4  spin  2
eigenvalues:  0.9856314 0.9856314 0.9995008 0.9995008 0.9999716
 eigenvectors
 1   0.0589943  0.0969946 -0.1039205 -0.9880609 -0.0069259
 2   0.9880609 -0.0639972 -0.0520012  0.0589943 -0.1159984
 3   0.1419423  0.3519593  0.4540725 -0.0103820  0.8060319
 4  -0.0103820 -0.7275216  0.6685665 -0.1419423 -0.0589551
 5   0.0000000 -0.5773503 -0.5773503  0.0000000  0.5773503
 occupations
 0.986  0.001  0.001  0.000  0.002
 0.001  0.999  0.000  0.001  0.000
 0.001  0.000  0.999 -0.001  0.000
 0.000  0.001 -0.001  0.986  0.000
 0.002  0.000  0.000  0.000  0.999
nsum =  13.8784790
 exit write_ns

     total cpu time spent up to now is     67.97 secs

     total energy              =  -174.82465746 ryd
     estimated scf accuracy    <     0.00000174 ryd

     total magnetization       =     0.00 Bohr mag/cell
     absolute magnetization    =     7.09 Bohr mag/cell

     iteration #  9     ecut=    30.00 ryd     beta=0.30
     Davidson diagonalization with overlap
     ethr =  6.21E-09,  avg # of iterations =  2.5
 enter write_ns
U( 1) =  0.0000      U( 2) =  0.0000      U( 3) =  0.0000
alpha( 1) =  0.0000      alpha( 2) =  0.0000      alpha( 3) =  0.0000
atom  3   Tr[ns(na)]=   6.9388900
atom  3  spin  1
eigenvalues:  0.9856400 0.9856400 0.9995008 0.9995008 0.9999706
 eigenvectors
 1   0.0605171  0.0970493 -0.1041655 -0.9879363 -0.0071162
 2   0.9879363 -0.0642485 -0.0519229  0.0605171 -0.1161714
 3   0.1423769  0.3694136  0.4377805 -0.0069622  0.8071940
 4  -0.0069622 -0.7187864  0.6793147 -0.1423769 -0.0394717
 5   0.0000000 -0.5773503 -0.5773503  0.0000000  0.5773503
 occupations
 0.986  0.001  0.001  0.000  0.002
 0.001  0.999  0.000  0.001  0.000
 0.001  0.000  0.999 -0.001  0.000
 0.000  0.001 -0.001  0.986  0.000
 0.002  0.000  0.000  0.000  0.999
atom  3  spin  2
eigenvalues:  0.3300047 0.3300047 0.4304458 0.4390913 0.4390913
 eigenvectors
 1   0.8548922  0.2393343  0.0348572  0.3680793  0.2741915
 2   0.3680793 -0.1784293  0.2964842 -0.8548922  0.1180549
 3   0.0000000  0.5773503  0.5773503  0.0000000 -0.5773503
 4   0.3412786 -0.1185660 -0.5908078 -0.1311709 -0.7093739
 5   0.1311709 -0.7506603  0.4780113  0.3412786 -0.2726489
 occupations
 0.345 -0.015 -0.015  0.000 -0.030
-0.015  0.426  0.002 -0.026 -0.002
-0.015  0.002  0.426  0.026 -0.002
 0.000 -0.026  0.026  0.345  0.000
-0.030 -0.002 -0.002  0.000  0.426
atom  4   Tr[ns(na)]=   6.9388867
atom  4  spin  1
eigenvalues:  0.3300046 0.3300046 0.4304452 0.4390900 0.4390900
 eigenvectors
 1   0.8567875  0.2384075  0.0363932  0.3636442  0.2748007
 2   0.3636442 -0.1796679  0.2963009 -0.8567875  0.1166330
 3   0.0000000  0.5773503  0.5773503  0.0000000 -0.5773503
 4   0.3415707 -0.1202337 -0.5897438 -0.1304129 -0.7099775
 5   0.1304129 -0.7503944  0.4793226  0.3415707 -0.2710718
 occupations
 0.345 -0.015 -0.015  0.000 -0.030
-0.015  0.426  0.002 -0.026 -0.002
-0.015  0.002  0.426  0.026 -0.002
 0.000 -0.026  0.026  0.345  0.000
-0.030 -0.002 -0.002  0.000  0.426
atom  4  spin  2
eigenvalues:  0.9856400 0.9856400 0.9995008 0.9995008 0.9999706
 eigenvectors
 1   0.1144004  0.0933941 -0.1068464 -0.9831546 -0.0134523
 2   0.9831546 -0.0694545 -0.0461544  0.1144004 -0.1156089
 3   0.1422555  0.3585328  0.4479743 -0.0091083  0.8065071
 4  -0.0091083 -0.7242751  0.6726361 -0.1422555 -0.0516390
 5   0.0000000 -0.5773503 -0.5773503  0.0000000  0.5773503
 occupations
 0.986  0.001  0.001  0.000  0.002
 0.001  0.999  0.000  0.001  0.000
 0.001  0.000  0.999 -0.001  0.000
 0.000  0.001 -0.001  0.986  0.000
 0.002  0.000  0.000  0.000  0.999
nsum =  13.8777767
 exit write_ns

     total cpu time spent up to now is     75.32 secs

     End of self-consistent calculation

 ------ SPIN UP ------------


          k = 0.0000 0.0000 0.0000 (   731 PWs)   bands (ev):

    -8.9533  -7.7470   2.7539   5.1280   5.1280   7.5762   7.5997   7.5997
     7.7786   7.7786   8.0653   8.9390   8.9390  11.0571  11.0571  11.2581
    11.5026  12.8937  12.8937  15.3691

          k =-0.7500 0.2500 0.2500 (   764 PWs)   bands (ev):

    -7.7710  -7.7516   3.6508   3.9129   4.7746   5.3281   5.3837   6.0704
     7.7226   8.2478   8.6481   9.6399   9.8410  10.4294  11.7006  11.8251
    12.6018  12.6287  17.2955  17.6039

          k =-0.5000-0.5000 0.5000 (   780 PWs)   bands (ev):

    -7.7622  -7.7506   2.7897   4.0521   5.1683   5.1908   6.4319   6.4446
     7.1587   8.2362   8.5578   9.3835   9.6071  10.7267  11.7108  11.8188
    13.0247  13.0949  15.3294  16.7015

          k =-0.2500-0.2500-0.2500 (   748 PWs)   bands (ev):

    -8.4148  -8.3808   4.4377   4.8297   5.5356   5.5356   6.5043   6.5043
     7.8491   7.8491   8.2989   9.9328   9.9328  10.9605  10.9727  10.9727
    12.4963  12.4963  13.9942  14.2632

 ------ SPIN DOWN ----------


          k = 0.0000 0.0000 0.0000 (   731 PWs)   bands (ev):

    -8.9533  -7.7470   2.7539   5.1280   5.1280   7.5762   7.5997   7.5997
     7.7786   7.7786   8.0653   8.9390   8.9390  11.0571  11.0571  11.2581
    11.5026  12.8937  12.8937  15.3691

          k =-0.7500 0.2500 0.2500 (   764 PWs)   bands (ev):

    -7.7710  -7.7516   3.6508   3.9129   4.7746   5.3281   5.3837   6.0704
     7.7226   8.2478   8.6481   9.6399   9.8410  10.4294  11.7006  11.8251
    12.6018  12.6287  17.2955  17.6039

          k =-0.5000-0.5000 0.5000 (   780 PWs)   bands (ev):

    -7.7622  -7.7506   2.7897   4.0521   5.1683   5.1908   6.4319   6.4446
     7.1587   8.2362   8.5578   9.3835   9.6071  10.7267  11.7108  11.8188
    13.0247  13.0949  15.3294  16.7015

          k =-0.2500-0.2500-0.2500 (   748 PWs)   bands (ev):

    -8.4148  -8.3808   4.4377   4.8297   5.5356   5.5356   6.5043   6.5043
     7.8491   7.8491   8.2989   9.9328   9.9328  10.9605  10.9727  10.9727
    12.4963  12.4963  13.9942  14.2632

     the Fermi energy is    10.9772 ev

!    total energy              =  -174.82465789 ryd
     estimated scf accuracy    <     0.00000002 ryd

     band energy sum           =    10.14384907 ryd
     one-electron contribution =     0.56186051 ryd
     hartree contribution      =    27.86102391 ryd
     xc contribution           =   -65.73506331 ryd
     ewald contribution        =  -137.50929535 ryd
     Hubbard energy            =     0.00000000 ryd
     correction for metals     =    -0.00318367 ryd

     total magnetization       =     0.00 Bohr mag/cell
     absolute magnetization    =     7.09 Bohr mag/cell

     convergence has been achieved

     Writing output data file      feo_af.save
 
     PWSCF        :  1m15.34s CPU time

     init_run     :     6.95s CPU
     electrons    :    68.17s CPU
 
     electrons    :    68.17s CPU
     c_bands      :    36.11s CPU (       9 calls,   4.012 s avg)
     sum_band     :    20.18s CPU (       9 calls,   2.242 s avg)
     v_of_rho     :     1.59s CPU (      10 calls,   0.159 s avg)
     newd         :     8.81s CPU (      10 calls,   0.881 s avg)
     mix_rho      :     0.22s CPU (       9 calls,   0.024 s avg)
 
     c_bands      :    36.11s CPU (       9 calls,   4.012 s avg)
     init_us_2    :     0.46s CPU (     160 calls,   0.003 s avg)
     cegterg      :    35.56s CPU (      72 calls,   0.494 s avg)
 
     sum_band     :    20.18s CPU (       9 calls,   2.242 s avg)
     becsum       :     0.00s CPU (      72 calls,   0.000 s avg)
     addusdens    :     8.56s CPU (       9 calls,   0.951 s avg)
 
     wfcrot       :     1.62s CPU (       8 calls,   0.202 s avg)
     cegterg      :    35.56s CPU (      72 calls,   0.494 s avg)
     h_psi        :    34.02s CPU (     270 calls,   0.126 s avg)
     g_psi        :     0.11s CPU (     190 calls,   0.001 s avg)
     overlap      :     0.51s CPU (     190 calls,   0.003 s avg)
     cdiaghg      :     0.72s CPU (     262 calls,   0.003 s avg)
     update       :     0.31s CPU (     190 calls,   0.002 s avg)
     last         :     0.12s CPU (      72 calls,   0.002 s avg)
 
     h_psi        :    34.02s CPU (     270 calls,   0.126 s avg)
     init         :     0.06s CPU (     270 calls,   0.000 s avg)
     firstfft     :    14.58s CPU (    3534 calls,   0.004 s avg)
     secondfft    :    14.29s CPU (    3534 calls,   0.004 s avg)
     add_vuspsi   :     0.56s CPU (     270 calls,   0.002 s avg)
     s_psi        :     0.58s CPU (     278 calls,   0.002 s avg)
 
     General routines
     ccalbec      :     0.72s CPU (     350 calls,   0.002 s avg)
     cft3         :     4.01s CPU (     136 calls,   0.029 s avg)
     cft3s        :    31.61s CPU (    8546 calls,   0.004 s avg)
     interpolate  :     1.75s CPU (      38 calls,   0.046 s avg)
     davcio       :     0.28s CPU (     456 calls,   0.001 s avg)
 
