
     Program PWSCF     v.4.0cvs starts ...
     Today is 21Dec2007 at  5:51:40 

     Ultrasoft (Vanderbilt) Pseudopotentials and PAW

     Current dimensions of program pwscf are:
     Max number of different atomic species (ntypx) = 10
     Max number of k-points (npk) =  40000
     Max angular momentum in pseudopotentials (lmaxx) =  3


     bravais-lattice index     =            0
     lattice parameter (a_0)   =       8.1900  a.u.
     unit-cell volume          =     274.6766 (a.u.)^3
     number of atoms/cell      =            4
     number of atomic types    =            3
     number of electrons       =        28.00
     number of Kohn-Sham states=           20
     kinetic-energy cutoff     =      30.0000  Ry
     charge density cutoff     =     240.0000  Ry
     convergence threshold     =      1.0E-06
     mixing beta               =       0.3000
     number of iterations used =            8  plain     mixing
     Exchange-correlation      =  SLA  PZ   NOGX NOGC (1100)

     celldm(1)=   8.190000  celldm(2)=   0.000000  celldm(3)=   0.000000
     celldm(4)=   0.000000  celldm(5)=   0.000000  celldm(6)=   0.000000

     crystal axes: (cart. coord. in units of a_0)
               a(1) = (  0.500000  0.500000  1.000000 )  
               a(2) = (  0.500000  1.000000  0.500000 )  
               a(3) = (  1.000000  0.500000  0.500000 )  

     reciprocal axes: (cart. coord. in units 2 pi/a_0)
               b(1) = ( -0.500000 -0.500000  1.500000 )  
               b(2) = ( -0.500000  1.500000 -0.500000 )  
               b(3) = (  1.500000 -0.500000 -0.500000 )  


     PseudoPot. # 1 for O  read from file O.pz-rrkjus.UPF
     Pseudo is Ultrasoft, Zval =  6.0
     Generated by new atomic code, or converted to UPF format
     Using radial grid of 1269 points,  4 beta functions with: 
                l(1) =   0
                l(2) =   0
                l(3) =   1
                l(4) =   1
     Q(r) pseudized with 0 coefficients 


     PseudoPot. # 2 for Fe read from file Fe.pz-nd-rrkjus.UPF
     Pseudo is Ultrasoft + core correction, Zval =  8.0
     Generated by new atomic code, or converted to UPF format
     Using radial grid of  957 points,  6 beta functions with: 
                l(1) =   0
                l(2) =   0
                l(3) =   1
                l(4) =   1
                l(5) =   2
                l(6) =   2
     Q(r) pseudized with 0 coefficients 


     PseudoPot. # 3 for Fe read from file Fe.pz-nd-rrkjus.UPF
     Pseudo is Ultrasoft + core correction, Zval =  8.0
     Generated by new atomic code, or converted to UPF format
     Using radial grid of  957 points,  6 beta functions with: 
                l(1) =   0
                l(2) =   0
                l(3) =   1
                l(4) =   1
                l(5) =   2
                l(6) =   2
     Q(r) pseudized with 0 coefficients 


     atomic species   valence    mass     pseudopotential
        O1             6.00     1.00000     O ( 1.00)
        Fe1            8.00     1.00000     Fe( 1.00)
        Fe2            8.00     1.00000     Fe( 1.00)

     Starting magnetic structure 
     atomic species   magnetization
        O1           0.000
        Fe1          0.500
        Fe2         -0.500

     LDA+U calculation, Hubbard_lmax = 2
     atomic species  L   Hubbard U  Hubbard alpha
        Fe1          2    0.316044    0.000000
        Fe2          2    0.316044    0.000000

     12 Sym.Ops. (with inversion)


   Cartesian axes

     site n.     atom                  positions (a_0 units)
         1           O1  tau(  1) = (   0.5000000   0.5000000   0.5000000  )
         2           O1  tau(  2) = (   1.5000000   1.5000000   1.5000000  )
         3           Fe1 tau(  3) = (   0.0000000   0.0000000   0.0000000  )
         4           Fe2 tau(  4) = (   1.0000000   1.0000000   1.0000000  )

     number of k points=    8  gaussian broad. (Ry)=  0.0100     ngauss =   0
                       cart. coord. in units 2pi/a_0
        k(    1) = (   0.0000000   0.0000000   0.0000000), wk =   0.1250000
        k(    2) = (  -0.7500000   0.2500000   0.2500000), wk =   0.3750000
        k(    3) = (  -0.5000000  -0.5000000   0.5000000), wk =   0.3750000
        k(    4) = (  -0.2500000  -0.2500000  -0.2500000), wk =   0.1250000
        k(    5) = (   0.0000000   0.0000000   0.0000000), wk =   0.1250000
        k(    6) = (  -0.7500000   0.2500000   0.2500000), wk =   0.3750000
        k(    7) = (  -0.5000000  -0.5000000   0.5000000), wk =   0.3750000
        k(    8) = (  -0.2500000  -0.2500000  -0.2500000), wk =   0.1250000

     G cutoff =  407.7738  (  17255 G-vectors)     FFT grid: ( 50, 50, 50)
     G cutoff =  203.8869  (   6111 G-vectors)  smooth grid: ( 36, 36, 36)

     Largest allocated arrays     est. size (Mb)     dimensions
        Kohn-Sham Wavefunctions         0.24 Mb     (    780,  20)
        Atomic wavefunctions            0.24 Mb     (    780,  20)
        NL pseudopotentials             0.62 Mb     (    780,  52)
        Each V/rho on FFT grid          3.81 Mb     ( 125000,   2)
        Each G-vector array             0.13 Mb     (  17255)
        G-vector shells                 0.00 Mb     (    342)
     Largest temporary arrays     est. size (Mb)     dimensions
        Auxiliary wavefunctions         0.95 Mb     (    780,  80)
        Each subspace H/S matrix        0.10 Mb     (     80,  80)
        Each <psi_i|beta_j> matrix      0.02 Mb     (     52,  20)
        Arrays for rho mixing          15.26 Mb     ( 125000,   8)

     Check: negative/imaginary core charge=   -0.000003    0.000000

     Initial potential from superposition of free atoms

     starting charge   27.99905, renormalised to   28.00000

     Parameters of the lda+U calculation:
     Number of iteration with fixed ns =  0
     Starting ns and Hubbard U :
 enter write_ns
U( 1) =  0.0000      U( 2) =  4.3000      U( 3) =  4.3000
alpha( 1) =  0.0000      alpha( 2) =  0.0000      alpha( 3) =  0.0000
atom  3   Tr[ns(na)]=   6.0000000
atom  3  spin  1
eigenvalues:  1.0000000 1.0000000 1.0000000 1.0000000 1.0000000
 eigenvectors
 1   1.0000000  0.0000000  0.0000000  0.0000000  0.0000000
 2   0.0000000  1.0000000  0.0000000  0.0000000  0.0000000
 3   0.0000000  0.0000000  1.0000000  0.0000000  0.0000000
 4   0.0000000  0.0000000  0.0000000  1.0000000  0.0000000
 5   0.0000000  0.0000000  0.0000000  0.0000000  1.0000000
 occupations
 1.000  0.000  0.000  0.000  0.000
 0.000  1.000  0.000  0.000  0.000
 0.000  0.000  1.000  0.000  0.000
 0.000  0.000  0.000  1.000  0.000
 0.000  0.000  0.000  0.000  1.000
atom  3  spin  2
eigenvalues:  0.2000000 0.2000000 0.2000000 0.2000000 0.2000000
 eigenvectors
 1   1.0000000  0.0000000  0.0000000  0.0000000  0.0000000
 2   0.0000000  1.0000000  0.0000000  0.0000000  0.0000000
 3   0.0000000  0.0000000  1.0000000  0.0000000  0.0000000
 4   0.0000000  0.0000000  0.0000000  1.0000000  0.0000000
 5   0.0000000  0.0000000  0.0000000  0.0000000  1.0000000
 occupations
 0.200  0.000  0.000  0.000  0.000
 0.000  0.200  0.000  0.000  0.000
 0.000  0.000  0.200  0.000  0.000
 0.000  0.000  0.000  0.200  0.000
 0.000  0.000  0.000  0.000  0.200
atom  4   Tr[ns(na)]=   6.0000000
atom  4  spin  1
eigenvalues:  0.2000000 0.2000000 0.2000000 0.2000000 0.2000000
 eigenvectors
 1   1.0000000  0.0000000  0.0000000  0.0000000  0.0000000
 2   0.0000000  1.0000000  0.0000000  0.0000000  0.0000000
 3   0.0000000  0.0000000  1.0000000  0.0000000  0.0000000
 4   0.0000000  0.0000000  0.0000000  1.0000000  0.0000000
 5   0.0000000  0.0000000  0.0000000  0.0000000  1.0000000
 occupations
 0.200  0.000  0.000  0.000  0.000
 0.000  0.200  0.000  0.000  0.000
 0.000  0.000  0.200  0.000  0.000
 0.000  0.000  0.000  0.200  0.000
 0.000  0.000  0.000  0.000  0.200
atom  4  spin  2
eigenvalues:  1.0000000 1.0000000 1.0000000 1.0000000 1.0000000
 eigenvectors
 1   1.0000000  0.0000000  0.0000000  0.0000000  0.0000000
 2   0.0000000  1.0000000  0.0000000  0.0000000  0.0000000
 3   0.0000000  0.0000000  1.0000000  0.0000000  0.0000000
 4   0.0000000  0.0000000  0.0000000  1.0000000  0.0000000
 5   0.0000000  0.0000000  0.0000000  0.0000000  1.0000000
 occupations
 1.000  0.000  0.000  0.000  0.000
 0.000  1.000  0.000  0.000  0.000
 0.000  0.000  1.000  0.000  0.000
 0.000  0.000  0.000  1.000  0.000
 0.000  0.000  0.000  0.000  1.000
nsum =  12.0000000
 exit write_ns
 Atomic wfc used for LDA+U Projector are NOT orthogonalized
     Starting wfc are   20 atomic wfcs

     total cpu time spent up to now is      8.38 secs

     per-process dynamical memory:    25.1 Mb

     Self-consistent Calculation

     iteration #  1     ecut=    30.00 Ry     beta=0.30
     Davidson diagonalization with overlap
     ethr =  1.00E-02,  avg # of iterations =  3.2
 enter write_ns
U( 1) =  0.0000      U( 2) =  4.3000      U( 3) =  4.3000
alpha( 1) =  0.0000      alpha( 2) =  0.0000      alpha( 3) =  0.0000
atom  3   Tr[ns(na)]=   6.1226789
atom  3  spin  1
eigenvalues:  0.9969552 0.9969552 1.0025536 1.0025536 1.0030281
 eigenvectors
 1  -0.7774829  0.3399003  0.1331404 -0.1961996  0.4730406
 2  -0.1961996 -0.3499788  0.4693517  0.7774829  0.1193729
 3  -0.5016106  0.0332773 -0.5829040  0.3246734 -0.5496267
 4   0.3246734  0.6538669 -0.2981145  0.5016106  0.3557524
 5   0.0000000 -0.5773503 -0.5773503  0.0000000  0.5773503
 occupations
 0.999  0.001  0.001  0.000  0.002
 0.001  1.001  0.001  0.002 -0.001
 0.001  0.001  1.001 -0.002 -0.001
 0.000  0.002 -0.002  0.999  0.000
 0.002 -0.001 -0.001  0.000  1.001
atom  3  spin  2
eigenvalues:  0.1553851 0.1553851 0.2567868 0.2765381 0.2765381
 eigenvectors
 1   0.9946672  0.0392190  0.0324937  0.0538552  0.0717127
 2   0.0538552 -0.0601636  0.0640464 -0.9946672  0.0038828
 3   0.0000000 -0.5773503 -0.5773503  0.0000000  0.5773503
 4  -0.0020599  0.7136968 -0.6946491 -0.0879343  0.0190477
 5   0.0879343 -0.3900586 -0.4230502 -0.0020599 -0.8131089
 occupations
 0.156 -0.004 -0.004  0.000 -0.009
-0.004  0.269 -0.006 -0.008  0.006
-0.004 -0.006  0.269  0.008  0.006
 0.000 -0.008  0.008  0.156  0.000
-0.009  0.006  0.006  0.000  0.269
atom  4   Tr[ns(na)]=   6.1226789
atom  4  spin  1
eigenvalues:  0.1553851 0.1553851 0.2567868 0.2765381 0.2765381
 eigenvectors
 1   0.9862178  0.0443015  0.0268020  0.1401349  0.0711035
 2   0.1401349 -0.0565258  0.0666291 -0.9862178  0.0101033
 3   0.0000000 -0.5773503 -0.5773503  0.0000000  0.5773503
 4  -0.0048765  0.7258287 -0.6807370 -0.0878232  0.0450917
 5   0.0878232 -0.3669900 -0.4450911 -0.0048765 -0.8120810
 occupations
 0.156 -0.004 -0.004  0.000 -0.009
-0.004  0.269 -0.006 -0.008  0.006
-0.004 -0.006  0.269  0.008  0.006
 0.000 -0.008  0.008  0.156  0.000
-0.009  0.006  0.006  0.000  0.269
atom  4  spin  2
eigenvalues:  0.9969552 0.9969552 1.0025536 1.0025536 1.0030281
 eigenvectors
 1  -0.7793850  0.3364229  0.1377750 -0.1885020  0.4741979
 2  -0.1885020 -0.3533227  0.4680122  0.7793850  0.1146895
 3   0.5908223  0.2390538  0.4083243 -0.0891907  0.6473782
 4   0.0891907  0.6095101 -0.5117817  0.5908223  0.0977284
 5   0.0000000  0.5773503  0.5773503  0.0000000 -0.5773503
 occupations
 0.999  0.001  0.001  0.000  0.002
 0.001  1.001  0.001  0.002 -0.001
 0.001  0.001  1.001 -0.002 -0.001
 0.000  0.002 -0.002  0.999  0.000
 0.002 -0.001 -0.001  0.000  1.001
nsum =  12.2453578
 exit write_ns
 Modify starting ns matrices according to input values 
 enter write_ns
U( 1) =  0.0000      U( 2) =  4.3000      U( 3) =  4.3000
alpha( 1) =  0.0000      alpha( 2) =  0.0000      alpha( 3) =  0.0000
atom  3   Tr[ns(na)]=   6.8658921
atom  3  spin  1
eigenvalues:  0.9969552 0.9969552 1.0025536 1.0025536 1.0030281
 eigenvectors
 1  -0.7957264  0.2942146  0.1899259 -0.0989622  0.4841404
 2  -0.0989622 -0.3891724  0.4493835  0.7957264  0.0602111
 3   0.5782257  0.1738777  0.4596981 -0.1506023  0.6335757
 4  -0.1506023 -0.6312019  0.4661834 -0.5782257 -0.1650185
 5   0.0000000 -0.5773503 -0.5773503  0.0000000  0.5773503
 occupations
 0.999  0.001  0.001  0.000  0.002
 0.001  1.001  0.001  0.002 -0.001
 0.001  0.001  1.001 -0.002 -0.001
 0.000  0.002 -0.002  0.999  0.000
 0.002 -0.001 -0.001  0.000  1.001
atom  3  spin  2
eigenvalues:  0.1553851 0.1553851 0.2765381 0.2765381 1.0000000
 eigenvectors
 1  -0.9937220 -0.0315055 -0.0401390  0.0691364 -0.0716446
 2  -0.0691364 -0.0645383  0.0595537 -0.9937220 -0.0049845
 3  -0.0149173 -0.6251942  0.7631310  0.0866843  0.1379368
 4   0.0866843 -0.5202317 -0.2813182  0.0149173 -0.8015500
 5   0.0000000 -0.5773503 -0.5773503  0.0000000  0.5773503
 occupations
 0.156 -0.004 -0.004  0.000 -0.009
-0.004  0.517  0.241 -0.008 -0.241
-0.004  0.241  0.517  0.008 -0.241
 0.000 -0.008  0.008  0.156  0.000
-0.009 -0.241 -0.241  0.000  0.517
atom  4   Tr[ns(na)]=   6.8658921
atom  4  spin  1
eigenvalues:  0.1553851 0.1553851 0.2765381 0.2765381 1.0000000
 eigenvectors
 1   0.9842680  0.0450489  0.0259140  0.1532311  0.0709630
 2   0.1532311 -0.0559320  0.0669795 -0.9842680  0.0110475
 3   0.0000000 -0.7043661  0.7043661  0.0879584  0.0000000
 4  -0.0879584  0.4066660  0.4066660  0.0000000  0.8133320
 5   0.0000000 -0.5773503 -0.5773503  0.0000000  0.5773503
 occupations
 0.156 -0.004 -0.004  0.000 -0.009
-0.004  0.517  0.241 -0.008 -0.241
-0.004  0.241  0.517  0.008 -0.241
 0.000 -0.008  0.008  0.156  0.000
-0.009 -0.241 -0.241  0.000  0.517
atom  4  spin  2
eigenvalues:  0.9969552 0.9969552 1.0025536 1.0025536 1.0030281
 eigenvectors
 1  -0.7856167  0.3235972  0.1543922 -0.1605629  0.4779894
 2  -0.1605629 -0.3651057  0.4627963  0.7856167  0.0976906
 3   0.5940198  0.2641892  0.3866925 -0.0645485  0.6508817
 4  -0.0645485 -0.5990437  0.5283164 -0.5940198 -0.0707273
 5   0.0000000 -0.5773503 -0.5773503  0.0000000  0.5773503
 occupations
 0.999  0.001  0.001  0.000  0.002
 0.001  1.001  0.001  0.002 -0.001
 0.001  0.001  1.001 -0.002 -0.001
 0.000  0.002 -0.002  0.999  0.000
 0.002 -0.001 -0.001  0.000  1.001
nsum =  13.7317842
 exit write_ns

     total cpu time spent up to now is     16.78 secs

     total energy              =  -173.97410128 Ry
     Harris-Foulkes estimate   =  -174.94035764 Ry
     estimated scf accuracy    <     2.60464523 Ry

     total magnetization       =     0.00 Bohr mag/cell
     absolute magnetization    =     8.54 Bohr mag/cell

     iteration #  2     ecut=    30.00 Ry     beta=0.30
     Davidson diagonalization with overlap
     ethr =  9.30E-03,  avg # of iterations =  2.0

     total cpu time spent up to now is     25.00 secs

     total energy              =  -174.45336983 Ry
     Harris-Foulkes estimate   =  -174.46234757 Ry
     estimated scf accuracy    <     0.25991444 Ry

     total magnetization       =     0.00 Bohr mag/cell
     absolute magnetization    =     7.21 Bohr mag/cell

     iteration #  3     ecut=    30.00 Ry     beta=0.30
     Davidson diagonalization with overlap
     ethr =  9.28E-04,  avg # of iterations =  1.2

     total cpu time spent up to now is     32.74 secs

     total energy              =  -174.51122922 Ry
     Harris-Foulkes estimate   =  -174.47289444 Ry
     estimated scf accuracy    <     0.10737175 Ry

     total magnetization       =     0.00 Bohr mag/cell
     absolute magnetization    =     7.36 Bohr mag/cell

     iteration #  4     ecut=    30.00 Ry     beta=0.30
     Davidson diagonalization with overlap
     ethr =  3.83E-04,  avg # of iterations =  1.5

     total cpu time spent up to now is     40.49 secs

     total energy              =  -174.53386789 Ry
     Harris-Foulkes estimate   =  -174.52520132 Ry
     estimated scf accuracy    <     0.01388344 Ry

     total magnetization       =     0.00 Bohr mag/cell
     absolute magnetization    =     7.33 Bohr mag/cell

     iteration #  5     ecut=    30.00 Ry     beta=0.30
     Davidson diagonalization with overlap
     ethr =  4.96E-05,  avg # of iterations =  2.5

     total cpu time spent up to now is     48.48 secs

     total energy              =  -174.53663641 Ry
     Harris-Foulkes estimate   =  -174.53571105 Ry
     estimated scf accuracy    <     0.00220323 Ry

     total magnetization       =     0.00 Bohr mag/cell
     absolute magnetization    =     7.32 Bohr mag/cell

     iteration #  6     ecut=    30.00 Ry     beta=0.30
     Davidson diagonalization with overlap
     ethr =  7.87E-06,  avg # of iterations =  2.2

     total cpu time spent up to now is     56.41 secs

     total energy              =  -174.53723792 Ry
     Harris-Foulkes estimate   =  -174.53688482 Ry
     estimated scf accuracy    <     0.00057462 Ry

     total magnetization       =     0.00 Bohr mag/cell
     absolute magnetization    =     7.31 Bohr mag/cell

     iteration #  7     ecut=    30.00 Ry     beta=0.30
     Davidson diagonalization with overlap
     ethr =  2.05E-06,  avg # of iterations =  2.5

     total cpu time spent up to now is     64.40 secs

     total energy              =  -174.53737226 Ry
     Harris-Foulkes estimate   =  -174.53737576 Ry
     estimated scf accuracy    <     0.00004425 Ry

     total magnetization       =     0.00 Bohr mag/cell
     absolute magnetization    =     7.32 Bohr mag/cell

     iteration #  8     ecut=    30.00 Ry     beta=0.30
     Davidson diagonalization with overlap
     ethr =  1.58E-07,  avg # of iterations =  3.2

     total cpu time spent up to now is     73.62 secs

     total energy              =  -174.53740980 Ry
     Harris-Foulkes estimate   =  -174.53739185 Ry
     estimated scf accuracy    <     0.00002335 Ry

     total magnetization       =     0.00 Bohr mag/cell
     absolute magnetization    =     7.32 Bohr mag/cell

     iteration #  9     ecut=    30.00 Ry     beta=0.30
     Davidson diagonalization with overlap
     ethr =  8.34E-08,  avg # of iterations =  1.2

     total cpu time spent up to now is     81.34 secs

     total energy              =  -174.53741464 Ry
     Harris-Foulkes estimate   =  -174.53741302 Ry
     estimated scf accuracy    <     0.00000112 Ry

     total magnetization       =     0.00 Bohr mag/cell
     absolute magnetization    =     7.31 Bohr mag/cell

     iteration # 10     ecut=    30.00 Ry     beta=0.30
     Davidson diagonalization with overlap
     ethr =  4.01E-09,  avg # of iterations =  3.5

     total cpu time spent up to now is     90.31 secs

     End of self-consistent calculation
 enter write_ns
U( 1) =  0.0000      U( 2) =  4.3000      U( 3) =  4.3000
alpha( 1) =  0.0000      alpha( 2) =  0.0000      alpha( 3) =  0.0000
atom  3   Tr[ns(na)]=   6.7659840
atom  3  spin  1
eigenvalues:  0.9940242 0.9940242 1.0012173 1.0012173 1.0019610
 eigenvectors
 1   0.9386948 -0.1584546 -0.0833734  0.1682627 -0.2418280
 2   0.1682627  0.1877552 -0.2311033 -0.9386948 -0.0433481
 3  -0.1246710 -0.7750424  0.4524218 -0.2738556 -0.3226206
 4   0.2738556  0.0749408  0.6337360 -0.1246710  0.7086768
 5   0.0000000  0.5773503  0.5773503  0.0000000 -0.5773503
 occupations
 0.995  0.001  0.001  0.000  0.002
 0.001  1.001  0.000  0.001  0.000
 0.001  0.000  1.001 -0.001  0.000
 0.000  0.001 -0.001  0.995  0.000
 0.002  0.000  0.000  0.000  1.001
atom  3  spin  2
eigenvalues:  0.1021989 0.1021989 0.2925642 0.2925642 0.9840138
 eigenvectors
 1   0.0785403  0.0131495 -0.7106194 -0.0470551 -0.6974700
 2   0.0470551 -0.8129608  0.3950926  0.0785403 -0.4178682
 3   0.9628620  0.0526551  0.0196285  0.2539960  0.0722836
 4  -0.2539960  0.0530655 -0.0721334  0.9628620 -0.0190679
 5   0.0000000 -0.5773503 -0.5773503  0.0000000  0.5773503
 occupations
 0.291  0.007  0.007  0.000  0.014
 0.007  0.397  0.293  0.012 -0.293
 0.007  0.293  0.397 -0.012 -0.293
 0.000  0.012 -0.012  0.291  0.000
 0.014 -0.293 -0.293  0.000  0.397
atom  4   Tr[ns(na)]=   6.7659840
atom  4  spin  1
eigenvalues:  0.1021989 0.1021989 0.2925642 0.2925642 0.9840138
 eigenvectors
 1   0.0019560  0.6952909 -0.7126613 -0.0915365 -0.0173703
 2   0.0915365 -0.4214839 -0.3913976  0.0019560 -0.8128816
 3  -0.9750478 -0.0497473 -0.0234511 -0.2022349 -0.0731984
 4  -0.2022349  0.0558007 -0.0709828  0.9750478 -0.0151821
 5   0.0000000 -0.5773503 -0.5773503  0.0000000  0.5773503
 occupations
 0.291  0.007  0.007  0.000  0.014
 0.007  0.397  0.293  0.012 -0.293
 0.007  0.293  0.397 -0.012 -0.293
 0.000  0.012 -0.012  0.291  0.000
 0.014 -0.293 -0.293  0.000  0.397
atom  4  spin  2
eigenvalues:  0.9940242 0.9940242 1.0012173 1.0012173 1.0019610
 eigenvectors
 1  -0.9305301  0.1664344  0.0732902 -0.2087435  0.2397247
 2  -0.2087435 -0.1807192  0.2344961  0.9305301  0.0537768
 3  -0.0520304  0.5968573 -0.7315004  0.2963657 -0.1346431
 4   0.2963657  0.5000682  0.2668595  0.0520304  0.7669277
 5   0.0000000 -0.5773503 -0.5773503  0.0000000  0.5773503
 occupations
 0.995  0.001  0.001  0.000  0.002
 0.001  1.001  0.000  0.001  0.000
 0.001  0.000  1.001 -0.001  0.000
 0.000  0.001 -0.001  0.995  0.000
 0.002  0.000  0.000  0.000  1.001
nsum =  13.5319680
 exit write_ns

 ------ SPIN UP ------------


          k = 0.0000 0.0000 0.0000 (   731 PWs)   bands (ev):

    -8.7191  -7.4686   1.4530   3.6647   3.6647   5.4897   5.4897   6.8742
     7.8272   7.8796   7.8796   8.4597   8.4597   9.8921  11.5962  12.5866
    12.5866  13.4549  13.4549  20.0155

          k =-0.7500 0.2500 0.2500 (   764 PWs)   bands (ev):

    -8.0115  -7.3315   2.4598   3.6249   4.1636   4.2251   5.5876   5.6550
     6.2721   6.5390   7.3470   8.7896   9.2130   9.4785  12.5148  12.7492
    13.3329  13.6656  17.3707  17.6640

          k =-0.5000-0.5000 0.5000 (   780 PWs)   bands (ev):

    -7.8314  -7.4842   1.8597   4.1301   4.1644   4.2152   5.6548   5.6835
     6.6615   6.6845   7.2432   8.6735   8.8898   9.7818  12.5727  12.8525
    13.7795  13.8683  15.3275  16.7002

          k =-0.2500-0.2500-0.2500 (   748 PWs)   bands (ev):

    -8.2031  -8.1501   3.4508   3.7653   3.7653   4.2973   5.5356   5.5356
     6.9739   6.9739   7.8700   9.4387   9.4387   9.5136  12.5354  12.5354
    13.1778  13.1778  14.1101  14.3870

 ------ SPIN DOWN ----------


          k = 0.0000 0.0000 0.0000 (   731 PWs)   bands (ev):

    -8.7191  -7.4686   1.4530   3.6647   3.6647   5.4897   5.4897   6.8742
     7.8272   7.8796   7.8796   8.4597   8.4597   9.8921  11.5962  12.5866
    12.5866  13.4549  13.4549  20.0155

          k =-0.7500 0.2500 0.2500 (   764 PWs)   bands (ev):

    -8.0115  -7.3315   2.4598   3.6249   4.1636   4.2251   5.5876   5.6550
     6.2721   6.5390   7.3470   8.7896   9.2130   9.4785  12.5148  12.7492
    13.3329  13.6656  17.3707  17.6640

          k =-0.5000-0.5000 0.5000 (   780 PWs)   bands (ev):

    -7.8314  -7.4842   1.8597   4.1301   4.1644   4.2152   5.6548   5.6835
     6.6615   6.6845   7.2432   8.6735   8.8898   9.7818  12.5727  12.8525
    13.7795  13.8683  15.3275  16.7002

          k =-0.2500-0.2500-0.2500 (   748 PWs)   bands (ev):

    -8.2031  -8.1501   3.4508   3.7653   3.7653   4.2973   5.5356   5.5356
     6.9739   6.9739   7.8700   9.4387   9.4387   9.5136  12.5354  12.5354
    13.1778  13.1778  14.1101  14.3870

     the Fermi energy is    10.6805 ev

!    total energy              =  -174.53741681 Ry
     Harris-Foulkes estimate   =  -174.53741512 Ry
     estimated scf accuracy    <     0.00000023 Ry

     The total energy is the sum of the following terms:

     one-electron contribution =     0.53991839 Ry
     hartree contribution      =    28.09152365 Ry
     xc contribution           =   -65.85571880 Ry
     ewald contribution        =  -137.50929535 Ry
     Hubbard energy            =     0.19615529 Ry
     smearing contrib. (-TS)   =     0.00000000 Ry

     total magnetization       =     0.00 Bohr mag/cell
     absolute magnetization    =     7.32 Bohr mag/cell

     convergence has been achieved in  10 iterations

     Forces acting on atoms (Ry/au):

     atom   1 type  1   force =     0.00000000    0.00000000    0.00000000
     atom   2 type  1   force =     0.00000000    0.00000000    0.00000000
     atom   3 type  2   force =     0.00000000    0.00000000    0.00000000
     atom   4 type  3   force =     0.00000000    0.00000000    0.00000000

     Total force =     0.000000     Total SCF correction =     0.000000


     entering subroutine stress ...

          total   stress  (Ry/bohr**3)                   (kbar)     P=  -86.46
  -0.00058773  -0.00024656  -0.00024656        -86.46    -36.27    -36.27
  -0.00024656  -0.00058773  -0.00024656        -36.27    -86.46    -36.27
  -0.00024656  -0.00024656  -0.00058773        -36.27    -36.27    -86.46


     Writing output data file feo_af.save
 
     PWSCF        :  1m46.06s CPU time,     1m54.32s wall time

     init_run     :     8.17s CPU
     electrons    :    81.93s CPU
     forces       :     3.35s CPU
     stress       :    12.23s CPU

     Called by init_run:
     wfcinit      :     1.91s CPU
     potinit      :     0.42s CPU

     Called by electrons:
     c_bands      :    44.81s CPU (      10 calls,   4.481 s avg)
     sum_band     :    24.90s CPU (      10 calls,   2.490 s avg)
     v_of_rho     :     1.29s CPU (      11 calls,   0.117 s avg)
     newd         :     9.00s CPU (      11 calls,   0.818 s avg)
     mix_rho      :     1.43s CPU (      10 calls,   0.143 s avg)

     Called by c_bands:
     init_us_2    :     0.53s CPU (     272 calls,   0.002 s avg)
     cegterg      :    44.08s CPU (      80 calls,   0.551 s avg)

     Called by *egterg:
     h_psi        :    43.12s CPU (     274 calls,   0.157 s avg)
     s_psi        :     0.97s CPU (     362 calls,   0.003 s avg)
     g_psi        :     0.10s CPU (     186 calls,   0.001 s avg)
     cdiaghg      :     0.73s CPU (     266 calls,   0.003 s avg)

     Called by h_psi:
     add_vuspsi   :     0.61s CPU (     274 calls,   0.002 s avg)

     General routines
     calbec       :     1.02s CPU (     458 calls,   0.002 s avg)
     cft3         :     5.07s CPU (     167 calls,   0.030 s avg)
     cft3s        :    43.30s CPU (    9122 calls,   0.005 s avg)
     interpolate  :     1.73s CPU (      42 calls,   0.041 s avg)
     davcio       :     0.00s CPU (     768 calls,   0.000 s avg)
 
