
     Program PWSCF     v.3.1.1  starts ...
     Today is  4Jul2006 at 15:19:42 

     Ultrasoft (Vanderbilt) Pseudopotentials

     Current dimensions of program pwscf are:

     ntypx = 10   npk = 40000  lmax =  3
     nchix =  6  ndmx =  2000  nbrx = 14  nqfx =  8
  HUBBARD L FOR TYPE Fe IS            2
  HUBBARD L FOR TYPE Fe IS            2
  MAXIMUM HUBBARD L IS            2


     bravais-lattice index     =            0
     lattice parameter (a_0)   =       8.1900  a.u.
     unit-cell volume          =     274.6766 (a.u.)^3
     number of atoms/cell      =            4
     number of atomic types    =            3
     kinetic-energy cutoff     =      30.0000  Ry
     charge density cutoff     =     240.0000  Ry
     convergence threshold     =      1.0E-06
     beta                      =       0.3000
     number of iterations used =            8  plain     mixing
     Exchange-correlation      =  SLA  PZ   NOGX NOGC (1100)
     celldm(1)=   8.190000  celldm(2)=   0.000000  celldm(3)=   0.000000
     celldm(4)=   0.000000  celldm(5)=   0.000000  celldm(6)=   0.000000

     crystal axes: (cart. coord. in units of a_0)
               a(1) = (  0.500000  0.500000  1.000000 )  
               a(2) = (  0.500000  1.000000  0.500000 )  
               a(3) = (  1.000000  0.500000  0.500000 )  

     reciprocal axes: (cart. coord. in units 2 pi/a_0)
               b(1) = ( -0.500000 -0.500000  1.500000 )  
               b(2) = ( -0.500000  1.500000 -0.500000 )  
               b(3) = (  1.500000 -0.500000 -0.500000 )  


     PSEUDO 1 is O  (US)    zval =  6.0   lmax= 2   lloc= 0
     Version   0  0  0 of US pseudo code
     Using log mesh of  1269 points
     The pseudopotential has  4 beta functions with: 
                l(1) =   0
                l(2) =   0
                l(3) =   1
                l(4) =   1
     Q(r) pseudized with  0 coefficients,  rinner =    0.000   0.000   0.000
                                                       0.000   0.000

     PSEUDO 2 is Fe (US)    zval =  8.0   lmax= 2   lloc= 0
     Version   0  0  0 of US pseudo code
     Using log mesh of   957 points
     The pseudopotential has  6 beta functions with: 
                l(1) =   0
                l(2) =   0
                l(3) =   1
                l(4) =   1
                l(5) =   2
                l(6) =   2
     Q(r) pseudized with  0 coefficients,  rinner =    0.000   0.000   0.000
                                                       0.000   0.000

     PSEUDO 3 is Fe (US)    zval =  8.0   lmax= 2   lloc= 0
     Version   0  0  0 of US pseudo code
     Using log mesh of   957 points
     The pseudopotential has  6 beta functions with: 
                l(1) =   0
                l(2) =   0
                l(3) =   1
                l(4) =   1
                l(5) =   2
                l(6) =   2
     Q(r) pseudized with  0 coefficients,  rinner =    0.000   0.000   0.000
                                                       0.000   0.000

     atomic species   valence    mass     pseudopotential
        O1             6.00     1.00000     O ( 1.00)
        Fe1            8.00     1.00000     Fe( 1.00)
        Fe2            8.00     1.00000     Fe( 1.00)

     Starting magnetic structure 
     atomic species   magnetization
        O1           0.000
        Fe1          0.500
        Fe2         -0.500

     12 Sym.Ops. (with inversion)


   Cartesian axes

     site n.     atom                  positions (a_0 units)
         1           O1  tau(  1) = (   0.5000000   0.5000000   0.5000000  )
         2           O1  tau(  2) = (   1.5000000   1.5000000   1.5000000  )
         3           Fe1 tau(  3) = (   0.0000000   0.0000000   0.0000000  )
         4           Fe2 tau(  4) = (   1.0000000   1.0000000   1.0000000  )

     number of k points=    8  gaussian broad. (ryd)=  0.0100     ngauss =   0
                       cart. coord. in units 2pi/a_0
        k(    1) = (   0.0000000   0.0000000   0.0000000), wk =   0.1250000
        k(    2) = (  -0.7500000   0.2500000   0.2500000), wk =   0.3750000
        k(    3) = (  -0.5000000  -0.5000000   0.5000000), wk =   0.3750000
        k(    4) = (  -0.2500000  -0.2500000  -0.2500000), wk =   0.1250000
        k(    5) = (   0.0000000   0.0000000   0.0000000), wk =   0.1250000
        k(    6) = (  -0.7500000   0.2500000   0.2500000), wk =   0.3750000
        k(    7) = (  -0.5000000  -0.5000000   0.5000000), wk =   0.3750000
        k(    8) = (  -0.2500000  -0.2500000  -0.2500000), wk =   0.1250000

     G cutoff =  407.7738  (  17255 G-vectors)     FFT grid: ( 50, 50, 50)
     G cutoff =  203.8869  (   6111 G-vectors)  smooth grid: ( 36, 36, 36)

     nbndx  =    80  nbnd   =    20  natomwfc =    20  npwx   =     780
     nelec  =  28.00  nkb   =    52  ngl    =     342

     Check: negative/imaginary core charge=   -0.000003    0.000000

     Initial potential from superposition of free atoms

     starting charge   27.99905, renormalised to   28.00000

     Parameters of the lda+U calculation:
     Number of iteration with fixed ns =  0
     Starting ns and Hubbard U :
 enter write_ns
U( 1) =  0.0000      U( 2) =  4.3000      U( 3) =  4.3000
alpha( 1) =  0.0000      alpha( 2) =  0.0000      alpha( 3) =  0.0000
atom  3   Tr[ns(na)]=   6.0000000
atom  3  spin  1
eigenvalues:  1.0000000 1.0000000 1.0000000 1.0000000 1.0000000
 eigenvectors
 1   1.0000000  0.0000000  0.0000000  0.0000000  0.0000000
 2   0.0000000  1.0000000  0.0000000  0.0000000  0.0000000
 3   0.0000000  0.0000000  1.0000000  0.0000000  0.0000000
 4   0.0000000  0.0000000  0.0000000  1.0000000  0.0000000
 5   0.0000000  0.0000000  0.0000000  0.0000000  1.0000000
 occupations
 1.000  0.000  0.000  0.000  0.000
 0.000  1.000  0.000  0.000  0.000
 0.000  0.000  1.000  0.000  0.000
 0.000  0.000  0.000  1.000  0.000
 0.000  0.000  0.000  0.000  1.000
atom  3  spin  2
eigenvalues:  0.2000000 0.2000000 0.2000000 0.2000000 0.2000000
 eigenvectors
 1   1.0000000  0.0000000  0.0000000  0.0000000  0.0000000
 2   0.0000000  1.0000000  0.0000000  0.0000000  0.0000000
 3   0.0000000  0.0000000  1.0000000  0.0000000  0.0000000
 4   0.0000000  0.0000000  0.0000000  1.0000000  0.0000000
 5   0.0000000  0.0000000  0.0000000  0.0000000  1.0000000
 occupations
 0.200  0.000  0.000  0.000  0.000
 0.000  0.200  0.000  0.000  0.000
 0.000  0.000  0.200  0.000  0.000
 0.000  0.000  0.000  0.200  0.000
 0.000  0.000  0.000  0.000  0.200
atom  4   Tr[ns(na)]=   6.0000000
atom  4  spin  1
eigenvalues:  0.2000000 0.2000000 0.2000000 0.2000000 0.2000000
 eigenvectors
 1   1.0000000  0.0000000  0.0000000  0.0000000  0.0000000
 2   0.0000000  1.0000000  0.0000000  0.0000000  0.0000000
 3   0.0000000  0.0000000  1.0000000  0.0000000  0.0000000
 4   0.0000000  0.0000000  0.0000000  1.0000000  0.0000000
 5   0.0000000  0.0000000  0.0000000  0.0000000  1.0000000
 occupations
 0.200  0.000  0.000  0.000  0.000
 0.000  0.200  0.000  0.000  0.000
 0.000  0.000  0.200  0.000  0.000
 0.000  0.000  0.000  0.200  0.000
 0.000  0.000  0.000  0.000  0.200
atom  4  spin  2
eigenvalues:  1.0000000 1.0000000 1.0000000 1.0000000 1.0000000
 eigenvectors
 1   1.0000000  0.0000000  0.0000000  0.0000000  0.0000000
 2   0.0000000  1.0000000  0.0000000  0.0000000  0.0000000
 3   0.0000000  0.0000000  1.0000000  0.0000000  0.0000000
 4   0.0000000  0.0000000  0.0000000  1.0000000  0.0000000
 5   0.0000000  0.0000000  0.0000000  0.0000000  1.0000000
 occupations
 1.000  0.000  0.000  0.000  0.000
 0.000  1.000  0.000  0.000  0.000
 0.000  0.000  1.000  0.000  0.000
 0.000  0.000  0.000  1.000  0.000
 0.000  0.000  0.000  0.000  1.000
nsum =  12.0000000
 exit write_ns
 Atomic wfc used for LDA+U Projector are NOT orthogonalized
     Starting wfc are atomic

     total cpu time spent up to now is     10.43 secs

     Self-consistent Calculation

     iteration #  1     ecut=    30.00 ryd     beta=0.30
     Davidson diagonalization with overlap
     ethr =  1.00E-02,  avg # of iterations =  3.2
 enter write_ns
U( 1) =  0.0000      U( 2) =  4.3000      U( 3) =  4.3000
alpha( 1) =  0.0000      alpha( 2) =  0.0000      alpha( 3) =  0.0000
atom  3   Tr[ns(na)]=   6.1226804
atom  3  spin  1
eigenvalues:  0.9969552 0.9969552 1.0025536 1.0025536 1.0030281
 eigenvectors
 1  -0.3967945 -0.2464415  0.4878612  0.6967989  0.2414197
 2  -0.6967989  0.4210505  0.0028993 -0.3967945  0.4239498
 3   0.5809362  0.4509144  0.1856321  0.1397803  0.6365466
 4   0.1397803 -0.4746851  0.6278459 -0.5809362  0.1531608
 5   0.0000000  0.5773503  0.5773503  0.0000000 -0.5773503
 occupations
 0.999  0.001  0.001  0.000  0.002
 0.001  1.001  0.001  0.002 -0.001
 0.001  0.001  1.001 -0.002 -0.001
 0.000  0.002 -0.002  0.999  0.000
 0.002 -0.001 -0.001  0.000  1.001
atom  3  spin  2
eigenvalues:  0.1553854 0.1553854 0.2567875 0.2765383 0.2765383
 eigenvectors
 1  -0.3165810 -0.0703836  0.0475590 -0.9444786 -0.0228246
 2  -0.9444786 -0.0142804 -0.0538138  0.3165810 -0.0680942
 3   0.0000000 -0.5773503 -0.5773503  0.0000000  0.5773503
 4  -0.0875512  0.3370937  0.4724738  0.0084529  0.8095676
 5  -0.0084529  0.7401869 -0.6620252 -0.0875512  0.0781617
 occupations
 0.156 -0.004 -0.004  0.000 -0.009
-0.004  0.269 -0.006 -0.008  0.006
-0.004 -0.006  0.269  0.008  0.006
 0.000 -0.008  0.008  0.156  0.000
-0.009  0.006  0.006  0.000  0.269
atom  4   Tr[ns(na)]=   6.1226804
atom  4  spin  1
eigenvalues:  0.1553854 0.1553854 0.2567875 0.2765383 0.2765383
 eigenvectors
 1  -0.4392142 -0.0716567  0.0399906 -0.8940661 -0.0316661
 2  -0.8940661 -0.0048062 -0.0596534  0.4392142 -0.0644596
 3   0.0000000 -0.5773503 -0.5773503  0.0000000  0.5773503
 4  -0.0875011  0.3328265  0.4762776  0.0089568  0.8091041
 5  -0.0089568  0.7421155 -0.6592940 -0.0875011  0.0828215
 occupations
 0.156 -0.004 -0.004  0.000 -0.009
-0.004  0.269 -0.006 -0.008  0.006
-0.004 -0.006  0.269  0.008  0.006
 0.000 -0.008  0.008  0.156  0.000
-0.009  0.006  0.006  0.000  0.269
atom  4  spin  2
eigenvalues:  0.9969552 0.9969552 1.0025536 1.0025536 1.0030281
 eigenvectors
 1  -0.4299159 -0.2258624  0.4874340  0.6768655  0.2615715
 2  -0.6768655  0.4324385 -0.0206167 -0.4299159  0.4118219
 3   0.5843985  0.4383250  0.2020153  0.1245143  0.6403403
 4   0.1245143 -0.4863342  0.6227677 -0.5843985  0.1364335
 5   0.0000000  0.5773503  0.5773503  0.0000000 -0.5773503
 occupations
 0.999  0.001  0.001  0.000  0.002
 0.001  1.001  0.001  0.002 -0.001
 0.001  0.001  1.001 -0.002 -0.001
 0.000  0.002 -0.002  0.999  0.000
 0.002 -0.001 -0.001  0.000  1.001
nsum =  12.2453608
 exit write_ns
 Modify starting ns matrices according to input values 
 enter write_ns
U( 1) =  0.0000      U( 2) =  4.3000      U( 3) =  4.3000
alpha( 1) =  0.0000      alpha( 2) =  0.0000      alpha( 3) =  0.0000
atom  3   Tr[ns(na)]=   6.8658929
atom  3  spin  1
eigenvalues:  0.9969552 0.9969552 1.0025536 1.0025536 1.0030281
 eigenvectors
 1  -0.4347758 -0.2227446  0.4872730  0.6737541  0.2645284
 2  -0.6737541  0.4340527 -0.0241239 -0.4347758  0.4099288
 3   0.5825219  0.4453655  0.1929186  0.1330172  0.6382841
 4   0.1330172 -0.4798951  0.6256454 -0.5825219  0.1457503
 5   0.0000000  0.5773503  0.5773503  0.0000000 -0.5773503
 occupations
 0.999  0.001  0.001  0.000  0.002
 0.001  1.001  0.001  0.002 -0.001
 0.001  0.001  1.001 -0.002 -0.001
 0.000  0.002 -0.002  0.999  0.000
 0.002 -0.001 -0.001  0.000  1.001
atom  3  spin  2
eigenvalues:  0.1553854 0.1553854 0.2765383 0.2765383 1.0000000
 eigenvectors
 1   0.2909015  0.0699713 -0.0489981  0.9527012  0.0209732
 2   0.9527012  0.0161802  0.0525068 -0.2909015  0.0686870
 3  -0.0877352  0.3554941  0.4557746  0.0062613  0.8112687
 4  -0.0062613  0.7315277 -0.6736308 -0.0877352  0.0578969
 5   0.0000000 -0.5773503 -0.5773503  0.0000000  0.5773503
 occupations
 0.156 -0.004 -0.004  0.000 -0.009
-0.004  0.517  0.241 -0.008 -0.241
-0.004  0.241  0.517  0.008 -0.241
 0.000 -0.008  0.008  0.156  0.000
-0.009 -0.241 -0.241  0.000  0.517
atom  4   Tr[ns(na)]=   6.8658929
atom  4  spin  1
eigenvalues:  0.1553854 0.1553854 0.2765383 0.2765383 1.0000000
 eigenvectors
 1   0.3445295  0.0707772 -0.0459376  0.9346458  0.0248396
 2   0.9346458  0.0121809  0.0552043 -0.3445295  0.0673853
 3   0.0873947 -0.3244451 -0.4836747 -0.0099420 -0.8081198
 4   0.0099420 -0.7458179  0.6538866  0.0873947 -0.0919312
 5   0.0000000 -0.5773503 -0.5773503  0.0000000  0.5773503
 occupations
 0.156 -0.004 -0.004  0.000 -0.009
-0.004  0.517  0.241 -0.008 -0.241
-0.004  0.241  0.517  0.008 -0.241
 0.000 -0.008  0.008  0.156  0.000
-0.009 -0.241 -0.241  0.000  0.517
atom  4  spin  2
eigenvalues:  0.9969552 0.9969552 1.0025536 1.0025536 1.0030281
 eigenvectors
 1  -0.4788191 -0.1932469  0.4845724  0.6432005  0.2913255
 2  -0.6432005  0.4479649 -0.0566257 -0.4788191  0.3913392
 3   0.5849114  0.4362979  0.2046044  0.1220820  0.6409023
 4   0.1220820 -0.4881535  0.6219218 -0.5849114  0.1337683
 5   0.0000000  0.5773503  0.5773503  0.0000000 -0.5773503
 occupations
 0.999  0.001  0.001  0.000  0.002
 0.001  1.001  0.001  0.002 -0.001
 0.001  0.001  1.001 -0.002 -0.001
 0.000  0.002 -0.002  0.999  0.000
 0.002 -0.001 -0.001  0.000  1.001
nsum =  13.7317858
 exit write_ns

     total cpu time spent up to now is     22.66 secs

     total energy              =  -173.87440478 ryd
     estimated scf accuracy    <     2.60467829 ryd

     total magnetization       =     0.00 Bohr mag/cell
     absolute magnetization    =     8.54 Bohr mag/cell

     iteration #  2     ecut=    30.00 ryd     beta=0.30
     Davidson diagonalization with overlap
     ethr =  9.30E-03,  avg # of iterations =  2.0
 enter write_ns
U( 1) =  0.0000      U( 2) =  4.3000      U( 3) =  4.3000
alpha( 1) =  0.0000      alpha( 2) =  0.0000      alpha( 3) =  0.0000
atom  3   Tr[ns(na)]=   6.9051954
atom  3  spin  1
eigenvalues:  0.9930292 0.9930292 1.0011929 1.0011929 1.0028908
 eigenvectors
 1  -0.0635688 -0.1944705  0.2099995  0.9559285  0.0155290
 2  -0.9559285  0.1302090  0.1033119 -0.0635688  0.2335209
 3   0.2859262  0.4377693  0.3425320  0.0201483  0.7803013
 4   0.0201483 -0.6482681  0.7032534 -0.2859262  0.0549853
 5   0.0000000 -0.5773503 -0.5773503  0.0000000  0.5773503
 occupations
 0.994  0.001  0.001  0.000  0.002
 0.001  1.001  0.001  0.002 -0.001
 0.001  0.001  1.001 -0.002 -0.001
 0.000  0.002 -0.002  0.994  0.000
 0.002 -0.001 -0.001  0.000  1.001
atom  3  spin  2
eigenvalues:  0.2013862 0.2013862 0.3309795 0.3309795 0.8491292
 eigenvectors
 1  -0.1124205 -0.3820431 -0.4288221  0.0037444 -0.8108652
 2  -0.0037444 -0.7157338  0.6887259 -0.1124205 -0.0270079
 3  -0.0823031  0.0830676 -0.0754605 -0.9902393  0.0076071
 4   0.9902393 -0.0391751 -0.0523511 -0.0823031 -0.0915262
 5   0.0000000 -0.5773503 -0.5773503  0.0000000  0.5773503
 occupations
 0.329 -0.006 -0.006  0.000 -0.012
-0.006  0.418  0.215 -0.010 -0.215
-0.006  0.215  0.418  0.010 -0.215
 0.000 -0.010  0.010  0.329  0.000
-0.012 -0.215 -0.215  0.000  0.418
atom  4   Tr[ns(na)]=   6.9051954
atom  4  spin  1
eigenvalues:  0.2013862 0.2013862 0.3309795 0.3309795 0.8491292
 eigenvectors
 1  -0.1123996 -0.3783405 -0.4323743  0.0043252 -0.8107148
 2  -0.0043252 -0.7176978  0.6865014 -0.1123996 -0.0311964
 3   0.0043199  0.0793370 -0.0797362 -0.9936443 -0.0003993
 4   0.9936443 -0.0462663 -0.0455747  0.0043199 -0.0918410
 5   0.0000000 -0.5773503 -0.5773503  0.0000000  0.5773503
 occupations
 0.329 -0.006 -0.006  0.000 -0.012
-0.006  0.418  0.215 -0.010 -0.215
-0.006  0.215  0.418  0.010 -0.215
 0.000 -0.010  0.010  0.329  0.000
-0.012 -0.215 -0.215  0.000  0.418
atom  4  spin  2
eigenvalues:  0.9930292 0.9930292 1.0011929 1.0011929 1.0028908
 eigenvectors
 1  -0.0893915 -0.1908789  0.2127161  0.9538603  0.0218372
 2  -0.9538603  0.1354194  0.0975963 -0.0893915  0.2330157
 3   0.2860779  0.4325803  0.3481351  0.0178651  0.7807154
 4   0.0178651 -0.6517421  0.7004966 -0.2860779  0.0487544
 5   0.0000000 -0.5773503 -0.5773503  0.0000000  0.5773503
 occupations
 0.994  0.001  0.001  0.000  0.002
 0.001  1.001  0.001  0.002 -0.001
 0.001  0.001  1.001 -0.002 -0.001
 0.000  0.002 -0.002  0.994  0.000
 0.002 -0.001 -0.001  0.000  1.001
nsum =  13.8103908
 exit write_ns

     total cpu time spent up to now is     34.48 secs

     total energy              =  -174.49042610 ryd
     estimated scf accuracy    <     0.25995285 ryd

     total magnetization       =     0.00 Bohr mag/cell
     absolute magnetization    =     7.21 Bohr mag/cell

     iteration #  3     ecut=    30.00 ryd     beta=0.30
     Davidson diagonalization with overlap
     ethr =  9.28E-04,  avg # of iterations =  1.2
 enter write_ns
U( 1) =  0.0000      U( 2) =  4.3000      U( 3) =  4.3000
alpha( 1) =  0.0000      alpha( 2) =  0.0000      alpha( 3) =  0.0000
atom  3   Tr[ns(na)]=   6.7955641
atom  3  spin  1
eigenvalues:  0.9938550 0.9938550 1.0015916 1.0015916 1.0031868
 eigenvectors
 1  -0.1618134 -0.1909931  0.2332113  0.9387056  0.0422182
 2   0.9387056 -0.1590193 -0.0858952  0.1618134 -0.2449145
 3  -0.3034153 -0.4412737 -0.3340108 -0.0242363 -0.7752845
 4  -0.0242363  0.6404519 -0.7023802  0.3034153 -0.0619283
 5   0.0000000 -0.5773503 -0.5773503  0.0000000  0.5773503
 occupations
 0.995  0.001  0.001  0.000  0.002
 0.001  1.002  0.001  0.002 -0.001
 0.001  0.001  1.002 -0.002 -0.001
 0.000  0.002 -0.002  0.995  0.000
 0.002 -0.001 -0.001  0.000  1.002
atom  3  spin  2
eigenvalues:  0.1687706 0.1687706 0.2876151 0.2876151 0.8887126
 eigenvectors
 1  -0.0523156 -0.3669565 -0.4471043  0.0029738 -0.8140608
 2  -0.0029738 -0.7281340  0.6818606 -0.0523156 -0.0462734
 3  -0.0753148  0.0385603 -0.0353336 -0.9957821  0.0032267
 4  -0.9957821  0.0185369  0.0241258  0.0753148  0.0426626
 5   0.0000000 -0.5773503 -0.5773503  0.0000000  0.5773503
 occupations
 0.287 -0.003 -0.003  0.000 -0.005
-0.003  0.409  0.240 -0.004 -0.240
-0.003  0.240  0.409  0.004 -0.240
 0.000 -0.004  0.004  0.287  0.000
-0.005 -0.240 -0.240  0.000  0.409
atom  4   Tr[ns(na)]=   6.7955641
atom  4  spin  1
eigenvalues:  0.1687706 0.1687706 0.2876151 0.2876151 0.8887126
 eigenvectors
 1  -0.0523109 -0.3658131 -0.4481740  0.0030559 -0.8139871
 2  -0.0030559 -0.7287091  0.6811580 -0.0523109 -0.0475511
 3  -0.1100434  0.0391841 -0.0344695 -0.9925446  0.0047146
 4  -0.9925446  0.0171790  0.0253450  0.1100434  0.0425239
 5   0.0000000 -0.5773503 -0.5773503  0.0000000  0.5773503
 occupations
 0.287 -0.003 -0.003  0.000 -0.005
-0.003  0.409  0.240 -0.004 -0.240
-0.003  0.240  0.409  0.004 -0.240
 0.000 -0.004  0.004  0.287  0.000
-0.005 -0.240 -0.240  0.000  0.409
atom  4  spin  2
eigenvalues:  0.9938550 0.9938550 1.0015916 1.0015916 1.0031868
 eigenvectors
 1  -0.1287611 -0.1964576  0.2300523  0.9438074  0.0335946
 2   0.9438074 -0.1522166 -0.0940290  0.1287611 -0.2462456
 3  -0.3031657 -0.4474700 -0.3271768 -0.0271805 -0.7746468
 4  -0.0271805  0.6361381 -0.7055895  0.3031657 -0.0694514
 5   0.0000000 -0.5773503 -0.5773503  0.0000000  0.5773503
 occupations
 0.995  0.001  0.001  0.000  0.002
 0.001  1.002  0.001  0.002 -0.001
 0.001  0.001  1.002 -0.002 -0.001
 0.000  0.002 -0.002  0.995  0.000
 0.002 -0.001 -0.001  0.000  1.002
nsum =  13.5911283
 exit write_ns

     total cpu time spent up to now is     45.78 secs

     total energy              =  -174.51247360 ryd
     estimated scf accuracy    <     0.10739667 ryd

     total magnetization       =     0.00 Bohr mag/cell
     absolute magnetization    =     7.36 Bohr mag/cell

     iteration #  4     ecut=    30.00 ryd     beta=0.30
     Davidson diagonalization with overlap
     ethr =  3.84E-04,  avg # of iterations =  1.5
 enter write_ns
U( 1) =  0.0000      U( 2) =  4.3000      U( 3) =  4.3000
alpha( 1) =  0.0000      alpha( 2) =  0.0000      alpha( 3) =  0.0000
atom  3   Tr[ns(na)]=   6.7735448
atom  3  spin  1
eigenvalues:  0.9939845 0.9939845 1.0011913 1.0011913 1.0023902
 eigenvectors
 1  -0.1662925 -0.1935213  0.2377504  0.9361703  0.0442291
 2   0.9361703 -0.1628010 -0.0861939  0.1662925 -0.2489948
 3  -0.3084748 -0.4470417 -0.3261603 -0.0278436 -0.7732019
 4  -0.0278436  0.6347171 -0.7045080  0.3084748 -0.0697909
 5   0.0000000 -0.5773503 -0.5773503  0.0000000  0.5773503
 occupations
 0.995  0.001  0.001  0.000  0.002
 0.001  1.001  0.001  0.002 -0.001
 0.001  0.001  1.001 -0.002 -0.001
 0.000  0.002 -0.002  0.995  0.000
 0.002 -0.001 -0.001  0.000  1.001
atom  3  spin  2
eigenvalues:  0.1214761 0.1214761 0.2867011 0.2867011 0.9644488
 eigenvectors
 1   0.0542565 -0.3347588 -0.4764106 -0.0054702 -0.8111694
 2   0.0054702 -0.7433847  0.6616019  0.0542565 -0.0817827
 3   0.2914717  0.0433788 -0.0303817  0.9550239  0.0129971
 4   0.9550239  0.0100370  0.0325486 -0.2914717  0.0425856
 5   0.0000000 -0.5773503 -0.5773503  0.0000000  0.5773503
 occupations
 0.286  0.004  0.004  0.000  0.007
 0.004  0.403  0.281  0.006 -0.281
 0.004  0.281  0.403 -0.006 -0.281
 0.000  0.006 -0.006  0.286  0.000
 0.007 -0.281 -0.281  0.000  0.403
atom  4   Tr[ns(na)]=   6.7735448
atom  4  spin  1
eigenvalues:  0.1214761 0.1214761 0.2867011 0.2867011 0.9644488
 eigenvectors
 1  -0.0541395  0.3201934  0.4892262  0.0065276  0.8094197
 2  -0.0065276  0.7497735 -0.6521824 -0.0541395  0.0975911
 3   0.2403038  0.0427840 -0.0320686  0.9691648  0.0107154
 4   0.9691648  0.0123283  0.0308879 -0.2403038  0.0432162
 5   0.0000000 -0.5773503 -0.5773503  0.0000000  0.5773503
 occupations
 0.286  0.004  0.004  0.000  0.007
 0.004  0.403  0.281  0.006 -0.281
 0.004  0.281  0.403 -0.006 -0.281
 0.000  0.006 -0.006  0.286  0.000
 0.007 -0.281 -0.281  0.000  0.403
atom  4  spin  2
eigenvalues:  0.9939845 0.9939845 1.0011913 1.0011913 1.0023902
 eigenvectors
 1  -0.1787428 -0.1913365  0.2388770  0.9338731  0.0475405
 2   0.9338731 -0.1653632 -0.0830206  0.1787428 -0.2483839
 3  -0.3090006 -0.4333390 -0.3411808 -0.0212275 -0.7745198
 4  -0.0212275  0.6441501 -0.6973576  0.3090006 -0.0532075
 5   0.0000000 -0.5773503 -0.5773503  0.0000000  0.5773503
 occupations
 0.995  0.001  0.001  0.000  0.002
 0.001  1.001  0.001  0.002 -0.001
 0.001  0.001  1.001 -0.002 -0.001
 0.000  0.002 -0.002  0.995  0.000
 0.002 -0.001 -0.001  0.000  1.001
nsum =  13.5470895
 exit write_ns

     total cpu time spent up to now is     57.01 secs

     total energy              =  -174.53445474 ryd
     estimated scf accuracy    <     0.01388772 ryd

     total magnetization       =     0.00 Bohr mag/cell
     absolute magnetization    =     7.33 Bohr mag/cell

     iteration #  5     ecut=    30.00 ryd     beta=0.30
     Davidson diagonalization with overlap
     ethr =  4.96E-05,  avg # of iterations =  2.5
 enter write_ns
U( 1) =  0.0000      U( 2) =  4.3000      U( 3) =  4.3000
alpha( 1) =  0.0000      alpha( 2) =  0.0000      alpha( 3) =  0.0000
atom  3   Tr[ns(na)]=   6.7732253
atom  3  spin  1
eigenvalues:  0.9940471 0.9940471 1.0011945 1.0011945 1.0017759
 eigenvectors
 1  -0.1103905 -0.2012314  0.2303310  0.9452094  0.0290996
 2   0.9452094 -0.1497823 -0.0993804  0.1103905 -0.2491626
 3   0.3061508  0.4436088  0.3306554  0.0257861  0.7742642
 4  -0.0257861  0.6379256 -0.7031393  0.3061508 -0.0652137
 5   0.0000000 -0.5773503 -0.5773503  0.0000000  0.5773503
 occupations
 0.995  0.001  0.001  0.000  0.002
 0.001  1.001  0.000  0.001  0.000
 0.001  0.000  1.001 -0.001  0.000
 0.000  0.001 -0.001  0.995  0.000
 0.002  0.000  0.000  0.000  1.001
atom  3  spin  2
eigenvalues:  0.1105847 0.1105847 0.2912229 0.2912229 0.9773510
 eigenvectors
 1  -0.0774716  0.3381144  0.4722155  0.0074021  0.8103299
 2   0.0074021 -0.7404779  0.6630547  0.0774716 -0.0774233
 3   0.2569319  0.0613593 -0.0449833  0.9632909  0.0163760
 4   0.9632909  0.0165165  0.0448805 -0.2569319  0.0613970
 5   0.0000000 -0.5773503 -0.5773503  0.0000000  0.5773503
 occupations
 0.290  0.006  0.006  0.000  0.011
 0.006  0.400  0.289  0.010 -0.289
 0.006  0.289  0.400 -0.010 -0.289
 0.000  0.010 -0.010  0.290  0.000
 0.011 -0.289 -0.289  0.000  0.400
atom  4   Tr[ns(na)]=   6.7732253
atom  4  spin  1
eigenvalues:  0.1105847 0.1105847 0.2912229 0.2912229 0.9773510
 eigenvectors
 1  -0.0772704  0.3201479  0.4880778  0.0092693  0.8082257
 2   0.0092693 -0.7484211  0.6514668  0.0772704 -0.0969543
 3   0.3089104  0.0621664 -0.0424774  0.9479018  0.0196889
 4   0.9479018  0.0131570  0.0472592 -0.3089104  0.0604161
 5   0.0000000 -0.5773503 -0.5773503  0.0000000  0.5773503
 occupations
 0.290  0.006  0.006  0.000  0.011
 0.006  0.400  0.289  0.010 -0.289
 0.006  0.289  0.400 -0.010 -0.289
 0.000  0.010 -0.010  0.290  0.000
 0.011 -0.289 -0.289  0.000  0.400
atom  4  spin  2
eigenvalues:  0.9940471 0.9940471 1.0011945 1.0011945 1.0017759
 eigenvectors
 1  -0.1670201 -0.1918619  0.2358894  0.9368624  0.0440275
 2   0.9368624 -0.1616101 -0.0853523  0.1670201 -0.2469623
 3   0.3058071  0.4514923  0.3219029  0.0295839  0.7733951
 4  -0.0295839  0.6323706 -0.7071891  0.3058071 -0.0748185
 5   0.0000000 -0.5773503 -0.5773503  0.0000000  0.5773503
 occupations
 0.995  0.001  0.001  0.000  0.002
 0.001  1.001  0.000  0.001  0.000
 0.001  0.000  1.001 -0.001  0.000
 0.000  0.001 -0.001  0.995  0.000
 0.002  0.000  0.000  0.000  1.001
nsum =  13.5464507
 exit write_ns

     total cpu time spent up to now is     69.03 secs

     total energy              =  -174.53687105 ryd
     estimated scf accuracy    <     0.00220370 ryd

     total magnetization       =     0.00 Bohr mag/cell
     absolute magnetization    =     7.32 Bohr mag/cell

     iteration #  6     ecut=    30.00 ryd     beta=0.30
     Davidson diagonalization with overlap
     ethr =  7.87E-06,  avg # of iterations =  2.2
 enter write_ns
U( 1) =  0.0000      U( 2) =  4.3000      U( 3) =  4.3000
alpha( 1) =  0.0000      alpha( 2) =  0.0000      alpha( 3) =  0.0000
atom  3   Tr[ns(na)]=   6.7712143
atom  3  spin  1
eigenvalues:  0.9940277 0.9940277 1.0011926 1.0011926 1.0020038
 eigenvectors
 1  -0.1348351 -0.1945605  0.2295568  0.9434218  0.0349963
 2   0.9434218 -0.1527398 -0.0921244  0.1348351 -0.2448642
 3   0.3021415  0.4370415  0.3390262  0.0220315  0.7760677
 4  -0.0220315  0.6437998 -0.7003889  0.3021415 -0.0565892
 5   0.0000000 -0.5773503 -0.5773503  0.0000000  0.5773503
 occupations
 0.995  0.001  0.001  0.000  0.002
 0.001  1.001  0.000  0.001  0.000
 0.001  0.000  1.001 -0.001  0.000
 0.000  0.001 -0.001  0.995  0.000
 0.002  0.000  0.000  0.000  1.001
atom  3  spin  2
eigenvalues:  0.1061501 0.1061501 0.2926378 0.2926378 0.9811940
 eigenvectors
 1   0.0820696 -0.2798877 -0.5217036 -0.0142940 -0.8015913
 2   0.0142940 -0.7640046  0.6243921  0.0820696 -0.1396125
 3   0.3118429  0.0665896 -0.0453046  0.9464747  0.0212850
 4   0.9464747  0.0138677  0.0507344 -0.3118429  0.0646021
 5   0.0000000 -0.5773503 -0.5773503  0.0000000  0.5773503
 occupations
 0.291  0.006  0.006  0.000  0.013
 0.006  0.399  0.291  0.011 -0.291
 0.006  0.291  0.399 -0.011 -0.291
 0.000  0.011 -0.011  0.291  0.000
 0.013 -0.291 -0.291  0.000  0.399
atom  4   Tr[ns(na)]=   6.7712143
atom  4  spin  1
eigenvalues:  0.1061501 0.1061501 0.2926378 0.2926378 0.9811940
 eigenvectors
 1  -0.0824690  0.3031650  0.5023275  0.0117727  0.8054926
 2   0.0117727 -0.7550703  0.6400838  0.0824690 -0.1149865
 3   0.2706698  0.0659284 -0.0474537  0.9590611  0.0184747
 4   0.9590611  0.0167310  0.0487302 -0.2706698  0.0654612
 5   0.0000000 -0.5773503 -0.5773503  0.0000000  0.5773503
 occupations
 0.291  0.006  0.006  0.000  0.013
 0.006  0.399  0.291  0.011 -0.291
 0.006  0.291  0.399 -0.011 -0.291
 0.000  0.011 -0.011  0.291  0.000
 0.013 -0.291 -0.291  0.000  0.399
atom  4  spin  2
eigenvalues:  0.9940277 0.9940277 1.0011926 1.0011926 1.0020038
 eigenvectors
 1  -0.1267821 -0.1958564  0.2287626  0.9445377  0.0329062
 2   0.9445377 -0.1510745 -0.0940793  0.1267821 -0.2451539
 3   0.3019886  0.4413056  0.3343694  0.0240367  0.7756750
 4  -0.0240367  0.6408844 -0.7026240  0.3019886 -0.0617396
 5   0.0000000 -0.5773503 -0.5773503  0.0000000  0.5773503
 occupations
 0.995  0.001  0.001  0.000  0.002
 0.001  1.001  0.000  0.001  0.000
 0.001  0.000  1.001 -0.001  0.000
 0.000  0.001 -0.001  0.995  0.000
 0.002  0.000  0.000  0.000  1.001
nsum =  13.5424286
 exit write_ns

     total cpu time spent up to now is     80.56 secs

     total energy              =  -174.53728936 ryd
     estimated scf accuracy    <     0.00057492 ryd

     total magnetization       =     0.00 Bohr mag/cell
     absolute magnetization    =     7.31 Bohr mag/cell

     iteration #  7     ecut=    30.00 ryd     beta=0.30
     Davidson diagonalization with overlap
     ethr =  2.05E-06,  avg # of iterations =  2.5
 enter write_ns
U( 1) =  0.0000      U( 2) =  4.3000      U( 3) =  4.3000
alpha( 1) =  0.0000      alpha( 2) =  0.0000      alpha( 3) =  0.0000
atom  3   Tr[ns(na)]=   6.7654160
atom  3  spin  1
eigenvalues:  0.9940473 0.9940473 1.0012276 1.0012276 1.0019705
 eigenvectors
 1  -0.1300542 -0.1942429  0.2277891  0.9446387  0.0335462
 2   0.9446387 -0.1508820 -0.0927783  0.1300542 -0.2436603
 3   0.3000558  0.4474015  0.3281164  0.0266462  0.7755179
 4  -0.0266462  0.6371836 -0.7060528  0.3000558 -0.0688692
 5   0.0000000 -0.5773503 -0.5773503  0.0000000  0.5773503
 occupations
 0.995  0.001  0.001  0.000  0.002
 0.001  1.001  0.000  0.001  0.000
 0.001  0.000  1.001 -0.001  0.000
 0.000  0.001 -0.001  0.995  0.000
 0.002  0.000  0.000  0.000  1.001
atom  3  spin  2
eigenvalues:  0.1021759 0.1021759 0.2922058 0.2922058 0.9841324
 eigenvectors
 1  -0.0865410  0.1991412  0.5832263  0.0245289  0.7823675
 2  -0.0245289  0.7884259 -0.5666743 -0.0865410  0.2217517
 3   0.3254620  0.0721126 -0.0481121  0.9412669  0.0240005
 4   0.9412669  0.0139208  0.0554909 -0.3254620  0.0694117
 5   0.0000000 -0.5773503 -0.5773503  0.0000000  0.5773503
 occupations
 0.291  0.007  0.007  0.000  0.014
 0.007  0.397  0.293  0.012 -0.293
 0.007  0.293  0.397 -0.012 -0.293
 0.000  0.012 -0.012  0.291  0.000
 0.014 -0.293 -0.293  0.000  0.397
atom  4   Tr[ns(na)]=   6.7654160
atom  4  spin  1
eigenvalues:  0.1021759 0.1021759 0.2922058 0.2922058 0.9841324
 eigenvectors
 1  -0.0881718  0.2592159  0.5378947  0.0177973  0.7971106
 2  -0.0177973  0.7707657 -0.6098704 -0.0881718  0.1608953
 3   0.3413949  0.0723385 -0.0471631  0.9356059  0.0251754
 4   0.9356059  0.0126946  0.0562997 -0.3413949  0.0689943
 5   0.0000000 -0.5773503 -0.5773503  0.0000000  0.5773503
 occupations
 0.291  0.007  0.007  0.000  0.014
 0.007  0.397  0.293  0.012 -0.293
 0.007  0.293  0.397 -0.012 -0.293
 0.000  0.012 -0.012  0.291  0.000
 0.014 -0.293 -0.293  0.000  0.397
atom  4  spin  2
eigenvalues:  0.9940473 0.9940473 1.0012276 1.0012276 1.0019705
 eigenvectors
 1  -0.1270821 -0.1947165  0.2274961  0.9450432  0.0327796
 2   0.9450432 -0.1502703 -0.0934944  0.1270821 -0.2437646
 3   0.3001943  0.4439814  0.3318944  0.0250383  0.7758757
 4  -0.0250383  0.6395714 -0.7042848  0.3001943 -0.0647135
 5   0.0000000 -0.5773503 -0.5773503  0.0000000  0.5773503
 occupations
 0.995  0.001  0.001  0.000  0.002
 0.001  1.001  0.000  0.001  0.000
 0.001  0.000  1.001 -0.001  0.000
 0.000  0.001 -0.001  0.995  0.000
 0.002  0.000  0.000  0.000  1.001
nsum =  13.5308320
 exit write_ns

     total cpu time spent up to now is     92.06 secs

     total energy              =  -174.53739961 ryd
     estimated scf accuracy    <     0.00004424 ryd

     total magnetization       =     0.00 Bohr mag/cell
     absolute magnetization    =     7.32 Bohr mag/cell

     iteration #  8     ecut=    30.00 ryd     beta=0.30
     Davidson diagonalization with overlap
     ethr =  1.58E-07,  avg # of iterations =  3.2
 enter write_ns
U( 1) =  0.0000      U( 2) =  4.3000      U( 3) =  4.3000
alpha( 1) =  0.0000      alpha( 2) =  0.0000      alpha( 3) =  0.0000
atom  3   Tr[ns(na)]=   6.7667018
atom  3  spin  1
eigenvalues:  0.9940248 0.9940248 1.0012076 1.0012076 1.0019741
 eigenvectors
 1  -0.1017428 -0.1988488  0.2251187  0.9480185  0.0262699
 2   0.9480185 -0.1451393 -0.0996385  0.1017428 -0.2447778
 3   0.3004553  0.4442767  0.3314942  0.0252190  0.7757709
 4  -0.0252190  0.6392798 -0.7043948  0.3004553 -0.0651150
 5   0.0000000 -0.5773503 -0.5773503  0.0000000  0.5773503
 occupations
 0.995  0.001  0.001  0.000  0.002
 0.001  1.001  0.000  0.001  0.000
 0.001  0.000  1.001 -0.001  0.000
 0.000  0.001 -0.001  0.995  0.000
 0.002  0.000  0.000  0.000  1.001
atom  3  spin  2
eigenvalues:  0.1029028 0.1029028 0.2924527 0.2924527 0.9835519
 eigenvectors
 1   0.0886381 -0.2988609 -0.5055480 -0.0131491 -0.8044089
 2   0.0131491 -0.7563040  0.6369731  0.0886381 -0.1193309
 3   0.2826747  0.0711396 -0.0503742  0.9550212  0.0207653
 4   0.9550212  0.0170947  0.0530613 -0.2826747  0.0701560
 5   0.0000000 -0.5773503 -0.5773503  0.0000000  0.5773503
 occupations
 0.291  0.007  0.007  0.000  0.014
 0.007  0.397  0.293  0.012 -0.293
 0.007  0.293  0.397 -0.012 -0.293
 0.000  0.012 -0.012  0.291  0.000
 0.014 -0.293 -0.293  0.000  0.397
atom  4   Tr[ns(na)]=   6.7667018
atom  4  spin  1
eigenvalues:  0.1029028 0.1029028 0.2924527 0.2924527 0.9835519
 eigenvectors
 1   0.0883247 -0.2820194 -0.5195461 -0.0151111 -0.8015655
 2   0.0151111 -0.7627442  0.6256080  0.0883247 -0.1371361
 3   0.3437021  0.0720943 -0.0468459  0.9347937  0.0252484
 4   0.9347937  0.0124693  0.0562008 -0.3437021  0.0686701
 5   0.0000000 -0.5773503 -0.5773503  0.0000000  0.5773503
 occupations
 0.291  0.007  0.007  0.000  0.014
 0.007  0.397  0.293  0.012 -0.293
 0.007  0.293  0.397 -0.012 -0.293
 0.000  0.012 -0.012  0.291  0.000
 0.014 -0.293 -0.293  0.000  0.397
atom  4  spin  2
eigenvalues:  0.9940248 0.9940248 1.0012076 1.0012076 1.0019741
 eigenvectors
 1  -0.0920402 -0.2003230  0.2240878  0.9490096  0.0237647
 2   0.9490096 -0.1430977 -0.1019360  0.0920402 -0.2450337
 3  -0.3002930 -0.4482376 -0.3271140 -0.0270841 -0.7753516
 4  -0.0270841  0.6365088 -0.7064396  0.3002930 -0.0699308
 5   0.0000000 -0.5773503 -0.5773503  0.0000000  0.5773503
 occupations
 0.995  0.001  0.001  0.000  0.002
 0.001  1.001  0.000  0.001  0.000
 0.001  0.000  1.001 -0.001  0.000
 0.000  0.001 -0.001  0.995  0.000
 0.002  0.000  0.000  0.000  1.001
nsum =  13.5334036
 exit write_ns

     total cpu time spent up to now is    105.43 secs

     total energy              =  -174.53741547 ryd
     estimated scf accuracy    <     0.00002335 ryd

     total magnetization       =     0.00 Bohr mag/cell
     absolute magnetization    =     7.32 Bohr mag/cell

     iteration #  9     ecut=    30.00 ryd     beta=0.30
     Davidson diagonalization with overlap
     ethr =  8.34E-08,  avg # of iterations =  1.2
 enter write_ns
U( 1) =  0.0000      U( 2) =  4.3000      U( 3) =  4.3000
alpha( 1) =  0.0000      alpha( 2) =  0.0000      alpha( 3) =  0.0000
atom  3   Tr[ns(na)]=   6.7662254
atom  3  spin  1
eigenvalues:  0.9940226 0.9940226 1.0012122 1.0012122 1.0019709
 eigenvectors
 1  -0.0958998 -0.1994340  0.2241533  0.9487748  0.0247193
 2   0.9487748 -0.1436867 -0.1008716  0.0958998 -0.2445583
 3   0.2996415  0.4525865  0.3223954  0.0290624  0.7749819
 4  -0.0290624  0.6335711 -0.7087370  0.2996415 -0.0751659
 5   0.0000000 -0.5773503 -0.5773503  0.0000000  0.5773503
 occupations
 0.995  0.001  0.001  0.000  0.002
 0.001  1.001  0.000  0.001  0.000
 0.001  0.000  1.001 -0.001  0.000
 0.000  0.001 -0.001  0.995  0.000
 0.002  0.000  0.000  0.000  1.001
atom  3  spin  2
eigenvalues:  0.1022753 0.1022753 0.2926137 0.2926137 0.9840071
 eigenvectors
 1  -0.0901686  0.3068152  0.4987092  0.0124016  0.8055243
 2  -0.0124016  0.7529996 -0.6422095 -0.0901686  0.1107901
 3   0.2611996  0.0718518 -0.0523598  0.9609842  0.0194921
 4   0.9609842  0.0189762  0.0527374 -0.2611996  0.0717136
 5   0.0000000 -0.5773503 -0.5773503  0.0000000  0.5773503
 occupations
 0.291  0.007  0.007  0.000  0.014
 0.007  0.397  0.293  0.012 -0.293
 0.007  0.293  0.397 -0.012 -0.293
 0.000  0.012 -0.012  0.291  0.000
 0.014 -0.293 -0.293  0.000  0.397
atom  4   Tr[ns(na)]=   6.7662254
atom  4  spin  1
eigenvalues:  0.1022753 0.1022753 0.2926137 0.2926137 0.9840071
 eigenvectors
 1   0.0897440 -0.2834873 -0.5182443 -0.0151717 -0.8017316
 2   0.0151717 -0.7620885  0.6265515  0.0897440 -0.1355370
 3   0.3743841  0.0736070 -0.0456686  0.9227959  0.0279385
 4   0.9227959  0.0102365  0.0586273 -0.3743841  0.0688638
 5   0.0000000 -0.5773503 -0.5773503  0.0000000  0.5773503
 occupations
 0.291  0.007  0.007  0.000  0.014
 0.007  0.397  0.293  0.012 -0.293
 0.007  0.293  0.397 -0.012 -0.293
 0.000  0.012 -0.012  0.291  0.000
 0.014 -0.293 -0.293  0.000  0.397
atom  4  spin  2
eigenvalues:  0.9940226 0.9940226 1.0012122 1.0012122 1.0019709
 eigenvectors
 1  -0.1385622 -0.1927556  0.2284717  0.9434887  0.0357161
 2   0.9434887 -0.1525289 -0.0906668  0.1385622 -0.2431957
 3   0.3001408  0.4404362  0.3358369  0.0233495  0.7762731
 4  -0.0233495  0.6420770 -0.7024674  0.3001408 -0.0603904
 5   0.0000000 -0.5773503 -0.5773503  0.0000000  0.5773503
 occupations
 0.995  0.001  0.001  0.000  0.002
 0.001  1.001  0.000  0.001  0.000
 0.001  0.000  1.001 -0.001  0.000
 0.000  0.001 -0.001  0.995  0.000
 0.002  0.000  0.000  0.000  1.001
nsum =  13.5324509
 exit write_ns

     total cpu time spent up to now is    116.58 secs

     total energy              =  -174.53741840 ryd
     estimated scf accuracy    <     0.00000112 ryd

     total magnetization       =     0.00 Bohr mag/cell
     absolute magnetization    =     7.31 Bohr mag/cell

     iteration # 10     ecut=    30.00 ryd     beta=0.30
     Davidson diagonalization with overlap
     ethr =  4.02E-09,  avg # of iterations =  3.5
 enter write_ns
U( 1) =  0.0000      U( 2) =  4.3000      U( 3) =  4.3000
alpha( 1) =  0.0000      alpha( 2) =  0.0000      alpha( 3) =  0.0000
atom  3   Tr[ns(na)]=   6.7659844
atom  3  spin  1
eigenvalues:  0.9940242 0.9940242 1.0012172 1.0012172 1.0019610
 eigenvectors
 1  -0.1194891 -0.1956984  0.2264813  0.9461412  0.0307829
 2   0.9461412 -0.1485315 -0.0952140  0.1194891 -0.2437456
 3   0.3003868  0.4279339  0.3494022  0.0175209  0.7773361
 4  -0.0175209  0.6505227 -0.6958630  0.3003868 -0.0453403
 5   0.0000000 -0.5773503 -0.5773503  0.0000000  0.5773503
 occupations
 0.995  0.001  0.001  0.000  0.002
 0.001  1.001  0.000  0.001  0.000
 0.001  0.000  1.001 -0.001  0.000
 0.000  0.001 -0.001  0.995  0.000
 0.002  0.000  0.000  0.000  1.001
atom  3  spin  2
eigenvalues:  0.1021990 0.1021990 0.2925642 0.2925642 0.9840142
 eigenvectors
 1  -0.0902554  0.2822708  0.5192060  0.0154046  0.8014768
 2  -0.0154046  0.7624965 -0.6257019 -0.0902554  0.1367946
 3   0.2404176  0.0718525 -0.0538033  0.9663416  0.0180492
 4   0.9663416  0.0206427  0.0519048 -0.2404176  0.0725474
 5   0.0000000 -0.5773503 -0.5773503  0.0000000  0.5773503
 occupations
 0.291  0.007  0.007  0.000  0.014
 0.007  0.397  0.293  0.012 -0.293
 0.007  0.293  0.397 -0.012 -0.293
 0.000  0.012 -0.012  0.291  0.000
 0.014 -0.293 -0.293  0.000  0.397
atom  4   Tr[ns(na)]=   6.7659844
atom  4  spin  1
eigenvalues:  0.1021990 0.1021990 0.2925642 0.2925642 0.9840142
 eigenvectors
 1  -0.0907397  0.3088094  0.4969676  0.0122333  0.8057770
 2   0.0122333 -0.7521400  0.6435068  0.0907397 -0.1086332
 3   0.3378018  0.0735843 -0.0482241  0.9367532  0.0253602
 4   0.9367532  0.0132004  0.0571256 -0.3378018  0.0703261
 5   0.0000000 -0.5773503 -0.5773503  0.0000000  0.5773503
 occupations
 0.291  0.007  0.007  0.000  0.014
 0.007  0.397  0.293  0.012 -0.293
 0.007  0.293  0.397 -0.012 -0.293
 0.000  0.012 -0.012  0.291  0.000
 0.014 -0.293 -0.293  0.000  0.397
atom  4  spin  2
eigenvalues:  0.9940242 0.9940242 1.0012172 1.0012172 1.0019610
 eigenvectors
 1  -0.2089150 -0.1806880  0.2345088  0.9304920  0.0538208
 2   0.9304920 -0.1664672 -0.0732468  0.2089150 -0.2397140
 3  -0.2998001 -0.4454466 -0.3303711 -0.0256740 -0.7758177
 4  -0.0256740  0.6386584 -0.7050972  0.2998001 -0.0664389
 5   0.0000000 -0.5773503 -0.5773503  0.0000000  0.5773503
 occupations
 0.995  0.001  0.001  0.000  0.002
 0.001  1.001  0.000  0.001  0.000
 0.001  0.000  1.001 -0.001  0.000
 0.000  0.001 -0.001  0.995  0.000
 0.002  0.000  0.000  0.000  1.001
