
     Program PWSCF     v.3.1.1  starts ...
     Today is  4Jul2006 at 15:15:56 

     Ultrasoft (Vanderbilt) Pseudopotentials

     Current dimensions of program pwscf are:

     ntypx = 10   npk = 40000  lmax =  3
     nchix =  6  ndmx =  2000  nbrx = 14  nqfx =  8
  HUBBARD L FOR TYPE Fe IS            2
  HUBBARD L FOR TYPE Fe IS            2
  MAXIMUM HUBBARD L IS            2


     bravais-lattice index     =            0
     lattice parameter (a_0)   =       8.1900  a.u.
     unit-cell volume          =     274.6766 (a.u.)^3
     number of atoms/cell      =            4
     number of atomic types    =            3
     kinetic-energy cutoff     =      30.0000  Ry
     charge density cutoff     =     240.0000  Ry
     convergence threshold     =      1.0E-06
     beta                      =       0.3000
     number of iterations used =            8  plain     mixing
     Exchange-correlation      =  SLA  PZ   NOGX NOGC (1100)
     celldm(1)=   8.190000  celldm(2)=   0.000000  celldm(3)=   0.000000
     celldm(4)=   0.000000  celldm(5)=   0.000000  celldm(6)=   0.000000

     crystal axes: (cart. coord. in units of a_0)
               a(1) = (  0.500000  0.500000  1.000000 )  
               a(2) = (  0.500000  1.000000  0.500000 )  
               a(3) = (  1.000000  0.500000  0.500000 )  

     reciprocal axes: (cart. coord. in units 2 pi/a_0)
               b(1) = ( -0.500000 -0.500000  1.500000 )  
               b(2) = ( -0.500000  1.500000 -0.500000 )  
               b(3) = (  1.500000 -0.500000 -0.500000 )  


     PSEUDO 1 is O  (US)    zval =  6.0   lmax= 2   lloc= 0
     Version   0  0  0 of US pseudo code
     Using log mesh of  1269 points
     The pseudopotential has  4 beta functions with: 
                l(1) =   0
                l(2) =   0
                l(3) =   1
                l(4) =   1
     Q(r) pseudized with  0 coefficients,  rinner =    0.000   0.000   0.000
                                                       0.000   0.000

     PSEUDO 2 is Fe (US)    zval =  8.0   lmax= 2   lloc= 0
     Version   0  0  0 of US pseudo code
     Using log mesh of   957 points
     The pseudopotential has  6 beta functions with: 
                l(1) =   0
                l(2) =   0
                l(3) =   1
                l(4) =   1
                l(5) =   2
                l(6) =   2
     Q(r) pseudized with  0 coefficients,  rinner =    0.000   0.000   0.000
                                                       0.000   0.000

     PSEUDO 3 is Fe (US)    zval =  8.0   lmax= 2   lloc= 0
     Version   0  0  0 of US pseudo code
     Using log mesh of   957 points
     The pseudopotential has  6 beta functions with: 
                l(1) =   0
                l(2) =   0
                l(3) =   1
                l(4) =   1
                l(5) =   2
                l(6) =   2
     Q(r) pseudized with  0 coefficients,  rinner =    0.000   0.000   0.000
                                                       0.000   0.000

     atomic species   valence    mass     pseudopotential
        O1             6.00     1.00000     O ( 1.00)
        Fe1            8.00     1.00000     Fe( 1.00)
        Fe2            8.00     1.00000     Fe( 1.00)

     Starting magnetic structure 
     atomic species   magnetization
        O1           0.000
        Fe1          0.500
        Fe2         -0.500

     12 Sym.Ops. (with inversion)


   Cartesian axes

     site n.     atom                  positions (a_0 units)
         1           O1  tau(  1) = (   0.5000000   0.5000000   0.5000000  )
         2           O1  tau(  2) = (   1.5000000   1.5000000   1.5000000  )
         3           Fe1 tau(  3) = (   0.0000000   0.0000000   0.0000000  )
         4           Fe2 tau(  4) = (   1.0000000   1.0000000   1.0000000  )

     number of k points=    8  gaussian broad. (ryd)=  0.0100     ngauss =   0
                       cart. coord. in units 2pi/a_0
        k(    1) = (   0.0000000   0.0000000   0.0000000), wk =   0.1250000
        k(    2) = (  -0.7500000   0.2500000   0.2500000), wk =   0.3750000
        k(    3) = (  -0.5000000  -0.5000000   0.5000000), wk =   0.3750000
        k(    4) = (  -0.2500000  -0.2500000  -0.2500000), wk =   0.1250000
        k(    5) = (   0.0000000   0.0000000   0.0000000), wk =   0.1250000
        k(    6) = (  -0.7500000   0.2500000   0.2500000), wk =   0.3750000
        k(    7) = (  -0.5000000  -0.5000000   0.5000000), wk =   0.3750000
        k(    8) = (  -0.2500000  -0.2500000  -0.2500000), wk =   0.1250000

     G cutoff =  407.7738  (  17255 G-vectors)     FFT grid: ( 50, 50, 50)
     G cutoff =  203.8869  (   6111 G-vectors)  smooth grid: ( 36, 36, 36)

     nbndx  =    80  nbnd   =    20  natomwfc =    20  npwx   =     780
     nelec  =  28.00  nkb   =    52  ngl    =     342

     Check: negative/imaginary core charge=   -0.000003    0.000000

     Initial potential from superposition of free atoms

     starting charge   27.99905, renormalised to   28.00000

     Parameters of the lda+U calculation:
     Number of iteration with fixed ns =  0
     Starting ns and Hubbard U :
 enter write_ns
U( 1) =  0.0000      U( 2) =  4.3000      U( 3) =  4.3000
alpha( 1) =  0.0000      alpha( 2) =  0.0000      alpha( 3) =  0.0000
atom  3   Tr[ns(na)]=   6.0000000
atom  3  spin  1
eigenvalues:  1.0000000 1.0000000 1.0000000 1.0000000 1.0000000
 eigenvectors
 1   1.0000000  0.0000000  0.0000000  0.0000000  0.0000000
 2   0.0000000  1.0000000  0.0000000  0.0000000  0.0000000
 3   0.0000000  0.0000000  1.0000000  0.0000000  0.0000000
 4   0.0000000  0.0000000  0.0000000  1.0000000  0.0000000
 5   0.0000000  0.0000000  0.0000000  0.0000000  1.0000000
 occupations
 1.000  0.000  0.000  0.000  0.000
 0.000  1.000  0.000  0.000  0.000
 0.000  0.000  1.000  0.000  0.000
 0.000  0.000  0.000  1.000  0.000
 0.000  0.000  0.000  0.000  1.000
atom  3  spin  2
eigenvalues:  0.2000000 0.2000000 0.2000000 0.2000000 0.2000000
 eigenvectors
 1   1.0000000  0.0000000  0.0000000  0.0000000  0.0000000
 2   0.0000000  1.0000000  0.0000000  0.0000000  0.0000000
 3   0.0000000  0.0000000  1.0000000  0.0000000  0.0000000
 4   0.0000000  0.0000000  0.0000000  1.0000000  0.0000000
 5   0.0000000  0.0000000  0.0000000  0.0000000  1.0000000
 occupations
 0.200  0.000  0.000  0.000  0.000
 0.000  0.200  0.000  0.000  0.000
 0.000  0.000  0.200  0.000  0.000
 0.000  0.000  0.000  0.200  0.000
 0.000  0.000  0.000  0.000  0.200
atom  4   Tr[ns(na)]=   6.0000000
atom  4  spin  1
eigenvalues:  0.2000000 0.2000000 0.2000000 0.2000000 0.2000000
 eigenvectors
 1   1.0000000  0.0000000  0.0000000  0.0000000  0.0000000
 2   0.0000000  1.0000000  0.0000000  0.0000000  0.0000000
 3   0.0000000  0.0000000  1.0000000  0.0000000  0.0000000
 4   0.0000000  0.0000000  0.0000000  1.0000000  0.0000000
 5   0.0000000  0.0000000  0.0000000  0.0000000  1.0000000
 occupations
 0.200  0.000  0.000  0.000  0.000
 0.000  0.200  0.000  0.000  0.000
 0.000  0.000  0.200  0.000  0.000
 0.000  0.000  0.000  0.200  0.000
 0.000  0.000  0.000  0.000  0.200
atom  4  spin  2
eigenvalues:  1.0000000 1.0000000 1.0000000 1.0000000 1.0000000
 eigenvectors
 1   1.0000000  0.0000000  0.0000000  0.0000000  0.0000000
 2   0.0000000  1.0000000  0.0000000  0.0000000  0.0000000
 3   0.0000000  0.0000000  1.0000000  0.0000000  0.0000000
 4   0.0000000  0.0000000  0.0000000  1.0000000  0.0000000
 5   0.0000000  0.0000000  0.0000000  0.0000000  1.0000000
 occupations
 1.000  0.000  0.000  0.000  0.000
 0.000  1.000  0.000  0.000  0.000
 0.000  0.000  1.000  0.000  0.000
 0.000  0.000  0.000  1.000  0.000
 0.000  0.000  0.000  0.000  1.000
nsum =  12.0000000
 exit write_ns
 Atomic wfc used for LDA+U Projector are NOT orthogonalized
     Starting wfc are atomic

     total cpu time spent up to now is     10.70 secs

     Self-consistent Calculation

     iteration #  1     ecut=    30.00 ryd     beta=0.30
     Davidson diagonalization with overlap
     ethr =  1.00E-02,  avg # of iterations =  3.2
 enter write_ns
U( 1) =  0.0000      U( 2) =  4.3000      U( 3) =  4.3000
alpha( 1) =  0.0000      alpha( 2) =  0.0000      alpha( 3) =  0.0000
atom  3   Tr[ns(na)]=   6.1226804
atom  3  spin  1
eigenvalues:  0.9969552 0.9969552 1.0025536 1.0025536 1.0030281
 eigenvectors
 1  -0.3967945 -0.2464415  0.4878612  0.6967989  0.2414197
 2  -0.6967989  0.4210505  0.0028993 -0.3967945  0.4239498
 3   0.5809362  0.4509144  0.1856321  0.1397803  0.6365466
 4   0.1397803 -0.4746851  0.6278459 -0.5809362  0.1531608
 5   0.0000000  0.5773503  0.5773503  0.0000000 -0.5773503
 occupations
 0.999  0.001  0.001  0.000  0.002
 0.001  1.001  0.001  0.002 -0.001
 0.001  0.001  1.001 -0.002 -0.001
 0.000  0.002 -0.002  0.999  0.000
 0.002 -0.001 -0.001  0.000  1.001
atom  3  spin  2
eigenvalues:  0.1553854 0.1553854 0.2567875 0.2765383 0.2765383
 eigenvectors
 1  -0.3165810 -0.0703836  0.0475590 -0.9444786 -0.0228246
 2  -0.9444786 -0.0142804 -0.0538138  0.3165810 -0.0680942
 3   0.0000000 -0.5773503 -0.5773503  0.0000000  0.5773503
 4  -0.0875512  0.3370937  0.4724738  0.0084529  0.8095676
 5  -0.0084529  0.7401869 -0.6620252 -0.0875512  0.0781617
 occupations
 0.156 -0.004 -0.004  0.000 -0.009
-0.004  0.269 -0.006 -0.008  0.006
-0.004 -0.006  0.269  0.008  0.006
 0.000 -0.008  0.008  0.156  0.000
-0.009  0.006  0.006  0.000  0.269
atom  4   Tr[ns(na)]=   6.1226804
atom  4  spin  1
eigenvalues:  0.1553854 0.1553854 0.2567875 0.2765383 0.2765383
 eigenvectors
 1  -0.4392142 -0.0716567  0.0399906 -0.8940661 -0.0316661
 2  -0.8940661 -0.0048062 -0.0596534  0.4392142 -0.0644596
 3   0.0000000 -0.5773503 -0.5773503  0.0000000  0.5773503
 4  -0.0875011  0.3328265  0.4762776  0.0089568  0.8091041
 5  -0.0089568  0.7421155 -0.6592940 -0.0875011  0.0828215
 occupations
 0.156 -0.004 -0.004  0.000 -0.009
-0.004  0.269 -0.006 -0.008  0.006
-0.004 -0.006  0.269  0.008  0.006
 0.000 -0.008  0.008  0.156  0.000
-0.009  0.006  0.006  0.000  0.269
atom  4  spin  2
eigenvalues:  0.9969552 0.9969552 1.0025536 1.0025536 1.0030281
 eigenvectors
 1  -0.4299159 -0.2258624  0.4874340  0.6768655  0.2615715
 2  -0.6768655  0.4324385 -0.0206167 -0.4299159  0.4118219
 3   0.5843985  0.4383250  0.2020153  0.1245143  0.6403403
 4   0.1245143 -0.4863342  0.6227677 -0.5843985  0.1364335
 5   0.0000000  0.5773503  0.5773503  0.0000000 -0.5773503
 occupations
 0.999  0.001  0.001  0.000  0.002
 0.001  1.001  0.001  0.002 -0.001
 0.001  0.001  1.001 -0.002 -0.001
 0.000  0.002 -0.002  0.999  0.000
 0.002 -0.001 -0.001  0.000  1.001
nsum =  12.2453608
 exit write_ns

     total cpu time spent up to now is     23.29 secs

     total energy              =  -173.87440478 ryd
     estimated scf accuracy    <     2.40343117 ryd

     total magnetization       =     0.00 Bohr mag/cell
     absolute magnetization    =     8.54 Bohr mag/cell

     iteration #  2     ecut=    30.00 ryd     beta=0.30
     Davidson diagonalization with overlap
     ethr =  8.58E-03,  avg # of iterations =  2.2
 enter write_ns
U( 1) =  0.0000      U( 2) =  4.3000      U( 3) =  4.3000
alpha( 1) =  0.0000      alpha( 2) =  0.0000      alpha( 3) =  0.0000
atom  3   Tr[ns(na)]=   6.9138797
atom  3  spin  1
eigenvalues:  0.9930388 0.9930388 1.0013931 1.0013931 1.0026209
 eigenvectors
 1  -0.0943040 -0.1845169  0.2068053  0.9559263  0.0222884
 2   0.9559263 -0.1322674 -0.0936626  0.0943040 -0.2259300
 3  -0.2773545 -0.4391750 -0.3431631 -0.0196519 -0.7823380
 4  -0.0196519  0.6498083 -0.7052408  0.2773545 -0.0554325
 5   0.0000000 -0.5773503 -0.5773503  0.0000000  0.5773503
 occupations
 0.994  0.001  0.001  0.000  0.002
 0.001  1.001  0.001  0.002 -0.001
 0.001  0.001  1.001 -0.002 -0.001
 0.000  0.002 -0.002  0.994  0.000
 0.002 -0.001 -0.001  0.000  1.001
atom  3  spin  2
eigenvalues:  0.3123237 0.3123237 0.4063959 0.4456759 0.4456759
 eigenvectors
 1  -0.6789671 -0.3112010  0.0690155 -0.6154191 -0.2421855
 2   0.6154191 -0.0999797  0.3194978 -0.6789671  0.2195181
 3   0.0000000  0.5773503  0.5773503  0.0000000 -0.5773503
 4   0.3765394 -0.1318349 -0.5719173 -0.1359452 -0.7037522
 5  -0.1359452  0.7365081 -0.4824265 -0.3765394  0.2540817
 occupations
 0.334 -0.020 -0.020  0.000 -0.040
-0.020  0.418 -0.006 -0.035  0.006
-0.020 -0.006  0.418  0.035  0.006
 0.000 -0.035  0.035  0.334  0.000
-0.040  0.006  0.006  0.000  0.418
atom  4   Tr[ns(na)]=   6.9138797
atom  4  spin  1
eigenvalues:  0.3123237 0.3123237 0.4063959 0.4456759 0.4456759
 eigenvectors
 1   0.7212531  0.3032514 -0.0459826  0.5652708  0.2572687
 2  -0.5652708  0.1219861 -0.3236164  0.7212531 -0.2016303
 3   0.0000000  0.5773503  0.5773503  0.0000000 -0.5773503
 4   0.3762349 -0.1301903 -0.5729929 -0.1367856 -0.7031832
 5  -0.1367856  0.7368006 -0.4811484 -0.3762349  0.2556522
 occupations
 0.334 -0.020 -0.020  0.000 -0.040
-0.020  0.418 -0.006 -0.035  0.006
-0.020 -0.006  0.418  0.035  0.006
 0.000 -0.035  0.035  0.334  0.000
-0.040  0.006  0.006  0.000  0.418
atom  4  spin  2
eigenvalues:  0.9930388 0.9930388 1.0013931 1.0013931 1.0026209
 eigenvectors
 1  -0.1016270 -0.1834978  0.2075171  0.9551755  0.0240192
 2   0.9551755 -0.1336775 -0.0920750  0.1016270 -0.2257526
 3  -0.2774428 -0.4361493 -0.3464379 -0.0183623 -0.7825873
 4  -0.0183623  0.6518430 -0.7036379  0.2774428 -0.0517949
 5   0.0000000 -0.5773503 -0.5773503  0.0000000  0.5773503
 occupations
 0.994  0.001  0.001  0.000  0.002
 0.001  1.001  0.001  0.002 -0.001
 0.001  0.001  1.001 -0.002 -0.001
 0.000  0.002 -0.002  0.994  0.000
 0.002 -0.001 -0.001  0.000  1.001
nsum =  13.8277593
 exit write_ns

     total cpu time spent up to now is     35.43 secs

     total energy              =  -174.43468946 ryd
     estimated scf accuracy    <     0.17790706 ryd

     total magnetization       =     0.00 Bohr mag/cell
     absolute magnetization    =     7.22 Bohr mag/cell

     iteration #  3     ecut=    30.00 ryd     beta=0.30
     Davidson diagonalization with overlap
     ethr =  6.35E-04,  avg # of iterations =  2.0
 enter write_ns
U( 1) =  0.0000      U( 2) =  4.3000      U( 3) =  4.3000
alpha( 1) =  0.0000      alpha( 2) =  0.0000      alpha( 3) =  0.0000
atom  3   Tr[ns(na)]=   6.8006636
atom  3  spin  1
eigenvalues:  0.9937848 0.9937848 1.0016893 1.0016893 1.0028979
 eigenvectors
 1  -0.0916276 -0.1947494  0.2176739  0.9517193  0.0229245
 2   0.9517193 -0.1389096 -0.0992031  0.0916276 -0.2381127
 3   0.2920792  0.4419900  0.3362897  0.0229024  0.7782797
 4  -0.0229024  0.6434969 -0.7045231  0.2920792 -0.0610261
 5   0.0000000 -0.5773503 -0.5773503  0.0000000  0.5773503
 occupations
 0.994  0.001  0.001  0.000  0.002
 0.001  1.002  0.001  0.002 -0.001
 0.001  0.001  1.002 -0.002 -0.001
 0.000  0.002 -0.002  0.994  0.000
 0.002 -0.001 -0.001  0.000  1.002
atom  3  spin  2
eigenvalues:  0.2785364 0.2785364 0.4109928 0.4193759 0.4193759
 eigenvectors
 1  -0.6848424 -0.2548507  0.0624395 -0.6520133 -0.1924111
 2  -0.6520133  0.0750391 -0.2582267  0.6848424 -0.1831876
 3   0.0000000  0.5773503  0.5773503  0.0000000 -0.5773503
 4   0.3155561 -0.2113547 -0.5374106 -0.0793346 -0.7487653
 5   0.0793346 -0.7425740  0.5543255  0.3155561 -0.1882485
 occupations
 0.293 -0.018 -0.018  0.000 -0.035
-0.018  0.407  0.002 -0.031 -0.002
-0.018  0.002  0.407  0.031 -0.002
 0.000 -0.031  0.031  0.293  0.000
-0.035 -0.002 -0.002  0.000  0.407
atom  4   Tr[ns(na)]=   6.8006636
atom  4  spin  1
eigenvalues:  0.2785364 0.2785364 0.4109928 0.4193759 0.4193759
 eigenvectors
 1   0.6686293  0.2566161 -0.0687601  0.6686293  0.1878560
 2   0.6686293 -0.0687601  0.2566161 -0.6686293  0.1878560
 3   0.0000000  0.5773503  0.5773503  0.0000000 -0.5773503
 4   0.3148392 -0.2047528 -0.5423114 -0.0821333 -0.7470642
 5   0.0821333 -0.7444214  0.5495318  0.3148392 -0.1948896
 occupations
 0.293 -0.018 -0.018  0.000 -0.035
-0.018  0.407  0.002 -0.031 -0.002
-0.018  0.002  0.407  0.031 -0.002
 0.000 -0.031  0.031  0.293  0.000
-0.035 -0.002 -0.002  0.000  0.407
atom  4  spin  2
eigenvalues:  0.9937848 0.9937848 1.0016893 1.0016893 1.0028979
 eigenvectors
 1  -0.1864460 -0.1798645  0.2265118  0.9377649  0.0466473
 2   0.9377649 -0.1577085 -0.0769130  0.1864460 -0.2346215
 3  -0.2925159 -0.4275855 -0.3518578 -0.0164081 -0.7794433
 4  -0.0164081  0.6531570 -0.6968784  0.2925159 -0.0437214
 5   0.0000000 -0.5773503 -0.5773503  0.0000000  0.5773503
 occupations
 0.994  0.001  0.001  0.000  0.002
 0.001  1.002  0.001  0.002 -0.001
 0.001  0.001  1.002 -0.002 -0.001
 0.000  0.002 -0.002  0.994  0.000
 0.002 -0.001 -0.001  0.000  1.002
nsum =  13.6013272
 exit write_ns

     total cpu time spent up to now is     47.06 secs

     total energy              =  -174.44762032 ryd
     estimated scf accuracy    <     0.04587666 ryd

     total magnetization       =     0.00 Bohr mag/cell
     absolute magnetization    =     7.40 Bohr mag/cell

     iteration #  4     ecut=    30.00 ryd     beta=0.30
     Davidson diagonalization with overlap
     ethr =  1.64E-04,  avg # of iterations =  1.8
 enter write_ns
U( 1) =  0.0000      U( 2) =  4.3000      U( 3) =  4.3000
alpha( 1) =  0.0000      alpha( 2) =  0.0000      alpha( 3) =  0.0000
atom  3   Tr[ns(na)]=   6.8603650
atom  3  spin  1
eigenvalues:  0.9936105 0.9936105 1.0013475 1.0013475 1.0026028
 eigenvectors
 1  -0.1959651 -0.1750431  0.2230921  0.9374853  0.0480490
 2   0.9374853 -0.1565434 -0.0733201  0.1959651 -0.2298635
 3  -0.2868208 -0.4400291 -0.3398260 -0.0212773 -0.7798550
 4  -0.0212773  0.6464481 -0.7043004  0.2868208 -0.0578523
 5   0.0000000 -0.5773503 -0.5773503  0.0000000  0.5773503
 occupations
 0.994  0.001  0.001  0.000  0.002
 0.001  1.001  0.001  0.002 -0.001
 0.001  0.001  1.001 -0.002 -0.001
 0.000  0.002 -0.002  0.994  0.000
 0.002 -0.001 -0.001  0.000  1.001
atom  3  spin  2
eigenvalues:  0.2808750 0.2808750 0.3985085 0.4537938 0.4537938
 eigenvectors
 1  -0.6359298 -0.2732299  0.0836899 -0.6913822 -0.1895400
 2  -0.6913822  0.0611126 -0.2671803  0.6359298 -0.2060677
 3   0.0000000  0.5773503  0.5773503  0.0000000 -0.5773503
 4   0.3306535 -0.1938260 -0.5457624 -0.0908420 -0.7395884
 5  -0.0908420  0.7420976 -0.5389070 -0.3306535  0.2031906
 occupations
 0.301 -0.023 -0.023  0.000 -0.045
-0.023  0.422 -0.012 -0.039  0.012
-0.023 -0.012  0.422  0.039  0.012
 0.000 -0.039  0.039  0.301  0.000
-0.045  0.012  0.012  0.000  0.422
atom  4   Tr[ns(na)]=   6.8603650
atom  4  spin  1
eigenvalues:  0.2808750 0.2808750 0.3985085 0.4537938 0.4537938
 eigenvectors
 1  -0.6213328 -0.2744481  0.0892588 -0.7045294 -0.1851894
 2  -0.7045294  0.0553856 -0.2653718  0.6213328 -0.2099863
 3   0.0000000  0.5773503  0.5773503  0.0000000 -0.5773503
 4   0.3337321 -0.2206266 -0.5258478 -0.0787838 -0.7464744
 5  -0.0787838  0.7345755 -0.5583560 -0.3337321  0.1762195
 occupations
 0.301 -0.023 -0.023  0.000 -0.045
-0.023  0.422 -0.012 -0.039  0.012
-0.023 -0.012  0.422  0.039  0.012
 0.000 -0.039  0.039  0.301  0.000
-0.045  0.012  0.012  0.000  0.422
atom  4  spin  2
eigenvalues:  0.9936105 0.9936105 1.0013475 1.0013475 1.0026028
 eigenvectors
 1  -0.0665302 -0.1947227  0.2110353  0.9554344  0.0163126
 2  -0.9554344  0.1312594  0.1030051 -0.0665302  0.2342645
 3   0.2863759  0.4519662  0.3266790  0.0266038  0.7786453
 4   0.0266038 -0.6381593  0.7104939 -0.2863759  0.0723346
 5   0.0000000 -0.5773503 -0.5773503  0.0000000  0.5773503
 occupations
 0.994  0.001  0.001  0.000  0.002
 0.001  1.001  0.001  0.002 -0.001
 0.001  0.001  1.001 -0.002 -0.001
 0.000  0.002 -0.002  0.994  0.000
 0.002 -0.001 -0.001  0.000  1.001
nsum =  13.7207299
 exit write_ns

     total cpu time spent up to now is     58.69 secs

     total energy              =  -174.45325867 ryd
     estimated scf accuracy    <     0.00422687 ryd

     total magnetization       =     0.00 Bohr mag/cell
     absolute magnetization    =     7.31 Bohr mag/cell

     iteration #  5     ecut=    30.00 ryd     beta=0.30
     Davidson diagonalization with overlap
     ethr =  1.51E-05,  avg # of iterations =  2.2
 enter write_ns
U( 1) =  0.0000      U( 2) =  4.3000      U( 3) =  4.3000
alpha( 1) =  0.0000      alpha( 2) =  0.0000      alpha( 3) =  0.0000
atom  3   Tr[ns(na)]=   6.8555891
atom  3  spin  1
eigenvalues:  0.9938034 0.9938034 1.0015004 1.0015004 1.0027991
 eigenvectors
 1  -0.1313269 -0.1832013  0.2149915  0.9497150  0.0317902
 2   0.9497150 -0.1424795 -0.0874172  0.1313269 -0.2298967
 3  -0.2836272 -0.4351992 -0.3459196 -0.0187164 -0.7811188
 4  -0.0187164  0.6506959 -0.7022415  0.2836272 -0.0515456
 5   0.0000000 -0.5773503 -0.5773503  0.0000000  0.5773503
 occupations
 0.994  0.001  0.001  0.000  0.002
 0.001  1.002  0.001  0.001 -0.001
 0.001  0.001  1.002 -0.001 -0.001
 0.000  0.001 -0.001  0.994  0.000
 0.002 -0.001 -0.001  0.000  1.002
atom  3  spin  2
eigenvalues:  0.2771342 0.2771342 0.3718463 0.4680338 0.4680338
 eigenvectors
 1  -0.6154399 -0.2675935  0.0897747 -0.7141068 -0.1778188
 2  -0.7141068  0.0508323 -0.2571589  0.6154399 -0.2063266
 3   0.0000000  0.5773503  0.5773503  0.0000000 -0.5773503
 4   0.3233725 -0.2093177 -0.5368214 -0.0819481 -0.7461391
 5  -0.0819481  0.7407176 -0.5516333 -0.3233725  0.1890844
 occupations
 0.298 -0.025 -0.025  0.000 -0.049
-0.025  0.422 -0.025 -0.042  0.025
-0.025 -0.025  0.422  0.042  0.025
 0.000 -0.042  0.042  0.298  0.000
-0.049  0.025  0.025  0.000  0.422
atom  4   Tr[ns(na)]=   6.8555891
atom  4  spin  1
eigenvalues:  0.2771342 0.2771342 0.3718463 0.4680338 0.4680338
 eigenvectors
 1  -0.6175582 -0.2674413  0.0890104 -0.7122756 -0.1784309
 2  -0.7122756  0.0516269 -0.2574244  0.6175582 -0.2057975
 3   0.0000000  0.5773503  0.5773503  0.0000000 -0.5773503
 4   0.3223354 -0.2001506 -0.5435956 -0.0859369 -0.7437461
 5  -0.0859369  0.7432471 -0.5449590 -0.3223354  0.1982881
 occupations
 0.298 -0.025 -0.025  0.000 -0.049
-0.025  0.422 -0.025 -0.042  0.025
-0.025 -0.025  0.422  0.042  0.025
 0.000 -0.042  0.042  0.298  0.000
-0.049  0.025  0.025  0.000  0.422
atom  4  spin  2
eigenvalues:  0.9938034 0.9938034 1.0015004 1.0015004 1.0027991
 eigenvectors
 1  -0.2033859 -0.1717996  0.2210331  0.9369309  0.0492335
 2   0.9369309 -0.1560385 -0.0707636  0.2033859 -0.2268021
 3  -0.2833408 -0.4441688 -0.3361613 -0.0226425 -0.7803301
 4  -0.0226425  0.6446066 -0.7069647  0.2833408 -0.0623581
 5   0.0000000 -0.5773503 -0.5773503  0.0000000  0.5773503
 occupations
 0.994  0.001  0.001  0.000  0.002
 0.001  1.002  0.001  0.001 -0.001
 0.001  0.001  1.002 -0.001 -0.001
 0.000  0.001 -0.001  0.994  0.000
 0.002 -0.001 -0.001  0.000  1.002
nsum =  13.7111782
 exit write_ns

     total cpu time spent up to now is     70.99 secs

     total energy              =  -174.45487460 ryd
     estimated scf accuracy    <     0.00252826 ryd

     total magnetization       =     0.00 Bohr mag/cell
     absolute magnetization    =     7.32 Bohr mag/cell

     iteration #  6     ecut=    30.00 ryd     beta=0.30
     Davidson diagonalization with overlap
     ethr =  9.03E-06,  avg # of iterations =  1.0
 enter write_ns
U( 1) =  0.0000      U( 2) =  4.3000      U( 3) =  4.3000
alpha( 1) =  0.0000      alpha( 2) =  0.0000      alpha( 3) =  0.0000
atom  3   Tr[ns(na)]=   6.8612540
atom  3  spin  1
eigenvalues:  0.9937745 0.9937745 1.0015089 1.0015089 1.0028133
 eigenvectors
 1  -0.0911967 -0.1864570  0.2082033  0.9555603  0.0217462
 2   0.9555603 -0.1327614 -0.0950958  0.0911967 -0.2278572
 3  -0.2794978 -0.4431279 -0.3382881 -0.0216502 -0.7814161
 4  -0.0216502  0.6464615 -0.7069908  0.2794978 -0.0605293
 5   0.0000000 -0.5773503 -0.5773503  0.0000000  0.5773503
 occupations
 0.994  0.001  0.001  0.000  0.002
 0.001  1.002  0.001  0.001 -0.001
 0.001  0.001  1.002 -0.001 -0.001
 0.000  0.001 -0.001  0.994  0.000
 0.002 -0.001 -0.001  0.000  1.002
atom  3  spin  2
eigenvalues:  0.2777246 0.2777246 0.3323909 0.4900169 0.4900169
 eigenvectors
 1  -0.6553692 -0.2621999  0.0745365 -0.6789472 -0.1876633
 2  -0.6789472  0.0653138 -0.2597286  0.6553692 -0.1944148
 3   0.0000000  0.5773503  0.5773503  0.0000000 -0.5773503
 4   0.3185524 -0.1899617 -0.5516836 -0.0897013 -0.7416453
 5  -0.0897013  0.7467038 -0.5378636 -0.3185524  0.2088402
 occupations
 0.301 -0.027 -0.027  0.000 -0.054
-0.027  0.422 -0.045 -0.047  0.045
-0.027 -0.045  0.422  0.047  0.045
 0.000 -0.047  0.047  0.301  0.000
-0.054  0.045  0.045  0.000  0.422
atom  4   Tr[ns(na)]=   6.8612540
atom  4  spin  1
eigenvalues:  0.2777245 0.2777245 0.3323909 0.4900169 0.4900169
 eigenvectors
 1  -0.6013621 -0.2664371  0.0942386 -0.7272150 -0.1721986
 2  -0.7272150  0.0450102 -0.2532464  0.6013621 -0.2082362
 3   0.0000000  0.5773503  0.5773503  0.0000000 -0.5773503
 4   0.3183136 -0.1879825 -0.5531068 -0.0905451 -0.7410893
 5  -0.0905451  0.7472045 -0.5363999 -0.3183136  0.2108046
 occupations
 0.301 -0.027 -0.027  0.000 -0.054
-0.027  0.422 -0.045 -0.047  0.045
-0.027 -0.045  0.422  0.047  0.045
 0.000 -0.047  0.047  0.301  0.000
-0.054  0.045  0.045  0.000  0.422
atom  4  spin  2
eigenvalues:  0.9937745 0.9937745 1.0015089 1.0015089 1.0028133
 eigenvectors
 1  -0.1512787 -0.1777131  0.2137861  0.9479067  0.0360730
 2   0.9479067 -0.1442562 -0.0817759  0.1512787 -0.2260322
 3  -0.2794031 -0.4458754 -0.3352759 -0.0228396 -0.7811513
 4  -0.0228396  0.6445696 -0.7084242  0.2794031 -0.0638547
 5   0.0000000 -0.5773503 -0.5773503  0.0000000  0.5773503
 occupations
 0.994  0.001  0.001  0.000  0.002
 0.001  1.002  0.001  0.001 -0.001
 0.001  0.001  1.002 -0.001 -0.001
 0.000  0.001 -0.001  0.994  0.000
 0.002 -0.001 -0.001  0.000  1.002
nsum =  13.7225080
 exit write_ns

     total cpu time spent up to now is     82.31 secs

     total energy              =  -174.45720440 ryd
     estimated scf accuracy    <     0.00457259 ryd

     total magnetization       =     0.00 Bohr mag/cell
     absolute magnetization    =     7.31 Bohr mag/cell

     iteration #  7     ecut=    30.00 ryd     beta=0.30
     Davidson diagonalization with overlap
     ethr =  9.03E-06,  avg # of iterations =  1.2
 enter write_ns
U( 1) =  0.0000      U( 2) =  4.3000      U( 3) =  4.3000
alpha( 1) =  0.0000      alpha( 2) =  0.0000      alpha( 3) =  0.0000
atom  3   Tr[ns(na)]=   6.8546049
atom  3  spin  1
eigenvalues:  0.9938372 0.9938372 1.0014826 1.0014826 1.0027868
 eigenvectors
 1  -0.1696951 -0.1810467  0.2230906  0.9417476  0.0420439
 2   0.9417476 -0.1530755 -0.0802533  0.1696951 -0.2333288
 3  -0.2897748 -0.4331758 -0.3465387 -0.0185895 -0.7797145
 4  -0.0185895  0.6502426 -0.7002625  0.2897748 -0.0500199
 5   0.0000000 -0.5773503 -0.5773503  0.0000000  0.5773503
 occupations
 0.994  0.001  0.001  0.000  0.002
 0.001  1.001  0.001  0.002 -0.001
 0.001  0.001  1.001 -0.002 -0.001
 0.000  0.002 -0.002  0.994  0.000
 0.002 -0.001 -0.001  0.000  1.001
atom  3  spin  2
eigenvalues:  0.2766376 0.2766376 0.3980584 0.3980584 0.5117864
 eigenvectors
 1  -0.6814652 -0.3192725  0.0675938 -0.6047803 -0.2516786
 2   0.6047803 -0.1062814  0.3296388 -0.6814652  0.2233574
 3   0.3898878 -0.1431337 -0.5606606 -0.1335420 -0.7037943
 4   0.1335420 -0.7300334  0.4889741  0.3898878 -0.2410593
 5   0.0000000 -0.5773503 -0.5773503  0.0000000  0.5773503
 occupations
 0.297 -0.019 -0.019  0.000 -0.037
-0.019  0.422  0.045 -0.032 -0.045
-0.019  0.045  0.422  0.032 -0.045
 0.000 -0.032  0.032  0.297  0.000
-0.037 -0.045 -0.045  0.000  0.422
atom  4   Tr[ns(na)]=   6.8546038
atom  4  spin  1
eigenvalues:  0.2766376 0.2766376 0.3980580 0.3980580 0.5117861
 eigenvectors
 1   0.7230402  0.3108386 -0.0438051  0.5544063  0.2670336
 2  -0.5544063  0.1288810 -0.3336347  0.7230402 -0.2047536
 3   0.3955551 -0.1761668 -0.5378565 -0.1156832 -0.7140233
 4   0.1156832 -0.7227731  0.5139515  0.3955551 -0.2088216
 5   0.0000000 -0.5773503 -0.5773503  0.0000000  0.5773503
 occupations
 0.297 -0.019 -0.019  0.000 -0.037
-0.019  0.422  0.045 -0.032 -0.045
-0.019  0.045  0.422  0.032 -0.045
 0.000 -0.032  0.032  0.297  0.000
-0.037 -0.045 -0.045  0.000  0.422
atom  4  spin  2
eigenvalues:  0.9938372 0.9938372 1.0014826 1.0014826 1.0027868
 eigenvectors
 1  -0.1302673 -0.1872739  0.2195491  0.9480060  0.0322752
 2   0.9480060 -0.1453908 -0.0894885  0.1302673 -0.2348793
 3  -0.2896184 -0.4383127 -0.3409811 -0.0208842 -0.7792938
 4  -0.0208842  0.6467910 -0.7029855  0.2896184 -0.0561944
 5   0.0000000 -0.5773503 -0.5773503  0.0000000  0.5773503
 occupations
 0.994  0.001  0.001  0.000  0.002
 0.001  1.001  0.001  0.002 -0.001
 0.001  0.001  1.001 -0.002 -0.001
 0.000  0.002 -0.002  0.994  0.000
 0.002 -0.001 -0.001  0.000  1.001
nsum =  13.7092086
 exit write_ns

     total cpu time spent up to now is     93.63 secs

     total energy              =  -174.45487968 ryd
     estimated scf accuracy    <     0.00220854 ryd

     total magnetization       =     0.00 Bohr mag/cell
     absolute magnetization    =     7.32 Bohr mag/cell

     iteration #  8     ecut=    30.00 ryd     beta=0.30
     Davidson diagonalization with overlap
     ethr =  7.89E-06,  avg # of iterations =  1.0
 enter write_ns
U( 1) =  0.0000      U( 2) =  4.3000      U( 3) =  4.3000
alpha( 1) =  0.0000      alpha( 2) =  0.0000      alpha( 3) =  0.0000
atom  3   Tr[ns(na)]=   6.8591802
atom  3  spin  1
eigenvalues:  0.9938150 0.9938150 1.0015289 1.0015289 1.0028239
 eigenvectors
 1  -0.1126996 -0.1851471  0.2122980  0.9524766  0.0271509
 2   0.9524766 -0.1382459 -0.0912191  0.1126996 -0.2294651
 3  -0.2823019 -0.4380909 -0.3431055 -0.0198175 -0.7811964
 4  -0.0198175  0.6491160 -0.7039559  0.2823019 -0.0548399
 5   0.0000000 -0.5773503 -0.5773503  0.0000000  0.5773503
 occupations
 0.994  0.001  0.001  0.000  0.002
 0.001  1.002  0.001  0.001 -0.001
 0.001  0.001  1.002 -0.001 -0.001
 0.000  0.001 -0.001  0.994  0.000
 0.002 -0.001 -0.001  0.000  1.002
atom  3  spin  2
eigenvalues:  0.2759805 0.2759805 0.3836840 0.4650117 0.4650117
 eigenvectors
 1   0.6508655  0.2781755 -0.0788510  0.6730859  0.1993245
 2  -0.6730859  0.0695554 -0.2756848  0.6508655 -0.2061294
 3   0.0000000  0.5773503  0.5773503  0.0000000 -0.5773503
 4   0.3375314 -0.1845858 -0.5501878 -0.0969636 -0.7347735
 5  -0.0969636  0.7418728 -0.5307924 -0.3375314  0.2110804
 occupations
 0.299 -0.025 -0.025  0.000 -0.051
-0.025  0.422 -0.019 -0.044  0.019
-0.025 -0.019  0.422  0.044  0.019
 0.000 -0.044  0.044  0.299  0.000
-0.051  0.019  0.019  0.000  0.422
atom  4   Tr[ns(na)]=   6.8591878
atom  4  spin  1
eigenvalues:  0.2759807 0.2759807 0.3836852 0.4650147 0.4650147
 eigenvectors
 1  -0.6097553 -0.2818130  0.0950794 -0.7105423 -0.1867336
 2  -0.7105423  0.0529166 -0.2705155  0.6097553 -0.2175989
 3   0.0000000  0.5773503  0.5773503  0.0000000 -0.5773503
 4   0.3375905 -0.1850523 -0.5498543 -0.0967508 -0.7349067
 5  -0.0967508  0.7417571 -0.5311386 -0.3375905  0.2106185
 occupations
 0.299 -0.025 -0.025  0.000 -0.051
-0.025  0.422 -0.019 -0.044  0.019
-0.025 -0.019  0.422  0.044  0.019
 0.000 -0.044  0.044  0.299  0.000
-0.051  0.019  0.019  0.000  0.422
atom  4  spin  2
eigenvalues:  0.9938150 0.9938150 1.0015289 1.0015289 1.0028239
 eigenvectors
 1  -0.1405766 -0.1810147  0.2148817  0.9487628  0.0338670
 2   0.9487628 -0.1436151 -0.0849558  0.1405766 -0.2285709
 3   0.2822046  0.4411858  0.3397397  0.0211655  0.7809255
 4  -0.0211655  0.6470163 -0.7055863  0.2822046 -0.0585700
 5   0.0000000 -0.5773503 -0.5773503  0.0000000  0.5773503
 occupations
 0.994  0.001  0.001  0.000  0.002
 0.001  1.002  0.001  0.001 -0.001
 0.001  0.001  1.002 -0.001 -0.001
 0.000  0.001 -0.001  0.994  0.000
 0.002 -0.001 -0.001  0.000  1.002
nsum =  13.7183680
 exit write_ns

     total cpu time spent up to now is    104.87 secs

     total energy              =  -174.45452662 ryd
     estimated scf accuracy    <     0.00142965 ryd

     total magnetization       =     0.00 Bohr mag/cell
     absolute magnetization    =     7.31 Bohr mag/cell

     iteration #  9     ecut=    30.00 ryd     beta=0.30
     Davidson diagonalization with overlap
     ethr =  5.11E-06,  avg # of iterations =  1.5
 enter write_ns
U( 1) =  0.0000      U( 2) =  4.3000      U( 3) =  4.3000
alpha( 1) =  0.0000      alpha( 2) =  0.0000      alpha( 3) =  0.0000
atom  3   Tr[ns(na)]=   6.8507047
atom  3  spin  1
eigenvalues:  0.9938138 0.9938138 1.0014954 1.0014954 1.0027556
 eigenvectors
 1  -0.0945748 -0.1924308  0.2158399  0.9523083  0.0234091
 2   0.9523083 -0.1381305 -0.0975847  0.0945748 -0.2357152
 3  -0.2894448 -0.4356292 -0.3439578 -0.0196505 -0.7795870
 4  -0.0196505  0.6486788 -0.7016054  0.2894448 -0.0529265
 5   0.0000000 -0.5773503 -0.5773503  0.0000000  0.5773503
 occupations
 0.994  0.001  0.001  0.000  0.002
 0.001  1.001  0.001  0.002 -0.001
 0.001  0.001  1.001 -0.002 -0.001
 0.000  0.002 -0.002  0.994  0.000
 0.002 -0.001 -0.001  0.000  1.001
atom  3  spin  2
eigenvalues:  0.2712130 0.2712130 0.3971354 0.3971354 0.5206338
 eigenvectors
 1   0.7204892  0.3322618 -0.0409337  0.5328694  0.2913282
 2  -0.5328694  0.1445653 -0.3600298  0.7204892 -0.2154645
 3   0.4153371 -0.1191685 -0.5656168 -0.1563352 -0.6847853
 4   0.1563352 -0.7219200  0.4641630  0.4153371 -0.2577570
 5   0.0000000 -0.5773503 -0.5773503  0.0000000  0.5773503
 occupations
 0.296 -0.020 -0.020  0.000 -0.041
-0.020  0.422  0.049 -0.035 -0.049
-0.020  0.049  0.422  0.035 -0.049
 0.000 -0.035  0.035  0.296  0.000
-0.041 -0.049 -0.049  0.000  0.422
atom  4   Tr[ns(na)]=   6.8505098
atom  4  spin  1
eigenvalues:  0.2712036 0.2712036 0.3970654 0.3970654 0.5205980
 eigenvectors
 1   0.6918440  0.3393946 -0.0595641  0.5694824  0.2798305
 2  -0.5694824  0.1271709 -0.3575098  0.6918440 -0.2303389
 3   0.4148884 -0.1166335 -0.5672044 -0.1578268 -0.6838378
 4   0.1578268 -0.7222895  0.4621523  0.4148884 -0.2601372
 5   0.0000000 -0.5773503 -0.5773503  0.0000000  0.5773503
 occupations
 0.296 -0.020 -0.020  0.000 -0.041
-0.020  0.422  0.049 -0.035 -0.049
-0.020  0.049  0.422  0.035 -0.049
 0.000 -0.035  0.035  0.296  0.000
-0.041 -0.049 -0.049  0.000  0.422
atom  4  spin  2
eigenvalues:  0.9938135 0.9938135 1.0014955 1.0014955 1.0027557
 eigenvectors
 1  -0.1253839 -0.1878422  0.2188751  0.9487491  0.0310329
 2   0.9487491 -0.1442844 -0.0905339  0.1253839 -0.2348183
 3  -0.2895142 -0.4326458 -0.3471806 -0.0183190 -0.7798264
 4  -0.0183190  0.6506778 -0.7000212  0.2895142 -0.0493434
 5   0.0000000 -0.5773503 -0.5773503  0.0000000  0.5773503
 occupations
 0.994  0.001  0.001  0.000  0.002
 0.001  1.001  0.001  0.002 -0.001
 0.001  0.001  1.001 -0.002 -0.001
 0.000  0.002 -0.002  0.994  0.000
 0.002 -0.001 -0.001  0.000  1.001
nsum =  13.7012145
 exit write_ns

     total cpu time spent up to now is    116.65 secs

     total energy              =  -174.45536535 ryd
     estimated scf accuracy    <     0.00241271 ryd

     total magnetization       =     0.00 Bohr mag/cell
     absolute magnetization    =     7.33 Bohr mag/cell

     iteration # 10     ecut=    30.00 ryd     beta=0.30
     Davidson diagonalization with overlap
     ethr =  5.11E-06,  avg # of iterations =  1.0
 enter write_ns
U( 1) =  0.0000      U( 2) =  4.3000      U( 3) =  4.3000
alpha( 1) =  0.0000      alpha( 2) =  0.0000      alpha( 3) =  0.0000
atom  3   Tr[ns(na)]=   6.8547031
atom  3  spin  1
eigenvalues:  0.9937902 0.9937902 1.0015061 1.0015061 1.0027469
 eigenvectors
 1  -0.1717106 -0.1789198  0.2209947  0.9422814  0.0420749
 2   0.9422814 -0.1518833 -0.0790075  0.1717106 -0.2308908
 3  -0.2866949 -0.4387117 -0.3413030 -0.0206707 -0.7800147
 4  -0.0206707  0.6473931 -0.7036321  0.2866949 -0.0562390
 5   0.0000000 -0.5773503 -0.5773503  0.0000000  0.5773503
 occupations
 0.994  0.001  0.001  0.000  0.002
 0.001  1.001  0.001  0.002 -0.001
 0.001  0.001  1.001 -0.002 -0.001
 0.000  0.002 -0.002  0.994  0.000
 0.002 -0.001 -0.001  0.000  1.001
atom  3  spin  2
eigenvalues:  0.2724992 0.2724992 0.4185716 0.4185716 0.4792220
 eigenvectors
 1   0.6943093  0.3194569 -0.0603105  0.5874417  0.2591464
 2  -0.5874417  0.1147980 -0.3340567  0.6943093 -0.2192588
 3  -0.3877122  0.1140933  0.5784166  0.1500871  0.6925099
 4   0.1500871 -0.7337698  0.4656926  0.3877122 -0.2680772
 5   0.0000000  0.5773503  0.5773503  0.0000000 -0.5773503
 occupations
 0.298 -0.023 -0.023  0.000 -0.045
-0.023  0.422  0.029 -0.039 -0.029
-0.023  0.029  0.422  0.039 -0.029
 0.000 -0.039  0.039  0.298  0.000
-0.045 -0.029 -0.029  0.000  0.422
atom  4   Tr[ns(na)]=   6.8554222
atom  4  spin  1
eigenvalues:  0.2725285 0.2725285 0.4188374 0.4188374 0.4793498
 eigenvectors
 1   0.6867114  0.3206853 -0.0646051  0.5965212  0.2560802
 2  -0.5965212  0.1105482 -0.3329957  0.6867114 -0.2224475
 3   0.3914632 -0.1345721 -0.5652666 -0.1390918 -0.6998386
 4  -0.1390918  0.7304088 -0.4817472 -0.3914632  0.2486616
 5   0.0000000  0.5773503  0.5773503  0.0000000 -0.5773503
 occupations
 0.298 -0.023 -0.023  0.000 -0.045
-0.023  0.422  0.029 -0.039 -0.029
-0.023  0.029  0.422  0.039 -0.029
 0.000 -0.039  0.039  0.298  0.000
-0.045 -0.029 -0.029  0.000  0.422
atom  4  spin  2
eigenvalues:  0.9937912 0.9937912 1.0015057 1.0015057 1.0027468
 eigenvectors
 1  -0.1068179 -0.1889359  0.2151161  0.9518050  0.0261802
 2   0.9518050 -0.1393125 -0.0939671  0.1068179 -0.2332796
 3  -0.2865079 -0.4459181 -0.3334034 -0.0238819 -0.7793215
 4  -0.0238819  0.6424320 -0.7073925  0.2865079 -0.0649604
 5   0.0000000 -0.5773503 -0.5773503  0.0000000  0.5773503
 occupations
 0.994  0.001  0.001  0.000  0.002
 0.001  1.001  0.001  0.002 -0.001
 0.001  0.001  1.001 -0.002 -0.001
 0.000  0.002 -0.002  0.994  0.000
 0.002 -0.001 -0.001  0.000  1.001
nsum =  13.7101253
 exit write_ns

     total cpu time spent up to now is    128.31 secs

     total energy              =  -174.45376888 ryd
     estimated scf accuracy    <     0.00052724 ryd

     total magnetization       =     0.00 Bohr mag/cell
     absolute magnetization    =     7.32 Bohr mag/cell

     iteration # 11     ecut=    30.00 ryd     beta=0.30
     Davidson diagonalization with overlap
     ethr =  1.88E-06,  avg # of iterations =  1.0
 enter write_ns
U( 1) =  0.0000      U( 2) =  4.3000      U( 3) =  4.3000
alpha( 1) =  0.0000      alpha( 2) =  0.0000      alpha( 3) =  0.0000
atom  3   Tr[ns(na)]=   6.8647515
atom  3  spin  1
eigenvalues:  0.9937791 0.9937791 1.0014979 1.0014979 1.0027373
 eigenvectors
 1  -0.1708780 -0.1790886  0.2209685  0.9424155  0.0418798
 2   0.9424155 -0.1517555 -0.0792175  0.1708780 -0.2309731
 3  -0.2866492 -0.4417912 -0.3379322 -0.0220442 -0.7797234
 4  -0.0220442  0.6452788 -0.7052418  0.2866492 -0.0599630
 5   0.0000000 -0.5773503 -0.5773503  0.0000000  0.5773503
 occupations
 0.994  0.001  0.001  0.000  0.002
 0.001  1.001  0.001  0.002 -0.001
 0.001  0.001  1.001 -0.002 -0.001
 0.000  0.002 -0.002  0.994  0.000
 0.002 -0.001 -0.001  0.000  1.001
atom  3  spin  2
eigenvalues:  0.2729522 0.2729522 0.4275686 0.4275686 0.4704184
 eigenvectors
 1  -0.6975017 -0.3156989  0.0587386 -0.5868107 -0.2569602
 2   0.5868107 -0.1144433  0.3306249 -0.6975017  0.2161816
 3  -0.3911438  0.1547432  0.5530795  0.1270870  0.7078227
 4  -0.1270870  0.7279822 -0.4980027 -0.3911438  0.2299796
 5   0.0000000 -0.5773503 -0.5773503  0.0000000  0.5773503
 occupations
 0.299 -0.024 -0.024  0.000 -0.047
-0.024  0.424  0.023 -0.041 -0.023
-0.024  0.023  0.424  0.041 -0.023
 0.000 -0.041  0.041  0.299  0.000
-0.047 -0.023 -0.023  0.000  0.424
atom  4   Tr[ns(na)]=   6.8492957
atom  4  spin  1
eigenvalues:  0.2723392 0.2723392 0.4218833 0.4218833 0.4675861
 eigenvectors
 1  -0.6923016 -0.3210836  0.0613599 -0.5885595 -0.2597237
 2   0.5885595 -0.1145254  0.3353293 -0.6923016  0.2208039
 3  -0.3935420  0.1350905  0.5642418  0.1394304  0.6993323
 4  -0.1394304  0.7295248 -0.4817542 -0.3935420  0.2477706
 5   0.0000000 -0.5773503 -0.5773503  0.0000000  0.5773503
 occupations
 0.298 -0.023 -0.023  0.000 -0.046
-0.023  0.420  0.024 -0.040 -0.024
-0.023  0.024  0.420  0.040 -0.024
 0.000 -0.040  0.040  0.298  0.000
-0.046 -0.024 -0.024  0.000  0.420
atom  4  spin  2
eigenvalues:  0.9937568 0.9937568 1.0015056 1.0015056 1.0027398
 eigenvectors
 1  -0.1998251 -0.1735922  0.2223371  0.9370837  0.0487448
 2   0.9370837 -0.1565092 -0.0720807  0.1998251 -0.2285899
