
     Program PWSCF     v.2.1cvs starts ...
     Today is  3Jun2005 at 14:54:24 

     Ultrasoft (Vanderbilt) Pseudopotentials

     Current dimensions of program pwscf are:

     ntypx = 10   npk = 40000  lmax =  3
     nchix =  6  ndmx =  2000  nbrx = 14  nqfx =  8
  HUBBARD L FOR TYPE Fe IS            2
  HUBBARD L FOR TYPE Fe IS            2
  MAXIMUM HUBBARD L IS            2


     bravais-lattice index     =            0
     lattice parameter (a_0)   =       8.1900  a.u.
     unit-cell volume          =     274.6766 (a.u.)^3
     number of atoms/cell      =            4
     number of atomic types    =            3
     kinetic-energy cutoff     =      30.0000  Ry
     charge density cutoff     =     240.0000  Ry
     convergence threshold     =      1.0E-06
     beta                      =       0.3000
     number of iterations used =            8  plain     mixing
     Exchange-correlation      =  SLA  PZ   NOGX NOGC (1100)
     celldm(1)=   8.190000  celldm(2)=   0.000000  celldm(3)=   0.000000
     celldm(4)=   0.000000  celldm(5)=   0.000000  celldm(6)=   0.000000

     crystal axes: (cart. coord. in units of a_0)
               a(1) = (  0.500000  0.500000  1.000000 )  
               a(2) = (  0.500000  1.000000  0.500000 )  
               a(3) = (  1.000000  0.500000  0.500000 )  

     reciprocal axes: (cart. coord. in units 2 pi/a_0)
               b(1) = ( -0.500000 -0.500000  1.500000 )  
               b(2) = ( -0.500000  1.500000 -0.500000 )  
               b(3) = (  1.500000 -0.500000 -0.500000 )  


     PSEUDO 1 is O  (US)    zval =  6.0   lmax= 2   lloc= 0
     Version   0  0  0 of US pseudo code
     Using log mesh of  1269 points
     The pseudopotential has  4 beta functions with: 
                l(1) =   0
                l(2) =   0
                l(3) =   1
                l(4) =   1
     Q(r) pseudized with  0 coefficients,  rinner =    0.000   0.000   0.000
                                                       0.000   0.000

     PSEUDO 2 is Fe (US)    zval =  8.0   lmax= 2   lloc= 0
     Version   0  0  0 of US pseudo code
     Using log mesh of   957 points
     The pseudopotential has  6 beta functions with: 
                l(1) =   0
                l(2) =   0
                l(3) =   1
                l(4) =   1
                l(5) =   2
                l(6) =   2
     Q(r) pseudized with  0 coefficients,  rinner =    0.000   0.000   0.000
                                                       0.000   0.000

     PSEUDO 3 is Fe (US)    zval =  8.0   lmax= 2   lloc= 0
     Version   0  0  0 of US pseudo code
     Using log mesh of   957 points
     The pseudopotential has  6 beta functions with: 
                l(1) =   0
                l(2) =   0
                l(3) =   1
                l(4) =   1
                l(5) =   2
                l(6) =   2
     Q(r) pseudized with  0 coefficients,  rinner =    0.000   0.000   0.000
                                                       0.000   0.000

     atomic species   valence    mass     pseudopotential
        O1             6.00     1.00000     O ( 1.00)
        Fe1            8.00     1.00000     Fe( 1.00)
        Fe2            8.00     1.00000     Fe( 1.00)

     Starting magnetic structure 
     atomic species   magnetization
        O1           0.000
        Fe1          0.500
        Fe2         -0.500

     12 Sym.Ops. (with inversion)


   Cartesian axes

     site n.     atom                  positions (a_0 units)
         1           O1  tau(  1) = (   0.5000000   0.5000000   0.5000000  )
         2           O1  tau(  2) = (   1.5000000   1.5000000   1.5000000  )
         3           Fe1 tau(  3) = (   0.0000000   0.0000000   0.0000000  )
         4           Fe2 tau(  4) = (   1.0000000   1.0000000   1.0000000  )

     number of k points=    8  gaussian broad. (ryd)=  0.0100     ngauss =   0
                       cart. coord. in units 2pi/a_0
        k(    1) = (   0.0000000   0.0000000   0.0000000), wk =   0.1250000
        k(    2) = (  -0.7500000   0.2500000   0.2500000), wk =   0.3750000
        k(    3) = (  -0.5000000  -0.5000000   0.5000000), wk =   0.3750000
        k(    4) = (  -0.2500000  -0.2500000  -0.2500000), wk =   0.1250000
        k(    5) = (   0.0000000   0.0000000   0.0000000), wk =   0.1250000
        k(    6) = (  -0.7500000   0.2500000   0.2500000), wk =   0.3750000
        k(    7) = (  -0.5000000  -0.5000000   0.5000000), wk =   0.3750000
        k(    8) = (  -0.2500000  -0.2500000  -0.2500000), wk =   0.1250000

     G cutoff =  407.7738  (  17255 G-vectors)     FFT grid: ( 50, 50, 50)
     G cutoff =  203.8869  (   6111 G-vectors)  smooth grid: ( 36, 36, 36)

     nbndx  =    80  nbnd   =    20  natomwfc =    20  npwx   =     780
     nelec  =  28.00  nkb   =    52  ngl    =     342

     warning: negative or imaginary core charge    -0.000003    0.000000

     Initial potential from superposition of free atoms

     starting charge   27.99905, renormalised to   28.00000

     Parameters of the lda+U calculation:
     Number of iteration with fixed ns =  0
     Starting ns and Hubbard U :
 enter write_ns
U( 1) =  0.0000      U( 2) =  4.3000      U( 3) =  4.3000
alpha( 1) =  0.0000      alpha( 2) =  0.0000      alpha( 3) =  0.0000
atom  3   Tr[ns(na)]=   6.0000000
atom  3  spin  1
eigenvalues:  1.0000000 1.0000000 1.0000000 1.0000000 1.0000000
 eigenvectors
 1   1.0000000  0.0000000  0.0000000  0.0000000  0.0000000
 2   0.0000000  1.0000000  0.0000000  0.0000000  0.0000000
 3   0.0000000  0.0000000  1.0000000  0.0000000  0.0000000
 4   0.0000000  0.0000000  0.0000000  1.0000000  0.0000000
 5   0.0000000  0.0000000  0.0000000  0.0000000  1.0000000
 occupations
 1.000  0.000  0.000  0.000  0.000
 0.000  1.000  0.000  0.000  0.000
 0.000  0.000  1.000  0.000  0.000
 0.000  0.000  0.000  1.000  0.000
 0.000  0.000  0.000  0.000  1.000
atom  3  spin  2
eigenvalues:  0.2000000 0.2000000 0.2000000 0.2000000 0.2000000
 eigenvectors
 1   1.0000000  0.0000000  0.0000000  0.0000000  0.0000000
 2   0.0000000  1.0000000  0.0000000  0.0000000  0.0000000
 3   0.0000000  0.0000000  1.0000000  0.0000000  0.0000000
 4   0.0000000  0.0000000  0.0000000  1.0000000  0.0000000
 5   0.0000000  0.0000000  0.0000000  0.0000000  1.0000000
 occupations
 0.200  0.000  0.000  0.000  0.000
 0.000  0.200  0.000  0.000  0.000
 0.000  0.000  0.200  0.000  0.000
 0.000  0.000  0.000  0.200  0.000
 0.000  0.000  0.000  0.000  0.200
atom  4   Tr[ns(na)]=   6.0000000
atom  4  spin  1
eigenvalues:  0.2000000 0.2000000 0.2000000 0.2000000 0.2000000
 eigenvectors
 1   1.0000000  0.0000000  0.0000000  0.0000000  0.0000000
 2   0.0000000  1.0000000  0.0000000  0.0000000  0.0000000
 3   0.0000000  0.0000000  1.0000000  0.0000000  0.0000000
 4   0.0000000  0.0000000  0.0000000  1.0000000  0.0000000
 5   0.0000000  0.0000000  0.0000000  0.0000000  1.0000000
 occupations
 0.200  0.000  0.000  0.000  0.000
 0.000  0.200  0.000  0.000  0.000
 0.000  0.000  0.200  0.000  0.000
 0.000  0.000  0.000  0.200  0.000
 0.000  0.000  0.000  0.000  0.200
atom  4  spin  2
eigenvalues:  1.0000000 1.0000000 1.0000000 1.0000000 1.0000000
 eigenvectors
 1   1.0000000  0.0000000  0.0000000  0.0000000  0.0000000
 2   0.0000000  1.0000000  0.0000000  0.0000000  0.0000000
 3   0.0000000  0.0000000  1.0000000  0.0000000  0.0000000
 4   0.0000000  0.0000000  0.0000000  1.0000000  0.0000000
 5   0.0000000  0.0000000  0.0000000  0.0000000  1.0000000
 occupations
 1.000  0.000  0.000  0.000  0.000
 0.000  1.000  0.000  0.000  0.000
 0.000  0.000  1.000  0.000  0.000
 0.000  0.000  0.000  1.000  0.000
 0.000  0.000  0.000  0.000  1.000
nsum =  12.0000000
 exit write_ns
     Starting wfc are atomic
 Atomic wfc used for LDA+U Projector are NOT orthogonalized

     total cpu time spent up to now is     10.78 secs

     Self-consistent Calculation

     iteration #  1     ecut=    30.00 ryd     beta=0.30
     Davidson diagonalization (with overlap)
     ethr =  1.00E-02,  avg # of iterations =  3.2
 enter write_ns
U( 1) =  0.0000      U( 2) =  4.3000      U( 3) =  4.3000
alpha( 1) =  0.0000      alpha( 2) =  0.0000      alpha( 3) =  0.0000
atom  3   Tr[ns(na)]=   6.1226801
atom  3  spin  1
eigenvalues:  0.9969552 0.9969552 1.0025536 1.0025536 1.0030281
 eigenvectors
 1  -0.3775838 -0.2578679  0.4875993  0.7073931  0.2297315
 2  -0.7073931  0.4141511  0.0162446 -0.3775838  0.4303957
 3   0.5925912  0.3973069  0.2520101  0.0765586  0.6493170
 4   0.0765586 -0.5203815  0.6042686 -0.5925912  0.0838872
 5   0.0000000  0.5773503  0.5773503  0.0000000 -0.5773503
 occupations
 0.999  0.001  0.001  0.000  0.002
 0.001  1.001  0.001  0.002 -0.001
 0.001  0.001  1.001 -0.002 -0.001
 0.000  0.002 -0.002  0.999  0.000
 0.002 -0.001 -0.001  0.000  1.001
atom  3  spin  2
eigenvalues:  0.1553853 0.1553853 0.2567874 0.2765382 0.2765382
 eigenvectors
 1  -0.2654889 -0.0695168  0.0503758 -0.9600932 -0.0191410
 2  -0.9600932 -0.0180334 -0.0511866  0.2654889 -0.0692200
 3   0.0000000 -0.5773503 -0.5773503  0.0000000  0.5773503
 4  -0.0866715  0.2806697  0.5207627  0.0149909  0.8014325
 5  -0.0149909  0.7633698 -0.6247520 -0.0866715  0.1386177
 occupations
 0.156 -0.004 -0.004  0.000 -0.009
-0.004  0.269 -0.006 -0.008  0.006
-0.004 -0.006  0.269  0.008  0.006
 0.000 -0.008  0.008  0.156  0.000
-0.009  0.006  0.006  0.000  0.269
atom  4   Tr[ns(na)]=   6.1226801
atom  4  spin  1
eigenvalues:  0.1553853 0.1553853 0.2567874 0.2765382 0.2765382
 eigenvectors
 1  -0.3841130 -0.0712326  0.0435392 -0.9190868 -0.0276934
 2  -0.9190868 -0.0091485 -0.0571150  0.3841130 -0.0662635
 3   0.0000000 -0.5773503 -0.5773503  0.0000000  0.5773503
 4  -0.0864692  0.2707196  0.5288426  0.0161167  0.7995622
 5  -0.0161167  0.7669549 -0.6179275 -0.0864692  0.1490274
 occupations
 0.156 -0.004 -0.004  0.000 -0.009
-0.004  0.269 -0.006 -0.008  0.006
-0.004 -0.006  0.269  0.008  0.006
 0.000 -0.008  0.008  0.156  0.000
-0.009  0.006  0.006  0.000  0.269
atom  4  spin  2
eigenvalues:  0.9969552 0.9969552 1.0025536 1.0025536 1.0030281
 eigenvectors
 1  -0.3740125 -0.2599526  0.4875112  0.7092878  0.2275586
 2  -0.7092878  0.4128458  0.0187027 -0.3740125  0.4315485
 3   0.5920069  0.4011563  0.2475206  0.0809524  0.6486769
 4   0.0809524 -0.5174199  0.6061214 -0.5920069  0.0887016
 5   0.0000000  0.5773503  0.5773503  0.0000000 -0.5773503
 occupations
 0.999  0.001  0.001  0.000  0.002
 0.001  1.001  0.001  0.002 -0.001
 0.001  0.001  1.001 -0.002 -0.001
 0.000  0.002 -0.002  0.999  0.000
 0.002 -0.001 -0.001  0.000  1.001
nsum =  12.2453603
 exit write_ns
 Modify starting ns matrices according to input values 
 enter write_ns
U( 1) =  0.0000      U( 2) =  4.3000      U( 3) =  4.3000
alpha( 1) =  0.0000      alpha( 2) =  0.0000      alpha( 3) =  0.0000
atom  3   Tr[ns(na)]=   6.8461419
atom  3  spin  1
eigenvalues:  0.9969552 0.9969552 1.0025536 1.0025536 1.0030281
 eigenvectors
 1  -0.3981261 -0.2456360  0.4878659  0.6960389  0.2422299
 2  -0.6960389  0.4215210  0.0019665 -0.3981261  0.4234875
 3   0.5923796  0.3987287  0.2503565  0.0781790  0.6490852
 4   0.0781790 -0.5192929  0.6049556 -0.5923796  0.0856627
 5   0.0000000  0.5773503  0.5773503  0.0000000 -0.5773503
 occupations
 0.999  0.001  0.001  0.000  0.002
 0.001  1.001  0.001  0.002 -0.001
 0.001  0.001  1.001 -0.002 -0.001
 0.000  0.002 -0.002  0.999  0.000
 0.002 -0.001 -0.001  0.000  1.001
atom  3  spin  2
eigenvalues:  0.1553853 0.1553853 0.2567874 0.2765382 1.0000000
 eigenvectors
 1  -0.2011781 -0.0681665  0.0536621 -0.9755976 -0.0145044
 2  -0.9755976 -0.0226078 -0.0477300  0.2011781 -0.0703378
 3   0.0000000 -0.5773503 -0.5773503  0.0000000  0.5773503
 4  -0.0866715  0.2806697  0.5207627  0.0149909  0.8014325
 5  -0.0149909  0.7633698 -0.6247520 -0.0866715  0.1386177
 occupations
 0.156 -0.013  0.002  0.001 -0.010
-0.013  0.691 -0.351 -0.055  0.083
 0.002 -0.351  0.552  0.047 -0.056
 0.001 -0.055  0.047  0.162 -0.009
-0.010  0.083 -0.056 -0.009  0.283
atom  4   Tr[ns(na)]=   6.8461419
atom  4  spin  1
eigenvalues:  0.1553853 0.1553853 0.2567874 0.2765382 1.0000000
 eigenvectors
 1  -0.0929117 -0.0652741  0.0585755 -0.9917816 -0.0066987
 2  -0.9917816 -0.0299511 -0.0415535  0.0929117 -0.0715046
 3   0.0000000 -0.5773503 -0.5773503  0.0000000  0.5773503
 4  -0.0864692  0.2707196  0.5288426  0.0161167  0.7995622
 5  -0.0161167  0.7669549 -0.6179275 -0.0864692  0.1490274
 occupations
 0.157 -0.013  0.003  0.001 -0.010
-0.013  0.695 -0.349 -0.055  0.089
 0.003 -0.349  0.546  0.046 -0.060
 0.001 -0.055  0.046  0.162 -0.009
-0.010  0.089 -0.060 -0.009  0.285
atom  4  spin  2
eigenvalues:  0.9969552 0.9969552 1.0025536 1.0025536 1.0030281
 eigenvectors
 1  -0.3642839 -0.2655707  0.4872101  0.7143331  0.2216394
 2  -0.7143331  0.4092545  0.0253637 -0.3642839  0.4346182
 3   0.5908173  0.4083512  0.2390222  0.0892214  0.6473733
 4   0.0892214 -0.5117607  0.6095228 -0.5908173  0.0977621
 5   0.0000000  0.5773503  0.5773503  0.0000000 -0.5773503
 occupations
 0.999  0.001  0.001  0.000  0.002
 0.001  1.001  0.001  0.002 -0.001
 0.001  0.001  1.001 -0.002 -0.001
 0.000  0.002 -0.002  0.999  0.000
 0.002 -0.001 -0.001  0.000  1.001
nsum =  13.6922838
 exit write_ns

     total cpu time spent up to now is     22.44 secs

     total energy              =  -173.87440401 ryd
     estimated scf accuracy    <     2.60384704 ryd

     total magnetization       =     0.00 Bohr mag/cell
     absolute magnetization    =     8.54 Bohr mag/cell

     iteration #  2     ecut=    30.00 ryd     beta=0.30
     Davidson diagonalization (with overlap)
     ethr =  9.30E-03,  avg # of iterations =  2.2
 enter write_ns
U( 1) =  0.0000      U( 2) =  4.3000      U( 3) =  4.3000
alpha( 1) =  0.0000      alpha( 2) =  0.0000      alpha( 3) =  0.0000
atom  3   Tr[ns(na)]=   6.9105370
atom  3  spin  1
eigenvalues:  0.9929404 0.9929404 1.0010924 1.0010924 1.0024194
 eigenvectors
 1  -0.1986523 -0.1615593  0.2062819  0.9433364  0.0447226
 2   0.9433364 -0.1449175 -0.0674557  0.1986523 -0.2123732
 3  -0.2658044 -0.3901364 -0.3969777  0.0013338 -0.7871141
 4   0.0013338  0.6836357 -0.6796859  0.2658044  0.0039498
 5   0.0000000 -0.5773503 -0.5773503  0.0000000  0.5773503
 occupations
 0.994  0.001  0.001  0.000  0.002
 0.001  1.001  0.001  0.001 -0.001
 0.001  0.001  1.001 -0.001 -0.001
 0.000  0.001 -0.001  0.994  0.000
 0.002 -0.001 -0.001  0.000  1.001
atom  3  spin  2
eigenvalues:  0.2576686 0.3218714 0.3218714 0.5093203 0.5093203
 eigenvectors
 1   0.0000000  0.5773503  0.5773503  0.0000000 -0.5773503
 2  -0.5226861 -0.1816781  0.0841840 -0.8229218 -0.0974941
 3   0.8229218 -0.0076846  0.1611802 -0.5226861  0.1534956
 4   0.2152720 -0.2080590 -0.5613532 -0.0570696 -0.7694122
 5   0.0570696 -0.7683177  0.5643432  0.2152720 -0.2039745
 occupations
 0.331 -0.017 -0.017  0.000 -0.033
-0.017  0.419 -0.081 -0.029  0.081
-0.017 -0.081  0.419  0.029  0.081
 0.000 -0.029  0.029  0.331  0.000
-0.033  0.081  0.081  0.000  0.419
atom  4   Tr[ns(na)]=   6.9104065
atom  4  spin  1
eigenvalues:  0.2568508 0.3219024 0.3219024 0.5096426 0.5096426
 eigenvectors
 1   0.0000000  0.5773503  0.5773503  0.0000000 -0.5773503
 2  -0.4720941 -0.1813723  0.0935382 -0.8530926 -0.0878341
 3   0.8530926  0.0032933  0.1554264 -0.4720941  0.1587197
 4   0.2146527 -0.2067345 -0.5624147 -0.0573093 -0.7691492
 5   0.0573093 -0.7687787  0.5634267  0.2146527 -0.2053520
 occupations
 0.331 -0.017 -0.017  0.000 -0.033
-0.017  0.419 -0.081 -0.029  0.081
-0.017 -0.081  0.419  0.029  0.081
 0.000 -0.029  0.029  0.331  0.000
-0.033  0.081  0.081  0.000  0.419
atom  4  spin  2
eigenvalues:  0.9929384 0.9929384 1.0010870 1.0010870 1.0024150
 eigenvectors
 1  -0.1851582 -0.1635371  0.2052008  0.9461125  0.0416636
 2   0.9461125 -0.1425272 -0.0703637  0.1851582 -0.2128909
 3  -0.2656811 -0.3963633 -0.3907821 -0.0010876 -0.7871454
 4  -0.0010876  0.6800768 -0.6832990  0.2656811 -0.0032223
 5   0.0000000 -0.5773503 -0.5773503  0.0000000  0.5773503
 occupations
 0.994  0.001  0.001  0.000  0.002
 0.001  1.001  0.001  0.001 -0.001
 0.001  0.001  1.001 -0.001 -0.001
 0.000  0.001 -0.001  0.994  0.000
 0.002 -0.001 -0.001  0.000  1.001
nsum =  13.8209434
 exit write_ns

     total cpu time spent up to now is     33.77 secs

     total energy              =  -174.44377151 ryd
     estimated scf accuracy    <     0.18277043 ryd

     total magnetization       =     0.00 Bohr mag/cell
     absolute magnetization    =     7.15 Bohr mag/cell

     iteration #  3     ecut=    30.00 ryd     beta=0.30
     Davidson diagonalization (with overlap)
     ethr =  6.53E-04,  avg # of iterations =  1.8
 enter write_ns
U( 1) =  0.0000      U( 2) =  4.3000      U( 3) =  4.3000
alpha( 1) =  0.0000      alpha( 2) =  0.0000      alpha( 3) =  0.0000
atom  3   Tr[ns(na)]=   6.8113346
atom  3  spin  1
eigenvalues:  0.9938265 0.9938265 1.0016740 1.0016740 1.0028755
 eigenvectors
 1   0.2172737  0.1685013 -0.2207654 -0.9343075 -0.0522641
 2   0.9343075 -0.1576337 -0.0671095  0.2172737 -0.2247432
 3  -0.2825961 -0.3891714 -0.3940385  0.0010139 -0.7832099
 4  -0.0010139 -0.6796847  0.6768746 -0.2825961 -0.0028100
 5   0.0000000 -0.5773503 -0.5773503  0.0000000  0.5773503
 occupations
 0.994  0.001  0.001  0.000  0.002
 0.001  1.002  0.001  0.002 -0.001
 0.001  0.001  1.002 -0.002 -0.001
 0.000  0.002 -0.002  0.994  0.000
 0.002 -0.001 -0.001  0.000  1.002
atom  3  spin  2
eigenvalues:  0.2434088 0.2768376 0.2768376 0.5101870 0.5101870
 eigenvectors
 1   0.0000000  0.5773503  0.5773503  0.0000000 -0.5773503
 2  -0.5984874 -0.1885279  0.0713625 -0.7664527 -0.1171654
 3  -0.7664527  0.0264443 -0.1764921  0.5984874 -0.1500478
 4   0.2244618 -0.1961346 -0.5682411 -0.0630873 -0.7643757
 5   0.0630873 -0.7693867  0.5545508  0.2244618 -0.2148358
 occupations
 0.290 -0.022 -0.022  0.000 -0.043
-0.022  0.413 -0.085 -0.037  0.085
-0.022 -0.085  0.413  0.037  0.085
 0.000 -0.037  0.037  0.290  0.000
-0.043  0.085  0.085  0.000  0.413
atom  4   Tr[ns(na)]=   6.8125704
atom  4  spin  1
eigenvalues:  0.2428888 0.2769306 0.2769306 0.5109765 0.5109765
 eigenvectors
 1   0.0000000  0.5773503  0.5773503  0.0000000 -0.5773503
 2  -0.6539211 -0.1850948  0.0577682 -0.7201236 -0.1273266
 3  -0.7201236  0.0401595 -0.1803765  0.6539211 -0.1402170
 4   0.2237006 -0.2009630 -0.5649550 -0.0613785 -0.7659180
 5   0.0613785 -0.7683799  0.5582290  0.2237006 -0.2101508
 occupations
 0.290 -0.022 -0.022  0.000 -0.043
-0.022  0.413 -0.085 -0.037  0.085
-0.022 -0.085  0.413  0.037  0.085
 0.000 -0.037  0.037  0.290  0.000
-0.043  0.085  0.085  0.000  0.413
atom  4  spin  2
eigenvalues:  0.9938245 0.9938245 1.0016724 1.0016724 1.0028736
 eigenvectors
 1   0.1988478  0.1714991 -0.2193090 -0.9384377 -0.0478099
 2   0.9384377 -0.1542212 -0.0714120  0.1988478 -0.2256332
 3  -0.2824774 -0.3896028 -0.3936373  0.0008401 -0.7832401
 4  -0.0008401 -0.6794705  0.6771412 -0.2824774 -0.0023293
 5   0.0000000 -0.5773503 -0.5773503  0.0000000  0.5773503
 occupations
 0.994  0.001  0.001  0.000  0.002
 0.001  1.002  0.001  0.002 -0.001
 0.001  0.001  1.002 -0.002 -0.001
 0.000  0.002 -0.002  0.994  0.000
 0.002 -0.001 -0.001  0.000  1.002
nsum =  13.6239050
 exit write_ns

     total cpu time spent up to now is     44.56 secs

     total energy              =  -174.45851078 ryd
     estimated scf accuracy    <     0.04591983 ryd

     total magnetization       =     0.00 Bohr mag/cell
     absolute magnetization    =     7.34 Bohr mag/cell

     iteration #  4     ecut=    30.00 ryd     beta=0.30
     Davidson diagonalization (with overlap)
     ethr =  1.64E-04,  avg # of iterations =  1.8
 enter write_ns
U( 1) =  0.0000      U( 2) =  4.3000      U( 3) =  4.3000
alpha( 1) =  0.0000      alpha( 2) =  0.0000      alpha( 3) =  0.0000
atom  3   Tr[ns(na)]=   6.8391253
atom  3  spin  1
eigenvalues:  0.9938238 0.9938238 1.0013334 1.0013334 1.0026638
 eigenvectors
 1  -0.2351650 -0.1611419  0.2160830  0.9322126  0.0549411
 2   0.9322126 -0.1564758 -0.0613150  0.2351650 -0.2177909
 3  -0.2750945 -0.3932953 -0.3916979 -0.0003232 -0.7849933
 4  -0.0003232  0.6793630 -0.6802852  0.2750945 -0.0009223
 5   0.0000000 -0.5773503 -0.5773503  0.0000000  0.5773503
 occupations
 0.994  0.001  0.001  0.000  0.002
 0.001  1.001  0.001  0.001 -0.001
 0.001  0.001  1.001 -0.001 -0.001
 0.000  0.001 -0.001  0.994  0.000
 0.002 -0.001 -0.001  0.000  1.001
atom  3  spin  2
eigenvalues:  0.2019677 0.2745976 0.2745976 0.5474922 0.5474922
 eigenvectors
 1   0.0000000  0.5773503  0.5773503  0.0000000 -0.5773503
 2   0.6947923  0.2176704 -0.0536253  0.6633979  0.1640451
 3   0.6633979 -0.0637509  0.2203835 -0.6947923  0.1566326
 4   0.2658528 -0.1783474 -0.5723100 -0.0805552 -0.7506574
 5   0.0805552 -0.7638156  0.5363612  0.2658528 -0.2274544
 occupations
 0.296 -0.030 -0.030  0.000 -0.059
-0.030  0.418 -0.108 -0.051  0.108
-0.030 -0.108  0.418  0.051  0.108
 0.000 -0.051  0.051  0.296  0.000
-0.059  0.108  0.108  0.000  0.418
atom  4   Tr[ns(na)]=   6.8159589
atom  4  spin  1
eigenvalues:  0.2004507 0.2737846 0.2737846 0.5374384 0.5374384
 eigenvectors
 1   0.0000000  0.5773503  0.5773503  0.0000000 -0.5773503
 2  -0.6549163 -0.2225503  0.0667361 -0.7020144 -0.1558142
 3  -0.7020144  0.0514293 -0.2184489  0.6549163 -0.1670196
 4   0.2679644 -0.1804579 -0.5704116 -0.0803461 -0.7508696
 5   0.0803461 -0.7628421  0.5377022  0.2679644 -0.2251399
 occupations
 0.294 -0.029 -0.029  0.000 -0.058
-0.029  0.411 -0.105 -0.050  0.105
-0.029 -0.105  0.411  0.050  0.105
 0.000 -0.050  0.050  0.294  0.000
-0.058  0.105  0.105  0.000  0.411
atom  4  spin  2
eigenvalues:  0.9937846 0.9937846 1.0013946 1.0013946 1.0027038
 eigenvectors
 1  -0.1622612 -0.1703824  0.2077173  0.9487364  0.0373349
 2   0.9487364 -0.1414809 -0.0768150  0.1622612 -0.2182960
 3  -0.2712366 -0.3957115 -0.3901698 -0.0011043 -0.7858813
 4  -0.0011043  0.6789934 -0.6821929  0.2712366 -0.0031995
 5   0.0000000 -0.5773503 -0.5773503  0.0000000  0.5773503
 occupations
 0.994  0.001  0.001  0.000  0.002
 0.001  1.001  0.001  0.001 -0.001
 0.001  0.001  1.001 -0.001 -0.001
 0.000  0.001 -0.001  0.994  0.000
 0.002 -0.001 -0.001  0.000  1.001
nsum =  13.6550842
 exit write_ns

     total cpu time spent up to now is     55.15 secs

     total energy              =  -174.46406446 ryd
     estimated scf accuracy    <     0.00993608 ryd

     total magnetization       =    -0.02 Bohr mag/cell
     absolute magnetization    =     7.32 Bohr mag/cell

     iteration #  5     ecut=    30.00 ryd     beta=0.30
     Davidson diagonalization (with overlap)
     ethr =  3.55E-05,  avg # of iterations =  1.9
 enter write_ns
U( 1) =  0.0000      U( 2) =  4.3000      U( 3) =  4.3000
alpha( 1) =  0.0000      alpha( 2) =  0.0000      alpha( 3) =  0.0000
atom  3   Tr[ns(na)]=   6.7063450
atom  3  spin  1
eigenvalues:  0.9936306 0.9936306 1.0016170 1.0016170 1.0028279
 eigenvectors
 1  -0.2123225 -0.1526262  0.1982065  0.9435365  0.0455803
 2   0.9435365 -0.1407503 -0.0618030  0.2123225 -0.2025533
 3  -0.2542300 -0.3812429 -0.4082619  0.0050232 -0.7895049
 4   0.0050232  0.6915310 -0.6759316  0.2542300  0.0155994
 5   0.0000000 -0.5773503 -0.5773503  0.0000000  0.5773503
 occupations
 0.994  0.001  0.001  0.000  0.002
 0.001  1.002  0.001  0.001 -0.001
 0.001  0.001  1.002 -0.001 -0.001
 0.000  0.001 -0.001  0.994  0.000
 0.002 -0.001 -0.001  0.000  1.002
atom  3  spin  2
eigenvalues:  0.1727103 0.2696457 0.2696457 0.5005102 0.5005102
 eigenvectors
 1   0.0000000 -0.5773503 -0.5773503  0.0000000  0.5773503
 2   0.8174966  0.2310419 -0.0006355  0.4745855  0.2304064
 3   0.4745855 -0.1326583  0.2664173 -0.8174966  0.1337590
 4  -0.3085659  0.1476158  0.5822586  0.1060893  0.7298744
 5   0.1060893 -0.7575603  0.5066192  0.3085659 -0.2509411
 occupations
 0.294 -0.029 -0.029  0.000 -0.058
-0.029  0.375 -0.101 -0.050  0.101
-0.029 -0.101  0.375  0.050  0.101
 0.000 -0.050  0.050  0.294  0.000
-0.058  0.101  0.101  0.000  0.375
atom  4   Tr[ns(na)]=   6.9638018
atom  4  spin  1
eigenvalues:  0.1805921 0.2768165 0.2768165 0.6185403 0.6185403
 eigenvectors
 1   0.0000000  0.5773503  0.5773503  0.0000000 -0.5773503
 2   0.7440486  0.2242448 -0.0370730  0.5997486  0.1871718
 3   0.5997486 -0.0866596  0.2375314 -0.7440486  0.1508719
 4  -0.2799183  0.1613269  0.5804973  0.0913188  0.7418242
 5  -0.0913188  0.7634427 -0.5214345 -0.2799183  0.2420081
 occupations
 0.306 -0.039 -0.039  0.000 -0.079
-0.039  0.453 -0.136 -0.068  0.136
-0.039 -0.136  0.453  0.068  0.136
 0.000 -0.068  0.068  0.306  0.000
-0.079  0.136  0.136  0.000  0.453
atom  4  spin  2
eigenvalues:  0.9939558 0.9939558 1.0010364 1.0010364 1.0025115
 eigenvectors
 1  -0.2187604 -0.1742620  0.2289795  0.9307798  0.0547175
 2   0.9307798 -0.1637925 -0.0690190  0.2187604 -0.2328115
 3  -0.2928951 -0.3850335 -0.3956291  0.0022952 -0.7806626
 4   0.0022952  0.6791323 -0.6730149  0.2928951  0.0061174
 5   0.0000000 -0.5773503 -0.5773503  0.0000000  0.5773503
 occupations
 0.995  0.001  0.001  0.000  0.002
 0.001  1.001  0.001  0.001 -0.001
 0.001  0.001  1.001 -0.001 -0.001
 0.000  0.001 -0.001  0.995  0.000
 0.002 -0.001 -0.001  0.000  1.001
nsum =  13.6701468
 exit write_ns

     total cpu time spent up to now is     65.77 secs

     total energy              =  -174.47049765 ryd
     estimated scf accuracy    <     0.02762753 ryd

     total magnetization       =     0.26 Bohr mag/cell
     absolute magnetization    =     7.30 Bohr mag/cell

     iteration #  6     ecut=    30.00 ryd     beta=0.30
     Davidson diagonalization (with overlap)
     ethr =  3.55E-05,  avg # of iterations =  1.0
 enter write_ns
U( 1) =  0.0000      U( 2) =  4.3000      U( 3) =  4.3000
alpha( 1) =  0.0000      alpha( 2) =  0.0000      alpha( 3) =  0.0000
atom  3   Tr[ns(na)]=   6.8830576
atom  3  spin  1
eigenvalues:  0.9938516 0.9938516 1.0011963 1.0011963 1.0026407
 eigenvectors
 1  -0.2019405 -0.1691029  0.2170652  0.9387260  0.0479623
 2   0.9387260 -0.1530137 -0.0699405  0.2019405 -0.2229542
 3  -0.2793047 -0.3882688 -0.3957205  0.0015327 -0.7839893
 4   0.0015327  0.6811058 -0.6768035  0.2793047  0.0043023
 5   0.0000000 -0.5773503 -0.5773503  0.0000000  0.5773503
 occupations
 0.994  0.001  0.001  0.000  0.002
 0.001  1.001  0.001  0.001 -0.001
 0.001  0.001  1.001 -0.001 -0.001
 0.000  0.001 -0.001  0.994  0.000
 0.002 -0.001 -0.001  0.000  1.001
atom  3  spin  2
eigenvalues:  0.1768486 0.2745230 0.2745230 0.5822132 0.5822132
 eigenvectors
 1   0.0000000  0.5773503  0.5773503  0.0000000 -0.5773503
 2   0.7735927  0.2261657 -0.0246811  0.5560560  0.2014846
 3   0.5560560 -0.1020775  0.2469040 -0.7735927  0.1448265
 4  -0.2881575  0.1547723  0.5828079  0.0965473  0.7375801
 5  -0.0965473  0.7623264 -0.5151999 -0.2881575  0.2471265
 occupations
 0.303 -0.036 -0.036  0.000 -0.073
-0.036  0.428 -0.126 -0.063  0.126
-0.036 -0.126  0.428  0.063  0.126
 0.000 -0.063  0.063  0.303  0.000
-0.073  0.126  0.126  0.000  0.428
atom  4   Tr[ns(na)]=   6.7873631
atom  4  spin  1
eigenvalues:  0.1735487 0.2718623 0.2718623 0.5385672 0.5385672
 eigenvectors
 1   0.0000000  0.5773503  0.5773503  0.0000000 -0.5773503
 2  -0.7650337 -0.2356606  0.0281540 -0.5615478 -0.2075067
 3  -0.5615478  0.1035493 -0.2558628  0.7650337 -0.1523134
 4  -0.2983917  0.1501529  0.5832524  0.1017349  0.7334052
 5  -0.1017349  0.7601726 -0.5101225 -0.2983917  0.2500501
 occupations
 0.298 -0.033 -0.033  0.000 -0.065
-0.033  0.399 -0.113 -0.056  0.113
-0.033 -0.113  0.399  0.056  0.113
 0.000 -0.056  0.056  0.298  0.000
-0.065  0.113  0.113  0.000  0.399
atom  4  spin  2
eigenvalues:  0.9937257 0.9937257 1.0013893 1.0013893 1.0027254
 eigenvectors
 1  -0.2069559 -0.1603043  0.2069052  0.9415362  0.0466009
 2   0.9415362 -0.1463618 -0.0656467  0.2069559 -0.2120085
 3  -0.2658233 -0.3829830 -0.4040365  0.0041055 -0.7870195
 4   0.0041055  0.6876565 -0.6755013  0.2658233  0.0121552
 5   0.0000000 -0.5773503 -0.5773503  0.0000000  0.5773503
 occupations
 0.994  0.001  0.001  0.000  0.002
 0.001  1.001  0.001  0.001 -0.001
 0.001  0.001  1.001 -0.001 -0.001
 0.000  0.001 -0.001  0.994  0.000
 0.002 -0.001 -0.001  0.000  1.001
nsum =  13.6704207
 exit write_ns

     total cpu time spent up to now is     76.37 secs

     total energy              =  -174.46990303 ryd
     estimated scf accuracy    <     0.00562347 ryd

     total magnetization       =    -0.10 Bohr mag/cell
     absolute magnetization    =     7.30 Bohr mag/cell

     iteration #  7     ecut=    30.00 ryd     beta=0.30
     Davidson diagonalization (with overlap)
     ethr =  2.01E-05,  avg # of iterations =  1.0
 enter write_ns
U( 1) =  0.0000      U( 2) =  4.3000      U( 3) =  4.3000
alpha( 1) =  0.0000      alpha( 2) =  0.0000      alpha( 3) =  0.0000
atom  3   Tr[ns(na)]=   6.8333788
atom  3  spin  1
eigenvalues:  0.9936302 0.9936302 1.0011368 1.0011368 1.0026169
 eigenvectors
 1  -0.1469718 -0.1767391  0.2114348  0.9493440  0.0346957
 2   0.9493440 -0.1421036 -0.0820088  0.1469718 -0.2241123
 3  -0.2777476 -0.3891961 -0.3951665  0.0012206 -0.7843626
 4   0.0012206  0.6810014 -0.6775544  0.2777476  0.0034470
 5   0.0000000 -0.5773503 -0.5773503  0.0000000  0.5773503
 occupations
 0.994  0.001  0.001  0.000  0.002
 0.001  1.001  0.001  0.001 -0.001
 0.001  0.001  1.001 -0.001 -0.001
 0.000  0.001 -0.001  0.994  0.000
 0.002 -0.001 -0.001  0.000  1.001
atom  3  spin  2
eigenvalues:  0.1551542 0.2712504 0.2712504 0.5717864 0.5717864
 eigenvectors
 1   0.0000000  0.5773503  0.5773503  0.0000000 -0.5773503
 2  -0.8097257 -0.2395193  0.0033675 -0.4808281 -0.2361519
 3  -0.4808281  0.1343981 -0.2746289  0.8097257 -0.1402308
 4  -0.3180770  0.1469068  0.5801822  0.1094329  0.7270890
 5  -0.1094329  0.7547534 -0.5046017 -0.3180770  0.2501517
 occupations
 0.305 -0.039 -0.039  0.000 -0.078
-0.039  0.410 -0.128 -0.067  0.128
-0.039 -0.128  0.410  0.067  0.128
 0.000 -0.067  0.067  0.305  0.000
-0.078  0.128  0.128  0.000  0.410
atom  4   Tr[ns(na)]=   6.8429161
atom  4  spin  1
eigenvalues:  0.1553928 0.2716213 0.2716213 0.5760943 0.5760943
 eigenvectors
 1   0.0000000  0.5773503  0.5773503  0.0000000 -0.5773503
 2   0.7628420  0.2496103 -0.0283231  0.5531696  0.2212872
 3   0.5531696 -0.1114079  0.2718728 -0.7628420  0.1604649
 4  -0.3155735  0.1402018  0.5850478  0.1117537  0.7252496
 5  -0.1117537  0.7565006 -0.4996686 -0.3155735  0.2568319
 occupations
 0.306 -0.039 -0.039  0.000 -0.078
-0.039  0.413 -0.129 -0.068  0.129
-0.039 -0.129  0.413  0.068  0.129
 0.000 -0.068  0.068  0.306  0.000
-0.078  0.129  0.129  0.000  0.413
atom  4  spin  2
eigenvalues:  0.9936434 0.9936434 1.0011114 1.0011114 1.0025825
 eigenvectors
 1  -0.2076944 -0.1678517  0.2170805  0.9376254  0.0492288
 2   0.9376254 -0.1537537 -0.0684870  0.2076944 -0.2222407
 3  -0.2787734 -0.3984836 -0.3856063 -0.0026433 -0.7840899
 4  -0.0026433  0.6753244 -0.6827592  0.2787734 -0.0074348
 5   0.0000000 -0.5773503 -0.5773503  0.0000000  0.5773503
 occupations
 0.994  0.001  0.001  0.000  0.002
 0.001  1.001  0.001  0.001 -0.001
 0.001  0.001  1.001 -0.001 -0.001
 0.000  0.001 -0.001  0.994  0.000
 0.002 -0.001 -0.001  0.000  1.001
nsum =  13.6762949
 exit write_ns

     total cpu time spent up to now is     86.81 secs

     total energy              =  -174.47026580 ryd
     estimated scf accuracy    <     0.00121576 ryd

     total magnetization       =     0.01 Bohr mag/cell
     absolute magnetization    =     7.28 Bohr mag/cell

     iteration #  8     ecut=    30.00 ryd     beta=0.30
     Davidson diagonalization (with overlap)
     ethr =  4.34E-06,  avg # of iterations =  2.4
 enter write_ns
U( 1) =  0.0000      U( 2) =  4.3000      U( 3) =  4.3000
alpha( 1) =  0.0000      alpha( 2) =  0.0000      alpha( 3) =  0.0000
atom  3   Tr[ns(na)]=   6.8374067
atom  3  spin  1
eigenvalues:  0.9933538 0.9933538 1.0009545 1.0009545 1.0025433
 eigenvectors
 1  -0.2204046 -0.1758171  0.2316003  0.9293867  0.0557832
 2   0.9293867 -0.1659209 -0.0693016  0.2204046 -0.2352225
 3  -0.2960719 -0.3856700 -0.3942025  0.0018702 -0.7798724
 4   0.0018702  0.6778525 -0.6729262  0.2960719  0.0049263
 5   0.0000000 -0.5773503 -0.5773503  0.0000000  0.5773503
 occupations
 0.994  0.001  0.001  0.000  0.002
 0.001  1.001  0.001  0.002 -0.001
 0.001  0.001  1.001 -0.002 -0.001
 0.000  0.002 -0.002  0.994  0.000
 0.002 -0.001 -0.001  0.000  1.001
atom  3  spin  2
eigenvalues:  0.1312943 0.2645648 0.2645648 0.5929114 0.5929114
 eigenvectors
 1   0.0000000 -0.5773503 -0.5773503  0.0000000  0.5773503
 2  -0.8052686 -0.2628258 -0.0010102 -0.4613616 -0.2638361
 3  -0.4613616  0.1529091 -0.3040684  0.8052686 -0.1511593
 4   0.3486962 -0.1243332 -0.5851833 -0.1307627 -0.7095166
 5  -0.1307627  0.7474954 -0.4814234 -0.3486962  0.2660719
 occupations
 0.310 -0.046 -0.046  0.000 -0.093
-0.046  0.409 -0.139 -0.080  0.139
-0.046 -0.139  0.409  0.080  0.139
 0.000 -0.080  0.080  0.310  0.000
-0.093  0.139  0.139  0.000  0.409
atom  4   Tr[ns(na)]=   6.8334329
atom  4  spin  1
eigenvalues:  0.1312389 0.2647179 0.2647179 0.5907850 0.5907850
 eigenvectors
 1   0.0000000 -0.5773503 -0.5773503  0.0000000  0.5773503
 2  -0.7909524 -0.2678167  0.0080298 -0.4848864 -0.2597869
 3  -0.4848864  0.1453520 -0.3046121  0.7909524 -0.1592601
 4   0.3468173 -0.1096952 -0.5942560 -0.1378306 -0.7039512
 5  -0.1378306  0.7495202 -0.4697590 -0.3468173  0.2797613
 occupations
 0.310 -0.046 -0.046  0.000 -0.092
-0.046  0.407 -0.138 -0.080  0.138
-0.046 -0.138  0.407  0.080  0.138
 0.000 -0.080  0.080  0.310  0.000
-0.092  0.138  0.138  0.000  0.407
atom  4  spin  2
eigenvalues:  0.9933527 0.9933527 1.0009692 1.0009692 1.0025444
 eigenvectors
 1  -0.2022896 -0.1787952  0.2299248  0.9336121  0.0511296
 2   0.9336121 -0.1622668 -0.0737078  0.2022896 -0.2359746
 3  -0.2957113 -0.3865762 -0.3933936  0.0014923 -0.7799698
 4   0.0014923  0.6774417 -0.6735056  0.2957113  0.0039361
 5   0.0000000 -0.5773503 -0.5773503  0.0000000  0.5773503
 occupations
 0.994  0.001  0.001  0.000  0.002
 0.001  1.001  0.001  0.002 -0.001
 0.001  0.001  1.001 -0.002 -0.001
 0.000  0.002 -0.002  0.994  0.000
 0.002 -0.001 -0.001  0.000  1.001
nsum =  13.6708396
 exit write_ns

     total cpu time spent up to now is     97.63 secs

     total energy              =  -174.47144541 ryd
     estimated scf accuracy    <     0.00018140 ryd

     total magnetization       =     0.00 Bohr mag/cell
     absolute magnetization    =     7.26 Bohr mag/cell

     iteration #  9     ecut=    30.00 ryd     beta=0.30
     Davidson diagonalization (with overlap)
     ethr =  6.48E-07,  avg # of iterations =  2.4
 enter write_ns
U( 1) =  0.0000      U( 2) =  4.3000      U( 3) =  4.3000
alpha( 1) =  0.0000      alpha( 2) =  0.0000      alpha( 3) =  0.0000
atom  3   Tr[ns(na)]=   6.8327592
atom  3  spin  1
eigenvalues:  0.9934814 0.9934814 1.0010541 1.0010541 1.0025860
 eigenvectors
 1  -0.2233079 -0.1704623  0.2252420  0.9313117  0.0547796
 2   0.9313117 -0.1616705 -0.0667894  0.2233079 -0.2284600
 3  -0.2877250 -0.3969465 -0.3849897 -0.0025402 -0.7819362
 4  -0.0025402  0.6737250 -0.6806283  0.2877250 -0.0069033
 5   0.0000000 -0.5773503 -0.5773503  0.0000000  0.5773503
 occupations
 0.994  0.001  0.001  0.000  0.002
 0.001  1.001  0.001  0.001 -0.001
 0.001  0.001  1.001 -0.001 -0.001
 0.000  0.001 -0.001  0.994  0.000
 0.002 -0.001 -0.001  0.000  1.001
atom  3  spin  2
eigenvalues:  0.1399718 0.2661216 0.2661216 0.5844436 0.5844436
 eigenvectors
 1   0.0000000 -0.5773503 -0.5773503  0.0000000  0.5773503
 2  -0.8027770 -0.2582477  0.0025492 -0.4727250 -0.2556985
 3  -0.4727250  0.1461558 -0.2967270  0.8027770 -0.1505712
 4   0.3388827 -0.1166567 -0.5926351 -0.1312959 -0.7092917
 5  -0.1312959  0.7516678 -0.4768615 -0.3388827  0.2748063
 occupations
 0.308 -0.044 -0.044  0.000 -0.088
-0.044  0.408 -0.134 -0.076  0.134
-0.044 -0.134  0.408  0.076  0.134
 0.000 -0.076  0.076  0.308  0.000
-0.088  0.134  0.134  0.000  0.408
atom  4   Tr[ns(na)]=   6.8363517
atom  4  spin  1
eigenvalues:  0.1401384 0.2664264 0.2664264 0.5858538 0.5858538
 eigenvectors
 1   0.0000000 -0.5773503 -0.5773503  0.0000000  0.5773503
 2  -0.7794205 -0.2645654  0.0167124 -0.5106843 -0.2478530
 3  -0.5106843  0.1334491 -0.2958449  0.7794205 -0.1623958
 4   0.3398664 -0.1251994 -0.5873166 -0.1272639 -0.7125160
 5  -0.1272639  0.7504587 -0.4836552 -0.3398664  0.2668035
 occupations
 0.308 -0.044 -0.044  0.000 -0.088
-0.044  0.409 -0.135 -0.076  0.135
-0.044 -0.135  0.409  0.076  0.135
 0.000 -0.076  0.076  0.308  0.000
-0.088  0.135  0.135  0.000  0.409
atom  4  spin  2
eigenvalues:  0.9934927 0.9934927 1.0010443 1.0010443 1.0025789
 eigenvectors
 1  -0.1952526 -0.1759562  0.2240713  0.9372261  0.0481151
 2   0.9372261 -0.1571469 -0.0738091  0.1952526 -0.2309560
 3  -0.2889352 -0.3914809 -0.3901906 -0.0002754 -0.7816715
 4  -0.0002754  0.6765749 -0.6773199  0.2889352 -0.0007450
 5   0.0000000 -0.5773503 -0.5773503  0.0000000  0.5773503
 occupations
 0.994  0.001  0.001  0.000  0.002
 0.001  1.001  0.001  0.001 -0.001
 0.001  0.001  1.001 -0.001 -0.001
 0.000  0.001 -0.001  0.994  0.000
 0.002 -0.001 -0.001  0.000  1.001
nsum =  13.6691109
 exit write_ns

     total cpu time spent up to now is    108.92 secs

     total energy              =  -174.47119719 ryd
     estimated scf accuracy    <     0.00019803 ryd

     total magnetization       =     0.00 Bohr mag/cell
     absolute magnetization    =     7.27 Bohr mag/cell

     iteration # 10     ecut=    30.00 ryd     beta=0.30
     Davidson diagonalization (with overlap)
     ethr =  6.48E-07,  avg # of iterations =  2.0
 enter write_ns
U( 1) =  0.0000      U( 2) =  4.3000      U( 3) =  4.3000
alpha( 1) =  0.0000      alpha( 2) =  0.0000      alpha( 3) =  0.0000
atom  3   Tr[ns(na)]=   6.8360261
atom  3  spin  1
eigenvalues:  0.9931797 0.9931797 1.0009738 1.0009738 1.0025635
 eigenvectors
 1  -0.2241581 -0.1791024  0.2372783  0.9262775  0.0581759
 2   0.9262775 -0.1705806 -0.0698169  0.2241581 -0.2403975
 3  -0.3029218 -0.3863244 -0.3918023  0.0012312 -0.7781268
 4   0.0012312  0.6754589 -0.6722962  0.3029218  0.0031626
 5   0.0000000 -0.5773503 -0.5773503  0.0000000  0.5773503
 occupations
 0.994  0.001  0.001  0.000  0.002
 0.001  1.001  0.001  0.002 -0.001
 0.001  0.001  1.001 -0.002 -0.001
 0.000  0.002 -0.002  0.994  0.000
 0.002 -0.001 -0.001  0.000  1.001
atom  3  spin  2
eigenvalues:  0.1282634 0.2616881 0.2616881 0.5967579 0.5967579
 eigenvectors
 1   0.0000000 -0.5773503 -0.5773503  0.0000000  0.5773503
 2  -0.8273285 -0.2662267 -0.0234890 -0.4002049 -0.2897157
 3  -0.4002049  0.1808289 -0.3209735  0.8273285 -0.1401447
 4   0.3656520 -0.1053998 -0.5907178 -0.1471808 -0.6961176
 5  -0.1471808  0.7429548 -0.4627563 -0.3656520  0.2801984
 occupations
 0.314 -0.050 -0.050  0.000 -0.099
-0.050  0.406 -0.139 -0.086  0.139
-0.050 -0.139  0.406  0.086  0.139
 0.000 -0.086  0.086  0.314  0.000
-0.099  0.139  0.139  0.000  0.406
atom  4   Tr[ns(na)]=   6.8395084
atom  4  spin  1
eigenvalues:  0.1284961 0.2620178 0.2620178 0.5980517 0.5980517
 eigenvectors
 1   0.0000000 -0.5773503 -0.5773503  0.0000000  0.5773503
 2  -0.7916176 -0.2800598  0.0030411 -0.4670755 -0.2770186
 3  -0.4670755  0.1581810 -0.3216294  0.7916176 -0.1634484
 4   0.3628599 -0.0926429 -0.5986375 -0.1533452 -0.6912803
 5  -0.1533452  0.7447344 -0.4525982 -0.3628599  0.2921361
 occupations
 0.314 -0.050 -0.050  0.000 -0.099
-0.050  0.407 -0.139 -0.086  0.139
-0.050 -0.139  0.407  0.086  0.139
 0.000 -0.086  0.086  0.314  0.000
-0.099  0.139  0.139  0.000  0.407
atom  4  spin  2
eigenvalues:  0.9931911 0.9931911 1.0009668 1.0009668 1.0025576
 eigenvectors
 1  -0.2139155 -0.1817846  0.2375820  0.9282435  0.0557974
 2   0.9282435 -0.1693826 -0.0727388  0.2139155 -0.2421214
 3  -0.3042591 -0.4010559 -0.3765886 -0.0055270 -0.7776445
 4  -0.0055270  0.6663968 -0.6805230  0.3042591 -0.0141262
 5   0.0000000 -0.5773503 -0.5773503  0.0000000  0.5773503
 occupations
 0.994  0.001  0.001  0.000  0.002
 0.001  1.001  0.001  0.002 -0.001
 0.001  0.001  1.001 -0.002 -0.001
 0.000  0.002 -0.002  0.994  0.000
