
     Program PWSCF     v.3.2    starts ...
     Today is  8Nov2006 at  5:16:22 

     Ultrasoft (Vanderbilt) Pseudopotentials

     Current dimensions of program pwscf are:

     ntypx = 10   npk = 40000  lmax =  3
     nchix =  6  ndmx =  2000  nbrx = 14  nqfx =  8
  HUBBARD L FOR TYPE Fe IS            2
  HUBBARD L FOR TYPE Fe IS            2
  MAXIMUM HUBBARD L IS            2


     bravais-lattice index     =            0
     lattice parameter (a_0)   =       8.1900  a.u.
     unit-cell volume          =     274.6766 (a.u.)^3
     number of atoms/cell      =            4
     number of atomic types    =            3
     kinetic-energy cutoff     =      30.0000  Ry
     charge density cutoff     =     240.0000  Ry
     convergence threshold     =      1.0E-06
     beta                      =       0.3000
     number of iterations used =            8  plain     mixing
     Exchange-correlation      =  SLA  PZ   NOGX NOGC (1100)
     celldm(1)=   8.190000  celldm(2)=   0.000000  celldm(3)=   0.000000
     celldm(4)=   0.000000  celldm(5)=   0.000000  celldm(6)=   0.000000

     crystal axes: (cart. coord. in units of a_0)
               a(1) = (  0.500000  0.500000  1.000000 )  
               a(2) = (  0.500000  1.000000  0.500000 )  
               a(3) = (  1.000000  0.500000  0.500000 )  

     reciprocal axes: (cart. coord. in units 2 pi/a_0)
               b(1) = ( -0.500000 -0.500000  1.500000 )  
               b(2) = ( -0.500000  1.500000 -0.500000 )  
               b(3) = (  1.500000 -0.500000 -0.500000 )  


     PSEUDO 1 is O  (US)    zval =  6.0   lmax= 2   lloc= 0
     Version   0  0  0 of US pseudo code
     Using log mesh of  1269 points
     The pseudopotential has  4 beta functions with: 
                l(1) =   0
                l(2) =   0
                l(3) =   1
                l(4) =   1
     Q(r) pseudized with  0 coefficients,  rinner =    0.000   0.000   0.000
                                                       0.000   0.000

     PSEUDO 2 is Fe (US)    zval =  8.0   lmax= 2   lloc= 0
     Version   0  0  0 of US pseudo code
     Using log mesh of   957 points
     The pseudopotential has  6 beta functions with: 
                l(1) =   0
                l(2) =   0
                l(3) =   1
                l(4) =   1
                l(5) =   2
                l(6) =   2
     Q(r) pseudized with  0 coefficients,  rinner =    0.000   0.000   0.000
                                                       0.000   0.000

     PSEUDO 3 is Fe (US)    zval =  8.0   lmax= 2   lloc= 0
     Version   0  0  0 of US pseudo code
     Using log mesh of   957 points
     The pseudopotential has  6 beta functions with: 
                l(1) =   0
                l(2) =   0
                l(3) =   1
                l(4) =   1
                l(5) =   2
                l(6) =   2
     Q(r) pseudized with  0 coefficients,  rinner =    0.000   0.000   0.000
                                                       0.000   0.000

     atomic species   valence    mass     pseudopotential
        O1             6.00     1.00000     O ( 1.00)
        Fe1            8.00     1.00000     Fe( 1.00)
        Fe2            8.00     1.00000     Fe( 1.00)

     Starting magnetic structure 
     atomic species   magnetization
        O1           0.000
        Fe1          0.500
        Fe2         -0.500

     12 Sym.Ops. (with inversion)


   Cartesian axes

     site n.     atom                  positions (a_0 units)
         1           O1  tau(  1) = (   0.5000000   0.5000000   0.5000000  )
         2           O1  tau(  2) = (   1.5000000   1.5000000   1.5000000  )
         3           Fe1 tau(  3) = (   0.0000000   0.0000000   0.0000000  )
         4           Fe2 tau(  4) = (   1.0000000   1.0000000   1.0000000  )

     number of k points=    8  gaussian broad. (Ry)=  0.0100     ngauss =   0
                       cart. coord. in units 2pi/a_0
        k(    1) = (   0.0000000   0.0000000   0.0000000), wk =   0.1250000
        k(    2) = (  -0.7500000   0.2500000   0.2500000), wk =   0.3750000
        k(    3) = (  -0.5000000  -0.5000000   0.5000000), wk =   0.3750000
        k(    4) = (  -0.2500000  -0.2500000  -0.2500000), wk =   0.1250000
        k(    5) = (   0.0000000   0.0000000   0.0000000), wk =   0.1250000
        k(    6) = (  -0.7500000   0.2500000   0.2500000), wk =   0.3750000
        k(    7) = (  -0.5000000  -0.5000000   0.5000000), wk =   0.3750000
        k(    8) = (  -0.2500000  -0.2500000  -0.2500000), wk =   0.1250000

     G cutoff =  407.7738  (  17255 G-vectors)     FFT grid: ( 50, 50, 50)
     G cutoff =  203.8869  (   6111 G-vectors)  smooth grid: ( 36, 36, 36)

     nbndx  =    80  nbnd   =    20  natomwfc =    20  npwx   =     780
     nelec  =  28.00  nkb   =    52  ngl    =     342

     Check: negative/imaginary core charge=   -0.000003    0.000000

     Initial potential from superposition of free atoms

     starting charge   27.99905, renormalised to   28.00000

     Parameters of the lda+U calculation:
     Number of iteration with fixed ns =  0
     Starting ns and Hubbard U :
 enter write_ns
U( 1) =  0.0000      U( 2) =  4.3000      U( 3) =  4.3000
alpha( 1) =  0.0000      alpha( 2) =  0.0000      alpha( 3) =  0.0000
atom  3   Tr[ns(na)]=   6.0000000
atom  3  spin  1
eigenvalues:  1.0000000 1.0000000 1.0000000 1.0000000 1.0000000
 eigenvectors
 1   1.0000000  0.0000000  0.0000000  0.0000000  0.0000000
 2   0.0000000  1.0000000  0.0000000  0.0000000  0.0000000
 3   0.0000000  0.0000000  1.0000000  0.0000000  0.0000000
 4   0.0000000  0.0000000  0.0000000  1.0000000  0.0000000
 5   0.0000000  0.0000000  0.0000000  0.0000000  1.0000000
 occupations
 1.000  0.000  0.000  0.000  0.000
 0.000  1.000  0.000  0.000  0.000
 0.000  0.000  1.000  0.000  0.000
 0.000  0.000  0.000  1.000  0.000
 0.000  0.000  0.000  0.000  1.000
atom  3  spin  2
eigenvalues:  0.2000000 0.2000000 0.2000000 0.2000000 0.2000000
 eigenvectors
 1   1.0000000  0.0000000  0.0000000  0.0000000  0.0000000
 2   0.0000000  1.0000000  0.0000000  0.0000000  0.0000000
 3   0.0000000  0.0000000  1.0000000  0.0000000  0.0000000
 4   0.0000000  0.0000000  0.0000000  1.0000000  0.0000000
 5   0.0000000  0.0000000  0.0000000  0.0000000  1.0000000
 occupations
 0.200  0.000  0.000  0.000  0.000
 0.000  0.200  0.000  0.000  0.000
 0.000  0.000  0.200  0.000  0.000
 0.000  0.000  0.000  0.200  0.000
 0.000  0.000  0.000  0.000  0.200
atom  4   Tr[ns(na)]=   6.0000000
atom  4  spin  1
eigenvalues:  0.2000000 0.2000000 0.2000000 0.2000000 0.2000000
 eigenvectors
 1   1.0000000  0.0000000  0.0000000  0.0000000  0.0000000
 2   0.0000000  1.0000000  0.0000000  0.0000000  0.0000000
 3   0.0000000  0.0000000  1.0000000  0.0000000  0.0000000
 4   0.0000000  0.0000000  0.0000000  1.0000000  0.0000000
 5   0.0000000  0.0000000  0.0000000  0.0000000  1.0000000
 occupations
 0.200  0.000  0.000  0.000  0.000
 0.000  0.200  0.000  0.000  0.000
 0.000  0.000  0.200  0.000  0.000
 0.000  0.000  0.000  0.200  0.000
 0.000  0.000  0.000  0.000  0.200
atom  4  spin  2
eigenvalues:  1.0000000 1.0000000 1.0000000 1.0000000 1.0000000
 eigenvectors
 1   1.0000000  0.0000000  0.0000000  0.0000000  0.0000000
 2   0.0000000  1.0000000  0.0000000  0.0000000  0.0000000
 3   0.0000000  0.0000000  1.0000000  0.0000000  0.0000000
 4   0.0000000  0.0000000  0.0000000  1.0000000  0.0000000
 5   0.0000000  0.0000000  0.0000000  0.0000000  1.0000000
 occupations
 1.000  0.000  0.000  0.000  0.000
 0.000  1.000  0.000  0.000  0.000
 0.000  0.000  1.000  0.000  0.000
 0.000  0.000  0.000  1.000  0.000
 0.000  0.000  0.000  0.000  1.000
nsum =  12.0000000
 exit write_ns
 Atomic wfc used for LDA+U Projector are NOT orthogonalized
     Starting wfc are atomic

     total cpu time spent up to now is      7.89 secs

     Self-consistent Calculation

     iteration #  1     ecut=    30.00 Ry     beta=0.30
     Davidson diagonalization with overlap
     ethr =  1.00E-02,  avg # of iterations =  3.2
 enter write_ns
U( 1) =  0.0000      U( 2) =  4.3000      U( 3) =  4.3000
alpha( 1) =  0.0000      alpha( 2) =  0.0000      alpha( 3) =  0.0000
atom  3   Tr[ns(na)]=   6.1226789
atom  3  spin  1
eigenvalues:  0.9969552 0.9969552 1.0025536 1.0025536 1.0030281
 eigenvectors
 1  -0.5381389 -0.1495185  0.4769360  0.5944582  0.3274176
 2  -0.5944582  0.4643938 -0.1027101 -0.5381389  0.3616837
 3   0.5893986  0.4160549  0.2297633  0.0981593  0.6458182
 4   0.0981593 -0.5055172  0.6130727 -0.5893986  0.1075555
 5   0.0000000  0.5773503  0.5773503  0.0000000 -0.5773503
 occupations
 0.999  0.001  0.001  0.000  0.002
 0.001  1.001  0.001  0.002 -0.001
 0.001  0.001  1.001 -0.002 -0.001
 0.000  0.002 -0.002  0.999  0.000
 0.002 -0.001 -0.001  0.000  1.001
atom  3  spin  2
eigenvalues:  0.1553851 0.1553851 0.2567868 0.2765381 0.2765381
 eigenvectors
 1   0.7412358  0.0682703 -0.0148293  0.6654568  0.0534410
 2  -0.6654568  0.0222925 -0.0702701  0.7412358 -0.0479776
 3   0.0000000 -0.5773503 -0.5773503  0.0000000  0.5773503
 4  -0.0868919  0.2923791  0.5110908  0.0136559  0.8034699
 5  -0.0136559  0.7589620 -0.6326888 -0.0868919  0.1262732
 occupations
 0.156 -0.004 -0.004  0.000 -0.009
-0.004  0.269 -0.006 -0.008  0.006
-0.004 -0.006  0.269  0.008  0.006
 0.000 -0.008  0.008  0.156  0.000
-0.009  0.006  0.006  0.000  0.269
atom  4   Tr[ns(na)]=   6.1226789
atom  4  spin  1
eigenvalues:  0.1553851 0.1553851 0.2567868 0.2765381 0.2765381
 eigenvectors
 1  -0.6320965 -0.0708560  0.0252837 -0.7698814 -0.0455724
 2  -0.7698814  0.0117137 -0.0672200  0.6320965 -0.0555063
 3   0.0000000 -0.5773503 -0.5773503  0.0000000  0.5773503
 4  -0.0867521  0.2848333  0.5173440  0.0145175  0.8021773
 5  -0.0145175  0.7618260 -0.6275859 -0.0867521  0.1342401
 occupations
 0.156 -0.004 -0.004  0.000 -0.009
-0.004  0.269 -0.006 -0.008  0.006
-0.004 -0.006  0.269  0.008  0.006
 0.000 -0.008  0.008  0.156  0.000
-0.009  0.006  0.006  0.000  0.269
atom  4  spin  2
eigenvalues:  0.9969552 0.9969552 1.0025536 1.0025536 1.0030281
 eigenvectors
 1  -0.5212814 -0.1624641  0.4796252  0.6092944  0.3171610
 2  -0.6092944  0.4600247 -0.0893143 -0.5212814  0.3707104
 3   0.5878706  0.4235413  0.2206025  0.1069309  0.6441438
 4   0.1069309 -0.4992615  0.6164283 -0.5878706  0.1171668
 5   0.0000000  0.5773503  0.5773503  0.0000000 -0.5773503
 occupations
 0.999  0.001  0.001  0.000  0.002
 0.001  1.001  0.001  0.002 -0.001
 0.001  0.001  1.001 -0.002 -0.001
 0.000  0.002 -0.002  0.999  0.000
 0.002 -0.001 -0.001  0.000  1.001
nsum =  12.2453578
 exit write_ns

     total cpu time spent up to now is     16.10 secs

     total energy              =  -173.87440081 Ry
     Harris-Foulkes estimate   =  -176.58378743 Ry
     estimated scf accuracy    <     2.40343423 Ry

     total magnetization       =     0.00 Bohr mag/cell
     absolute magnetization    =     8.54 Bohr mag/cell

     iteration #  2     ecut=    30.00 Ry     beta=0.30
     Davidson diagonalization with overlap
     ethr =  8.58E-03,  avg # of iterations =  2.2
 enter write_ns
U( 1) =  0.0000      U( 2) =  4.3000      U( 3) =  4.3000
alpha( 1) =  0.0000      alpha( 2) =  0.0000      alpha( 3) =  0.0000
atom  3   Tr[ns(na)]=   6.9138776
atom  3  spin  1
eigenvalues:  0.9930388 0.9930388 1.0013931 1.0013931 1.0026209
 eigenvectors
 1  -0.1913555 -0.1700580  0.2152845  0.9413132  0.0452265
 2   0.9413132 -0.1504061 -0.0720715  0.1913555 -0.2224776
 3  -0.2780458 -0.3964619 -0.3878212 -0.0017686 -0.7842831
 4  -0.0017686  0.6767148 -0.6817035  0.2780458 -0.0049887
 5   0.0000000 -0.5773503 -0.5773503  0.0000000  0.5773503
 occupations
 0.994  0.001  0.001  0.000  0.002
 0.001  1.001  0.001  0.002 -0.001
 0.001  0.001  1.001 -0.002 -0.001
 0.000  0.002 -0.002  0.994  0.000
 0.002 -0.001 -0.001  0.000  1.001
atom  3  spin  2
eigenvalues:  0.3123231 0.3123231 0.4063953 0.4456757 0.4456757
 eigenvectors
 1   0.8095225  0.2770306  0.0117217  0.4294322  0.2887523
 2  -0.4294322  0.1734787 -0.3266549  0.8095225 -0.1531761
 3   0.0000000  0.5773503  0.5773503  0.0000000 -0.5773503
 4   0.3786361 -0.1434434 -0.5642322 -0.1299844 -0.7076756
 5  -0.1299844  0.7343363 -0.4913938 -0.3786361  0.2429425
 occupations
 0.334 -0.020 -0.020  0.000 -0.040
-0.020  0.418 -0.006 -0.035  0.006
-0.020 -0.006  0.418  0.035  0.006
 0.000 -0.035  0.035  0.334  0.000
-0.040  0.006  0.006  0.000  0.418
atom  4   Tr[ns(na)]=   6.9138776
atom  4  spin  1
eigenvalues:  0.3123231 0.3123231 0.4063953 0.4456757 0.4456757
 eigenvectors
 1   0.8151865  0.2746886  0.0160840  0.4185806  0.2907726
 2  -0.4185806  0.1771638 -0.3264692  0.8151865 -0.1493054
 3   0.0000000  0.5773503  0.5773503  0.0000000 -0.5773503
 4   0.3791665 -0.1464566 -0.5622103 -0.1284290 -0.7086669
 5  -0.1284290  0.7337413 -0.4937058 -0.3791665  0.2400355
 occupations
 0.334 -0.020 -0.020  0.000 -0.040
-0.020  0.418 -0.006 -0.035  0.006
-0.020 -0.006  0.418  0.035  0.006
 0.000 -0.035  0.035  0.334  0.000
-0.040  0.006  0.006  0.000  0.418
atom  4  spin  2
eigenvalues:  0.9930388 0.9930388 1.0013931 1.0013931 1.0026209
 eigenvectors
 1  -0.2324430 -0.1633000  0.2182375  0.9320181  0.0549375
 2   0.9320181 -0.1577176 -0.0625631  0.2324430 -0.2202807
 3  -0.2779922 -0.4060897 -0.3780421 -0.0057409 -0.7841318
 4  -0.0057409  0.6709814 -0.6871747  0.2779922 -0.0161933
 5   0.0000000 -0.5773503 -0.5773503  0.0000000  0.5773503
 occupations
 0.994  0.001  0.001  0.000  0.002
 0.001  1.001  0.001  0.002 -0.001
 0.001  0.001  1.001 -0.002 -0.001
 0.000  0.002 -0.002  0.994  0.000
 0.002 -0.001 -0.001  0.000  1.001
nsum =  13.8277553
 exit write_ns

     total cpu time spent up to now is     24.18 secs

     total energy              =  -174.43468613 Ry
     Harris-Foulkes estimate   =  -176.06057425 Ry
     estimated scf accuracy    <     0.17790698 Ry

     total magnetization       =     0.00 Bohr mag/cell
     absolute magnetization    =     7.22 Bohr mag/cell

     iteration #  3     ecut=    30.00 Ry     beta=0.30
     Davidson diagonalization with overlap
     ethr =  6.35E-04,  avg # of iterations =  2.0
 enter write_ns
U( 1) =  0.0000      U( 2) =  4.3000      U( 3) =  4.3000
alpha( 1) =  0.0000      alpha( 2) =  0.0000      alpha( 3) =  0.0000
atom  3   Tr[ns(na)]=   6.8006612
atom  3  spin  1
eigenvalues:  0.9937849 0.9937849 1.0016893 1.0016893 1.0028980
 eigenvectors
 1  -0.3212303 -0.1549392  0.2353090  0.9005417  0.0803698
 2   0.9005417 -0.1822573 -0.0430526  0.3212303 -0.2253099
 3  -0.2929319 -0.4021927 -0.3783542 -0.0051652 -0.7805468
 4  -0.0051652  0.6690918 -0.6828550  0.2929319 -0.0137632
 5   0.0000000 -0.5773503 -0.5773503  0.0000000  0.5773503
 occupations
 0.994  0.001  0.001  0.000  0.002
 0.001  1.002  0.001  0.002 -0.001
 0.001  0.001  1.002 -0.002 -0.001
 0.000  0.002 -0.002  0.994  0.000
 0.002 -0.001 -0.001  0.000  1.002
atom  3  spin  2
eigenvalues:  0.2785358 0.2785358 0.4109898 0.4193768 0.4193768
 eigenvectors
 1   0.8352483  0.2251886  0.0094788  0.4432739  0.2346674
 2   0.4432739 -0.1409579  0.2654980 -0.8352483  0.1245401
 3   0.0000000  0.5773503  0.5773503  0.0000000 -0.5773503
 4   0.3084318 -0.1529856 -0.5788791 -0.1036260 -0.7318647
 5   0.1036260 -0.7567582  0.5108685  0.3084318 -0.2458897
 occupations
 0.293 -0.018 -0.018  0.000 -0.035
-0.018  0.407  0.002 -0.031 -0.002
-0.018  0.002  0.407  0.031 -0.002
 0.000 -0.031  0.031  0.293  0.000
-0.035 -0.002 -0.002  0.000  0.407
atom  4   Tr[ns(na)]=   6.8006612
atom  4  spin  1
eigenvalues:  0.2785358 0.2785358 0.4109898 0.4193768 0.4193768
 eigenvectors
 1  -0.8215174 -0.2293323 -0.0014774 -0.4682313 -0.2308096
 2  -0.4682313  0.1341110 -0.2656630  0.8215174 -0.1315521
 3   0.0000000  0.5773503  0.5773503  0.0000000 -0.5773503
 4   0.3112419 -0.1743484 -0.5641841 -0.0948526 -0.7385326
 5   0.0948526 -0.7521238  0.5270521  0.3112419 -0.2250717
 occupations
 0.293 -0.018 -0.018  0.000 -0.035
-0.018  0.407  0.002 -0.031 -0.002
-0.018  0.002  0.407  0.031 -0.002
 0.000 -0.031  0.031  0.293  0.000
-0.035 -0.002 -0.002  0.000  0.407
atom  4  spin  2
eigenvalues:  0.9937849 0.9937849 1.0016893 1.0016893 1.0028980
 eigenvectors
 1  -0.2810456 -0.1628563  0.2331722  0.9138805  0.0703159
 2   0.9138805 -0.1752189 -0.0534283  0.2810456 -0.2286472
 3  -0.2928937 -0.4063896 -0.3740553 -0.0070060 -0.7804449
 4  -0.0070060  0.6665510 -0.6852193  0.2928937 -0.0186682
 5   0.0000000 -0.5773503 -0.5773503  0.0000000  0.5773503
 occupations
 0.994  0.001  0.001  0.000  0.002
 0.001  1.002  0.001  0.002 -0.001
 0.001  0.001  1.002 -0.002 -0.001
 0.000  0.002 -0.002  0.994  0.000
 0.002 -0.001 -0.001  0.000  1.002
nsum =  13.6013224
 exit write_ns

     total cpu time spent up to now is     31.97 secs

     total energy              =  -174.44760925 Ry
     Harris-Foulkes estimate   =  -176.10238990 Ry
     estimated scf accuracy    <     0.04587583 Ry

     total magnetization       =     0.00 Bohr mag/cell
     absolute magnetization    =     7.40 Bohr mag/cell

     iteration #  4     ecut=    30.00 Ry     beta=0.30
     Davidson diagonalization with overlap
     ethr =  1.64E-04,  avg # of iterations =  1.8
 enter write_ns
U( 1) =  0.0000      U( 2) =  4.3000      U( 3) =  4.3000
alpha( 1) =  0.0000      alpha( 2) =  0.0000      alpha( 3) =  0.0000
atom  3   Tr[ns(na)]=   6.8603675
atom  3  spin  1
eigenvalues:  0.9936104 0.9936104 1.0013475 1.0013475 1.0026028
 eigenvectors
 1  -0.2815393 -0.1598695  0.2289006  0.9154325  0.0690311
 2   0.9154325 -0.1720109 -0.0524456  0.2815393 -0.2244565
 3  -0.2874347 -0.4143448 -0.3671787 -0.0100154 -0.7815236
 4  -0.0100154  0.6632036 -0.6904350  0.2874347 -0.0272314
 5   0.0000000 -0.5773503 -0.5773503  0.0000000  0.5773503
 occupations
 0.994  0.001  0.001  0.000  0.002
 0.001  1.001  0.001  0.002 -0.001
 0.001  0.001  1.001 -0.002 -0.001
 0.000  0.002 -0.002  0.994  0.000
 0.002 -0.001 -0.001  0.000  1.001
atom  3  spin  2
eigenvalues:  0.2808766 0.2808766 0.3985079 0.4537939 0.4537939
 eigenvectors
 1  -0.8194800 -0.2406570 -0.0035949 -0.4592002 -0.2442519
 2   0.4592002 -0.1430944  0.2799623 -0.8194800  0.1368679
 3   0.0000000  0.5773503  0.5773503  0.0000000 -0.5773503
 4   0.3249755 -0.1514344 -0.5754409 -0.1094467 -0.7268753
 5  -0.1094467  0.7518926 -0.5070924 -0.3249755  0.2448003
 occupations
 0.301 -0.023 -0.023  0.000 -0.045
-0.023  0.422 -0.012 -0.039  0.012
-0.023 -0.012  0.422  0.039  0.012
 0.000 -0.039  0.039  0.301  0.000
-0.045  0.012  0.012  0.000  0.422
atom  4   Tr[ns(na)]=   6.8603675
atom  4  spin  1
eigenvalues:  0.2808766 0.2808766 0.3985079 0.4537939 0.4537939
 eigenvectors
 1   0.8101649  0.2434612 -0.0019858  0.4754420  0.2414754
 2  -0.4754420  0.1382694 -0.2799783  0.8101649 -0.1417089
 3   0.0000000  0.5773503  0.5773503  0.0000000 -0.5773503
 4   0.3271473 -0.1667898 -0.5649430 -0.1027733 -0.7317328
 5  -0.1027733  0.7486361 -0.5187623 -0.3271473  0.2298738
 occupations
 0.301 -0.023 -0.023  0.000 -0.045
-0.023  0.422 -0.012 -0.039  0.012
-0.023 -0.012  0.422  0.039  0.012
 0.000 -0.039  0.039  0.301  0.000
-0.045  0.012  0.012  0.000  0.422
atom  4  spin  2
eigenvalues:  0.9936104 0.9936104 1.0013475 1.0013475 1.0026028
 eigenvectors
 1  -0.2995209 -0.1564494  0.2298894  0.9097078  0.0734400
 2   0.9097078 -0.1751274 -0.0479255  0.2995209 -0.2230528
 3  -0.2874464 -0.4135581 -0.3679972 -0.0096745 -0.7815553
 4  -0.0096745  0.6636945 -0.6899991  0.2874464 -0.0263046
 5   0.0000000 -0.5773503 -0.5773503  0.0000000  0.5773503
 occupations
 0.994  0.001  0.001  0.000  0.002
 0.001  1.001  0.001  0.002 -0.001
 0.001  0.001  1.001 -0.002 -0.001
 0.000  0.002 -0.002  0.994  0.000
 0.002 -0.001 -0.001  0.000  1.001
nsum =  13.7207351
 exit write_ns

     total cpu time spent up to now is     39.63 secs

     total energy              =  -174.45325027 Ry
     Harris-Foulkes estimate   =  -176.22734567 Ry
     estimated scf accuracy    <     0.00423145 Ry

     total magnetization       =     0.00 Bohr mag/cell
     absolute magnetization    =     7.31 Bohr mag/cell

     iteration #  5     ecut=    30.00 Ry     beta=0.30
     Davidson diagonalization with overlap
     ethr =  1.51E-05,  avg # of iterations =  2.2
 enter write_ns
U( 1) =  0.0000      U( 2) =  4.3000      U( 3) =  4.3000
alpha( 1) =  0.0000      alpha( 2) =  0.0000      alpha( 3) =  0.0000
atom  3   Tr[ns(na)]=   6.8555899
atom  3  spin  1
eigenvalues:  0.9938034 0.9938034 1.0015004 1.0015004 1.0027991
 eigenvectors
 1  -0.3205875 -0.1506197  0.2282242  0.9035644  0.0776045
 2   0.9035644 -0.1765703 -0.0421553  0.3205875 -0.2187256
 3  -0.2841435 -0.4093538 -0.3731852 -0.0075823 -0.7825390
 4  -0.0075823  0.6672576 -0.6881396  0.2841435 -0.0208820
 5   0.0000000 -0.5773503 -0.5773503  0.0000000  0.5773503
 occupations
 0.994  0.001  0.001  0.000  0.002
 0.001  1.002  0.001  0.001 -0.001
 0.001  0.001  1.002 -0.001 -0.001
 0.000  0.001 -0.001  0.994  0.000
 0.002 -0.001 -0.001  0.000  1.002
atom  3  spin  2
eigenvalues:  0.2771351 0.2771351 0.3718444 0.4680343 0.4680343
 eigenvectors
 1  -0.8057687 -0.2388497  0.0060366 -0.4893355 -0.2328131
 2   0.4893355 -0.1309295  0.2723146 -0.8057687  0.1413851
 3   0.0000000  0.5773503  0.5773503  0.0000000 -0.5773503
 4   0.3197133 -0.1785306 -0.5591569 -0.0952415 -0.7376875
 5  -0.0952415  0.7487335 -0.5289788 -0.3197133  0.2197547
 occupations
 0.298 -0.025 -0.025  0.000 -0.049
-0.025  0.422 -0.025 -0.042  0.025
-0.025 -0.025  0.422  0.042  0.025
 0.000 -0.042  0.042  0.298  0.000
-0.049  0.025  0.025  0.000  0.422
atom  4   Tr[ns(na)]=   6.8555899
atom  4  spin  1
eigenvalues:  0.2771351 0.2771351 0.3718444 0.4680343 0.4680343
 eigenvectors
 1   0.7908040  0.2426512 -0.0141619  0.5131681  0.2284893
 2  -0.5131681  0.1237420 -0.2720131  0.7908040 -0.1482712
 3   0.0000000  0.5773503  0.5773503  0.0000000 -0.5773503
 4   0.3183761 -0.1682378 -0.5663642 -0.0996205 -0.7346020
 5  -0.0996205  0.7511132 -0.5212548 -0.3183761  0.2298584
 occupations
 0.298 -0.025 -0.025  0.000 -0.049
-0.025  0.422 -0.025 -0.042  0.025
-0.025 -0.025  0.422  0.042  0.025
 0.000 -0.042  0.042  0.298  0.000
-0.049  0.025  0.025  0.000  0.422
atom  4  spin  2
eigenvalues:  0.9938034 0.9938034 1.0015004 1.0015004 1.0027991
 eigenvectors
 1  -0.1626584 -0.1783903  0.2177650  0.9448530  0.0393747
 2   0.9448530 -0.1484596 -0.0802607  0.1626584 -0.2287203
 3  -0.2840290 -0.4175196 -0.3647039 -0.0110722 -0.7822234
 4  -0.0110722  0.6621788 -0.6926719  0.2840290 -0.0304932
 5   0.0000000 -0.5773503 -0.5773503  0.0000000  0.5773503
 occupations
 0.994  0.001  0.001  0.000  0.002
 0.001  1.002  0.001  0.001 -0.001
 0.001  0.001  1.002 -0.001 -0.001
 0.000  0.001 -0.001  0.994  0.000
 0.002 -0.001 -0.001  0.000  1.002
nsum =  13.7111798
 exit write_ns

     total cpu time spent up to now is     47.76 secs

     total energy              =  -174.45486865 Ry
     Harris-Foulkes estimate   =  -176.24506718 Ry
     estimated scf accuracy    <     0.00253035 Ry

     total magnetization       =     0.00 Bohr mag/cell
     absolute magnetization    =     7.32 Bohr mag/cell

     iteration #  6     ecut=    30.00 Ry     beta=0.30
     Davidson diagonalization with overlap
     ethr =  9.04E-06,  avg # of iterations =  1.0
 enter write_ns
U( 1) =  0.0000      U( 2) =  4.3000      U( 3) =  4.3000
alpha( 1) =  0.0000      alpha( 2) =  0.0000      alpha( 3) =  0.0000
atom  3   Tr[ns(na)]=   6.8612546
atom  3  spin  1
eigenvalues:  0.9937745 0.9937745 1.0015089 1.0015089 1.0028133
 eigenvectors
 1  -0.2830957 -0.1556578  0.2231633  0.9172070  0.0675055
 2   0.9172070 -0.1678177 -0.0508947  0.2830957 -0.2187125
 3  -0.2801549 -0.4160089 -0.3672418 -0.0100708 -0.7832508
 4  -0.0100708  0.6642372 -0.6923929  0.2801549 -0.0281557
 5   0.0000000 -0.5773503 -0.5773503  0.0000000  0.5773503
 occupations
 0.994  0.001  0.001  0.000  0.002
 0.001  1.002  0.001  0.001 -0.001
 0.001  0.001  1.002 -0.001 -0.001
 0.000  0.001 -0.001  0.994  0.000
 0.002 -0.001 -0.001  0.000  1.002
atom  3  spin  2
eigenvalues:  0.2777252 0.2777252 0.3323912 0.4900164 0.4900164
 eigenvectors
 1  -0.8390463 -0.2272188 -0.0130424 -0.4318303 -0.2402612
 2   0.4318303 -0.1462449  0.2698997 -0.8390463  0.1236548
 3   0.0000000  0.5773503  0.5773503  0.0000000 -0.5773503
 4   0.3142397 -0.1564853 -0.5751120 -0.1038139 -0.7315973
 5  -0.1038139  0.7544290 -0.5127347 -0.3142397  0.2416943
 occupations
 0.301 -0.027 -0.027  0.000 -0.054
-0.027  0.422 -0.045 -0.047  0.045
-0.027 -0.045  0.422  0.047  0.045
 0.000 -0.047  0.047  0.301  0.000
-0.054  0.045  0.045  0.000  0.422
atom  4   Tr[ns(na)]=   6.8612546
atom  4  spin  1
eigenvalues:  0.2777252 0.2777252 0.3323912 0.4900164 0.4900164
 eigenvectors
 1  -0.8449489 -0.2251707 -0.0167807 -0.4201636 -0.2419514
 2   0.4201636 -0.1493791  0.2696930 -0.8449489  0.1203140
 3   0.0000000  0.5773503  0.5773503  0.0000000 -0.5773503
 4   0.3157762 -0.1678956 -0.5672790 -0.0990417 -0.7351746
 5  -0.0990417  0.7519719 -0.5213879 -0.3157762  0.2305841
 occupations
 0.301 -0.027 -0.027  0.000 -0.054
-0.027  0.422 -0.045 -0.047  0.045
-0.027 -0.045  0.422  0.047  0.045
 0.000 -0.047  0.047  0.301  0.000
-0.054  0.045  0.045  0.000  0.422
atom  4  spin  2
eigenvalues:  0.9937745 0.9937745 1.0015089 1.0015089 1.0028133
 eigenvectors
 1  -0.3221156 -0.1483281  0.2251382  0.9042419  0.0768100
 2   0.9042419 -0.1743299 -0.0412910  0.3221156 -0.2156209
 3  -0.2803235 -0.3982391 -0.3854830 -0.0026342 -0.7837221
 4  -0.0026342  0.6750409 -0.6824056  0.2803235 -0.0073647
 5   0.0000000 -0.5773503 -0.5773503  0.0000000  0.5773503
 occupations
 0.994  0.001  0.001  0.000  0.002
 0.001  1.002  0.001  0.001 -0.001
 0.001  0.001  1.002 -0.001 -0.001
 0.000  0.001 -0.001  0.994  0.000
 0.002 -0.001 -0.001  0.000  1.002
nsum =  13.7225093
 exit write_ns

     total cpu time spent up to now is     55.32 secs

     total energy              =  -174.45719482 Ry
     Harris-Foulkes estimate   =  -176.25114402 Ry
     estimated scf accuracy    <     0.00457361 Ry

     total magnetization       =     0.00 Bohr mag/cell
     absolute magnetization    =     7.31 Bohr mag/cell

     iteration #  7     ecut=    30.00 Ry     beta=0.30
     Davidson diagonalization with overlap
     ethr =  9.04E-06,  avg # of iterations =  1.2
 enter write_ns
U( 1) =  0.0000      U( 2) =  4.3000      U( 3) =  4.3000
alpha( 1) =  0.0000      alpha( 2) =  0.0000      alpha( 3) =  0.0000
atom  3   Tr[ns(na)]=   6.8546084
atom  3  spin  1
eigenvalues:  0.9938372 0.9938372 1.0014826 1.0014826 1.0027868
 eigenvectors
 1  -0.1670636 -0.1814713  0.2228626  0.9422192  0.0413913
 2   0.9422192 -0.1525671 -0.0808752  0.1670636 -0.2334423
 3  -0.2903021 -0.4048402 -0.3763043 -0.0061228 -0.7811445
 4  -0.0061228  0.6682534 -0.6847286  0.2903021 -0.0164752
 5   0.0000000 -0.5773503 -0.5773503  0.0000000  0.5773503
 occupations
 0.994  0.001  0.001  0.000  0.002
 0.001  1.001  0.001  0.002 -0.001
 0.001  0.001  1.001 -0.002 -0.001
 0.000  0.002 -0.002  0.994  0.000
 0.002 -0.001 -0.001  0.000  1.001
atom  3  spin  2
eigenvalues:  0.2766386 0.2766386 0.3980853 0.3980853 0.5117343
 eigenvectors
 1  -0.8230448 -0.2769722 -0.0269650 -0.3908693 -0.3039372
 2   0.3908693 -0.1910464  0.3353882 -0.8230448  0.1443417
 3   0.3843991 -0.1147883 -0.5791657 -0.1485122 -0.6939540
 4   0.1485122 -0.7350360  0.4669276  0.3843991 -0.2681085
 5   0.0000000 -0.5773503 -0.5773503  0.0000000  0.5773503
 occupations
 0.297 -0.019 -0.019  0.000 -0.037
-0.019  0.422  0.045 -0.032 -0.045
-0.019  0.045  0.422  0.032 -0.045
 0.000 -0.032  0.032  0.297  0.000
-0.037 -0.045 -0.045  0.000  0.422
atom  4   Tr[ns(na)]=   6.8546087
atom  4  spin  1
eigenvalues:  0.2766386 0.2766386 0.3980854 0.3980854 0.5117344
 eigenvectors
 1  -0.8296228 -0.2736572 -0.0327090 -0.3767063 -0.3063662
 2   0.3767063 -0.1957652  0.3348767 -0.8296228  0.1391115
 3   0.3878426 -0.1323443 -0.5678267 -0.1392713 -0.7001710
 4   0.1392713 -0.7320788  0.4806529  0.3878426 -0.2514259
 5   0.0000000 -0.5773503 -0.5773503  0.0000000  0.5773503
 occupations
 0.297 -0.019 -0.019  0.000 -0.037
-0.019  0.422  0.045 -0.032 -0.045
-0.019  0.045  0.422  0.032 -0.045
 0.000 -0.032  0.032  0.297  0.000
-0.037 -0.045 -0.045  0.000  0.422
atom  4  spin  2
eigenvalues:  0.9938372 0.9938372 1.0014826 1.0014826 1.0027868
 eigenvectors
 1  -0.2528027 -0.1667087  0.2293426  0.9229182  0.0626339
 2   0.9229182 -0.1685727 -0.0600876  0.2528027 -0.2286603
 3  -0.2902618 -0.4087005 -0.3723356 -0.0078026 -0.7810361
 4  -0.0078026  0.6658994 -0.6868947  0.2902618 -0.0209953
 5   0.0000000 -0.5773503 -0.5773503  0.0000000  0.5773503
 occupations
 0.994  0.001  0.001  0.000  0.002
 0.001  1.001  0.001  0.002 -0.001
 0.001  0.001  1.001 -0.002 -0.001
 0.000  0.002 -0.002  0.994  0.000
 0.002 -0.001 -0.001  0.000  1.001
nsum =  13.7092172
 exit write_ns

     total cpu time spent up to now is     62.88 secs

     total energy              =  -174.45487315 Ry
     Harris-Foulkes estimate   =  -176.25116307 Ry
     estimated scf accuracy    <     0.00220737 Ry

     total magnetization       =     0.00 Bohr mag/cell
     absolute magnetization    =     7.32 Bohr mag/cell

     iteration #  8     ecut=    30.00 Ry     beta=0.30
     Davidson diagonalization with overlap
     ethr =  7.88E-06,  avg # of iterations =  1.0
 enter write_ns
U( 1) =  0.0000      U( 2) =  4.3000      U( 3) =  4.3000
alpha( 1) =  0.0000      alpha( 2) =  0.0000      alpha( 3) =  0.0000
atom  3   Tr[ns(na)]=   6.8591837
atom  3  spin  1
eigenvalues:  0.9938150 0.9938150 1.0015289 1.0015289 1.0028239
 eigenvectors
 1  -0.2996589 -0.1539967  0.2261895  0.9111071  0.0721927
 2   0.9111071 -0.1722711 -0.0472296  0.2996589 -0.2195006
 3  -0.2829905 -0.3968135 -0.3862812 -0.0021975 -0.7830947
 4  -0.0021975  0.6751395 -0.6812204  0.2829905 -0.0060809
 5   0.0000000 -0.5773503 -0.5773503  0.0000000  0.5773503
 occupations
 0.994  0.001  0.001  0.000  0.002
 0.001  1.002  0.001  0.001 -0.001
 0.001  0.001  1.002 -0.001 -0.001
 0.000  0.001 -0.001  0.994  0.000
 0.002 -0.001 -0.001  0.000  1.002
atom  3  spin  2
eigenvalues:  0.2759808 0.2759808 0.3837373 0.4649865 0.4649865
 eigenvectors
 1  -0.8019942 -0.2509661  0.0053439 -0.4831796 -0.2456222
 2   0.4831796 -0.1387247  0.2867054 -0.8019942  0.1479806
 3   0.0000000  0.5773503  0.5773503  0.0000000 -0.5773503
 4   0.3361372 -0.1740198 -0.5576733 -0.1017574 -0.7316931
 5  -0.1017574  0.7444160 -0.5229136 -0.3361372  0.2215024
 occupations
 0.299 -0.025 -0.025  0.000 -0.051
-0.025  0.422 -0.019 -0.044  0.019
-0.025 -0.019  0.422  0.044  0.019
 0.000 -0.044  0.044  0.299  0.000
-0.051  0.019  0.019  0.000  0.422
atom  4   Tr[ns(na)]=   6.8591818
atom  4  spin  1
eigenvalues:  0.2759808 0.2759808 0.3837370 0.4649858 0.4649858
 eigenvectors
 1  -0.8291608 -0.2423246 -0.0116181 -0.4349129 -0.2539427
 2   0.4349129 -0.1533216  0.2865201 -0.8291608  0.1331985
 3   0.0000000  0.5773503  0.5773503  0.0000000 -0.5773503
 4   0.3378269 -0.1867112 -0.5486590 -0.0960005 -0.7353701
 5  -0.0960005  0.7413345 -0.5323639 -0.3378269  0.2089707
 occupations
 0.299 -0.025 -0.025  0.000 -0.051
-0.025  0.422 -0.019 -0.044  0.019
-0.025 -0.019  0.422  0.044  0.019
 0.000 -0.044  0.044  0.299  0.000
-0.051  0.019  0.019  0.000  0.422
atom  4  spin  2
eigenvalues:  0.9938150 0.9938150 1.0015289 1.0015289 1.0028239
 eigenvectors
 1  -0.3133646 -0.1513812  0.2268759  0.9064845  0.0754946
 2   0.9064845 -0.1745737 -0.0438132  0.3133646 -0.2183868
 3  -0.2828375 -0.4142395 -0.3684322 -0.0095572 -0.7826717
 4  -0.0095572  0.6645902 -0.6910370  0.2828375 -0.0264468
 5   0.0000000 -0.5773503 -0.5773503  0.0000000  0.5773503
 occupations
 0.994  0.001  0.001  0.000  0.002
 0.001  1.002  0.001  0.001 -0.001
 0.001  0.001  1.002 -0.001 -0.001
 0.000  0.001 -0.001  0.994  0.000
 0.002 -0.001 -0.001  0.000  1.002
nsum =  13.7183655
 exit write_ns

     total cpu time spent up to now is     70.47 secs

     total energy              =  -174.45451890 Ry
     Harris-Foulkes estimate   =  -176.25505190 Ry
     estimated scf accuracy    <     0.00142760 Ry

     total magnetization       =     0.00 Bohr mag/cell
     absolute magnetization    =     7.31 Bohr mag/cell

     iteration #  9     ecut=    30.00 Ry     beta=0.30
     Davidson diagonalization with overlap
     ethr =  5.10E-06,  avg # of iterations =  1.5
 enter write_ns
U( 1) =  0.0000      U( 2) =  4.3000      U( 3) =  4.3000
alpha( 1) =  0.0000      alpha( 2) =  0.0000      alpha( 3) =  0.0000
atom  3   Tr[ns(na)]=   6.8505893
atom  3  spin  1
eigenvalues:  0.9938136 0.9938136 1.0014955 1.0014955 1.0027556
 eigenvectors
 1  -0.3101796 -0.1556694  0.2324405  0.9053360  0.0767710
 2   0.9053360 -0.1785233 -0.0455520  0.3101796 -0.2240753
 3  -0.2899935 -0.4084867 -0.3726243 -0.0076869 -0.7811110
 4  -0.0076869  0.6661094 -0.6868145  0.2899935 -0.0207051
 5   0.0000000 -0.5773503 -0.5773503  0.0000000  0.5773503
 occupations
 0.994  0.001  0.001  0.000  0.002
 0.001  1.001  0.001  0.002 -0.001
 0.001  0.001  1.001 -0.002 -0.001
 0.000  0.002 -0.002  0.994  0.000
 0.002 -0.001 -0.001  0.000  1.001
atom  3  spin  2
eigenvalues:  0.2712093 0.2712093 0.3971313 0.3971313 0.5205343
 eigenvectors
 1  -0.8166314 -0.2943222 -0.0358873 -0.3690006 -0.3302094
 2   0.3690006 -0.2113660  0.3605735 -0.8166314  0.1492074
 3   0.4107224 -0.0985591 -0.5786048 -0.1681035 -0.6771639
 4   0.1681035 -0.7250184  0.4478638  0.4107224 -0.2771545
 5   0.0000000 -0.5773503 -0.5773503  0.0000000  0.5773503
 occupations
 0.296 -0.020 -0.020  0.000 -0.041
-0.020  0.422  0.049 -0.035 -0.049
-0.020  0.049  0.422  0.035 -0.049
 0.000 -0.035  0.035  0.296  0.000
-0.041 -0.049 -0.049  0.000  0.422
atom  4   Tr[ns(na)]=   6.8506387
atom  4  spin  1
eigenvalues:  0.2712117 0.2712117 0.3971491 0.3971491 0.5205434
 eigenvectors
 1   0.7916772  0.3070790  0.0130154  0.4199046  0.3200944
 2  -0.4199046  0.1923211 -0.3620987  0.7916772 -0.1697777
 3   0.4069613 -0.0828393 -0.5881751 -0.1769460 -0.6710144
 4   0.1769460 -0.7269934  0.4352376  0.4069613 -0.2917558
 5   0.0000000 -0.5773503 -0.5773503  0.0000000  0.5773503
 occupations
 0.296 -0.020 -0.020  0.000 -0.041
-0.020  0.422  0.049 -0.035 -0.049
-0.020  0.049  0.422  0.035 -0.049
 0.000 -0.035  0.035  0.296  0.000
-0.041 -0.049 -0.049  0.000  0.422
atom  4  spin  2
eigenvalues:  0.9938137 0.9938137 1.0014955 1.0014955 1.0027555
 eigenvectors
 1  -0.3942199 -0.1381321  0.2357053  0.8720279  0.0975731
 2   0.8720279 -0.1924184 -0.0234167  0.3942199 -0.2158351
 3  -0.2900070 -0.4076921 -0.3734419 -0.0073415 -0.7811340
 4  -0.0073415  0.6665947 -0.6863691  0.2900070 -0.0197743
 5   0.0000000 -0.5773503 -0.5773503  0.0000000  0.5773503
 occupations
 0.994  0.001  0.001  0.000  0.002
 0.001  1.001  0.001  0.002 -0.001
 0.001  0.001  1.001 -0.002 -0.001
 0.000  0.002 -0.002  0.994  0.000
 0.002 -0.001 -0.001  0.000  1.001
nsum =  13.7012280
 exit write_ns

     total cpu time spent up to now is     78.08 secs

     total energy              =  -174.45535751 Ry
     Harris-Foulkes estimate   =  -176.26210135 Ry
     estimated scf accuracy    <     0.00240882 Ry

     total magnetization       =     0.00 Bohr mag/cell
     absolute magnetization    =     7.33 Bohr mag/cell

     iteration # 10     ecut=    30.00 Ry     beta=0.30
     Davidson diagonalization with overlap
     ethr =  5.10E-06,  avg # of iterations =  1.0
 enter write_ns
U( 1) =  0.0000      U( 2) =  4.3000      U( 3) =  4.3000
alpha( 1) =  0.0000      alpha( 2) =  0.0000      alpha( 3) =  0.0000
atom  3   Tr[ns(na)]=   6.8551582
atom  3  spin  1
eigenvalues:  0.9937909 0.9937909 1.0015059 1.0015059 1.0027469
 eigenvectors
 1  -0.2873080 -0.1587105  0.2291207  0.9136800  0.0704102
 2   0.9136800 -0.1729343 -0.0509802  0.2873080 -0.2239144
 3  -0.2872964 -0.4147600 -0.3667795 -0.0101832 -0.7815395
 4  -0.0101832  0.6629823 -0.6906839  0.2872964 -0.0277015
 5   0.0000000 -0.5773503 -0.5773503  0.0000000  0.5773503
 occupations
 0.994  0.001  0.001  0.000  0.002
 0.001  1.001  0.001  0.002 -0.001
 0.001  0.001  1.001 -0.002 -0.001
 0.000  0.002 -0.002  0.994  0.000
 0.002 -0.001 -0.001  0.000  1.001
atom  3  spin  2
eigenvalues:  0.2725185 0.2725185 0.4187576 0.4187576 0.4792658
 eigenvectors
 1   0.8115468  0.2840490  0.0186681  0.4107575  0.3027172
 2  -0.4107575  0.1855519 -0.3387696  0.8115468 -0.1532177
 3   0.3883952 -0.1184484 -0.5757108 -0.1477133 -0.6941592
 4   0.1477133 -0.7331598  0.4691592  0.3883952 -0.2640006
 5   0.0000000 -0.5773503 -0.5773503  0.0000000  0.5773503
 occupations
 0.298 -0.023 -0.023  0.000 -0.045
-0.023  0.422  0.029 -0.039 -0.029
-0.023  0.029  0.422  0.039 -0.029
 0.000 -0.039  0.039  0.298  0.000
-0.045 -0.029 -0.029  0.000  0.422
atom  4   Tr[ns(na)]=   6.8549758
atom  4  spin  1
eigenvalues:  0.2725110 0.2725110 0.4186902 0.4186902 0.4792333
 eigenvectors
 1   0.8218038  0.2792387  0.0273744  0.3897477  0.3066131
 2  -0.3897477  0.1928278 -0.3382417  0.8218038 -0.1454139
 3   0.3869713 -0.1111052 -0.5803516 -0.1516192 -0.6914568
 4   0.1516192 -0.7342789  0.4633593  0.3869713 -0.2709196
 5   0.0000000 -0.5773503 -0.5773503  0.0000000  0.5773503
 occupations
 0.298 -0.023 -0.023  0.000 -0.045
-0.023  0.422  0.029 -0.039 -0.029
-0.023  0.029  0.422  0.039 -0.029
 0.000 -0.039  0.039  0.298  0.000
-0.045 -0.029 -0.029  0.000  0.422
atom  4  spin  2
eigenvalues:  0.9937906 0.9937906 1.0015059 1.0015059 1.0027469
 eigenvectors
 1  -0.3592017 -0.1444178  0.2324416  0.8878853  0.0880238
 2   0.8878853 -0.1850208 -0.0325591  0.3592017 -0.2175799
 3  -0.2873996 -0.4049268 -0.3769404 -0.0059394 -0.7818672
 4  -0.0059394  0.6690379 -0.6851959  0.2873996 -0.0161580
 5   0.0000000 -0.5773503 -0.5773503  0.0000000  0.5773503
 occupations
 0.994  0.001  0.001  0.000  0.002
 0.001  1.001  0.001  0.002 -0.001
 0.001  0.001  1.001 -0.002 -0.001
 0.000  0.002 -0.002  0.994  0.000
 0.002 -0.001 -0.001  0.000  1.001
nsum =  13.7101339
 exit write_ns

     total cpu time spent up to now is     85.51 secs

     total energy              =  -174.45375536 Ry
     Harris-Foulkes estimate   =  -176.26106617 Ry
     estimated scf accuracy    <     0.00052606 Ry

     total magnetization       =     0.00 Bohr mag/cell
     absolute magnetization    =     7.32 Bohr mag/cell

     iteration # 11     ecut=    30.00 Ry     beta=0.30
     Davidson diagonalization with overlap
     ethr =  1.88E-06,  avg # of iterations =  1.0
 enter write_ns
U( 1) =  0.0000      U( 2) =  4.3000      U( 3) =  4.3000
alpha( 1) =  0.0000      alpha( 2) =  0.0000      alpha( 3) =  0.0000
atom  3   Tr[ns(na)]=   6.8553667
atom  3  spin  1
eigenvalues:  0.9937530 0.9937530 1.0015027 1.0015027 1.0027360
 eigenvectors
 1  -0.2507305 -0.1647100  0.2258432  0.9248040  0.0611332
 2   0.9248040 -0.1656859 -0.0598001  0.2507305 -0.2254860
 3  -0.2860554 -0.4068019 -0.3753463 -0.0066420 -0.7821481
 4  -0.0066420  0.6682797 -0.6864406  0.2860554 -0.0181609
 5   0.0000000 -0.5773503 -0.5773503  0.0000000  0.5773503
 occupations
 0.994  0.001  0.001  0.000  0.002
 0.001  1.001  0.001  0.002 -0.001
 0.001  0.001  1.001 -0.002 -0.001
 0.000  0.002 -0.002  0.994  0.000
 0.002 -0.001 -0.001  0.000  1.001
atom  3  spin  2
eigenvalues:  0.2726982 0.2726982 0.4280516 0.4280516 0.4606197
 eigenvectors
 1   0.8324878  0.2725875  0.0357395  0.3692117  0.3083270
 2  -0.3692117  0.1986469 -0.3353912  0.8324878 -0.1367443
 3  -0.3882642  0.1295488  0.5693308  0.1410593  0.6988796
 4  -0.1410593  0.7322016 -0.4782934 -0.3882642  0.2539082
 5   0.0000000 -0.5773503 -0.5773503  0.0000000  0.5773503
 occupations
 0.299 -0.024 -0.024  0.000 -0.048
-0.024  0.421  0.020 -0.041 -0.020
-0.024  0.020  0.421  0.041 -0.020
 0.000 -0.041  0.041  0.299  0.000
-0.048 -0.020 -0.020  0.000  0.421
atom  4   Tr[ns(na)]=   6.8611824
atom  4  spin  1
eigenvalues:  0.2729236 0.2729236 0.4301920 0.4301920 0.4616939
 eigenvectors
 1   0.8261807  0.2748419  0.0291478  0.3855231  0.3039897
 2  -0.3855231  0.1923370 -0.3341886  0.8261807 -0.1418516
 3  -0.3863320  0.1306220  0.5693580  0.1398034  0.6999800
