
     Program PWSCF     v.3.0    starts ...
     Today is 10Nov2005 at  4:50:12 

     Ultrasoft (Vanderbilt) Pseudopotentials

     Current dimensions of program pwscf are:

     ntypx = 10   npk = 40000  lmax =  3
     nchix =  6  ndmx =  2000  nbrx = 14  nqfx =  8
  HUBBARD L FOR TYPE Fe IS            2
  HUBBARD L FOR TYPE Fe IS            2
  MAXIMUM HUBBARD L IS            2


     bravais-lattice index     =            0
     lattice parameter (a_0)   =       8.1900  a.u.
     unit-cell volume          =     274.6766 (a.u.)^3
     number of atoms/cell      =            4
     number of atomic types    =            3
     kinetic-energy cutoff     =      30.0000  Ry
     charge density cutoff     =     240.0000  Ry
     convergence threshold     =      1.0E-06
     beta                      =       0.3000
     number of iterations used =            8  plain     mixing
     Exchange-correlation      =  SLA  PZ   NOGX NOGC (1100)
     celldm(1)=   8.190000  celldm(2)=   0.000000  celldm(3)=   0.000000
     celldm(4)=   0.000000  celldm(5)=   0.000000  celldm(6)=   0.000000

     crystal axes: (cart. coord. in units of a_0)
               a(1) = (  0.500000  0.500000  1.000000 )  
               a(2) = (  0.500000  1.000000  0.500000 )  
               a(3) = (  1.000000  0.500000  0.500000 )  

     reciprocal axes: (cart. coord. in units 2 pi/a_0)
               b(1) = ( -0.500000 -0.500000  1.500000 )  
               b(2) = ( -0.500000  1.500000 -0.500000 )  
               b(3) = (  1.500000 -0.500000 -0.500000 )  


     PSEUDO 1 is O  (US)    zval =  6.0   lmax= 2   lloc= 0
     Version   0  0  0 of US pseudo code
     Using log mesh of  1269 points
     The pseudopotential has  4 beta functions with: 
                l(1) =   0
                l(2) =   0
                l(3) =   1
                l(4) =   1
     Q(r) pseudized with  0 coefficients,  rinner =    0.000   0.000   0.000
                                                       0.000   0.000

     PSEUDO 2 is Fe (US)    zval =  8.0   lmax= 2   lloc= 0
     Version   0  0  0 of US pseudo code
     Using log mesh of   957 points
     The pseudopotential has  6 beta functions with: 
                l(1) =   0
                l(2) =   0
                l(3) =   1
                l(4) =   1
                l(5) =   2
                l(6) =   2
     Q(r) pseudized with  0 coefficients,  rinner =    0.000   0.000   0.000
                                                       0.000   0.000

     PSEUDO 3 is Fe (US)    zval =  8.0   lmax= 2   lloc= 0
     Version   0  0  0 of US pseudo code
     Using log mesh of   957 points
     The pseudopotential has  6 beta functions with: 
                l(1) =   0
                l(2) =   0
                l(3) =   1
                l(4) =   1
                l(5) =   2
                l(6) =   2
     Q(r) pseudized with  0 coefficients,  rinner =    0.000   0.000   0.000
                                                       0.000   0.000

     atomic species   valence    mass     pseudopotential
        O1             6.00     1.00000     O ( 1.00)
        Fe1            8.00     1.00000     Fe( 1.00)
        Fe2            8.00     1.00000     Fe( 1.00)

     Starting magnetic structure 
     atomic species   magnetization
        O1           0.000
        Fe1          0.500
        Fe2         -0.500

     12 Sym.Ops. (with inversion)


   Cartesian axes

     site n.     atom                  positions (a_0 units)
         1           O1  tau(  1) = (   0.5000000   0.5000000   0.5000000  )
         2           O1  tau(  2) = (   1.5000000   1.5000000   1.5000000  )
         3           Fe1 tau(  3) = (   0.0000000   0.0000000   0.0000000  )
         4           Fe2 tau(  4) = (   1.0000000   1.0000000   1.0000000  )

     number of k points=    8  gaussian broad. (ryd)=  0.0100     ngauss =   0
                       cart. coord. in units 2pi/a_0
        k(    1) = (   0.0000000   0.0000000   0.0000000), wk =   0.1250000
        k(    2) = (  -0.7500000   0.2500000   0.2500000), wk =   0.3750000
        k(    3) = (  -0.5000000  -0.5000000   0.5000000), wk =   0.3750000
        k(    4) = (  -0.2500000  -0.2500000  -0.2500000), wk =   0.1250000
        k(    5) = (   0.0000000   0.0000000   0.0000000), wk =   0.1250000
        k(    6) = (  -0.7500000   0.2500000   0.2500000), wk =   0.3750000
        k(    7) = (  -0.5000000  -0.5000000   0.5000000), wk =   0.3750000
        k(    8) = (  -0.2500000  -0.2500000  -0.2500000), wk =   0.1250000

     G cutoff =  407.7738  (  17255 G-vectors)     FFT grid: ( 50, 50, 50)
     G cutoff =  203.8869  (   6111 G-vectors)  smooth grid: ( 36, 36, 36)

     nbndx  =    80  nbnd   =    20  natomwfc =    20  npwx   =     780
     nelec  =  28.00  nkb   =    52  ngl    =     342

     Check: negative/imaginary core charge=   -0.000003    0.000000

     Initial potential from superposition of free atoms

     starting charge   27.99905, renormalised to   28.00000

     Parameters of the lda+U calculation:
     Number of iteration with fixed ns =  0
     Starting ns and Hubbard U :
 enter write_ns
U( 1) =  0.0000      U( 2) =  4.3000      U( 3) =  4.3000
alpha( 1) =  0.0000      alpha( 2) =  0.0000      alpha( 3) =  0.0000
atom  3   Tr[ns(na)]=   6.0000000
atom  3  spin  1
eigenvalues:  1.0000000 1.0000000 1.0000000 1.0000000 1.0000000
 eigenvectors
 1   1.0000000  0.0000000  0.0000000  0.0000000  0.0000000
 2   0.0000000  1.0000000  0.0000000  0.0000000  0.0000000
 3   0.0000000  0.0000000  1.0000000  0.0000000  0.0000000
 4   0.0000000  0.0000000  0.0000000  1.0000000  0.0000000
 5   0.0000000  0.0000000  0.0000000  0.0000000  1.0000000
 occupations
 1.000  0.000  0.000  0.000  0.000
 0.000  1.000  0.000  0.000  0.000
 0.000  0.000  1.000  0.000  0.000
 0.000  0.000  0.000  1.000  0.000
 0.000  0.000  0.000  0.000  1.000
atom  3  spin  2
eigenvalues:  0.2000000 0.2000000 0.2000000 0.2000000 0.2000000
 eigenvectors
 1   1.0000000  0.0000000  0.0000000  0.0000000  0.0000000
 2   0.0000000  1.0000000  0.0000000  0.0000000  0.0000000
 3   0.0000000  0.0000000  1.0000000  0.0000000  0.0000000
 4   0.0000000  0.0000000  0.0000000  1.0000000  0.0000000
 5   0.0000000  0.0000000  0.0000000  0.0000000  1.0000000
 occupations
 0.200  0.000  0.000  0.000  0.000
 0.000  0.200  0.000  0.000  0.000
 0.000  0.000  0.200  0.000  0.000
 0.000  0.000  0.000  0.200  0.000
 0.000  0.000  0.000  0.000  0.200
atom  4   Tr[ns(na)]=   6.0000000
atom  4  spin  1
eigenvalues:  0.2000000 0.2000000 0.2000000 0.2000000 0.2000000
 eigenvectors
 1   1.0000000  0.0000000  0.0000000  0.0000000  0.0000000
 2   0.0000000  1.0000000  0.0000000  0.0000000  0.0000000
 3   0.0000000  0.0000000  1.0000000  0.0000000  0.0000000
 4   0.0000000  0.0000000  0.0000000  1.0000000  0.0000000
 5   0.0000000  0.0000000  0.0000000  0.0000000  1.0000000
 occupations
 0.200  0.000  0.000  0.000  0.000
 0.000  0.200  0.000  0.000  0.000
 0.000  0.000  0.200  0.000  0.000
 0.000  0.000  0.000  0.200  0.000
 0.000  0.000  0.000  0.000  0.200
atom  4  spin  2
eigenvalues:  1.0000000 1.0000000 1.0000000 1.0000000 1.0000000
 eigenvectors
 1   1.0000000  0.0000000  0.0000000  0.0000000  0.0000000
 2   0.0000000  1.0000000  0.0000000  0.0000000  0.0000000
 3   0.0000000  0.0000000  1.0000000  0.0000000  0.0000000
 4   0.0000000  0.0000000  0.0000000  1.0000000  0.0000000
 5   0.0000000  0.0000000  0.0000000  0.0000000  1.0000000
 occupations
 1.000  0.000  0.000  0.000  0.000
 0.000  1.000  0.000  0.000  0.000
 0.000  0.000  1.000  0.000  0.000
 0.000  0.000  0.000  1.000  0.000
 0.000  0.000  0.000  0.000  1.000
nsum =  12.0000000
 exit write_ns
 Atomic wfc used for LDA+U Projector are NOT orthogonalized
     Starting wfc are atomic

     total cpu time spent up to now is      7.14 secs

     Self-consistent Calculation

     iteration #  1     ecut=    30.00 ryd     beta=0.30
     Davidson diagonalization with overlap
     ethr =  1.00E-02,  avg # of iterations =  3.2
 enter write_ns
U( 1) =  0.0000      U( 2) =  4.3000      U( 3) =  4.3000
alpha( 1) =  0.0000      alpha( 2) =  0.0000      alpha( 3) =  0.0000
atom  3   Tr[ns(na)]=   6.1226801
atom  3  spin  1
eigenvalues:  0.9969552 0.9969552 1.0025536 1.0025536 1.0030281
 eigenvectors
 1  -0.4004648 -0.2442169  0.4878698  0.6946959  0.2436528
 2  -0.6946959  0.4223448  0.0003257 -0.4004648  0.4226704
 3   0.5931020  0.3937307  0.2561461  0.0724949  0.6498768
 4   0.0724949 -0.5230926  0.6025270 -0.5931020  0.0794345
 5   0.0000000  0.5773503  0.5773503  0.0000000 -0.5773503
 occupations
 0.999  0.001  0.001  0.000  0.002
 0.001  1.001  0.001  0.002 -0.001
 0.001  0.001  1.001 -0.002 -0.001
 0.000  0.002 -0.002  0.999  0.000
 0.002 -0.001 -0.001  0.000  1.001
atom  3  spin  2
eigenvalues:  0.1553853 0.1553853 0.2567874 0.2765382 0.2765382
 eigenvectors
 1  -0.3593357 -0.0709618  0.0450547 -0.9290539 -0.0259071
 2  -0.9290539 -0.0110549 -0.0559273  0.3593357 -0.0669821
 3   0.0000000 -0.5773503 -0.5773503  0.0000000  0.5773503
 4  -0.0867419  0.2843006  0.5177827  0.0145781  0.8020833
 5  -0.0145781  0.7620250 -0.6272240 -0.0867419  0.1348009
 occupations
 0.156 -0.004 -0.004  0.000 -0.009
-0.004  0.269 -0.006 -0.008  0.006
-0.004 -0.006  0.269  0.008  0.006
 0.000 -0.008  0.008  0.156  0.000
-0.009  0.006  0.006  0.000  0.269
atom  4   Tr[ns(na)]=   6.1226801
atom  4  spin  1
eigenvalues:  0.1553853 0.1553853 0.2567874 0.2765382 0.2765382
 eigenvectors
 1  -0.3244571 -0.0705004  0.0471080 -0.9418019 -0.0233924
 2  -0.9418019 -0.0136922 -0.0542091  0.3244571 -0.0679012
 3   0.0000000 -0.5773503 -0.5773503  0.0000000  0.5773503
 4  -0.0867080  0.2825415  0.5192286  0.0147783  0.8017701
 5  -0.0147783  0.7626789 -0.6260276 -0.0867080  0.1366513
 occupations
 0.156 -0.004 -0.004  0.000 -0.009
-0.004  0.269 -0.006 -0.008  0.006
-0.004 -0.006  0.269  0.008  0.006
 0.000 -0.008  0.008  0.156  0.000
-0.009  0.006  0.006  0.000  0.269
atom  4  spin  2
eigenvalues:  0.9969552 0.9969552 1.0025536 1.0025536 1.0030281
 eigenvectors
 1  -0.3810828 -0.2558135  0.4876738  0.7055143  0.2318603
 2  -0.7055143  0.4154232  0.0138293 -0.3810828  0.4292526
 3   0.5914013  0.4049162  0.2430971  0.0852643  0.6480133
 4   0.0852643 -0.5144828  0.6079091 -0.5914013  0.0934263
 5   0.0000000  0.5773503  0.5773503  0.0000000 -0.5773503
 occupations
 0.999  0.001  0.001  0.000  0.002
 0.001  1.001  0.001  0.002 -0.001
 0.001  0.001  1.001 -0.002 -0.001
 0.000  0.002 -0.002  0.999  0.000
 0.002 -0.001 -0.001  0.000  1.001
nsum =  12.2453603
 exit write_ns
 Modify starting ns matrices according to input values 
 enter write_ns
U( 1) =  0.0000      U( 2) =  4.3000      U( 3) =  4.3000
alpha( 1) =  0.0000      alpha( 2) =  0.0000      alpha( 3) =  0.0000
atom  3   Tr[ns(na)]=   6.8461419
atom  3  spin  1
eigenvalues:  0.9969552 0.9969552 1.0025536 1.0025536 1.0030281
 eigenvectors
 1   0.4172783  0.2338502 -0.4877328 -0.6847287 -0.2538826
 2   0.6847287 -0.4281718  0.0115657  0.4172783 -0.4166061
 3   0.5927401  0.3962861  0.2531942  0.0753968  0.6494802
 4  -0.0753968  0.5211593 -0.6037735  0.5927401 -0.0826142
 5   0.0000000 -0.5773503 -0.5773503  0.0000000  0.5773503
 occupations
 0.999  0.001  0.001  0.000  0.002
 0.001  1.001  0.001  0.002 -0.001
 0.001  0.001  1.001 -0.002 -0.001
 0.000  0.002 -0.002  0.999  0.000
 0.002 -0.001 -0.001  0.000  1.001
atom  3  spin  2
eigenvalues:  0.1553853 0.1553853 0.2567874 0.2765382 1.0000000
 eigenvectors
 1   0.4359972  0.0716390 -0.0402048  0.8956393  0.0314342
 2  -0.8956393 -0.0050637 -0.0595093  0.4359972 -0.0645730
 3   0.0000000 -0.5773503 -0.5773503  0.0000000  0.5773503
 4  -0.0867419  0.2843006  0.5177827  0.0145781  0.8020833
 5  -0.0145781  0.7620250 -0.6272240 -0.0867419  0.1348009
 occupations
 0.156 -0.012  0.002  0.001 -0.010
-0.012  0.689 -0.352 -0.055  0.081
 0.002 -0.352  0.554  0.047 -0.055
 0.001 -0.055  0.047  0.162 -0.008
-0.010  0.081 -0.055 -0.008  0.282
atom  4   Tr[ns(na)]=   6.8461419
atom  4  spin  1
eigenvalues:  0.1553853 0.1553853 0.2567874 0.2765382 1.0000000
 eigenvectors
 1  -0.3713997 -0.0710997  0.0443228 -0.9242973 -0.0267769
 2  -0.9242973 -0.0101302 -0.0565090  0.3713997 -0.0666392
 3   0.0000000 -0.5773503 -0.5773503  0.0000000  0.5773503
 4  -0.0867080  0.2825415  0.5192286  0.0147783  0.8017701
 5  -0.0147783  0.7626789 -0.6260276 -0.0867080  0.1366513
 occupations
 0.156 -0.012  0.002  0.001 -0.010
-0.012  0.690 -0.352 -0.055  0.082
 0.002 -0.352  0.553  0.047 -0.056
 0.001 -0.055  0.047  0.162 -0.009
-0.010  0.082 -0.056 -0.009  0.283
atom  4  spin  2
eigenvalues:  0.9969552 0.9969552 1.0025536 1.0025536 1.0030281
 eigenvectors
 1  -0.3940987 -0.2480669  0.4878464  0.6983271  0.2397795
 2  -0.6983271  0.4200950  0.0047847 -0.3940987  0.4248797
 3   0.5911831  0.4062200  0.2415542  0.0867643  0.6477742
 4   0.0867643 -0.5134540  0.6085238 -0.5911831  0.0950699
 5   0.0000000  0.5773503  0.5773503  0.0000000 -0.5773503
 occupations
 0.999  0.001  0.001  0.000  0.002
 0.001  1.001  0.001  0.002 -0.001
 0.001  0.001  1.001 -0.002 -0.001
 0.000  0.002 -0.002  0.999  0.000
 0.002 -0.001 -0.001  0.000  1.001
nsum =  13.6922838
 exit write_ns

     total cpu time spent up to now is     14.71 secs

     total energy              =  -173.87440401 ryd
     estimated scf accuracy    <     2.60384704 ryd

     total magnetization       =     0.00 Bohr mag/cell
     absolute magnetization    =     8.54 Bohr mag/cell

     iteration #  2     ecut=    30.00 ryd     beta=0.30
     Davidson diagonalization with overlap
     ethr =  9.30E-03,  avg # of iterations =  2.2
 enter write_ns
U( 1) =  0.0000      U( 2) =  4.3000      U( 3) =  4.3000
alpha( 1) =  0.0000      alpha( 2) =  0.0000      alpha( 3) =  0.0000
atom  3   Tr[ns(na)]=   6.9106707
atom  3  spin  1
eigenvalues:  0.9929380 0.9929380 1.0010862 1.0010862 1.0024143
 eigenvectors
 1  -0.2154094 -0.1588714  0.2073387  0.9396916  0.0484673
 2   0.9396916 -0.1476896 -0.0637418  0.2154094 -0.2114314
 3  -0.2656423 -0.3844160 -0.4026693  0.0035568 -0.7870853
 4   0.0035568  0.6869051 -0.6763666  0.2656423  0.0105385
 5   0.0000000 -0.5773503 -0.5773503  0.0000000  0.5773503
 occupations
 0.994  0.001  0.001  0.000  0.002
 0.001  1.001  0.001  0.001 -0.001
 0.001  0.001  1.001 -0.001 -0.001
 0.000  0.001 -0.001  0.994  0.000
 0.002 -0.001 -0.001  0.000  1.001
atom  3  spin  2
eigenvalues:  0.2579906 0.3218642 0.3218642 0.5092444 0.5092444
 eigenvectors
 1   0.0000000  0.5773503  0.5773503  0.0000000 -0.5773503
 2  -0.5440008 -0.1815336  0.0799941 -0.8089495 -0.1015395
 3  -0.8089495  0.0124393 -0.1634323  0.5440008 -0.1509930
 4   0.2155353 -0.2097100 -0.5601145 -0.0566416 -0.7698245
 5   0.0566416 -0.7678406  0.5655345  0.2155353 -0.2023061
 occupations
 0.331 -0.017 -0.017  0.000 -0.033
-0.017  0.419 -0.081 -0.029  0.081
-0.017 -0.081  0.419  0.029  0.081
 0.000 -0.029  0.029  0.331  0.000
-0.033  0.081  0.081  0.000  0.419
atom  4   Tr[ns(na)]=   6.9106460
atom  4  spin  1
eigenvalues:  0.2578447 0.3218697 0.3218697 0.5093012 0.5093012
 eigenvectors
 1   0.0000000  0.5773503  0.5773503  0.0000000 -0.5773503
 2  -0.4934156 -0.1818770  0.0898207 -0.8407852 -0.0920562
 3   0.8407852 -0.0012907  0.1581554 -0.4934156  0.1568647
 4   0.2162833 -0.2214233 -0.5514198 -0.0533188 -0.7728431
 5   0.0533188 -0.7645636  0.5740400  0.2162833 -0.1905236
 occupations
 0.331 -0.017 -0.017  0.000 -0.033
-0.017  0.419 -0.081 -0.029  0.081
-0.017 -0.081  0.419  0.029  0.081
 0.000 -0.029  0.029  0.331  0.000
-0.033  0.081  0.081  0.000  0.419
atom  4  spin  2
eigenvalues:  0.9929377 0.9929377 1.0010853 1.0010853 1.0024135
 eigenvectors
 1  -0.2050702 -0.1604717  0.2066086  0.9420081  0.0461369
 2   0.9420081 -0.1459227 -0.0660112  0.2050702 -0.2119339
 3  -0.2656130 -0.3830714 -0.4039967  0.0040771 -0.7870681
 4   0.0040771  0.6876616 -0.6755803  0.2656130  0.0120812
 5   0.0000000 -0.5773503 -0.5773503  0.0000000  0.5773503
 occupations
 0.994  0.001  0.001  0.000  0.002
 0.001  1.001  0.001  0.001 -0.001
 0.001  0.001  1.001 -0.001 -0.001
 0.000  0.001 -0.001  0.994  0.000
 0.002 -0.001 -0.001  0.000  1.001
nsum =  13.8213167
 exit write_ns

     total cpu time spent up to now is     22.02 secs

     total energy              =  -174.44376262 ryd
     estimated scf accuracy    <     0.18268336 ryd

     total magnetization       =     0.00 Bohr mag/cell
     absolute magnetization    =     7.15 Bohr mag/cell

     iteration #  3     ecut=    30.00 ryd     beta=0.30
     Davidson diagonalization with overlap
     ethr =  6.52E-04,  avg # of iterations =  1.8
 enter write_ns
U( 1) =  0.0000      U( 2) =  4.3000      U( 3) =  4.3000
alpha( 1) =  0.0000      alpha( 2) =  0.0000      alpha( 3) =  0.0000
atom  3   Tr[ns(na)]=   6.8119686
atom  3  spin  1
eigenvalues:  0.9938245 0.9938245 1.0016751 1.0016751 1.0028753
 eigenvectors
 1   0.2370209  0.1650620 -0.2220527 -0.9295269 -0.0569907
 2   0.9295269 -0.1611057 -0.0623950  0.2370209 -0.2235008
 3  -0.2824750 -0.3845366 -0.3986617  0.0029413 -0.7831983
 4  -0.0029413 -0.6823472  0.6741921 -0.2824750 -0.0081551
 5   0.0000000 -0.5773503 -0.5773503  0.0000000  0.5773503
 occupations
 0.994  0.001  0.001  0.000  0.002
 0.001  1.002  0.001  0.002 -0.001
 0.001  0.001  1.002 -0.002 -0.001
 0.000  0.002 -0.002  0.994  0.000
 0.002 -0.001 -0.001  0.000  1.002
atom  3  spin  2
eigenvalues:  0.2437586 0.2768006 0.2768006 0.5103672 0.5103672
 eigenvectors
 1   0.0000000  0.5773503  0.5773503  0.0000000 -0.5773503
 2  -0.5413992 -0.1901515  0.0840419 -0.8077172 -0.1061096
 3  -0.8077172  0.0127408 -0.1710465  0.5413992 -0.1583057
 4   0.2250070 -0.1998587 -0.5655047 -0.0620624 -0.7653634
 5   0.0620624 -0.7683770  0.5572712  0.2250070 -0.2111058
 occupations
 0.290 -0.022 -0.022  0.000 -0.043
-0.022  0.413 -0.085 -0.037  0.085
-0.022 -0.085  0.413  0.037  0.085
 0.000 -0.037  0.037  0.290  0.000
-0.043  0.085  0.085  0.000  0.413
atom  4   Tr[ns(na)]=   6.8121841
atom  4  spin  1
eigenvalues:  0.2436670 0.2768170 0.2768170 0.5105050 0.5105050
 eigenvectors
 1   0.0000000  0.5773503  0.5773503  0.0000000 -0.5773503
 2  -0.6612114 -0.1856454  0.0561766 -0.7130338 -0.1294689
 3  -0.7130338  0.0423153 -0.1819313  0.6612114 -0.1396160
 4   0.2262804 -0.2189532 -0.5514724 -0.0563861 -0.7704255
 5   0.0563861 -0.7631981  0.5712181  0.2262804 -0.1919800
 occupations
 0.290 -0.022 -0.022  0.000 -0.043
-0.022  0.413 -0.085 -0.037  0.085
-0.022 -0.085  0.413  0.037  0.085
 0.000 -0.037  0.037  0.290  0.000
-0.043  0.085  0.085  0.000  0.413
atom  4  spin  2
eigenvalues:  0.9938242 0.9938242 1.0016748 1.0016748 1.0028750
 eigenvectors
 1  -0.2166728 -0.1685275  0.2206214  0.9344858  0.0520939
 2  -0.9344858  0.1574523  0.0672230 -0.2166728  0.2246753
 3  -0.2824628 -0.3963422 -0.3868846 -0.0019692 -0.7832267
 4  -0.0019692  0.6755641 -0.6810244  0.2824628 -0.0054604
 5   0.0000000  0.5773503  0.5773503  0.0000000 -0.5773503
 occupations
 0.994  0.001  0.001  0.000  0.002
 0.001  1.002  0.001  0.002 -0.001
 0.001  0.001  1.002 -0.002 -0.001
 0.000  0.002 -0.002  0.994  0.000
 0.002 -0.001 -0.001  0.000  1.002
nsum =  13.6241527
 exit write_ns

     total cpu time spent up to now is     29.08 secs

     total energy              =  -174.45858999 ryd
     estimated scf accuracy    <     0.04588189 ryd

     total magnetization       =     0.00 Bohr mag/cell
     absolute magnetization    =     7.34 Bohr mag/cell

     iteration #  4     ecut=    30.00 ryd     beta=0.30
     Davidson diagonalization with overlap
     ethr =  1.64E-04,  avg # of iterations =  1.8
 enter write_ns
U( 1) =  0.0000      U( 2) =  4.3000      U( 3) =  4.3000
alpha( 1) =  0.0000      alpha( 2) =  0.0000      alpha( 3) =  0.0000
atom  3   Tr[ns(na)]=   6.8297624
atom  3  spin  1
eigenvalues:  0.9938052 0.9938052 1.0013563 1.0013563 1.0026788
 eigenvectors
 1  -0.2285756 -0.1613608  0.2144425  0.9342979  0.0530817
 2   0.9342979 -0.1544552 -0.0625150  0.2285756 -0.2169702
 3  -0.2735700 -0.3922504 -0.3930983  0.0001705 -0.7853488
 4   0.0001705  0.6803768 -0.6798872  0.2735700  0.0004895
 5   0.0000000 -0.5773503 -0.5773503  0.0000000  0.5773503
 occupations
 0.994  0.001  0.001  0.000  0.002
 0.001  1.001  0.001  0.001 -0.001
 0.001  0.001  1.001 -0.001 -0.001
 0.000  0.001 -0.001  0.994  0.000
 0.002 -0.001 -0.001  0.000  1.001
atom  3  spin  2
eigenvalues:  0.2015425 0.2742927 0.2742927 0.5433163 0.5433163
 eigenvectors
 1   0.0000000  0.5773503  0.5773503  0.0000000 -0.5773503
 2   0.6731983  0.2203746 -0.0608067  0.6848939  0.1595679
 3   0.6848939 -0.0570198  0.2193599 -0.6731983  0.1623401
 4   0.2670337 -0.1804020 -0.5706539 -0.0801084 -0.7510559
 5   0.0801084 -0.7630895  0.5377774  0.2670337 -0.2253120
 occupations
 0.295 -0.029 -0.029  0.000 -0.059
-0.029  0.415 -0.107 -0.051  0.107
-0.029 -0.107  0.415  0.051  0.107
 0.000 -0.051  0.051  0.295  0.000
-0.059  0.107  0.107  0.000  0.415
atom  4   Tr[ns(na)]=   6.8256926
atom  4  spin  1
eigenvalues:  0.2012745 0.2741501 0.2741501 0.5415505 0.5415505
 eigenvectors
 1   0.0000000  0.5773503  0.5773503  0.0000000 -0.5773503
 2  -0.6301288 -0.2237186  0.0741580 -0.7245826 -0.1495606
 3  -0.7245826  0.0435337 -0.2155128  0.6301288 -0.1719791
 4   0.2674948 -0.1816139 -0.5697257 -0.0797766 -0.7513396
 5   0.0797766 -0.7627174  0.5386409  0.2674948 -0.2240765
 occupations
 0.295 -0.029 -0.029  0.000 -0.059
-0.029  0.414 -0.106 -0.051  0.106
-0.029 -0.106  0.414  0.051  0.106
 0.000 -0.051  0.051  0.295  0.000
-0.059  0.106  0.106  0.000  0.414
atom  4  spin  2
eigenvalues:  0.9937984 0.9937984 1.0013671 1.0013671 1.0026859
 eigenvectors
 1  -0.1841342 -0.1680742  0.2107211  0.9442582  0.0426469
 2   0.9442582 -0.1462821 -0.0724155  0.1841342 -0.2186976
 3  -0.2728880 -0.3882448 -0.3972437  0.0018050 -0.7854886
 4   0.0018050  0.6828508 -0.6776553  0.2728880  0.0051955
 5   0.0000000 -0.5773503 -0.5773503  0.0000000  0.5773503
 occupations
 0.994  0.001  0.001  0.000  0.002
 0.001  1.001  0.001  0.001 -0.001
 0.001  0.001  1.001 -0.001 -0.001
 0.000  0.001 -0.001  0.994  0.000
 0.002 -0.001 -0.001  0.000  1.001
nsum =  13.6554550
 exit write_ns

     total cpu time spent up to now is     36.13 secs

     total energy              =  -174.46421705 ryd
     estimated scf accuracy    <     0.00977847 ryd

     total magnetization       =     0.00 Bohr mag/cell
     absolute magnetization    =     7.32 Bohr mag/cell

     iteration #  5     ecut=    30.00 ryd     beta=0.30
     Davidson diagonalization with overlap
     ethr =  3.49E-05,  avg # of iterations =  2.0
 enter write_ns
U( 1) =  0.0000      U( 2) =  4.3000      U( 3) =  4.3000
alpha( 1) =  0.0000      alpha( 2) =  0.0000      alpha( 3) =  0.0000
atom  3   Tr[ns(na)]=   6.8107740
atom  3  spin  1
eigenvalues:  0.9937788 0.9937788 1.0013719 1.0013719 1.0027291
 eigenvectors
 1  -0.2125456 -0.1617906  0.2104260  0.9391505  0.0486353
 2   0.9391505 -0.1495691 -0.0653302  0.2125456 -0.2148993
 3  -0.2698479 -0.3888871 -0.3973037  0.0016679 -0.7861908
 4   0.0016679  0.6832908 -0.6784315  0.2698479  0.0048593
 5   0.0000000 -0.5773503 -0.5773503  0.0000000  0.5773503
 occupations
 0.994  0.001  0.001  0.000  0.002
 0.001  1.001  0.001  0.001 -0.001
 0.001  0.001  1.001 -0.001 -0.001
 0.000  0.001 -0.001  0.994  0.000
 0.002 -0.001 -0.001  0.000  1.001
atom  3  spin  2
eigenvalues:  0.1761100 0.2726195 0.2726195 0.5481973 0.5481973
 eigenvectors
 1   0.0000000  0.5773503  0.5773503  0.0000000 -0.5773503
 2   0.7706272  0.2313653 -0.0257749  0.5564819  0.2055903
 3   0.5564819 -0.1038165  0.2522764 -0.7706272  0.1484600
 4  -0.2964039  0.1695772  0.5711092  0.0927703  0.7406863
 5  -0.0927703  0.7573655 -0.5255409 -0.2964039  0.2318246
 occupations
 0.299 -0.033 -0.033  0.000 -0.066
-0.033  0.406 -0.115 -0.058  0.115
-0.033 -0.115  0.406  0.058  0.115
 0.000 -0.058  0.058  0.299  0.000
-0.066  0.115  0.115  0.000  0.406
atom  4   Tr[ns(na)]=   6.8595646
atom  4  spin  1
eigenvalues:  0.1775760 0.2739170 0.2739170 0.5706493 0.5706493
 eigenvectors
 1   0.0000000  0.5773503  0.5773503  0.0000000 -0.5773503
 2   0.7782888  0.2258306 -0.0225487  0.5490311  0.2032819
 3   0.5490311 -0.1043463  0.2477482 -0.7782888  0.1434019
 4  -0.2881329  0.1487719  0.5866621  0.0990498  0.7354340
 5  -0.0990498  0.7633125 -0.5104965 -0.2881329  0.2528160
 occupations
 0.301 -0.035 -0.035  0.000 -0.070
-0.035  0.421 -0.122 -0.061  0.122
-0.035 -0.122  0.421  0.061  0.122
 0.000 -0.061  0.061  0.301  0.000
-0.070  0.122  0.122  0.000  0.421
atom  4  spin  2
eigenvalues:  0.9938384 0.9938384 1.0012573 1.0012573 1.0026646
 eigenvectors
 1  -0.1980693 -0.1685040  0.2151721  0.9401585  0.0466681
 2   0.9401585 -0.1511735 -0.0703420  0.1980693 -0.2215155
 3  -0.2772409 -0.3852722 -0.3991736  0.0028366 -0.7844458
 4   0.0028366  0.6833630 -0.6753370  0.2772409  0.0080260
 5   0.0000000 -0.5773503 -0.5773503  0.0000000  0.5773503
 occupations
 0.994  0.001  0.001  0.000  0.002
 0.001  1.001  0.001  0.001 -0.001
 0.001  0.001  1.001 -0.001 -0.001
 0.000  0.001 -0.001  0.994  0.000
 0.002 -0.001 -0.001  0.000  1.001
nsum =  13.6703386
 exit write_ns

     total cpu time spent up to now is     43.16 secs

     total energy              =  -174.46919955 ryd
     estimated scf accuracy    <     0.00325104 ryd

     total magnetization       =     0.05 Bohr mag/cell
     absolute magnetization    =     7.30 Bohr mag/cell

     iteration #  6     ecut=    30.00 ryd     beta=0.30
     Davidson diagonalization with overlap
     ethr =  1.16E-05,  avg # of iterations =  1.8
 enter write_ns
U( 1) =  0.0000      U( 2) =  4.3000      U( 3) =  4.3000
alpha( 1) =  0.0000      alpha( 2) =  0.0000      alpha( 3) =  0.0000
atom  3   Tr[ns(na)]=   7.0031946
atom  3  spin  1
eigenvalues:  0.9939464 0.9939464 1.0009037 1.0009037 1.0024706
 eigenvectors
 1  -0.2311653 -0.1761820  0.2355594  0.9254775  0.0593773
 2   0.9254775 -0.1702818 -0.0674372  0.2311653 -0.2377190
 3  -0.3000895 -0.3881674 -0.3906962  0.0005625 -0.7788636
 4   0.0005625  0.6752457 -0.6737857  0.3000895  0.0014600
 5   0.0000000 -0.5773503 -0.5773503  0.0000000  0.5773503
 occupations
 0.995  0.001  0.001  0.000  0.002
 0.001  1.001  0.001  0.001 -0.001
 0.001  0.001  1.001 -0.001 -0.001
 0.000  0.001 -0.001  0.995  0.000
 0.002 -0.001 -0.001  0.000  1.001
atom  3  spin  2
eigenvalues:  0.1747480 0.2776707 0.2776707 0.6404672 0.6404672
 eigenvectors
 1   0.0000000  0.5773503  0.5773503  0.0000000 -0.5773503
 2  -0.7082571 -0.2330925  0.0511806 -0.6390058 -0.1819120
 3  -0.6390058  0.0754778 -0.2396029  0.7082571 -0.1641251
 4  -0.2845453  0.1551168  0.5834502  0.0952759  0.7385670
 5  -0.0952759  0.7632669 -0.5159686 -0.2845453  0.2472984
 occupations
 0.310 -0.042 -0.042  0.000 -0.085
-0.042  0.463 -0.144 -0.073  0.144
-0.042 -0.144  0.463  0.073  0.144
 0.000 -0.073  0.073  0.310  0.000
-0.085  0.144  0.144  0.000  0.463
atom  4   Tr[ns(na)]=   6.6695318
atom  4  spin  1
eigenvalues:  0.1636584 0.2677889 0.2677889 0.4885182 0.4885182
 eigenvectors
 1   0.0000000  0.5773503  0.5773503  0.0000000 -0.5773503
 2   0.7348123  0.2617053 -0.0415234  0.5842577  0.2201819
 3   0.5842577 -0.1031485  0.2782177 -0.7348123  0.1750691
 4   0.3251103 -0.1419989 -0.5813274 -0.1140054 -0.7233263
 5   0.1140054 -0.7532421  0.4995957  0.3251103 -0.2536465
 occupations
 0.294 -0.029 -0.029  0.000 -0.058
-0.029  0.363 -0.100 -0.050  0.100
-0.029 -0.100  0.363  0.050  0.100
 0.000 -0.050  0.050  0.294  0.000
-0.058  0.100  0.100  0.000  0.363
atom  4  spin  2
eigenvalues:  0.9935203 0.9935203 1.0016820 1.0016820 1.0028547
 eigenvectors
 1  -0.1401410 -0.1578090  0.1868911  0.9590009  0.0290822
 2   0.9590009 -0.1246923 -0.0743204  0.1401410 -0.1990127
 3  -0.2463201 -0.3899953 -0.4013151  0.0020344 -0.7913104
 4   0.0020344  0.6885627 -0.6820271  0.2463201  0.0065355
 5   0.0000000 -0.5773503 -0.5773503  0.0000000  0.5773503
 occupations
 0.994  0.001  0.001  0.000  0.002
 0.001  1.002  0.001  0.001 -0.001
 0.001  0.001  1.002 -0.001 -0.001
 0.000  0.001 -0.001  0.994  0.000
 0.002 -0.001 -0.001  0.000  1.002
nsum =  13.6727264
 exit write_ns

     total cpu time spent up to now is     50.19 secs

     total energy              =  -174.47268884 ryd
     estimated scf accuracy    <     0.04410017 ryd

     total magnetization       =    -0.34 Bohr mag/cell
     absolute magnetization    =     7.30 Bohr mag/cell

     iteration #  7     ecut=    30.00 ryd     beta=0.30
     Davidson diagonalization with overlap
     ethr =  1.16E-05,  avg # of iterations =  1.0
 enter write_ns
U( 1) =  0.0000      U( 2) =  4.3000      U( 3) =  4.3000
alpha( 1) =  0.0000      alpha( 2) =  0.0000      alpha( 3) =  0.0000
atom  3   Tr[ns(na)]=   6.8390777
atom  3  spin  1
eigenvalues:  0.9936337 0.9936337 1.0011108 1.0011108 1.0025929
 eigenvectors
 1  -0.2183807 -0.1662356  0.2180487  0.9351181  0.0518131
 2   0.9351181 -0.1558048 -0.0660618  0.2183807 -0.2218666
 3  -0.2790401 -0.3899547 -0.3941062  0.0008530 -0.7840609
 4   0.0008530  0.6802151 -0.6778182  0.2790401  0.0023969
 5   0.0000000 -0.5773503 -0.5773503  0.0000000  0.5773503
 occupations
 0.994  0.001  0.001  0.000  0.002
 0.001  1.001  0.001  0.001 -0.001
 0.001  0.001  1.001 -0.001 -0.001
 0.000  0.001 -0.001  0.994  0.000
 0.002 -0.001 -0.001  0.000  1.001
atom  3  spin  2
eigenvalues:  0.1561676 0.2716228 0.2716228 0.5737913 0.5737913
 eigenvectors
 1   0.0000000 -0.5773503 -0.5773503  0.0000000  0.5773503
 2  -0.8053004 -0.2395950  0.0061505 -0.4894397 -0.2334445
 3  -0.4894397  0.1312283 -0.2731095  0.8053004 -0.1418812
 4   0.3124714 -0.1211245 -0.5974853 -0.1195893 -0.7186099
 5  -0.1195893  0.7598479 -0.4848209 -0.3124714  0.2750270
 occupations
 0.305 -0.039 -0.039  0.000 -0.078
-0.039  0.412 -0.128 -0.067  0.128
-0.039 -0.128  0.412  0.067  0.128
 0.000 -0.067  0.067  0.305  0.000
-0.078  0.128  0.128  0.000  0.412
atom  4   Tr[ns(na)]=   6.8372682
atom  4  spin  1
eigenvalues:  0.1559908 0.2715213 0.2715213 0.5730332 0.5730332
 eigenvectors
 1   0.0000000  0.5773503  0.5773503  0.0000000 -0.5773503
 2   0.7409862  0.2536257 -0.0387677  0.5821913  0.2148579
 3   0.5821913 -0.1016657  0.2704791 -0.7409862  0.1688134
 4  -0.3151784  0.1383273  0.5863154  0.1124963  0.7246427
 5  -0.1124963  0.7568820 -0.4982360 -0.3151784  0.2586460
 occupations
 0.305 -0.039 -0.039  0.000 -0.078
-0.039  0.412 -0.128 -0.067  0.128
-0.039 -0.128  0.412  0.067  0.128
 0.000 -0.067  0.067  0.305  0.000
-0.078  0.128  0.128  0.000  0.412
atom  4  spin  2
eigenvalues:  0.9936392 0.9936392 1.0011377 1.0011377 1.0026147
 eigenvectors
 1  -0.2236426 -0.1642901  0.2169740  0.9344193  0.0526839
 2   0.9344193 -0.1556870 -0.0644359  0.2236426 -0.2201229
 3  -0.2771868 -0.3837230 -0.4007136  0.0034663 -0.7844366
 4   0.0034663  0.6842468 -0.6744372  0.2771868  0.0098096
 5   0.0000000 -0.5773503 -0.5773503  0.0000000  0.5773503
 occupations
 0.994  0.001  0.001  0.000  0.002
 0.001  1.001  0.001  0.001 -0.001
 0.001  0.001  1.001 -0.001 -0.001
 0.000  0.001 -0.001  0.994  0.000
 0.002 -0.001 -0.001  0.000  1.001
nsum =  13.6763459
 exit write_ns

     total cpu time spent up to now is     57.12 secs

     total energy              =  -174.47020010 ryd
     estimated scf accuracy    <     0.00125015 ryd

     total magnetization       =     0.00 Bohr mag/cell
     absolute magnetization    =     7.28 Bohr mag/cell

     iteration #  8     ecut=    30.00 ryd     beta=0.30
     Davidson diagonalization with overlap
     ethr =  4.46E-06,  avg # of iterations =  2.1
 enter write_ns
U( 1) =  0.0000      U( 2) =  4.3000      U( 3) =  4.3000
alpha( 1) =  0.0000      alpha( 2) =  0.0000      alpha( 3) =  0.0000
atom  3   Tr[ns(na)]=   6.8264541
atom  3  spin  1
eigenvalues:  0.9933668 0.9933668 1.0009972 1.0009972 1.0025585
 eigenvectors
 1  -0.2152543 -0.1747267  0.2285154  0.9316779  0.0537887
 2   0.9316779 -0.1629884 -0.0698236  0.2152543 -0.2328120
 3  -0.2926459 -0.3916747 -0.3890748 -0.0005627 -0.7807495
 4  -0.0005627  0.6753983 -0.6768994  0.2926459 -0.0015011
 5   0.0000000 -0.5773503 -0.5773503  0.0000000  0.5773503
 occupations
 0.994  0.001  0.001  0.000  0.002
 0.001  1.001  0.001  0.002 -0.001
 0.001  0.001  1.001 -0.002 -0.001
 0.000  0.002 -0.002  0.994  0.000
 0.002 -0.001 -0.001  0.000  1.001
atom  3  spin  2
eigenvalues:  0.1312989 0.2645483 0.2645483 0.5873860 0.5873860
 eigenvectors
 1   0.0000000  0.5773503  0.5773503  0.0000000 -0.5773503
 2  -0.7985520 -0.2659261  0.0030301 -0.4716720 -0.2628960
 3  -0.4716720  0.1500337 -0.3053156  0.7985520 -0.1552819
 4  -0.3501372  0.1242239  0.5848086  0.1313170  0.7090325
 5  -0.1313170  0.7469995 -0.4810809 -0.3501372  0.2659187
 occupations
 0.310 -0.046 -0.046  0.000 -0.091
-0.046  0.405 -0.137 -0.079  0.137
-0.046 -0.137  0.405  0.079  0.137
 0.000 -0.079  0.079  0.310  0.000
-0.091  0.137  0.137  0.000  0.405
atom  4   Tr[ns(na)]=   6.8441996
atom  4  spin  1
eigenvalues:  0.1317840 0.2649206 0.2649206 0.5957268 0.5957268
 eigenvectors
 1   0.0000000  0.5773503  0.5773503  0.0000000 -0.5773503
 2  -0.7802399 -0.2690911  0.0151079 -0.5040634 -0.2539832
 3  -0.5040634  0.1379147 -0.3019970  0.7802399 -0.1640824
 4  -0.3439752  0.1088717  0.5955929  0.1372106  0.7044646
 5  -0.1372106  0.7505885 -0.4695799 -0.3439752  0.2810086
 occupations
 0.310 -0.046 -0.046  0.000 -0.093
-0.046  0.411 -0.140 -0.080  0.140
-0.046 -0.140  0.411  0.080  0.140
 0.000 -0.080  0.080  0.310  0.000
-0.093  0.140  0.140  0.000  0.411
atom  4  spin  2
eigenvalues:  0.9933617 0.9933617 1.0009313 1.0009313 1.0025350
 eigenvectors
 1  -0.2212522 -0.1767707  0.2331634  0.9285765  0.0563928
 2   0.9285765 -0.1671754 -0.0695002  0.2212522 -0.2366756
 3  -0.2979803 -0.3919286 -0.3874716 -0.0009838 -0.7794001
 4  -0.0009838  0.6736937 -0.6762669  0.2979803 -0.0025733
 5   0.0000000 -0.5773503 -0.5773503  0.0000000  0.5773503
 occupations
 0.994  0.001  0.001  0.000  0.002
 0.001  1.001  0.001  0.002 -0.001
 0.001  0.001  1.001 -0.002 -0.001
 0.000  0.002 -0.002  0.994  0.000
 0.002 -0.001 -0.001  0.000  1.001
nsum =  13.6706537
 exit write_ns

     total cpu time spent up to now is     64.37 secs

     total energy              =  -174.47147116 ryd
     estimated scf accuracy    <     0.00028298 ryd

     total magnetization       =     0.02 Bohr mag/cell
     absolute magnetization    =     7.26 Bohr mag/cell

     iteration #  9     ecut=    30.00 ryd     beta=0.30
     Davidson diagonalization with overlap
     ethr =  1.01E-06,  avg # of iterations =  1.6
 enter write_ns
U( 1) =  0.0000      U( 2) =  4.3000      U( 3) =  4.3000
alpha( 1) =  0.0000      alpha( 2) =  0.0000      alpha( 3) =  0.0000
atom  3   Tr[ns(na)]=   6.8438472
atom  3  spin  1
eigenvalues:  0.9934849 0.9934849 1.0010195 1.0010195 1.0025667
 eigenvectors
 1  -0.2491904 -0.1679277  0.2298984  0.9235858  0.0619707
 2   0.9235858 -0.1685107 -0.0611743  0.2491904 -0.2296850
 3  -0.2913643 -0.3915993 -0.3894702 -0.0004585 -0.7810695
 4  -0.0004585  0.6758114 -0.6770407  0.2913643 -0.0012292
 5   0.0000000 -0.5773503 -0.5773503  0.0000000  0.5773503
 occupations
 0.994  0.001  0.001  0.000  0.002
 0.001  1.001  0.001  0.001 -0.001
 0.001  0.001  1.001 -0.001 -0.001
 0.000  0.001 -0.001  0.994  0.000
 0.002 -0.001 -0.001  0.000  1.001
atom  3  spin  2
eigenvalues:  0.1398188 0.2665307 0.2665307 0.5896958 0.5896958
 eigenvectors
 1   0.0000000 -0.5773503 -0.5773503  0.0000000  0.5773503
 2  -0.8156843 -0.2537333 -0.0056166 -0.4505381 -0.2593499
 3  -0.4505381  0.1529785 -0.2962287  0.8156843 -0.1432503
 4   0.3403131 -0.1280841 -0.5854644 -0.1259424 -0.7135485
 5  -0.1259424  0.7499854 -0.4859168 -0.3403131  0.2640687
 occupations
 0.309 -0.045 -0.045  0.000 -0.089
-0.045  0.411 -0.136 -0.077  0.136
-0.045 -0.136  0.411  0.077  0.136
 0.000 -0.077  0.077  0.309  0.000
-0.089  0.136  0.136  0.000  0.411
atom  4   Tr[ns(na)]=   6.8256410
atom  4  spin  1
eigenvalues:  0.1391168 0.2658006 0.2658006 0.5816402 0.5816402
 eigenvectors
 1   0.0000000  0.5773503  0.5773503  0.0000000 -0.5773503
 2   0.7890766  0.2636499 -0.0105753  0.4936479  0.2530746
 3   0.4936479 -0.1400071  0.2983311 -0.7890766  0.1583240
 4  -0.3374290  0.0973184  0.6040750  0.1407536  0.7013934
 5  -0.1407536  0.7537125 -0.4611365 -0.3374290  0.2925760
 occupations
 0.308 -0.044 -0.044  0.000 -0.088
-0.044  0.406 -0.133 -0.076  0.133
-0.044 -0.133  0.406  0.076  0.133
 0.000 -0.076  0.076  0.308  0.000
-0.088  0.133  0.133  0.000  0.406
atom  4  spin  2
eigenvalues:  0.9934562 0.9934562 1.0010667 1.0010667 1.0025966
 eigenvectors
 1  -0.2455583 -0.1660275  0.2260585  0.9259750  0.0600311
 2   0.9259750 -0.1651739 -0.0611970  0.2455583 -0.2263710
 3  -0.2868270 -0.3881015 -0.3940796  0.0012657 -0.7821811
 4   0.0012657  0.6791144 -0.6756629  0.2868270  0.0034515
 5   0.0000000 -0.5773503 -0.5773503  0.0000000  0.5773503
 occupations
 0.994  0.001  0.001  0.000  0.002
 0.001  1.001  0.001  0.001 -0.001
 0.001  0.001  1.001 -0.001 -0.001
 0.000  0.001 -0.001  0.994  0.000
 0.002 -0.001 -0.001  0.000  1.001
nsum =  13.6694882
 exit write_ns

     total cpu time spent up to now is     71.45 secs

     total energy              =  -174.47122979 ryd
     estimated scf accuracy    <     0.00029969 ryd

     total magnetization       =    -0.02 Bohr mag/cell
     absolute magnetization    =     7.26 Bohr mag/cell

     iteration # 10     ecut=    30.00 ryd     beta=0.30
     Davidson diagonalization with overlap
     ethr =  1.01E-06,  avg # of iterations =  2.0
 enter write_ns
U( 1) =  0.0000      U( 2) =  4.3000      U( 3) =  4.3000
alpha( 1) =  0.0000      alpha( 2) =  0.0000      alpha( 3) =  0.0000
atom  3   Tr[ns(na)]=   6.8346186
atom  3  spin  1
eigenvalues:  0.9931837 0.9931837 1.0009789 1.0009789 1.0025665
 eigenvectors
 1  -0.2287587 -0.1784047  0.2378319  0.9250652  0.0594271
 2   0.9250652 -0.1716226 -0.0686917  0.2287587 -0.2403143
 3  -0.3031888 -0.3903735 -0.3876892 -0.0006039 -0.7780628
 4  -0.0006039  0.6730472 -0.6745970  0.3031888 -0.0015498
 5   0.0000000 -0.5773503 -0.5773503  0.0000000  0.5773503
 occupations
 0.994  0.001  0.001  0.000  0.002
 0.001  1.001  0.001  0.002 -0.001
 0.001  0.001  1.001 -0.002 -0.001
 0.000  0.002 -0.002  0.994  0.000
 0.002 -0.001 -0.001  0.000  1.001
atom  3  spin  2
eigenvalues:  0.1280089 0.2616145 0.2616145 0.5962444 0.5962444
 eigenvectors
 1   0.0000000 -0.5773503 -0.5773503  0.0000000  0.5773503
 2  -0.8415322 -0.2598576 -0.0357773 -0.3682629 -0.2956349
 3  -0.3682629  0.1913410 -0.3207138  0.8415322 -0.1293728
 4   0.3657075 -0.1006795 -0.5933175 -0.1498799 -0.6939971
 5  -0.1498799  0.7432314 -0.4588068 -0.3657075  0.2844247
 occupations
 0.314 -0.050 -0.050  0.000 -0.099
-0.050  0.405 -0.139 -0.086  0.139
-0.050 -0.139  0.405  0.086  0.139
 0.000 -0.086  0.086  0.314  0.000
-0.099  0.139  0.139  0.000  0.405
atom  4   Tr[ns(na)]=   6.8402806
atom  4  spin  1
eigenvalues:  0.1281615 0.2617001 0.2617001 0.5989361 0.5989361
 eigenvectors
 1   0.0000000 -0.5773503 -0.5773503  0.0000000  0.5773503
 2  -0.8154145 -0.2711207 -0.0140666 -0.4243383 -0.2851873
 3  -0.4243383  0.1727743 -0.3211846  0.8154145 -0.1484103
 4   0.3567628 -0.0649983 -0.6150449 -0.1666026 -0.6800433
 5  -0.1666026  0.7477195 -0.4301500 -0.3567628  0.3175696
 occupations
 0.314 -0.050 -0.050  0.000 -0.100
-0.050  0.407 -0.139 -0.086  0.139
-0.050 -0.139  0.407  0.086  0.139
 0.000 -0.086  0.086  0.314  0.000
-0.100  0.139  0.139  0.000  0.407
atom  4  spin  2
eigenvalues:  0.9931805 0.9931805 1.0009635 1.0009635 1.0025585
 eigenvectors
 1  -0.2354172 -0.1781635  0.2397107  0.9228148  0.0615472
 2   0.9228148 -0.1739314 -0.0673284  0.2354172 -0.2412598
 3  -0.3049444 -0.3902394 -0.3873656 -0.0006507 -0.7776050
 4  -0.0006507  0.6725961 -0.6742553  0.3049444 -0.0016592
 5   0.0000000 -0.5773503 -0.5773503  0.0000000  0.5773503
 occupations
 0.994  0.001  0.001  0.000  0.002
 0.001  1.001  0.001  0.002 -0.001
 0.001  0.001  1.001 -0.002 -0.001
 0.000  0.002 -0.002  0.994  0.000
 0.002 -0.001 -0.001  0.000  1.001
