
     Program PWSCF     v.3.0    starts ...
     Today is 10Nov2005 at  4:46:45 

     Ultrasoft (Vanderbilt) Pseudopotentials

     Current dimensions of program pwscf are:

     ntypx = 10   npk = 40000  lmax =  3
     nchix =  6  ndmx =  2000  nbrx = 14  nqfx =  8
  HUBBARD L FOR TYPE Fe IS            2
  HUBBARD L FOR TYPE Fe IS            2
  MAXIMUM HUBBARD L IS            2


     bravais-lattice index     =            0
     lattice parameter (a_0)   =       8.1900  a.u.
     unit-cell volume          =     274.6766 (a.u.)^3
     number of atoms/cell      =            4
     number of atomic types    =            3
     kinetic-energy cutoff     =      30.0000  Ry
     charge density cutoff     =     240.0000  Ry
     convergence threshold     =      1.0E-06
     beta                      =       0.3000
     number of iterations used =            8  plain     mixing
     Exchange-correlation      =  SLA  PZ   NOGX NOGC (1100)
     celldm(1)=   8.190000  celldm(2)=   0.000000  celldm(3)=   0.000000
     celldm(4)=   0.000000  celldm(5)=   0.000000  celldm(6)=   0.000000

     crystal axes: (cart. coord. in units of a_0)
               a(1) = (  0.500000  0.500000  1.000000 )  
               a(2) = (  0.500000  1.000000  0.500000 )  
               a(3) = (  1.000000  0.500000  0.500000 )  

     reciprocal axes: (cart. coord. in units 2 pi/a_0)
               b(1) = ( -0.500000 -0.500000  1.500000 )  
               b(2) = ( -0.500000  1.500000 -0.500000 )  
               b(3) = (  1.500000 -0.500000 -0.500000 )  


     PSEUDO 1 is O  (US)    zval =  6.0   lmax= 2   lloc= 0
     Version   0  0  0 of US pseudo code
     Using log mesh of  1269 points
     The pseudopotential has  4 beta functions with: 
                l(1) =   0
                l(2) =   0
                l(3) =   1
                l(4) =   1
     Q(r) pseudized with  0 coefficients,  rinner =    0.000   0.000   0.000
                                                       0.000   0.000

     PSEUDO 2 is Fe (US)    zval =  8.0   lmax= 2   lloc= 0
     Version   0  0  0 of US pseudo code
     Using log mesh of   957 points
     The pseudopotential has  6 beta functions with: 
                l(1) =   0
                l(2) =   0
                l(3) =   1
                l(4) =   1
                l(5) =   2
                l(6) =   2
     Q(r) pseudized with  0 coefficients,  rinner =    0.000   0.000   0.000
                                                       0.000   0.000

     PSEUDO 3 is Fe (US)    zval =  8.0   lmax= 2   lloc= 0
     Version   0  0  0 of US pseudo code
     Using log mesh of   957 points
     The pseudopotential has  6 beta functions with: 
                l(1) =   0
                l(2) =   0
                l(3) =   1
                l(4) =   1
                l(5) =   2
                l(6) =   2
     Q(r) pseudized with  0 coefficients,  rinner =    0.000   0.000   0.000
                                                       0.000   0.000

     atomic species   valence    mass     pseudopotential
        O1             6.00     1.00000     O ( 1.00)
        Fe1            8.00     1.00000     Fe( 1.00)
        Fe2            8.00     1.00000     Fe( 1.00)

     Starting magnetic structure 
     atomic species   magnetization
        O1           0.000
        Fe1          0.500
        Fe2         -0.500

     12 Sym.Ops. (with inversion)


   Cartesian axes

     site n.     atom                  positions (a_0 units)
         1           O1  tau(  1) = (   0.5000000   0.5000000   0.5000000  )
         2           O1  tau(  2) = (   1.5000000   1.5000000   1.5000000  )
         3           Fe1 tau(  3) = (   0.0000000   0.0000000   0.0000000  )
         4           Fe2 tau(  4) = (   1.0000000   1.0000000   1.0000000  )

     number of k points=    8  gaussian broad. (ryd)=  0.0100     ngauss =   0
                       cart. coord. in units 2pi/a_0
        k(    1) = (   0.0000000   0.0000000   0.0000000), wk =   0.1250000
        k(    2) = (  -0.7500000   0.2500000   0.2500000), wk =   0.3750000
        k(    3) = (  -0.5000000  -0.5000000   0.5000000), wk =   0.3750000
        k(    4) = (  -0.2500000  -0.2500000  -0.2500000), wk =   0.1250000
        k(    5) = (   0.0000000   0.0000000   0.0000000), wk =   0.1250000
        k(    6) = (  -0.7500000   0.2500000   0.2500000), wk =   0.3750000
        k(    7) = (  -0.5000000  -0.5000000   0.5000000), wk =   0.3750000
        k(    8) = (  -0.2500000  -0.2500000  -0.2500000), wk =   0.1250000

     G cutoff =  407.7738  (  17255 G-vectors)     FFT grid: ( 50, 50, 50)
     G cutoff =  203.8869  (   6111 G-vectors)  smooth grid: ( 36, 36, 36)

     nbndx  =    80  nbnd   =    20  natomwfc =    20  npwx   =     780
     nelec  =  28.00  nkb   =    52  ngl    =     342

     Check: negative/imaginary core charge=   -0.000003    0.000000

     Initial potential from superposition of free atoms

     starting charge   27.99905, renormalised to   28.00000

     Parameters of the lda+U calculation:
     Number of iteration with fixed ns =  0
     Starting ns and Hubbard U :
 enter write_ns
U( 1) =  0.0000      U( 2) =  0.0000      U( 3) =  0.0000
alpha( 1) =  0.0000      alpha( 2) =  0.0000      alpha( 3) =  0.0000
atom  3   Tr[ns(na)]=   6.0000000
atom  3  spin  1
eigenvalues:  1.0000000 1.0000000 1.0000000 1.0000000 1.0000000
 eigenvectors
 1   1.0000000  0.0000000  0.0000000  0.0000000  0.0000000
 2   0.0000000  1.0000000  0.0000000  0.0000000  0.0000000
 3   0.0000000  0.0000000  1.0000000  0.0000000  0.0000000
 4   0.0000000  0.0000000  0.0000000  1.0000000  0.0000000
 5   0.0000000  0.0000000  0.0000000  0.0000000  1.0000000
 occupations
 1.000  0.000  0.000  0.000  0.000
 0.000  1.000  0.000  0.000  0.000
 0.000  0.000  1.000  0.000  0.000
 0.000  0.000  0.000  1.000  0.000
 0.000  0.000  0.000  0.000  1.000
atom  3  spin  2
eigenvalues:  0.2000000 0.2000000 0.2000000 0.2000000 0.2000000
 eigenvectors
 1   1.0000000  0.0000000  0.0000000  0.0000000  0.0000000
 2   0.0000000  1.0000000  0.0000000  0.0000000  0.0000000
 3   0.0000000  0.0000000  1.0000000  0.0000000  0.0000000
 4   0.0000000  0.0000000  0.0000000  1.0000000  0.0000000
 5   0.0000000  0.0000000  0.0000000  0.0000000  1.0000000
 occupations
 0.200  0.000  0.000  0.000  0.000
 0.000  0.200  0.000  0.000  0.000
 0.000  0.000  0.200  0.000  0.000
 0.000  0.000  0.000  0.200  0.000
 0.000  0.000  0.000  0.000  0.200
atom  4   Tr[ns(na)]=   6.0000000
atom  4  spin  1
eigenvalues:  0.2000000 0.2000000 0.2000000 0.2000000 0.2000000
 eigenvectors
 1   1.0000000  0.0000000  0.0000000  0.0000000  0.0000000
 2   0.0000000  1.0000000  0.0000000  0.0000000  0.0000000
 3   0.0000000  0.0000000  1.0000000  0.0000000  0.0000000
 4   0.0000000  0.0000000  0.0000000  1.0000000  0.0000000
 5   0.0000000  0.0000000  0.0000000  0.0000000  1.0000000
 occupations
 0.200  0.000  0.000  0.000  0.000
 0.000  0.200  0.000  0.000  0.000
 0.000  0.000  0.200  0.000  0.000
 0.000  0.000  0.000  0.200  0.000
 0.000  0.000  0.000  0.000  0.200
atom  4  spin  2
eigenvalues:  1.0000000 1.0000000 1.0000000 1.0000000 1.0000000
 eigenvectors
 1   1.0000000  0.0000000  0.0000000  0.0000000  0.0000000
 2   0.0000000  1.0000000  0.0000000  0.0000000  0.0000000
 3   0.0000000  0.0000000  1.0000000  0.0000000  0.0000000
 4   0.0000000  0.0000000  0.0000000  1.0000000  0.0000000
 5   0.0000000  0.0000000  0.0000000  0.0000000  1.0000000
 occupations
 1.000  0.000  0.000  0.000  0.000
 0.000  1.000  0.000  0.000  0.000
 0.000  0.000  1.000  0.000  0.000
 0.000  0.000  0.000  1.000  0.000
 0.000  0.000  0.000  0.000  1.000
nsum =  12.0000000
 exit write_ns
 Atomic wfc used for LDA+U Projector are NOT orthogonalized
     Starting wfc are atomic

     total cpu time spent up to now is      7.10 secs

     Self-consistent Calculation

     iteration #  1     ecut=    30.00 ryd     beta=0.30
     Davidson diagonalization with overlap
     ethr =  1.00E-02,  avg # of iterations =  3.2
 enter write_ns
U( 1) =  0.0000      U( 2) =  0.0000      U( 3) =  0.0000
alpha( 1) =  0.0000      alpha( 2) =  0.0000      alpha( 3) =  0.0000
atom  3   Tr[ns(na)]=   6.4251862
atom  3  spin  1
eigenvalues:  0.9871648 0.9871648 0.9966670 0.9966670 0.9980445
 eigenvectors
 1  -0.1916935 -0.1784739  0.2262837  0.9369688  0.0478098
 2  -0.9369688  0.1582479  0.0754390 -0.1916935  0.2336869
 3  -0.2921353 -0.3907410 -0.3901375 -0.0001304 -0.7808785
 4  -0.0001304  0.6760864 -0.6764348  0.2921353 -0.0003485
 5   0.0000000  0.5773503  0.5773503  0.0000000 -0.5773503
 occupations
 0.988  0.001  0.001  0.000  0.002
 0.001  0.997  0.001  0.002 -0.001
 0.001  0.001  0.997 -0.002 -0.001
 0.000  0.002 -0.002  0.988  0.000
 0.002 -0.001 -0.001  0.000  0.997
atom  3  spin  2
eigenvalues:  0.2000722 0.2000722 0.3336994 0.3336994 0.3919349
 eigenvectors
 1  -0.2289065 -0.0560120  0.0425892 -0.9708092 -0.0134229
 2  -0.9708092 -0.0168392 -0.0400883  0.2289065 -0.0569274
 3  -0.0707348  0.2907229  0.5134591  0.0113112  0.8041820
 4   0.0113112 -0.7607404  0.6321436  0.0707348 -0.1285968
 5   0.0000000 -0.5773503 -0.5773503  0.0000000  0.5773503
 occupations
 0.201 -0.004 -0.004  0.000 -0.008
-0.004  0.353  0.020 -0.007 -0.020
-0.004  0.020  0.353  0.007 -0.020
 0.000 -0.007  0.007  0.201  0.000
-0.008 -0.020 -0.020  0.000  0.353
atom  4   Tr[ns(na)]=   6.4251862
atom  4  spin  1
eigenvalues:  0.2000722 0.2000722 0.3336994 0.3336994 0.3919349
 eigenvectors
 1  -0.2899277 -0.0569660  0.0399649 -0.9543639 -0.0170011
 2  -0.9543639 -0.0132581 -0.0427049  0.2899277 -0.0559631
 3  -0.0706142  0.2828475  0.5199629  0.0120414  0.8028104
 4   0.0120414 -0.7637035  0.6268048  0.0706142 -0.1368987
 5   0.0000000 -0.5773503 -0.5773503  0.0000000  0.5773503
 occupations
 0.201 -0.004 -0.004  0.000 -0.008
-0.004  0.353  0.020 -0.007 -0.020
-0.004  0.020  0.353  0.007 -0.020
 0.000 -0.007  0.007  0.201  0.000
-0.008 -0.020 -0.020  0.000  0.353
atom  4  spin  2
eigenvalues:  0.9871648 0.9871648 0.9966670 0.9966670 0.9980445
 eigenvectors
 1   0.2207680  0.1734612 -0.2285224 -0.9305474 -0.0550612
 2   0.9305474 -0.1637271 -0.0683583  0.2207680 -0.2320854
 3  -0.2921306 -0.3866129 -0.3942532  0.0016502 -0.7808661
 4  -0.0016502 -0.6784554  0.6740443 -0.2921306 -0.0044111
 5   0.0000000 -0.5773503 -0.5773503  0.0000000  0.5773503
 occupations
 0.988  0.001  0.001  0.000  0.002
 0.001  0.997  0.001  0.002 -0.001
 0.001  0.001  0.997 -0.002 -0.001
 0.000  0.002 -0.002  0.988  0.000
 0.002 -0.001 -0.001  0.000  0.997
nsum =  12.8503725
 exit write_ns

     total cpu time spent up to now is     14.23 secs

     total energy              =  -174.41116749 ryd
     estimated scf accuracy    <     1.83910576 ryd

     total magnetization       =     0.00 Bohr mag/cell
     absolute magnetization    =     7.80 Bohr mag/cell

     iteration #  2     ecut=    30.00 ryd     beta=0.30
     Davidson diagonalization with overlap
     ethr =  6.57E-03,  avg # of iterations =  2.0
 enter write_ns
U( 1) =  0.0000      U( 2) =  0.0000      U( 3) =  0.0000
alpha( 1) =  0.0000      alpha( 2) =  0.0000      alpha( 3) =  0.0000
atom  3   Tr[ns(na)]=   7.0723087
atom  3  spin  1
eigenvalues:  0.9820441 0.9820441 0.9993320 0.9993320 0.9994634
 eigenvectors
 1   0.0450649  0.0733485 -0.0772944 -0.9932770 -0.0039460
 2   0.9932770 -0.0469042 -0.0400695  0.0450649 -0.0869737
 3   0.1063797  0.3568025  0.4531318 -0.0073048  0.8099343
 4  -0.0073048 -0.7292315  0.6736158 -0.1063797 -0.0556157
 5   0.0000000 -0.5773503 -0.5773503  0.0000000  0.5773503
 occupations
 0.982  0.001  0.001  0.000  0.001
 0.001  0.999  0.000  0.001  0.000
 0.001  0.000  0.999 -0.001  0.000
 0.000  0.001 -0.001  0.982  0.000
 0.001  0.000  0.000  0.000  0.999
atom  3  spin  2
eigenvalues:  0.3640701 0.3640701 0.4473002 0.4673264 0.4673264
 eigenvectors
 1   0.7743006  0.3438834  0.1300405  0.2017136  0.4739239
 2   0.2017136 -0.3486990  0.4721612 -0.7743006  0.1234623
 3   0.0000000 -0.5773503 -0.5773503  0.0000000  0.5773503
 4  -0.4839626 -0.0706658  0.5978004  0.3543309  0.5271346
 5   0.3543309 -0.6494815  0.2635424  0.4839626 -0.3859391
 occupations
 0.401 -0.020 -0.020  0.000 -0.040
-0.020  0.436  0.006 -0.035 -0.006
-0.020  0.006  0.436  0.035 -0.006
 0.000 -0.035  0.035  0.401  0.000
-0.040 -0.006 -0.006  0.000  0.436
atom  4   Tr[ns(na)]=   7.0723087
atom  4  spin  1
eigenvalues:  0.3640701 0.3640701 0.4473002 0.4673264 0.4673264
 eigenvectors
 1   0.7751132  0.3424648  0.1319564  0.1985682  0.4744212
 2   0.1985682 -0.3500923  0.4716294 -0.7751132  0.1215371
 3   0.0000000  0.5773503  0.5773503  0.0000000 -0.5773503
 4   0.4732653  0.0898543 -0.6053373 -0.3684972 -0.5154830
 5   0.3684972 -0.6471059  0.2457369  0.4732653 -0.4013691
 occupations
 0.401 -0.020 -0.020  0.000 -0.040
-0.020  0.436  0.006 -0.035 -0.006
-0.020  0.006  0.436  0.035 -0.006
 0.000 -0.035  0.035  0.401  0.000
-0.040 -0.006 -0.006  0.000  0.436
atom  4  spin  2
eigenvalues:  0.9820441 0.9820441 0.9993320 0.9993320 0.9994634
 eigenvectors
 1   0.0314363  0.0739849 -0.0767376 -0.9938017 -0.0027526
 2   0.9938017 -0.0458937 -0.0411260  0.0314363 -0.0870197
 3   0.1062769  0.3473932  0.4617587 -0.0086725  0.8091519
 4  -0.0086725 -0.7337606  0.6677316 -0.1062769 -0.0660290
 5   0.0000000 -0.5773503 -0.5773503  0.0000000  0.5773503
 occupations
 0.982  0.001  0.001  0.000  0.001
 0.001  0.999  0.000  0.001  0.000
 0.001  0.000  0.999 -0.001  0.000
 0.000  0.001 -0.001  0.982  0.000
 0.001  0.000  0.000  0.000  0.999
nsum =  14.1446175
 exit write_ns

     total cpu time spent up to now is     21.59 secs

     total energy              =  -174.80051269 ryd
     estimated scf accuracy    <     0.10996786 ryd

     total magnetization       =     0.00 Bohr mag/cell
     absolute magnetization    =     6.81 Bohr mag/cell

     iteration #  3     ecut=    30.00 ryd     beta=0.30
     Davidson diagonalization with overlap
     ethr =  3.93E-04,  avg # of iterations =  2.0
 enter write_ns
U( 1) =  0.0000      U( 2) =  0.0000      U( 3) =  0.0000
alpha( 1) =  0.0000      alpha( 2) =  0.0000      alpha( 3) =  0.0000
atom  3   Tr[ns(na)]=   6.9340445
atom  3  spin  1
eigenvalues:  0.9835314 0.9835314 0.9994364 0.9994364 0.9997647
 eigenvectors
 1   0.0765445  0.0827852 -0.0905259 -0.9894608 -0.0077407
 2   0.9894608 -0.0567343 -0.0433270  0.0765445 -0.1000612
 3   0.1225502  0.3498747  0.4580213 -0.0094713  0.8078960
 4  -0.0094713 -0.7308777  0.6684392 -0.1225502 -0.0624385
 5   0.0000000 -0.5773503 -0.5773503  0.0000000  0.5773503
 occupations
 0.984  0.001  0.001  0.000  0.002
 0.001  0.999  0.000  0.001  0.000
 0.001  0.000  0.999 -0.001  0.000
 0.000  0.001 -0.001  0.984  0.000
 0.002  0.000  0.000  0.000  0.999
atom  3  spin  2
eigenvalues:  0.3297260 0.3297260 0.4284447 0.4284447 0.4520026
 eigenvectors
 1   0.8365640  0.2684998  0.0374357  0.3647884  0.3059356
 2  -0.3647884  0.1982455 -0.3316504  0.8365640 -0.1334049
 3   0.3739101 -0.0800519 -0.6015726 -0.1651707 -0.6816245
 4   0.1651707 -0.7408542  0.4397540  0.3739101 -0.3011002
 5   0.0000000 -0.5773503 -0.5773503  0.0000000  0.5773503
 occupations
 0.346 -0.015 -0.015  0.000 -0.030
-0.015  0.425  0.013 -0.026 -0.013
-0.015  0.013  0.425  0.026 -0.013
 0.000 -0.026  0.026  0.346  0.000
-0.030 -0.013 -0.013  0.000  0.425
atom  4   Tr[ns(na)]=   6.9340445
atom  4  spin  1
eigenvalues:  0.3297260 0.3297260 0.4284447 0.4284447 0.4520026
 eigenvectors
 1   0.8516416  0.2596212  0.0518284  0.3280493  0.3114495
 2  -0.3280493  0.2097386 -0.3297078  0.8516416 -0.1199693
 3   0.3769648 -0.0940382 -0.5931547 -0.1580751 -0.6871929
 4   0.1580751 -0.7392091  0.4510440  0.3769648 -0.2881651
 5   0.0000000 -0.5773503 -0.5773503  0.0000000  0.5773503
 occupations
 0.346 -0.015 -0.015  0.000 -0.030
-0.015  0.425  0.013 -0.026 -0.013
-0.015  0.013  0.425  0.026 -0.013
 0.000 -0.026  0.026  0.346  0.000
-0.030 -0.013 -0.013  0.000  0.425
atom  4  spin  2
eigenvalues:  0.9835314 0.9835314 0.9994364 0.9994364 0.9997647
 eigenvectors
 1   0.1005371  0.0813838 -0.0915509 -0.9873115 -0.0101670
 2   0.9873115 -0.0587268 -0.0411170  0.1005371 -0.0998439
 3   0.1225440  0.3493970  0.4584580 -0.0095514  0.8078550
 4  -0.0095514 -0.7311062  0.6681398 -0.1225440 -0.0629664
 5   0.0000000 -0.5773503 -0.5773503  0.0000000  0.5773503
 occupations
 0.984  0.001  0.001  0.000  0.002
 0.001  0.999  0.000  0.001  0.000
 0.001  0.000  0.999 -0.001  0.000
 0.000  0.001 -0.001  0.984  0.000
 0.002  0.000  0.000  0.000  0.999
nsum =  13.8680890
 exit write_ns

     total cpu time spent up to now is     28.88 secs

     total energy              =  -174.82203562 ryd
     estimated scf accuracy    <     0.01954787 ryd

     total magnetization       =     0.00 Bohr mag/cell
     absolute magnetization    =     7.04 Bohr mag/cell

     iteration #  4     ecut=    30.00 ryd     beta=0.30
     Davidson diagonalization with overlap
     ethr =  6.98E-05,  avg # of iterations =  2.0
 enter write_ns
U( 1) =  0.0000      U( 2) =  0.0000      U( 3) =  0.0000
alpha( 1) =  0.0000      alpha( 2) =  0.0000      alpha( 3) =  0.0000
atom  3   Tr[ns(na)]=   6.9566561
atom  3  spin  1
eigenvalues:  0.9850873 0.9850873 0.9995036 0.9995036 0.9998002
 eigenvectors
 1   0.0865149  0.0963013 -0.1065813 -0.9857870 -0.0102800
 2   0.9857870 -0.0674699 -0.0496645  0.0865149 -0.1171344
 3   0.1438139  0.3668343  0.4400448 -0.0075336  0.8068791
 4  -0.0075336 -0.7199119  0.6776438 -0.1438139 -0.0422681
 5   0.0000000 -0.5773503 -0.5773503  0.0000000  0.5773503
 occupations
 0.985  0.001  0.001  0.000  0.002
 0.001  0.999  0.000  0.001  0.000
 0.001  0.000  0.999 -0.001  0.000
 0.000  0.001 -0.001  0.985  0.000
 0.002  0.000  0.000  0.000  0.999
atom  3  spin  2
eigenvalues:  0.3376224 0.3376224 0.4183593 0.4470350 0.4470350
 eigenvectors
 1   0.8210692  0.2478205  0.0074643  0.4463232  0.2552848
 2  -0.4463232  0.1516983 -0.2904680  0.8210692 -0.1387697
 3   0.0000000  0.5773503  0.5773503  0.0000000 -0.5773503
 4   0.3339301 -0.1295826 -0.5864274 -0.1230112 -0.7160100
 5  -0.1230112  0.7519625 -0.4882031 -0.3339301  0.2637595
 occupations
 0.351 -0.015 -0.015  0.000 -0.030
-0.015  0.428 -0.005 -0.026  0.005
-0.015 -0.005  0.428  0.026  0.005
 0.000 -0.026  0.026  0.351  0.000
-0.030  0.005  0.005  0.000  0.428
atom  4   Tr[ns(na)]=   6.9566561
atom  4  spin  1
eigenvalues:  0.3376224 0.3376224 0.4183593 0.4470350 0.4470350
 eigenvectors
 1  -0.8181345 -0.2488067 -0.0055657 -0.4516800 -0.2543724
 2   0.4516800 -0.1500753  0.2905105 -0.8181345  0.1404352
 3   0.0000000  0.5773503  0.5773503  0.0000000 -0.5773503
 4   0.3340940 -0.1305862 -0.5857752 -0.1225653 -0.7163614
 5  -0.1225653  0.7517889 -0.4889854 -0.3340940  0.2628035
 occupations
 0.351 -0.015 -0.015  0.000 -0.030
-0.015  0.428 -0.005 -0.026  0.005
-0.015 -0.005  0.428  0.026  0.005
 0.000 -0.026  0.026  0.351  0.000
-0.030  0.005  0.005  0.000  0.428
atom  4  spin  2
eigenvalues:  0.9850873 0.9850873 0.9995036 0.9995036 0.9998002
 eigenvectors
 1   0.0359574  0.0996277 -0.1039003 -0.9889226 -0.0042726
 2   0.9889226 -0.0624536 -0.0550533  0.0359574 -0.1175069
 3   0.1438085  0.3663231  0.4405258 -0.0076358  0.8068489
 4  -0.0076358 -0.7201722  0.6773312 -0.1438085 -0.0428410
 5   0.0000000 -0.5773503 -0.5773503  0.0000000  0.5773503
 occupations
 0.985  0.001  0.001  0.000  0.002
 0.001  0.999  0.000  0.001  0.000
 0.001  0.000  0.999 -0.001  0.000
 0.000  0.001 -0.001  0.985  0.000
 0.002  0.000  0.000  0.000  0.999
nsum =  13.9133122
 exit write_ns

     total cpu time spent up to now is     36.10 secs

     total energy              =  -174.82399736 ryd
     estimated scf accuracy    <     0.00211410 ryd

     total magnetization       =     0.00 Bohr mag/cell
     absolute magnetization    =     7.04 Bohr mag/cell

     iteration #  5     ecut=    30.00 ryd     beta=0.30
     Davidson diagonalization with overlap
     ethr =  7.55E-06,  avg # of iterations =  2.8
 enter write_ns
U( 1) =  0.0000      U( 2) =  0.0000      U( 3) =  0.0000
alpha( 1) =  0.0000      alpha( 2) =  0.0000      alpha( 3) =  0.0000
atom  3   Tr[ns(na)]=   6.9399810
atom  3  spin  1
eigenvalues:  0.9853243 0.9853243 0.9995123 0.9995123 0.9999043
 eigenvectors
 1   0.0489490  0.0974334 -0.1031676 -0.9886528 -0.0057342
 2   0.9886528 -0.0628745 -0.0529426  0.0489490 -0.1158171
 3   0.1417629  0.3612661  0.4454901 -0.0085447  0.8067562
 4  -0.0085447 -0.7229848  0.6743580 -0.1417629 -0.0486268
 5   0.0000000 -0.5773503 -0.5773503  0.0000000  0.5773503
 occupations
 0.986  0.001  0.001  0.000  0.002
 0.001  0.999  0.000  0.001  0.000
 0.001  0.000  0.999 -0.001  0.000
 0.000  0.001 -0.001  0.986  0.000
 0.002  0.000  0.000  0.000  0.999
atom  3  spin  2
eigenvalues:  0.3315123 0.3315123 0.4255545 0.4409123 0.4409123
 eigenvectors
 1   0.8243968  0.2448920  0.0088895  0.4426215  0.2537815
 2   0.4426215 -0.1516531  0.2879093 -0.8243968  0.1362562
 3   0.0000000  0.5773503  0.5773503  0.0000000 -0.5773503
 4   0.3289626 -0.1172018 -0.5952108 -0.1274355 -0.7124126
 5   0.1274355 -0.7549567  0.4789781  0.3289626 -0.2759786
 occupations
 0.345 -0.015 -0.015  0.000 -0.029
-0.015  0.427 -0.001 -0.026  0.001
-0.015 -0.001  0.427  0.026  0.001
 0.000 -0.026  0.026  0.345  0.000
-0.029  0.001  0.001  0.000  0.427
atom  4   Tr[ns(na)]=   6.9399810
atom  4  spin  1
eigenvalues:  0.3315123 0.3315123 0.4255545 0.4409123 0.4409123
 eigenvectors
 1   0.8091615  0.2498181 -0.0007266  0.4698952  0.2490915
 2   0.4698952 -0.1433935  0.2880456 -0.8091615  0.1446521
 3   0.0000000  0.5773503  0.5773503  0.0000000 -0.5773503
 4   0.3328754 -0.1413222 -0.5795642 -0.1168337 -0.7208864
 5   0.1168337 -0.7508155  0.4977964  0.3328754 -0.2530191
 occupations
 0.345 -0.015 -0.015  0.000 -0.029
-0.015  0.427 -0.001 -0.026  0.001
-0.015 -0.001  0.427  0.026  0.001
 0.000 -0.026  0.026  0.345  0.000
-0.029  0.001  0.001  0.000  0.427
atom  4  spin  2
eigenvalues:  0.9853243 0.9853243 0.9995123 0.9995123 0.9999043
 eigenvectors
 1   0.0939074  0.0944700 -0.1054709 -0.9853992 -0.0110009
 2   0.9853992 -0.0672450 -0.0481909  0.0939074 -0.1154360
 3   0.1417784  0.3625998  0.4442448 -0.0082830  0.8068446
 4  -0.0082830 -0.7223168  0.6751790 -0.1417784 -0.0471378
 5   0.0000000 -0.5773503 -0.5773503  0.0000000  0.5773503
 occupations
 0.986  0.001  0.001  0.000  0.002
 0.001  0.999  0.000  0.001  0.000
 0.001  0.000  0.999 -0.001  0.000
 0.000  0.001 -0.001  0.986  0.000
 0.002  0.000  0.000  0.000  0.999
nsum =  13.8799621
 exit write_ns

     total cpu time spent up to now is     43.83 secs

     total energy              =  -174.82456392 ryd
     estimated scf accuracy    <     0.00036284 ryd

     total magnetization       =     0.00 Bohr mag/cell
     absolute magnetization    =     7.07 Bohr mag/cell

     iteration #  6     ecut=    30.00 ryd     beta=0.30
     Davidson diagonalization with overlap
     ethr =  1.30E-06,  avg # of iterations =  4.0
 enter write_ns
U( 1) =  0.0000      U( 2) =  0.0000      U( 3) =  0.0000
alpha( 1) =  0.0000      alpha( 2) =  0.0000      alpha( 3) =  0.0000
atom  3   Tr[ns(na)]=   6.9404426
atom  3  spin  1
eigenvalues:  0.9855452 0.9855452 0.9995095 0.9995095 0.9999597
 eigenvectors
 1   0.0946620  0.0941501 -0.1052072 -0.9853852 -0.0110571
 2   0.9853852 -0.0671252 -0.0479738  0.0946620 -0.1150990
 3   0.1414110  0.3659154  0.4411833 -0.0076139  0.8070986
 4  -0.0076139 -0.7206959  0.6772400 -0.1414110 -0.0434559
 5   0.0000000 -0.5773503 -0.5773503  0.0000000  0.5773503
 occupations
 0.986  0.001  0.001  0.000  0.002
 0.001  0.999  0.000  0.001  0.000
 0.001  0.000  0.999 -0.001  0.000
 0.000  0.001 -0.001  0.986  0.000
 0.002  0.000  0.000  0.000  0.999
atom  3  spin  2
eigenvalues:  0.3305463 0.3305463 0.4309849 0.4391480 0.4391480
 eigenvectors
 1   0.8309101  0.2510929  0.0174886  0.4172517  0.2685815
 2   0.4172517 -0.1651626  0.3000341 -0.8309101  0.1348715
 3   0.0000000  0.5773503  0.5773503  0.0000000 -0.5773503
 4   0.3416481 -0.1076356 -0.5970018 -0.1369893 -0.7046374
 5   0.1369893 -0.7515018  0.4689661  0.3416481 -0.2825357
 occupations
 0.345 -0.015 -0.015  0.000 -0.030
-0.015  0.427  0.002 -0.026 -0.002
-0.015  0.002  0.427  0.026 -0.002
 0.000 -0.026  0.026  0.345  0.000
-0.030 -0.002 -0.002  0.000  0.427
atom  4   Tr[ns(na)]=   6.9404426
atom  4  spin  1
eigenvalues:  0.3305463 0.3305463 0.4309849 0.4391480 0.4391480
 eigenvectors
 1   0.8409651  0.2469357  0.0248960  0.3965957  0.2718317
 2   0.3965957 -0.1713158  0.2995105 -0.8409651  0.1281947
 3   0.0000000  0.5773503  0.5773503  0.0000000 -0.5773503
 4   0.3427076 -0.1135019 -0.5933208 -0.1343167 -0.7068227
 5   0.1343167 -0.7506382  0.4736146  0.3427076 -0.2770236
 occupations
 0.345 -0.015 -0.015  0.000 -0.030
-0.015  0.427  0.002 -0.026 -0.002
-0.015  0.002  0.427  0.026 -0.002
 0.000 -0.026  0.026  0.345  0.000
-0.030 -0.002 -0.002  0.000  0.427
atom  4  spin  2
eigenvalues:  0.9855452 0.9855452 0.9995095 0.9995095 0.9999597
 eigenvectors
 1   0.0966869  0.0940119 -0.1053055 -0.9851886 -0.0112936
 2   0.9851886 -0.0673186 -0.0477574  0.0966869 -0.1150760
 3   0.1413765  0.3627709  0.4441306 -0.0082301  0.8069016
 4  -0.0082301 -0.7222838  0.6753107 -0.1413765 -0.0469730
 5   0.0000000 -0.5773503 -0.5773503  0.0000000  0.5773503
 occupations
 0.986  0.001  0.001  0.000  0.002
 0.001  0.999  0.000  0.001  0.000
 0.001  0.000  0.999 -0.001  0.000
 0.000  0.001 -0.001  0.986  0.000
 0.002  0.000  0.000  0.000  0.999
nsum =  13.8808851
 exit write_ns

     total cpu time spent up to now is     51.53 secs

     total energy              =  -174.82464042 ryd
     estimated scf accuracy    <     0.00002892 ryd

     total magnetization       =     0.00 Bohr mag/cell
     absolute magnetization    =     7.08 Bohr mag/cell

     iteration #  7     ecut=    30.00 ryd     beta=0.30
     Davidson diagonalization with overlap
     ethr =  1.03E-07,  avg # of iterations =  3.2
 enter write_ns
U( 1) =  0.0000      U( 2) =  0.0000      U( 3) =  0.0000
alpha( 1) =  0.0000      alpha( 2) =  0.0000      alpha( 3) =  0.0000
atom  3   Tr[ns(na)]=   6.9384224
atom  3  spin  1
eigenvalues:  0.9855909 0.9855909 0.9995049 0.9995049 0.9999641
 eigenvectors
 1  -0.0043504 -0.1003433  0.1008538  0.9898184  0.0005105
 2   0.9898184 -0.0585228 -0.0576385  0.0043504 -0.1161612
 3   0.1420667  0.3661899  0.4408509 -0.0075880  0.8070408
 4  -0.0075880 -0.7204706  0.6773651 -0.1420667 -0.0431055
 5   0.0000000 -0.5773503 -0.5773503  0.0000000  0.5773503
 occupations
 0.986  0.001  0.001  0.000  0.002
 0.001  0.999  0.000  0.001  0.000
 0.001  0.000  0.999 -0.001  0.000
 0.000  0.001 -0.001  0.986  0.000
 0.002  0.000  0.000  0.000  0.999
atom  3  spin  2
eigenvalues:  0.3299716 0.3299716 0.4302519 0.4390359 0.4390359
 eigenvectors
 1   0.8202812  0.2528972  0.0090023  0.4410321  0.2618995
 2   0.4410321 -0.1564052  0.2972181 -0.8202812  0.1408128
 3   0.0000000  0.5773503  0.5773503  0.0000000 -0.5773503
 4   0.3379628 -0.1074795 -0.5981969 -0.1356857 -0.7056764
 5   0.1356857 -0.7527916  0.4694758  0.3379628 -0.2833158
 occupations
 0.344 -0.015 -0.015  0.000 -0.030
-0.015  0.426  0.002 -0.026 -0.002
-0.015  0.002  0.426  0.026 -0.002
 0.000 -0.026  0.026  0.344  0.000
-0.030 -0.002 -0.002  0.000  0.426
atom  4   Tr[ns(na)]=   6.9384224
atom  4  spin  1
eigenvalues:  0.3299716 0.3299716 0.4302519 0.4390359 0.4390359
 eigenvectors
 1   0.8186155  0.2534841  0.0078836  0.4441163  0.2613677
 2   0.4441163 -0.1554523  0.2972498 -0.8186155  0.1417975
 3   0.0000000  0.5773503  0.5773503  0.0000000 -0.5773503
 4   0.3381220 -0.1083641 -0.5976448 -0.1352884 -0.7060089
 5   0.1352884 -0.7526648  0.4701785  0.3381220 -0.2824863
 occupations
 0.344 -0.015 -0.015  0.000 -0.030
-0.015  0.426  0.002 -0.026 -0.002
-0.015  0.002  0.426  0.026 -0.002
 0.000 -0.026  0.026  0.344  0.000
-0.030 -0.002 -0.002  0.000  0.426
atom  4  spin  2
eigenvalues:  0.9855909 0.9855909 0.9995049 0.9995049 0.9999641
 eigenvectors
 1   0.0811442  0.0954996 -0.1050223 -0.9864964 -0.0095228
 2   0.9864964 -0.0661326 -0.0496387  0.0811442 -0.1157714
 3   0.1419812  0.3587623  0.4477926 -0.0090484  0.8065549
 4  -0.0090484 -0.7241979  0.6727962 -0.1419812 -0.0514017
 5   0.0000000 -0.5773503 -0.5773503  0.0000000  0.5773503
 occupations
 0.986  0.001  0.001  0.000  0.002
 0.001  0.999  0.000  0.001  0.000
 0.001  0.000  0.999 -0.001  0.000
 0.000  0.001 -0.001  0.986  0.000
 0.002  0.000  0.000  0.000  0.999
nsum =  13.8768447
 exit write_ns

     total cpu time spent up to now is     59.86 secs

     total energy              =  -174.82465416 ryd
     estimated scf accuracy    <     0.00001511 ryd

     total magnetization       =     0.00 Bohr mag/cell
     absolute magnetization    =     7.09 Bohr mag/cell

     iteration #  8     ecut=    30.00 ryd     beta=0.30
     Davidson diagonalization with overlap
     ethr =  5.40E-08,  avg # of iterations =  2.0
 enter write_ns
U( 1) =  0.0000      U( 2) =  0.0000      U( 3) =  0.0000
alpha( 1) =  0.0000      alpha( 2) =  0.0000      alpha( 3) =  0.0000
atom  3   Tr[ns(na)]=   6.9392396
atom  3  spin  1
eigenvalues:  0.9856314 0.9856314 0.9995008 0.9995008 0.9999716
 eigenvectors
 1   0.0691426  0.0963320 -0.1044493 -0.9874026 -0.0081173
 2   0.9874026 -0.0649904 -0.0509307  0.0691426 -0.1159211
 3   0.1421155  0.3658684  0.4411471 -0.0076537  0.8070156
 4  -0.0076537 -0.7206271  0.6771649 -0.1421155 -0.0434622
 5   0.0000000 -0.5773503 -0.5773503  0.0000000  0.5773503
 occupations
 0.986  0.001  0.001  0.000  0.002
 0.001  0.999  0.000  0.001  0.000
 0.001  0.000  0.999 -0.001  0.000
 0.000  0.001 -0.001  0.986  0.000
 0.002  0.000  0.000  0.000  0.999
atom  3  spin  2
eigenvalues:  0.3300454 0.3300454 0.4309987 0.4389571 0.4389571
 eigenvectors
 1   0.8220396  0.2540925  0.0110498  0.4350464  0.2651423
 2   0.4350464 -0.1594596  0.2997804 -0.8220396  0.1403207
 3   0.0000000  0.5773503  0.5773503  0.0000000 -0.5773503
 4   0.3421813 -0.1141607 -0.5930986 -0.1337815 -0.7072594
 5   0.1337815 -0.7507620  0.4742471  0.3421813 -0.2765149
 occupations
 0.345 -0.015 -0.015  0.000 -0.030
-0.015  0.427  0.002 -0.026 -0.002
-0.015  0.002  0.427  0.026 -0.002
 0.000 -0.026  0.026  0.345  0.000
-0.030 -0.002 -0.002  0.000  0.427
atom  4   Tr[ns(na)]=   6.9392394
atom  4  spin  1
eigenvalues:  0.3300454 0.3300454 0.4309987 0.4389570 0.4389570
 eigenvectors
 1   0.8019277  0.2609173 -0.0022618  0.4710905  0.2586555
 2   0.4710905 -0.1480290  0.2999755 -0.8019277  0.1519465
 3   0.0000000  0.5773503  0.5773503  0.0000000 -0.5773503
 4   0.3417467 -0.1117307 -0.5946301 -0.1348882 -0.7063608
 5   0.1348882 -0.7511275  0.4723254  0.3417467 -0.2788021
 occupations
 0.345 -0.015 -0.015  0.000 -0.030
-0.015  0.427  0.002 -0.026 -0.002
-0.015  0.002  0.427  0.026 -0.002
 0.000 -0.026  0.026  0.345  0.000
-0.030 -0.002 -0.002  0.000  0.427
atom  4  spin  2
eigenvalues:  0.9856314 0.9856314 0.9995008 0.9995008 0.9999716
 eigenvectors
 1  -0.0160904 -0.0996786  0.1015677  0.9896897  0.0018890
 2   0.9896897 -0.0597307 -0.0564589  0.0160904 -0.1161896
 3   0.1419721  0.3540902  0.4521110 -0.0099659  0.8062012
 4  -0.0099659 -0.7264869  0.6698945 -0.1419721 -0.0565924
 5   0.0000000 -0.5773503 -0.5773503  0.0000000  0.5773503
 occupations
 0.986  0.001  0.001  0.000  0.002
 0.001  0.999  0.000  0.001  0.000
 0.001  0.000  0.999 -0.001  0.000
 0.000  0.001 -0.001  0.986  0.000
 0.002  0.000  0.000  0.000  0.999
nsum =  13.8784790
 exit write_ns

     total cpu time spent up to now is     67.64 secs

     total energy              =  -174.82465746 ryd
     estimated scf accuracy    <     0.00000174 ryd

     total magnetization       =     0.00 Bohr mag/cell
     absolute magnetization    =     7.09 Bohr mag/cell

     iteration #  9     ecut=    30.00 ryd     beta=0.30
     Davidson diagonalization with overlap
     ethr =  6.21E-09,  avg # of iterations =  2.5
 enter write_ns
U( 1) =  0.0000      U( 2) =  0.0000      U( 3) =  0.0000
alpha( 1) =  0.0000      alpha( 2) =  0.0000      alpha( 3) =  0.0000
atom  3   Tr[ns(na)]=   6.9388868
atom  3  spin  1
eigenvalues:  0.9856400 0.9856400 0.9995008 0.9995008 0.9999706
 eigenvectors
 1   0.1186932  0.0930899 -0.1070470 -0.9826456 -0.0139571
 2   0.9826456 -0.0698618 -0.0456873  0.1186932 -0.1155491
 3   0.1423027  0.3624486  0.4443262 -0.0083381  0.8067748
 4  -0.0083381 -0.7223235  0.6750515 -0.1423027 -0.0472720
 5   0.0000000 -0.5773503 -0.5773503  0.0000000  0.5773503
 occupations
 0.986  0.001  0.001  0.000  0.002
 0.001  0.999  0.000  0.001  0.000
 0.001  0.000  0.999 -0.001  0.000
 0.000  0.001 -0.001  0.986  0.000
 0.002  0.000  0.000  0.000  0.999
atom  3  spin  2
eigenvalues:  0.3300046 0.3300046 0.4304452 0.4390901 0.4390901
 eigenvectors
 1   0.8098120  0.2573138  0.0024203  0.4588316  0.2597341
 2   0.4588316 -0.1513549  0.2985177 -0.8098120  0.1471628
 3   0.0000000  0.5773503  0.5773503  0.0000000 -0.5773503
 4   0.3398607 -0.1105483 -0.5958751 -0.1348061 -0.7064234
 5   0.1348061 -0.7518824  0.4716788  0.3398607 -0.2802036
 occupations
 0.345 -0.015 -0.015  0.000 -0.030
-0.015  0.426  0.002 -0.026 -0.002
-0.015  0.002  0.426  0.026 -0.002
 0.000 -0.026  0.026  0.345  0.000
-0.030 -0.002 -0.002  0.000  0.426
atom  4   Tr[ns(na)]=   6.9388899
atom  4  spin  1
eigenvalues:  0.3300047 0.3300047 0.4304458 0.4390912 0.4390912
 eigenvectors
 1   0.8433443  0.2446319  0.0258558  0.3938190  0.2704878
 2   0.3938190 -0.1710940  0.2974045 -0.8433443  0.1263105
 3   0.0000000  0.5773503  0.5773503  0.0000000 -0.5773503
 4   0.3412982 -0.1186779 -0.5907366 -0.1311201 -0.7094145
 5   0.1311201 -0.7506426  0.4780994  0.3412982 -0.2725432
 occupations
 0.345 -0.015 -0.015  0.000 -0.030
-0.015  0.426  0.002 -0.026 -0.002
-0.015  0.002  0.426  0.026 -0.002
 0.000 -0.026  0.026  0.345  0.000
-0.030 -0.002 -0.002  0.000  0.426
atom  4  spin  2
eigenvalues:  0.9856400 0.9856400 0.9995008 0.9995008 0.9999706
 eigenvectors
 1   0.1448795  0.0911921 -0.1082285 -0.9791273 -0.0170364
 2   0.9791273 -0.0723217 -0.0428138  0.1448795 -0.1151355
 3   0.1423074  0.3628361  0.4439639 -0.0082617  0.8068001
 4  -0.0082617 -0.7221289  0.6752898 -0.1423074 -0.0468392
 5   0.0000000 -0.5773503 -0.5773503  0.0000000  0.5773503
 occupations
 0.986  0.001  0.001  0.000  0.002
 0.001  0.999  0.000  0.001  0.000
 0.001  0.000  0.999 -0.001  0.000
 0.000  0.001 -0.001  0.986  0.000
 0.002  0.000  0.000  0.000  0.999
nsum =  13.8777767
 exit write_ns

     total cpu time spent up to now is     75.05 secs

     End of self-consistent calculation

 ------ SPIN UP ------------


          k = 0.0000 0.0000 0.0000 (   731 PWs)   bands (ev):

    -8.9533  -7.7470   2.7539   5.1280   5.1280   7.5762   7.5997   7.5997
     7.7786   7.7786   8.0653   8.9390   8.9390  11.0571  11.0571  11.2581
    11.5026  12.8937  12.8937  15.3691

          k =-0.7500 0.2500 0.2500 (   764 PWs)   bands (ev):

    -7.7710  -7.7516   3.6508   3.9129   4.7746   5.3281   5.3837   6.0704
     7.7226   8.2478   8.6481   9.6399   9.8410  10.4294  11.7006  11.8251
    12.6018  12.6287  17.2955  17.6039

          k =-0.5000-0.5000 0.5000 (   780 PWs)   bands (ev):

    -7.7622  -7.7506   2.7897   4.0521   5.1683   5.1908   6.4319   6.4446
     7.1587   8.2362   8.5578   9.3835   9.6071  10.7267  11.7108  11.8188
    13.0247  13.0949  15.3294  16.7015

          k =-0.2500-0.2500-0.2500 (   748 PWs)   bands (ev):

    -8.4148  -8.3808   4.4377   4.8297   5.5356   5.5356   6.5043   6.5043
     7.8491   7.8491   8.2989   9.9328   9.9328  10.9605  10.9727  10.9727
    12.4963  12.4963  13.9942  14.2632

 ------ SPIN DOWN ----------


          k = 0.0000 0.0000 0.0000 (   731 PWs)   bands (ev):

    -8.9533  -7.7470   2.7539   5.1280   5.1280   7.5762   7.5997   7.5997
     7.7786   7.7786   8.0653   8.9390   8.9390  11.0571  11.0571  11.2581
    11.5026  12.8937  12.8937  15.3691

          k =-0.7500 0.2500 0.2500 (   764 PWs)   bands (ev):

    -7.7710  -7.7516   3.6508   3.9129   4.7746   5.3281   5.3837   6.0704
     7.7226   8.2478   8.6481   9.6399   9.8410  10.4294  11.7006  11.8251
    12.6018  12.6287  17.2955  17.6039

          k =-0.5000-0.5000 0.5000 (   780 PWs)   bands (ev):

    -7.7622  -7.7506   2.7897   4.0521   5.1683   5.1908   6.4319   6.4446
     7.1587   8.2362   8.5578   9.3835   9.6071  10.7267  11.7108  11.8188
    13.0247  13.0949  15.3294  16.7015

          k =-0.2500-0.2500-0.2500 (   748 PWs)   bands (ev):

    -8.4148  -8.3808   4.4377   4.8297   5.5356   5.5356   6.5043   6.5043
     7.8491   7.8491   8.2989   9.9328   9.9328  10.9605  10.9727  10.9727
    12.4963  12.4963  13.9942  14.2632

     the Fermi energy is    10.9772 ev

!    total energy              =  -174.82465789 ryd
     estimated scf accuracy    <     0.00000002 ryd

     band energy sum           =    10.14384907 ryd
     one-electron contribution =     0.56186051 ryd
     hartree contribution      =    27.86102391 ryd
     xc contribution           =   -65.73506331 ryd
     ewald contribution        =  -137.50929535 ryd
     Hubbard energy            =     0.00000000 ryd
     correction for metals     =    -0.00318367 ryd

     total magnetization       =     0.00 Bohr mag/cell
     absolute magnetization    =     7.09 Bohr mag/cell

     convergence has been achieved

     Writing output data file      feo_af.save
 
     PWSCF        :  1m15.08s CPU time

     init_run     :     6.90s CPU
     electrons    :    67.95s CPU
 
     electrons    :    67.95s CPU
     c_bands      :    35.87s CPU (       9 calls,   3.986 s avg)
     sum_band     :    20.08s CPU (       9 calls,   2.231 s avg)
     v_of_rho     :     1.63s CPU (      10 calls,   0.163 s avg)
     newd         :     8.74s CPU (      10 calls,   0.874 s avg)
     mix_rho      :     0.24s CPU (       9 calls,   0.027 s avg)
 
     c_bands      :    35.87s CPU (       9 calls,   3.986 s avg)
     init_us_2    :     0.48s CPU (     160 calls,   0.003 s avg)
     cegterg      :    35.36s CPU (      72 calls,   0.491 s avg)
 
     sum_band     :    20.08s CPU (       9 calls,   2.231 s avg)
     becsum       :     0.03s CPU (      72 calls,   0.000 s avg)
     addusdens    :     8.50s CPU (       9 calls,   0.944 s avg)
 
     wfcrot       :     1.52s CPU (       8 calls,   0.190 s avg)
     cegterg      :    35.36s CPU (      72 calls,   0.491 s avg)
     h_psi        :    33.54s CPU (     270 calls,   0.124 s avg)
     g_psi        :     0.08s CPU (     190 calls,   0.000 s avg)
     overlap      :     0.45s CPU (     190 calls,   0.002 s avg)
     cdiaghg      :     0.67s CPU (     262 calls,   0.003 s avg)
     update       :     0.41s CPU (     190 calls,   0.002 s avg)
     last         :     0.14s CPU (      72 calls,   0.002 s avg)
 
     h_psi        :    33.54s CPU (     270 calls,   0.124 s avg)
     init         :     0.02s CPU (     270 calls,   0.000 s avg)
     firstfft     :    14.37s CPU (    3534 calls,   0.004 s avg)
     secondfft    :    14.35s CPU (    3534 calls,   0.004 s avg)
     add_vuspsi   :     0.49s CPU (     270 calls,   0.002 s avg)
     s_psi        :     0.70s CPU (     278 calls,   0.003 s avg)
 
     General routines
     ccalbec      :     0.66s CPU (     350 calls,   0.002 s avg)
     cft3         :     4.27s CPU (     136 calls,   0.031 s avg)
     cft3s        :    31.43s CPU (    8546 calls,   0.004 s avg)
     interpolate  :     1.83s CPU (      38 calls,   0.048 s avg)
     davcio       :     0.19s CPU (     456 calls,   0.000 s avg)
 
