
     Program PWSCF     v.2.1cvs starts ...
     Today is 26Jul2005 at 17:40:14 

     Ultrasoft (Vanderbilt) Pseudopotentials

     Current dimensions of program pwscf are:

     ntypx = 10   npk = 40000  lmax =  3
     nchix =  6  ndmx =  2000  nbrx = 14  nqfx =  8
  HUBBARD L FOR TYPE Fe IS  2
  HUBBARD L FOR TYPE Fe IS  2
  MAXIMUM HUBBARD L IS  2


     bravais-lattice index     =            0
     lattice parameter (a_0)   =       8.1900  a.u.
     unit-cell volume          =     274.6766 (a.u.)^3
     number of atoms/cell      =            4
     number of atomic types    =            3
     kinetic-energy cutoff     =      30.0000  Ry
     charge density cutoff     =     240.0000  Ry
     convergence threshold     =      1.0E-06
     beta                      =       0.3000
     number of iterations used =            8  plain     mixing
     Exchange-correlation      =  SLA  PZ   NOGX NOGC (1100)
     celldm(1)=   8.190000  celldm(2)=   0.000000  celldm(3)=   0.000000
     celldm(4)=   0.000000  celldm(5)=   0.000000  celldm(6)=   0.000000

     crystal axes: (cart. coord. in units of a_0)
               a(1) = (  0.500000  0.500000  1.000000 )  
               a(2) = (  0.500000  1.000000  0.500000 )  
               a(3) = (  1.000000  0.500000  0.500000 )  

     reciprocal axes: (cart. coord. in units 2 pi/a_0)
               b(1) = ( -0.500000 -0.500000  1.500000 )  
               b(2) = ( -0.500000  1.500000 -0.500000 )  
               b(3) = (  1.500000 -0.500000 -0.500000 )  


     PSEUDO 1 is O  (US)    zval =  6.0   lmax= 2   lloc= 0
     Version   0  0  0 of US pseudo code
     Using log mesh of  1269 points
     The pseudopotential has  4 beta functions with: 
                l(1) =   0
                l(2) =   0
                l(3) =   1
                l(4) =   1
     Q(r) pseudized with  0 coefficients,  rinner =    0.000   0.000   0.000
                                                       0.000   0.000

     PSEUDO 2 is Fe (US)    zval =  8.0   lmax= 2   lloc= 0
     Version   0  0  0 of US pseudo code
     Using log mesh of   957 points
     The pseudopotential has  6 beta functions with: 
                l(1) =   0
                l(2) =   0
                l(3) =   1
                l(4) =   1
                l(5) =   2
                l(6) =   2
     Q(r) pseudized with  0 coefficients,  rinner =    0.000   0.000   0.000
                                                       0.000   0.000

     PSEUDO 3 is Fe (US)    zval =  8.0   lmax= 2   lloc= 0
     Version   0  0  0 of US pseudo code
     Using log mesh of   957 points
     The pseudopotential has  6 beta functions with: 
                l(1) =   0
                l(2) =   0
                l(3) =   1
                l(4) =   1
                l(5) =   2
                l(6) =   2
     Q(r) pseudized with  0 coefficients,  rinner =    0.000   0.000   0.000
                                                       0.000   0.000

     atomic species   valence    mass     pseudopotential
        O1             6.00     1.00000     O ( 1.00)
        Fe1            8.00     1.00000     Fe( 1.00)
        Fe2            8.00     1.00000     Fe( 1.00)

     Starting magnetic structure 
     atomic species   magnetization
        O1           0.000
        Fe1          0.500
        Fe2         -0.500

     12 Sym.Ops. (with inversion)


   Cartesian axes

     site n.     atom                  positions (a_0 units)
         1           O1  tau(  1) = (   0.5000000   0.5000000   0.5000000  )
         2           O1  tau(  2) = (   1.5000000   1.5000000   1.5000000  )
         3           Fe1 tau(  3) = (   0.0000000   0.0000000   0.0000000  )
         4           Fe2 tau(  4) = (   1.0000000   1.0000000   1.0000000  )

     number of k points=    8  gaussian broad. (ryd)=  0.0100     ngauss =   0
                       cart. coord. in units 2pi/a_0
        k(    1) = (   0.0000000   0.0000000   0.0000000), wk =   0.1250000
        k(    2) = (  -0.7500000   0.2500000   0.2500000), wk =   0.3750000
        k(    3) = (  -0.5000000  -0.5000000   0.5000000), wk =   0.3750000
        k(    4) = (  -0.2500000  -0.2500000  -0.2500000), wk =   0.1250000
        k(    5) = (   0.0000000   0.0000000   0.0000000), wk =   0.1250000
        k(    6) = (  -0.7500000   0.2500000   0.2500000), wk =   0.3750000
        k(    7) = (  -0.5000000  -0.5000000   0.5000000), wk =   0.3750000
        k(    8) = (  -0.2500000  -0.2500000  -0.2500000), wk =   0.1250000

     G cutoff =  407.7738  (  17255 G-vectors)     FFT grid: ( 50, 50, 50)
     G cutoff =  203.8869  (   6111 G-vectors)  smooth grid: ( 36, 36, 36)

     nbndx  =    80  nbnd   =    20  natomwfc =    20  npwx   =     780
     nelec  =  28.00  nkb   =    52  ngl    =     342

     warning: negative or imaginary core charge    -0.000003    0.000000

     Initial potential from superposition of free atoms

     starting charge   27.99905, renormalised to   28.00000

     Parameters of the lda+U calculation:
     Number of iteration with fixed ns =  0
     Starting ns and Hubbard U :
 enter write_ns
U( 1) =  0.0000      U( 2) =  4.3000      U( 3) =  4.3000
alpha( 1) =  0.0000      alpha( 2) =  0.0000      alpha( 3) =  0.0000
atom  3   Tr[ns(na)]=   6.0000000
atom  3  spin  1
eigenvalues:  1.0000000 1.0000000 1.0000000 1.0000000 1.0000000
 eigenvectors
 1   1.0000000  0.0000000  0.0000000  0.0000000  0.0000000
 2   0.0000000  1.0000000  0.0000000  0.0000000  0.0000000
 3   0.0000000  0.0000000  1.0000000  0.0000000  0.0000000
 4   0.0000000  0.0000000  0.0000000  1.0000000  0.0000000
 5   0.0000000  0.0000000  0.0000000  0.0000000  1.0000000
 occupations
 1.000  0.000  0.000  0.000  0.000
 0.000  1.000  0.000  0.000  0.000
 0.000  0.000  1.000  0.000  0.000
 0.000  0.000  0.000  1.000  0.000
 0.000  0.000  0.000  0.000  1.000
atom  3  spin  2
eigenvalues:  0.2000000 0.2000000 0.2000000 0.2000000 0.2000000
 eigenvectors
 1   1.0000000  0.0000000  0.0000000  0.0000000  0.0000000
 2   0.0000000  1.0000000  0.0000000  0.0000000  0.0000000
 3   0.0000000  0.0000000  1.0000000  0.0000000  0.0000000
 4   0.0000000  0.0000000  0.0000000  1.0000000  0.0000000
 5   0.0000000  0.0000000  0.0000000  0.0000000  1.0000000
 occupations
 0.200  0.000  0.000  0.000  0.000
 0.000  0.200  0.000  0.000  0.000
 0.000  0.000  0.200  0.000  0.000
 0.000  0.000  0.000  0.200  0.000
 0.000  0.000  0.000  0.000  0.200
atom  4   Tr[ns(na)]=   6.0000000
atom  4  spin  1
eigenvalues:  0.2000000 0.2000000 0.2000000 0.2000000 0.2000000
 eigenvectors
 1   1.0000000  0.0000000  0.0000000  0.0000000  0.0000000
 2   0.0000000  1.0000000  0.0000000  0.0000000  0.0000000
 3   0.0000000  0.0000000  1.0000000  0.0000000  0.0000000
 4   0.0000000  0.0000000  0.0000000  1.0000000  0.0000000
 5   0.0000000  0.0000000  0.0000000  0.0000000  1.0000000
 occupations
 0.200  0.000  0.000  0.000  0.000
 0.000  0.200  0.000  0.000  0.000
 0.000  0.000  0.200  0.000  0.000
 0.000  0.000  0.000  0.200  0.000
 0.000  0.000  0.000  0.000  0.200
atom  4  spin  2
eigenvalues:  1.0000000 1.0000000 1.0000000 1.0000000 1.0000000
 eigenvectors
 1   1.0000000  0.0000000  0.0000000  0.0000000  0.0000000
 2   0.0000000  1.0000000  0.0000000  0.0000000  0.0000000
 3   0.0000000  0.0000000  1.0000000  0.0000000  0.0000000
 4   0.0000000  0.0000000  0.0000000  1.0000000  0.0000000
 5   0.0000000  0.0000000  0.0000000  0.0000000  1.0000000
 occupations
 1.000  0.000  0.000  0.000  0.000
 0.000  1.000  0.000  0.000  0.000
 0.000  0.000  1.000  0.000  0.000
 0.000  0.000  0.000  1.000  0.000
 0.000  0.000  0.000  0.000  1.000
nsum =  12.0000000
 exit write_ns
     Starting wfc are atomic
 LDA+U Projector read from file 

     total cpu time spent up to now is     11.96 secs

     Self-consistent Calculation

     iteration #  1     ecut=    30.00 ryd     beta=0.30
     Davidson diagonalization (with overlap)
     ethr =  1.00E-02,  avg # of iterations =  3.0
 enter write_ns
U( 1) =  0.0000      U( 2) =  4.3000      U( 3) =  4.3000
alpha( 1) =  0.0000      alpha( 2) =  0.0000      alpha( 3) =  0.0000
atom  3   Tr[ns(na)]=   5.6406562
atom  3  spin  1
eigenvalues:  0.9879573 0.9879573 0.9903417 0.9903417 0.9909578
 eigenvectors
 1  -0.8018955 -0.0592443  0.0072554 -0.5921978 -0.0519889
 2   0.5921978 -0.0258269  0.0642205 -0.8018955  0.0383937
 3  -0.0786387  0.3240017  0.4846323  0.0090189  0.8086340
 4   0.0090189 -0.7466677  0.6539275  0.0786387 -0.0927402
 5   0.0000000 -0.5773503 -0.5773503  0.0000000  0.5773503
 occupations
 0.988  0.000  0.000  0.000  0.000
 0.000  0.991  0.000  0.000  0.000
 0.000  0.000  0.991  0.000  0.000
 0.000  0.000  0.000  0.988  0.000
 0.000  0.000  0.000  0.000  0.991
atom  3  spin  2
eigenvalues:  0.0240816 0.0240816 0.2017556 0.2215908 0.2215908
 eigenvectors
 1  -0.8461412 -0.0467368  0.0018594 -0.5290022 -0.0448773
 2   0.5290022 -0.0248364  0.0528934 -0.8461412  0.0280570
 3   0.0000000  0.5773503  0.5773503  0.0000000 -0.5773503
 4  -0.0645615  0.3426911  0.4688273  0.0057937  0.8115184
 5   0.0057937 -0.7392079  0.6663831  0.0645615 -0.0728248
 occupations
 0.025 -0.005 -0.005  0.000 -0.010
-0.005  0.214 -0.006 -0.009  0.006
-0.005 -0.006  0.214  0.009  0.006
 0.000 -0.009  0.009  0.025  0.000
-0.010  0.006  0.006  0.000  0.214
atom  4   Tr[ns(na)]=   5.6406563
atom  4  spin  1
eigenvalues:  0.0240815 0.0240815 0.2017556 0.2215909 0.2215909
 eigenvectors
 1  -0.8831264 -0.0447611 -0.0020779 -0.4646353 -0.0468389
 2   0.4646353 -0.0282421  0.0528853 -0.8831264  0.0246432
 3   0.0000000  0.5773503  0.5773503  0.0000000 -0.5773503
 4  -0.0645997  0.3477478  0.4642505  0.0053512  0.8119983
 5   0.0053512 -0.7368426  0.6695797  0.0645997 -0.0672629
 occupations
 0.025 -0.005 -0.005  0.000 -0.010
-0.005  0.214 -0.006 -0.009  0.006
-0.005 -0.006  0.214  0.009  0.006
 0.000 -0.009  0.009  0.025  0.000
-0.010  0.006  0.006  0.000  0.214
atom  4  spin  2
eigenvalues:  0.9879573 0.9879573 0.9903417 0.9903417 0.9909578
 eigenvectors
 1  -0.7921886 -0.0596554  0.0082957 -0.6051214 -0.0513597
 2   0.6051214 -0.0248630  0.0640946 -0.7921886  0.0392316
 3  -0.0785834  0.3195271  0.4885374  0.0094894  0.8080645
 4   0.0094894 -0.7485935  0.6510153  0.0785834 -0.0975781
 5   0.0000000 -0.5773503 -0.5773503  0.0000000  0.5773503
 occupations
 0.988  0.000  0.000  0.000  0.000
 0.000  0.991  0.000  0.000  0.000
 0.000  0.000  0.991  0.000  0.000
 0.000  0.000  0.000  0.988  0.000
 0.000  0.000  0.000  0.000  0.991
nsum =  11.2813125
 exit write_ns
 Modify starting ns matrices according to input values 
 enter write_ns
U( 1) =  0.0000      U( 2) =  4.3000      U( 3) =  4.3000
alpha( 1) =  0.0000      alpha( 2) =  0.0000      alpha( 3) =  0.0000
atom  3   Tr[ns(na)]=   6.4190654
atom  3  spin  1
eigenvalues:  0.9879573 0.9879573 0.9903417 0.9903417 0.9909578
 eigenvectors
 1  -0.7764633 -0.0602713  0.0099312 -0.6251714 -0.0503401
 2   0.6251714 -0.0233301  0.0638615 -0.7764633  0.0405314
 3  -0.0785871  0.3198274  0.4882762  0.0094578  0.8081036
 4   0.0094578 -0.7484652  0.6512113  0.0785871 -0.0972539
 5   0.0000000 -0.5773503 -0.5773503  0.0000000  0.5773503
 occupations
 0.988  0.000  0.000  0.000  0.000
 0.000  0.991  0.000  0.000  0.000
 0.000  0.000  0.991  0.000  0.000
 0.000  0.000  0.000  0.988  0.000
 0.000  0.000  0.000  0.000  0.991
atom  3  spin  2
eigenvalues:  0.0240816 0.0240816 0.2017556 0.2215908 1.0000000
 eigenvectors
 1  -0.4179188 -0.0527048  0.0305394 -0.9061689 -0.0221654
 2  -0.9061689 -0.0048347 -0.0432264  0.4179188 -0.0480611
 3   0.0000000 -0.5773503 -0.5773503  0.0000000  0.5773503
 4  -0.0645615  0.3426911  0.4688273  0.0057937  0.8115184
 5  -0.0057937  0.7392079 -0.6663831 -0.0645615  0.0728248
 occupations
 0.025 -0.009 -0.002  0.000 -0.011
-0.009  0.640 -0.390 -0.046  0.048
-0.002 -0.390  0.560  0.043 -0.031
 0.000 -0.046  0.043  0.028 -0.004
-0.011  0.048 -0.031 -0.004  0.219
atom  4   Tr[ns(na)]=   6.4190654
atom  4  spin  1
eigenvalues:  0.0240815 0.0240815 0.2017556 0.2215909 1.0000000
 eigenvectors
 1   0.9634776  0.0136160  0.0374846 -0.2598252  0.0511006
 2   0.2598252  0.0511447 -0.0373641  0.9634776  0.0137805
 3   0.0000000 -0.5773503 -0.5773503  0.0000000  0.5773503
 4  -0.0645997  0.3477478  0.4642505  0.0053512  0.8119983
 5  -0.0053512  0.7368426 -0.6695797 -0.0645997  0.0672629
 occupations
 0.025 -0.008 -0.002  0.000 -0.011
-0.008  0.637 -0.390 -0.046  0.045
-0.002 -0.390  0.563  0.043 -0.029
 0.000 -0.046  0.043  0.028 -0.003
-0.011  0.045 -0.029 -0.003  0.218
atom  4  spin  2
eigenvalues:  0.9879573 0.9879573 0.9903417 0.9903417 0.9909578
 eigenvectors
 1  -0.7979541 -0.0594143  0.0076808 -0.5974980 -0.0517335
 2   0.5974980 -0.0254338  0.0641712 -0.7979541  0.0387374
 3  -0.0784262  0.3078370  0.4986108  0.0107113  0.8064479
 4   0.0107113 -0.7534760  0.6433327  0.0784262 -0.1101433
 5   0.0000000 -0.5773503 -0.5773503  0.0000000  0.5773503
 occupations
 0.988  0.000  0.000  0.000  0.000
 0.000  0.991  0.000  0.000  0.000
 0.000  0.000  0.991  0.000  0.000
 0.000  0.000  0.000  0.988  0.000
 0.000  0.000  0.000  0.000  0.991
nsum =  12.8381307
 exit write_ns

     total cpu time spent up to now is     21.80 secs

     total energy              =  -174.05739770 ryd
     estimated scf accuracy    <     2.39665735 ryd

     total magnetization       =     0.00 Bohr mag/cell
     absolute magnetization    =     8.48 Bohr mag/cell

     iteration #  2     ecut=    30.00 ryd     beta=0.30
     Davidson diagonalization (with overlap)
     ethr =  8.56E-03,  avg # of iterations =  2.3
 enter write_ns
U( 1) =  0.0000      U( 2) =  4.3000      U( 3) =  4.3000
alpha( 1) =  0.0000      alpha( 2) =  0.0000      alpha( 3) =  0.0000
atom  3   Tr[ns(na)]=   5.9948655
atom  3  spin  1
eigenvalues:  0.9701760 0.9701760 0.9935863 0.9956255 0.9956255
 eigenvectors
 1   0.8266311  0.0815047 -0.0058910  0.5516211  0.0756137
 2  -0.5516211  0.0402544 -0.0907124  0.8266311 -0.0504580
 3   0.0000000 -0.5773503 -0.5773503  0.0000000  0.5773503
 4   0.1103983 -0.3114107 -0.4931937 -0.0144003 -0.8046044
 5   0.0144003 -0.7492841  0.6443316  0.1103983 -0.1049525
 occupations
 0.970 -0.001 -0.001  0.000 -0.002
-0.001  0.995 -0.001 -0.002  0.001
-0.001 -0.001  0.995  0.002  0.001
 0.000 -0.002  0.002  0.970  0.000
-0.002  0.001  0.001  0.000  0.995
atom  3  spin  2
eigenvalues:  0.0326233 0.0326233 0.1531543 0.4256376 0.4256376
 eigenvectors
 1  -0.7288232 -0.0820473  0.0191250 -0.6765797 -0.0629223
 2  -0.6765797  0.0252864 -0.0836982  0.7288232 -0.0584119
 3   0.0000000 -0.5773503 -0.5773503  0.0000000  0.5773503
 4  -0.1044811  0.3241444  0.4826521  0.0118512  0.8067965
 5   0.0118512 -0.7444635  0.6529491  0.1044811 -0.0915144
 occupations
 0.037 -0.017 -0.017  0.000 -0.034
-0.017  0.332 -0.089 -0.029  0.089
-0.017 -0.089  0.332  0.029  0.089
 0.000 -0.029  0.029  0.037  0.000
-0.034  0.089  0.089  0.000  0.332
atom  4   Tr[ns(na)]=   5.9949764
atom  4  spin  1
eigenvalues:  0.0326267 0.0326267 0.1535567 0.4254760 0.4254760
 eigenvectors
 1   0.8848966  0.0721551  0.0042742  0.4537532  0.0764293
 2   0.4537532 -0.0465942  0.0857853 -0.8848966  0.0391911
 3   0.0000000 -0.5773503 -0.5773503  0.0000000  0.5773503
 4  -0.1044344  0.3186161  0.4874762  0.0126306  0.8060922
 5   0.0126306 -0.7468421  0.6493507  0.1044344 -0.0974914
 occupations
 0.037 -0.017 -0.017  0.000 -0.034
-0.017  0.332 -0.089 -0.029  0.089
-0.017 -0.089  0.332  0.029  0.089
 0.000 -0.029  0.029  0.037  0.000
-0.034  0.089  0.089  0.000  0.332
atom  4  spin  2
eigenvalues:  0.9701780 0.9701780 0.9935893 0.9956344 0.9956344
 eigenvectors
 1   0.8189124  0.0819926 -0.0071426  0.5630330  0.0748500
 2  -0.5630330  0.0390909 -0.0905531  0.8189124 -0.0514622
 3   0.0000000 -0.5773503 -0.5773503  0.0000000  0.5773503
 4   0.1102543 -0.3083262 -0.4958470 -0.0148434 -0.8041731
 5   0.0148434 -0.7505670  0.6423018  0.1102543 -0.1082652
 occupations
 0.970 -0.001 -0.001  0.000 -0.002
-0.001  0.995 -0.001 -0.002  0.001
-0.001 -0.001  0.995  0.002  0.001
 0.000 -0.002  0.002  0.970  0.000
-0.002  0.001  0.001  0.000  0.995
nsum =  11.9898418
 exit write_ns

     total cpu time spent up to now is     31.56 secs

     total energy              =  -174.55683739 ryd
     estimated scf accuracy    <     0.14983314 ryd

     total magnetization       =     0.00 Bohr mag/cell
     absolute magnetization    =     7.19 Bohr mag/cell

     iteration #  3     ecut=    30.00 ryd     beta=0.30
     Davidson diagonalization (with overlap)
     ethr =  5.35E-04,  avg # of iterations =  1.8
 enter write_ns
U( 1) =  0.0000      U( 2) =  4.3000      U( 3) =  4.3000
alpha( 1) =  0.0000      alpha( 2) =  0.0000      alpha( 3) =  0.0000
atom  3   Tr[ns(na)]=   5.9344813
atom  3  spin  1
eigenvalues:  0.9773679 0.9773679 0.9952918 0.9972481 0.9972481
 eigenvectors
 1   0.8206998  0.0833402 -0.0069478  0.5600197  0.0763924
 2  -0.5600197  0.0400939 -0.0922217  0.8206998 -0.0521278
 3   0.0000000 -0.5773503 -0.5773503  0.0000000  0.5773503
 4   0.1120574 -0.2988405 -0.5037305 -0.0165165 -0.8025710
 5   0.0165165 -0.7541935  0.6359002  0.1120574 -0.1182933
 occupations
 0.978 -0.001 -0.001  0.000 -0.002
-0.001  0.996 -0.001 -0.002  0.001
-0.001 -0.001  0.996  0.002  0.001
 0.000 -0.002  0.002  0.978  0.000
-0.002  0.001  0.001  0.000  0.996
atom  3  spin  2
eigenvalues:  0.0208914 0.0208914 0.1372171 0.4054788 0.4054788
 eigenvectors
 1  -0.9558052 -0.0702249 -0.0242780 -0.2682997 -0.0945028
 2  -0.2682997  0.0685781 -0.0951056  0.9558052 -0.0265275
 3   0.0000000 -0.5773503 -0.5773503  0.0000000  0.5773503
 4  -0.1192911  0.3152905  0.4890526  0.0148786  0.8043431
 5   0.0148786 -0.7467423  0.6464207  0.1192911 -0.1003216
 occupations
 0.026 -0.019 -0.019  0.000 -0.037
-0.019  0.312 -0.088 -0.032  0.088
-0.019 -0.088  0.312  0.032  0.088
 0.000 -0.032  0.032  0.026  0.000
-0.037  0.088  0.088  0.000  0.312
atom  4   Tr[ns(na)]=   5.9328006
atom  4  spin  1
eigenvalues:  0.0208771 0.0208771 0.1371526 0.4046668 0.4046668
 eigenvectors
 1   0.9427020  0.0733775  0.0199976  0.3111429  0.0933751
 2   0.3111429 -0.0654558  0.0962747 -0.9427020  0.0308189
 3   0.0000000 -0.5773503 -0.5773503  0.0000000  0.5773503
 4  -0.1195607  0.3182275  0.4864843  0.0144331  0.8047119
 5   0.0144331 -0.7454725  0.6483294  0.1195607 -0.0971431
 occupations
 0.026 -0.019 -0.019  0.000 -0.037
-0.019  0.312 -0.087 -0.032  0.087
-0.019 -0.087  0.312  0.032  0.087
 0.000 -0.032  0.032  0.026  0.000
-0.037  0.087  0.087  0.000  0.312
atom  4  spin  2
eigenvalues:  0.9773703 0.9773703 0.9952988 0.9972604 0.9972604
 eigenvectors
 1   0.8002917  0.0845516 -0.0102025  0.5888569  0.0743491
 2  -0.5888569  0.0370351 -0.0917414  0.8002917 -0.0547063
 3   0.0000000 -0.5773503 -0.5773503  0.0000000  0.5773503
 4   0.1121786 -0.3153105 -0.4896809 -0.0140291 -0.8049914
 5   0.0140291 -0.7474794  0.6468066  0.1121786 -0.1006728
 occupations
 0.978 -0.001 -0.001  0.000 -0.002
-0.001  0.996 -0.001 -0.002  0.001
-0.001 -0.001  0.996  0.002  0.001
 0.000 -0.002  0.002  0.978  0.000
-0.002  0.001  0.001  0.000  0.996
nsum =  11.8672819
 exit write_ns

     total cpu time spent up to now is     41.02 secs

     total energy              =  -174.57496295 ryd
     estimated scf accuracy    <     0.04159646 ryd

     total magnetization       =     0.00 Bohr mag/cell
     absolute magnetization    =     7.48 Bohr mag/cell

     iteration #  4     ecut=    30.00 ryd     beta=0.30
     Davidson diagonalization (with overlap)
     ethr =  1.49E-04,  avg # of iterations =  1.5
 enter write_ns
U( 1) =  0.0000      U( 2) =  4.3000      U( 3) =  4.3000
alpha( 1) =  0.0000      alpha( 2) =  0.0000      alpha( 3) =  0.0000
atom  3   Tr[ns(na)]=   5.9861764
atom  3  spin  1
eigenvalues:  0.9779082 0.9779082 0.9955040 0.9977839 0.9977839
 eigenvectors
 1   0.8338841  0.0807095 -0.0046765  0.5406666  0.0760330
 2  -0.5406666  0.0411977 -0.0904953  0.8338841 -0.0492976
 3   0.0000000 -0.5773503 -0.5773503  0.0000000  0.5773503
 4   0.1102533 -0.3226885 -0.4834391 -0.0126935 -0.8061277
 5   0.0126935 -0.7445317  0.6517223  0.1102533 -0.0928094
 occupations
 0.978 -0.001 -0.001  0.000 -0.002
-0.001  0.997 -0.001 -0.002  0.001
-0.001 -0.001  0.997  0.002  0.001
 0.000 -0.002  0.002  0.978  0.000
-0.002  0.001  0.001  0.000  0.997
atom  3  spin  2
eigenvalues:  0.0198342 0.0198342 0.1100518 0.4447840 0.4447840
 eigenvectors
 1  -0.9495702 -0.0805205 -0.0257404 -0.2826286 -0.1062609
 2  -0.2826286  0.0762110 -0.1078383  0.9495702 -0.0316273
 3   0.0000000 -0.5773503 -0.5773503  0.0000000  0.5773503
 4  -0.1339903  0.2856048  0.5126391  0.0220023  0.7982440
 5   0.0220023 -0.7568387  0.6257604  0.1339903 -0.1310783
 occupations
 0.028 -0.023 -0.023  0.000 -0.047
-0.023  0.328 -0.109 -0.040  0.109
-0.023 -0.109  0.328  0.040  0.109
 0.000 -0.040  0.040  0.028  0.000
-0.047  0.109  0.109  0.000  0.328
atom  4   Tr[ns(na)]=   5.9958289
atom  4  spin  1
eigenvalues:  0.0199512 0.0199512 0.1106598 0.4491472 0.4491472
 eigenvectors
 1  -0.9211773 -0.0870110 -0.0162320 -0.3646078 -0.1032431
 2  -0.3646078  0.0689790 -0.1098432  0.9211773 -0.0408643
 3   0.0000000 -0.5773503 -0.5773503  0.0000000  0.5773503
 4  -0.1343257  0.2902114  0.5087951  0.0212161  0.7990065
 5   0.0212161 -0.7550596  0.6288602  0.1343257 -0.1261994
 occupations
 0.028 -0.024 -0.024  0.000 -0.047
-0.024  0.331 -0.110 -0.041  0.110
-0.024 -0.110  0.331  0.041  0.110
 0.000 -0.041  0.041  0.028  0.000
-0.047  0.110  0.110  0.000  0.331
atom  4  spin  2
eigenvalues:  0.9780024 0.9780024 0.9954915 0.9977380 0.9977380
 eigenvectors
 1  -0.8368425 -0.0814264  0.0042074 -0.5358021 -0.0772190
 2  -0.5358021  0.0421532 -0.0915940  0.8368425 -0.0494407
 3   0.0000000 -0.5773503 -0.5773503  0.0000000  0.5773503
 4   0.1112297 -0.3051413 -0.4984756 -0.0154497 -0.8036169
 5  -0.0154497  0.7517634 -0.6401419 -0.1112297  0.1116216
 occupations
 0.978 -0.001 -0.001  0.000 -0.002
-0.001  0.997 -0.001 -0.002  0.001
-0.001 -0.001  0.997  0.002  0.001
 0.000 -0.002  0.002  0.978  0.000
-0.002  0.001  0.001  0.000  0.997
nsum =  11.9820053
 exit write_ns

     total cpu time spent up to now is     50.26 secs

     total energy              =  -174.57617987 ryd
     estimated scf accuracy    <     0.01495765 ryd

     total magnetization       =     0.01 Bohr mag/cell
     absolute magnetization    =     7.38 Bohr mag/cell

     iteration #  5     ecut=    30.00 ryd     beta=0.30
     Davidson diagonalization (with overlap)
     ethr =  5.34E-05,  avg # of iterations =  1.5
 enter write_ns
U( 1) =  0.0000      U( 2) =  4.3000      U( 3) =  4.3000
alpha( 1) =  0.0000      alpha( 2) =  0.0000      alpha( 3) =  0.0000
atom  3   Tr[ns(na)]=   6.0356405
atom  3  spin  1
eigenvalues:  0.9797869 0.9797869 0.9956981 0.9978436 0.9978436
 eigenvectors
 1   0.7873460  0.0936269 -0.0132075  0.6038862  0.0804194
 2  -0.6038862  0.0388048 -0.1004857  0.7873460 -0.0616808
 3   0.0000000 -0.5773503 -0.5773503  0.0000000  0.5773503
 4   0.1230833 -0.3108499 -0.4925144 -0.0160693 -0.8033643
 5   0.0160693 -0.7481759  0.6432919  0.1230833 -0.1048840
 occupations
 0.980 -0.001 -0.001  0.000 -0.002
-0.001  0.997 -0.001 -0.002  0.001
-0.001 -0.001  0.997  0.002  0.001
 0.000 -0.002  0.002  0.980  0.000
-0.002  0.001  0.001  0.000  0.997
atom  3  spin  2
eigenvalues:  0.0180345 0.0180345 0.0802150 0.4841987 0.4841987
 eigenvectors
 1  -0.9048404 -0.0957873 -0.0126880 -0.4002009 -0.1084753
 2  -0.4002009  0.0699536 -0.1179310  0.9048404 -0.0479774
 3   0.0000000 -0.5773503 -0.5773503  0.0000000  0.5773503
 4  -0.1439498  0.3061800  0.4943193  0.0195330  0.8004993
 5   0.0195330 -0.7475639  0.6389416  0.1439498 -0.1086223
 occupations
 0.028 -0.027 -0.027  0.000 -0.055
-0.027  0.343 -0.131 -0.047  0.131
-0.027 -0.131  0.343  0.047  0.131
 0.000 -0.047  0.047  0.028  0.000
-0.055  0.131  0.131  0.000  0.343
atom  4   Tr[ns(na)]=   5.9470267
atom  4  spin  1
eigenvalues:  0.0176435 0.0176435 0.0798067 0.4406440 0.4406440
 eigenvectors
 1   0.9378390  0.0879223  0.0231168  0.3160120  0.1110391
 2   0.3160120 -0.0774549  0.1148704 -0.9378390  0.0374155
 3   0.0000000 -0.5773503 -0.5773503  0.0000000  0.5773503
 4  -0.1420875  0.3018265  0.4982234  0.0201378  0.8000499
 5   0.0201378 -0.7495584  0.6361686  0.1420875 -0.1133898
 occupations
 0.026 -0.025 -0.025  0.000 -0.049
-0.025  0.315 -0.117 -0.042  0.117
-0.025 -0.117  0.315  0.042  0.117
 0.000 -0.042  0.042  0.026  0.000
-0.049  0.117  0.117  0.000  0.315
atom  4  spin  2
eigenvalues:  0.9794738 0.9794738 0.9956868 0.9980053 0.9980053
 eigenvectors
 1  -0.8239865 -0.0868932  0.0066113 -0.5540820 -0.0802819
 2   0.5540820 -0.0425338  0.0965186 -0.8239865  0.0539848
 3   0.0000000  0.5773503  0.5773503  0.0000000 -0.5773503
 4  -0.1173331  0.3036449  0.4991999  0.0165005  0.8028449
 5   0.0165005 -0.7517359  0.6388322  0.1173331 -0.1129037
 occupations
 0.980 -0.001 -0.001  0.000 -0.002
-0.001  0.997 -0.001 -0.002  0.001
-0.001 -0.001  0.997  0.002  0.001
 0.000 -0.002  0.002  0.980  0.000
-0.002  0.001  0.001  0.000  0.997
nsum =  11.9826672
 exit write_ns

     total cpu time spent up to now is     59.52 secs

     total energy              =  -174.58014775 ryd
     estimated scf accuracy    <     0.00527649 ryd

     total magnetization       =    -0.09 Bohr mag/cell
     absolute magnetization    =     7.42 Bohr mag/cell

     iteration #  6     ecut=    30.00 ryd     beta=0.30
     Davidson diagonalization (with overlap)
     ethr =  1.88E-05,  avg # of iterations =  1.6
 enter write_ns
U( 1) =  0.0000      U( 2) =  4.3000      U( 3) =  4.3000
alpha( 1) =  0.0000      alpha( 2) =  0.0000      alpha( 3) =  0.0000
atom  3   Tr[ns(na)]=   5.8740570
atom  3  spin  1
eigenvalues:  0.9791217 0.9791217 0.9956455 0.9981307 0.9981307
 eigenvectors
 1   0.8037927  0.0851010 -0.0097284  0.5838659  0.0753726
 2  -0.5838659  0.0378997 -0.0926494  0.8037927 -0.0547498
 3   0.0000000 -0.5773503 -0.5773503  0.0000000  0.5773503
 4   0.1130721 -0.3080514 -0.4958353 -0.0152496 -0.8038867
 5   0.0152496 -0.7503948  0.6419778  0.1130721 -0.1084171
 occupations
 0.979 -0.001 -0.001  0.000 -0.002
-0.001  0.997 -0.001 -0.002  0.001
-0.001 -0.001  0.997  0.002  0.001
 0.000 -0.002  0.002  0.979  0.000
-0.002  0.001  0.001  0.000  0.997
atom  3  spin  2
eigenvalues:  0.0173055 0.0173055 0.0759217 0.4066870 0.4066870
 eigenvectors
 1  -0.9338514 -0.0886350 -0.0216103 -0.3277869 -0.1102453
 2   0.3277869 -0.0761269  0.1148236 -0.9338514  0.0386967
 3   0.0000000 -0.5773503 -0.5773503  0.0000000  0.5773503
 4  -0.1416017  0.2988598  0.5007805  0.0206440  0.7996403
 5   0.0206440 -0.7507983  0.6342193  0.1416017 -0.1165790
 occupations
 0.025 -0.023 -0.023  0.000 -0.045
-0.023  0.291 -0.108 -0.039  0.108
-0.023 -0.108  0.291  0.039  0.108
 0.000 -0.039  0.039  0.025  0.000
-0.045  0.108  0.108  0.000  0.291
atom  4   Tr[ns(na)]=   6.1086939
atom  4  spin  1
eigenvalues:  0.0184279 0.0184279 0.0777726 0.5214887 0.5214887
 eigenvectors
 1  -0.8378988 -0.1067273  0.0044037 -0.5254002 -0.1023236
 2   0.5254002 -0.0565341  0.1206956 -0.8378988  0.0641615
 3   0.0000000 -0.5773503 -0.5773503  0.0000000  0.5773503
 4  -0.1463776  0.2988303  0.5002657  0.0213035  0.7990960
 5   0.0213035 -0.7501868  0.6338881  0.1463776 -0.1162988
 occupations
 0.029 -0.030 -0.030  0.000 -0.060
-0.030  0.366 -0.144 -0.052  0.144
-0.030 -0.144  0.366  0.052  0.144
 0.000 -0.052  0.052  0.029  0.000
-0.060  0.144  0.144  0.000  0.366
atom  4  spin  2
eigenvalues:  0.9800288 0.9800288 0.9956829 0.9976738 0.9976738
 eigenvectors
 1   0.8097770  0.0960744 -0.0096767  0.5722523  0.0863977
 2  -0.5722523  0.0442949 -0.1053504  0.8097770 -0.0610555
 3   0.0000000 -0.5773503 -0.5773503  0.0000000  0.5773503
 4   0.1283995 -0.3070987 -0.4951983 -0.0173802 -0.8022970
 5   0.0173802 -0.7491093  0.6405099  0.1283995 -0.1085993
 occupations
 0.980 -0.001 -0.001  0.000 -0.002
-0.001  0.997 -0.001 -0.002  0.001
-0.001 -0.001  0.997  0.002  0.001
 0.000 -0.002  0.002  0.980  0.000
-0.002  0.001  0.001  0.000  0.997
nsum =  11.9827509
 exit write_ns

     total cpu time spent up to now is     68.82 secs

     total energy              =  -174.58207309 ryd
     estimated scf accuracy    <     0.02324964 ryd

     total magnetization       =     0.23 Bohr mag/cell
     absolute magnetization    =     7.42 Bohr mag/cell

     iteration #  7     ecut=    30.00 ryd     beta=0.30
     Davidson diagonalization (with overlap)
     ethr =  1.88E-05,  avg # of iterations =  1.0
 enter write_ns
U( 1) =  0.0000      U( 2) =  4.3000      U( 3) =  4.3000
alpha( 1) =  0.0000      alpha( 2) =  0.0000      alpha( 3) =  0.0000
atom  3   Tr[ns(na)]=   5.9960557
atom  3  spin  1
eigenvalues:  0.9794152 0.9794152 0.9956362 0.9978075 0.9978075
 eigenvectors
 1  -0.8373088 -0.0892759  0.0043249 -0.5326429 -0.0849510
 2   0.5326429 -0.0465495  0.1005899 -0.8373088  0.0540404
 3   0.0000000  0.5773503  0.5773503  0.0000000 -0.5773503
 4  -0.1220136  0.2993532  0.5023878  0.0178395  0.8017410
 5   0.0178395 -0.7529391  0.6357171  0.1220136 -0.1172220
 occupations
 0.980 -0.001 -0.001  0.000 -0.002
-0.001  0.997 -0.001 -0.002  0.001
-0.001 -0.001  0.997  0.002  0.001
 0.000 -0.002  0.002  0.980  0.000
-0.002  0.001  0.001  0.000  0.997
atom  3  spin  2
eigenvalues:  0.0179705 0.0179705 0.0699014 0.4700657 0.4700657
 eigenvectors
 1   0.9287615  0.0935017  0.0210353  0.3392615  0.1145370
 2   0.3392615 -0.0782727  0.1201112 -0.9287615  0.0418385
 3   0.0000000 -0.5773503 -0.5773503  0.0000000  0.5773503
 4  -0.1477180  0.2963678  0.5021796  0.0219807  0.7985474
 5   0.0219807 -0.7509751  0.6321496  0.1477180 -0.1188255
 occupations
 0.028 -0.027 -0.027  0.000 -0.055
-0.027  0.330 -0.130 -0.047  0.130
-0.027 -0.130  0.330  0.047  0.130
 0.000 -0.047  0.047  0.028  0.000
-0.055  0.130  0.130  0.000  0.330
atom  4   Tr[ns(na)]=   5.9867289
atom  4  spin  1
eigenvalues:  0.0179386 0.0179386 0.0699334 0.4654290 0.4654290
 eigenvectors
 1  -0.9442175 -0.0895440 -0.0268638 -0.2935351 -0.1164078
 2  -0.2935351  0.0827179 -0.1189063  0.9442175 -0.0361884
 3   0.0000000 -0.5773503 -0.5773503  0.0000000  0.5773503
 4  -0.1478523  0.3026183  0.4968971  0.0207427  0.7995154
 5   0.0207427 -0.7484841  0.6363172  0.1478523 -0.1121669
 occupations
 0.028 -0.027 -0.027  0.000 -0.054
-0.027  0.327 -0.129 -0.047  0.129
-0.027 -0.129  0.327  0.047  0.129
 0.000 -0.047  0.047  0.028  0.000
-0.054  0.129  0.129  0.000  0.327
atom  4  spin  2
eigenvalues:  0.9793904 0.9793904 0.9956298 0.9978248 0.9978248
 eigenvectors
 1  -0.8556398 -0.0871333  0.0007707 -0.5028213 -0.0863626
 2   0.5028213 -0.0494165  0.1001679 -0.8556398  0.0507514
 3   0.0000000  0.5773503  0.5773503  0.0000000 -0.5773503
 4  -0.1214128  0.3002162  0.5017178  0.0176134  0.8019340
 5   0.0176134 -0.7526637  0.6363267  0.1214128 -0.1163370
 occupations
 0.980 -0.001 -0.001  0.000 -0.002
-0.001  0.997 -0.001 -0.002  0.001
-0.001 -0.001  0.997  0.002  0.001
 0.000 -0.002  0.002  0.980  0.000
-0.002  0.001  0.001  0.000  0.997
nsum =  11.9827846
 exit write_ns

     total cpu time spent up to now is     78.05 secs

     total energy              =  -174.58048685 ryd
     estimated scf accuracy    <     0.00108215 ryd

     total magnetization       =    -0.01 Bohr mag/cell
     absolute magnetization    =     7.42 Bohr mag/cell

     iteration #  8     ecut=    30.00 ryd     beta=0.30
     Davidson diagonalization (with overlap)
     ethr =  3.86E-06,  avg # of iterations =  2.4
 enter write_ns
U( 1) =  0.0000      U( 2) =  4.3000      U( 3) =  4.3000
alpha( 1) =  0.0000      alpha( 2) =  0.0000      alpha( 3) =  0.0000
atom  3   Tr[ns(na)]=   5.9959009
atom  3  spin  1
eigenvalues:  0.9795836 0.9795836 0.9956553 0.9976362 0.9976362
 eigenvectors
 1   0.8314459  0.0926681 -0.0055176  0.5408186  0.0871505
 2  -0.5408186  0.0471308 -0.1038183  0.8314459 -0.0566875
 3   0.0000000 -0.5773503 -0.5773503  0.0000000  0.5773503
 4   0.1260071 -0.2998665 -0.5015678 -0.0183094 -0.8014342
 5   0.0183094 -0.7522886  0.6358363  0.1260071 -0.1164523
 occupations
 0.980 -0.001 -0.001  0.000 -0.002
-0.001  0.997 -0.001 -0.002  0.001
-0.001 -0.001  0.997  0.002  0.001
 0.000 -0.002  0.002  0.980  0.000
-0.002  0.001  0.001  0.000  0.997
atom  3  spin  2
eigenvalues:  0.0175432 0.0175432 0.0526314 0.4790441 0.4790441
 eigenvectors
 1  -0.9103908 -0.1036912 -0.0164401 -0.3817523 -0.1201314
 2  -0.3817523  0.0788496 -0.1292240  0.9103908 -0.0503744
 3   0.0000000 -0.5773503 -0.5773503  0.0000000  0.5773503
 4  -0.1579436  0.3004134  0.4975487  0.0225280  0.7979620
 5   0.0225280 -0.7479635  0.6341473  0.1579436 -0.1138161
 occupations
 0.029 -0.030 -0.030  0.000 -0.059
-0.030  0.329 -0.138 -0.051  0.138
-0.030 -0.138  0.329  0.051  0.138
 0.000 -0.051  0.051  0.029  0.000
-0.059  0.138  0.138  0.000  0.329
atom  4   Tr[ns(na)]=   5.9870651
atom  4  spin  1
eigenvalues:  0.0175245 0.0175245 0.0526286 0.4746331 0.4746331
 eigenvectors
 1   0.9386743  0.0968212  0.0269828  0.3057133  0.1238040
 2   0.3057133 -0.0870568  0.1273780 -0.9386743  0.0403213
 3   0.0000000 -0.5773503 -0.5773503  0.0000000  0.5773503
 4  -0.1577707  0.2971767  0.5002950  0.0232006  0.7974717
 5   0.0232006 -0.7492659  0.6319955  0.1577707 -0.1172704
 occupations
 0.029 -0.029 -0.029  0.000 -0.059
-0.029  0.326 -0.137 -0.051  0.137
-0.029 -0.137  0.326  0.051  0.137
 0.000 -0.051  0.051  0.029  0.000
-0.059  0.137  0.137  0.000  0.326
atom  4  spin  2
eigenvalues:  0.9795671 0.9795671 0.9956602 0.9976635 0.9976635
 eigenvectors
 1   0.8494521  0.0906028 -0.0019683  0.5122132  0.0886345
 2  -0.5122132  0.0500368 -0.1034827  0.8494521 -0.0534460
 3   0.0000000 -0.5773503 -0.5773503  0.0000000  0.5773503
 4   0.1254465 -0.2999302 -0.5015693 -0.0182209 -0.8014994
 5   0.0182209 -0.7523271  0.6359107  0.1254465 -0.1164164
 occupations
 0.980 -0.001 -0.001  0.000 -0.002
-0.001  0.997 -0.001 -0.002  0.001
-0.001 -0.001  0.997  0.002  0.001
 0.000 -0.002  0.002  0.980  0.000
-0.002  0.001  0.001  0.000  0.997
nsum =  11.9829660
 exit write_ns

     total cpu time spent up to now is     87.73 secs

     total energy              =  -174.58104150 ryd
     estimated scf accuracy    <     0.00014102 ryd

     total magnetization       =    -0.01 Bohr mag/cell
     absolute magnetization    =     7.43 Bohr mag/cell

     iteration #  9     ecut=    30.00 ryd     beta=0.30
     Davidson diagonalization (with overlap)
     ethr =  5.04E-07,  avg # of iterations =  2.8
 enter write_ns
U( 1) =  0.0000      U( 2) =  4.3000      U( 3) =  4.3000
alpha( 1) =  0.0000      alpha( 2) =  0.0000      alpha( 3) =  0.0000
atom  3   Tr[ns(na)]=   5.9871541
atom  3  spin  1
eigenvalues:  0.9794281 0.9794281 0.9956489 0.9976730 0.9976730
 eigenvectors
 1   0.8545116  0.0894010 -0.0009524  0.5039775  0.0884485
 2  -0.5039775  0.0505159 -0.1026815  0.8545116 -0.0521656
 3   0.0000000 -0.5773503 -0.5773503  0.0000000  0.5773503
 4   0.1245772 -0.3050426 -0.4973275 -0.0172365 -0.8023701
 5   0.0172365 -0.7503807  0.6393651  0.1245772 -0.1110157
 occupations
 0.980 -0.001 -0.001  0.000 -0.002
-0.001  0.997 -0.001 -0.002  0.001
-0.001 -0.001  0.997  0.002  0.001
 0.000 -0.002  0.002  0.980  0.000
-0.002  0.001  0.001  0.000  0.997
atom  3  spin  2
eigenvalues:  0.0176902 0.0176902 0.0561363 0.4728933 0.4728933
 eigenvectors
 1   0.8283599  0.1151961 -0.0067019  0.5373396  0.1084942
 2   0.5373396 -0.0587698  0.1291476 -0.8283599  0.0703779
 3   0.0000000 -0.5773503 -0.5773503  0.0000000  0.5773503
 4  -0.1562754  0.2841310  0.5113173  0.0257691  0.7954484
 5   0.0257691 -0.7544615  0.6232955  0.1562754 -0.1311661
 occupations
 0.029 -0.029 -0.029  0.000 -0.058
-0.029  0.326 -0.135 -0.050  0.135
-0.029 -0.135  0.326  0.050  0.135
 0.000 -0.050  0.050  0.029  0.000
-0.058  0.135  0.135  0.000  0.326
atom  4   Tr[ns(na)]=   5.9958240
atom  4  spin  1
eigenvalues:  0.0177409 0.0177409 0.0562726 0.4770907 0.4770907
 eigenvectors
 1  -0.9630355 -0.0878686 -0.0384111 -0.2177610 -0.1262797
 2  -0.2177610  0.0950843 -0.1236385  0.9630355 -0.0285543
 3   0.0000000 -0.5773503 -0.5773503  0.0000000  0.5773503
 4  -0.1565379  0.2866525  0.5092083  0.0252732  0.7958608
 5   0.0252732 -0.7534820  0.6249894  0.1565379 -0.1284926
 occupations
 0.029 -0.029 -0.029  0.000 -0.059
-0.029  0.329 -0.136 -0.051  0.136
-0.029 -0.136  0.329  0.051  0.136
 0.000 -0.051  0.051  0.029  0.000
-0.059  0.136  0.136  0.000  0.329
atom  4  spin  2
eigenvalues:  0.9794704 0.9794704 0.9956481 0.9976496 0.9976496
 eigenvectors
 1   0.8212188  0.0928639 -0.0074164  0.5564348  0.0854475
 2  -0.5564348  0.0450513 -0.1029481  0.8212188 -0.0578968
 3   0.0000000 -0.5773503 -0.5773503  0.0000000  0.5773503
 4   0.1252319 -0.3055763 -0.4968097 -0.0172320 -0.8023860
 5   0.0172320 -0.7500910  0.6396823  0.1252319 -0.1104086
 occupations
 0.980 -0.001 -0.001  0.000 -0.002
-0.001  0.997 -0.001 -0.002  0.001
-0.001 -0.001  0.997  0.002  0.001
 0.000 -0.002  0.002  0.980  0.000
-0.002  0.001  0.001  0.000  0.997
nsum =  11.9829781
 exit write_ns

     total cpu time spent up to now is     98.24 secs

     total energy              =  -174.58067838 ryd
     estimated scf accuracy    <     0.00007209 ryd

     total magnetization       =     0.01 Bohr mag/cell
     absolute magnetization    =     7.42 Bohr mag/cell

     iteration # 10     ecut=    30.00 ryd     beta=0.30
     Davidson diagonalization (with overlap)
     ethr =  2.57E-07,  avg # of iterations =  1.1
 enter write_ns
U( 1) =  0.0000      U( 2) =  4.3000      U( 3) =  4.3000
alpha( 1) =  0.0000      alpha( 2) =  0.0000      alpha( 3) =  0.0000
atom  3   Tr[ns(na)]=   5.9936865
atom  3  spin  1
eigenvalues:  0.9793698 0.9793698 0.9956296 0.9975960 0.9975960
 eigenvectors
 1   0.7918893  0.0951428 -0.0126491  0.5974060  0.0824937
 2  -0.5974060  0.0403248 -0.1025585  0.7918893 -0.0622337
 3   0.0000000 -0.5773503 -0.5773503  0.0000000  0.5773503
 4   0.1252984 -0.3021453 -0.4997134 -0.0178239 -0.8018587
 5   0.0178239 -0.7514630  0.6373970  0.1252984 -0.1140660
 occupations
 0.980 -0.001 -0.001  0.000 -0.002
-0.001  0.997 -0.001 -0.002  0.001
-0.001 -0.001  0.997  0.002  0.001
 0.000 -0.002  0.002  0.980  0.000
-0.002  0.001  0.001  0.000  0.997
atom  3  spin  2
eigenvalues:  0.0177285 0.0177285 0.0529458 0.4778612 0.4778612
 eigenvectors
 1   0.9615443  0.0903766  0.0388251  0.2215043  0.1292017
 2   0.2215043 -0.0970103  0.1267736 -0.9615443  0.0297633
 3   0.0000000 -0.5773503 -0.5773503  0.0000000  0.5773503
 4  -0.1601489  0.2819320  0.5126406  0.0268468  0.7945726
 5   0.0268468 -0.7547199  0.6215202  0.1601489 -0.1331996
 occupations
 0.030 -0.030 -0.030  0.000 -0.060
-0.030  0.328 -0.138 -0.052  0.138
-0.030 -0.138  0.328  0.052  0.138
 0.000 -0.052  0.052  0.030  0.000
-0.060  0.138  0.138  0.000  0.328
atom  4   Tr[ns(na)]=   5.9893335
atom  4  spin  1
eigenvalues:  0.0177203 0.0177203 0.0529422 0.4756856 0.4756856
 eigenvectors
 1  -0.8648985 -0.1133609 -0.0028373 -0.4749630 -0.1161983
 2  -0.4749630  0.0687253 -0.1325361  0.8648985 -0.0638108
 3   0.0000000 -0.5773503 -0.5773503  0.0000000  0.5773503
 4  -0.1601025  0.2812800  0.5131801  0.0269815  0.7944601
 5   0.0269815 -0.7549665  0.6210789  0.1601025 -0.1338876
 occupations
 0.030 -0.030 -0.030  0.000 -0.060
-0.030  0.327 -0.137 -0.052  0.137
-0.030 -0.137  0.327  0.052  0.137
 0.000 -0.052  0.052  0.030  0.000
-0.060  0.137  0.137  0.000  0.327
atom  4  spin  2
eigenvalues:  0.9793632 0.9793632 0.9956318 0.9976107 0.9976107
 eigenvectors
 1   0.8378213  0.0913408 -0.0042685  0.5311427  0.0870722
 2  -0.5311427  0.0478067 -0.1030068  0.8378213 -0.0552000
 3   0.0000000 -0.5773503 -0.5773503  0.0000000  0.5773503
 4   0.1249825 -0.3011342 -0.5005989 -0.0179525 -0.8017331
 5   0.0179525 -0.7519018  0.6367407  0.1249825 -0.1151610
 occupations
 0.980 -0.001 -0.001  0.000 -0.002
-0.001  0.997 -0.001 -0.002  0.001
-0.001 -0.001  0.997  0.002  0.001
 0.000 -0.002  0.002  0.980  0.000
-0.002  0.001  0.001  0.000  0.997
nsum =  11.9830200
 exit write_ns

