
     Program PWSCF     v.4.0 starts ...
     Today is 28Apr2008 at 16:19:39 

     For Norm-Conserving or Ultrasoft (Vanderbilt) Pseudopotentials or PAW

     Current dimensions of program pwscf are:
     Max number of different atomic species (ntypx) = 10
     Max number of k-points (npk) =  40000
     Max angular momentum in pseudopotentials (lmaxx) =  3


     bravais-lattice index     =            0
     lattice parameter (a_0)   =       8.1900  a.u.
     unit-cell volume          =     274.6766 (a.u.)^3
     number of atoms/cell      =            4
     number of atomic types    =            3
     number of electrons       =        28.00
     number of Kohn-Sham states=           20
     kinetic-energy cutoff     =      30.0000  Ry
     charge density cutoff     =     240.0000  Ry
     convergence threshold     =      1.0E-06
     mixing beta               =       0.3000
     number of iterations used =            8  plain     mixing
     Exchange-correlation      =  SLA  PZ   NOGX NOGC (1100)

     celldm(1)=   8.190000  celldm(2)=   0.000000  celldm(3)=   0.000000
     celldm(4)=   0.000000  celldm(5)=   0.000000  celldm(6)=   0.000000

     crystal axes: (cart. coord. in units of a_0)
               a(1) = (  0.500000  0.500000  1.000000 )  
               a(2) = (  0.500000  1.000000  0.500000 )  
               a(3) = (  1.000000  0.500000  0.500000 )  

     reciprocal axes: (cart. coord. in units 2 pi/a_0)
               b(1) = ( -0.500000 -0.500000  1.500000 )  
               b(2) = ( -0.500000  1.500000 -0.500000 )  
               b(3) = (  1.500000 -0.500000 -0.500000 )  


     PseudoPot. # 1 for O  read from file O.pz-rrkjus.UPF
     Pseudo is Ultrasoft, Zval =  6.0
     Generated by new atomic code, or converted to UPF format
     Using radial grid of 1269 points,  4 beta functions with: 
                l(1) =   0
                l(2) =   0
                l(3) =   1
                l(4) =   1
     Q(r) pseudized with 0 coefficients 


     PseudoPot. # 2 for Fe read from file Fe.pz-nd-rrkjus.UPF
     Pseudo is Ultrasoft + core correction, Zval =  8.0
     Generated by new atomic code, or converted to UPF format
     Using radial grid of  957 points,  6 beta functions with: 
                l(1) =   0
                l(2) =   0
                l(3) =   1
                l(4) =   1
                l(5) =   2
                l(6) =   2
     Q(r) pseudized with 0 coefficients 


     PseudoPot. # 3 for Fe read from file Fe.pz-nd-rrkjus.UPF
     Pseudo is Ultrasoft + core correction, Zval =  8.0
     Generated by new atomic code, or converted to UPF format
     Using radial grid of  957 points,  6 beta functions with: 
                l(1) =   0
                l(2) =   0
                l(3) =   1
                l(4) =   1
                l(5) =   2
                l(6) =   2
     Q(r) pseudized with 0 coefficients 


     atomic species   valence    mass     pseudopotential
        O1             6.00     1.00000     O ( 1.00)
        Fe1            8.00     1.00000     Fe( 1.00)
        Fe2            8.00     1.00000     Fe( 1.00)

     Starting magnetic structure 
     atomic species   magnetization
        O1           0.000
        Fe1          0.500
        Fe2         -0.500

     LDA+U calculation, Hubbard_lmax = 2
     atomic species  L   Hubbard U  Hubbard alpha
        Fe1          2    0.316044    0.000000
        Fe2          2    0.316044    0.000000

     12 Sym.Ops. (with inversion)


   Cartesian axes

     site n.     atom                  positions (a_0 units)
         1           O1  tau(  1) = (   0.5000000   0.5000000   0.5000000  )
         2           O1  tau(  2) = (   1.5000000   1.5000000   1.5000000  )
         3           Fe1 tau(  3) = (   0.0000000   0.0000000   0.0000000  )
         4           Fe2 tau(  4) = (   1.0000000   1.0000000   1.0000000  )

     number of k points=    8  gaussian broad. (Ry)=  0.0100     ngauss =   0
                       cart. coord. in units 2pi/a_0
        k(    1) = (   0.0000000   0.0000000   0.0000000), wk =   0.1250000
        k(    2) = (  -0.7500000   0.2500000   0.2500000), wk =   0.3750000
        k(    3) = (  -0.5000000  -0.5000000   0.5000000), wk =   0.3750000
        k(    4) = (  -0.2500000  -0.2500000  -0.2500000), wk =   0.1250000
        k(    5) = (   0.0000000   0.0000000   0.0000000), wk =   0.1250000
        k(    6) = (  -0.7500000   0.2500000   0.2500000), wk =   0.3750000
        k(    7) = (  -0.5000000  -0.5000000   0.5000000), wk =   0.3750000
        k(    8) = (  -0.2500000  -0.2500000  -0.2500000), wk =   0.1250000

     G cutoff =  407.7738  (  17255 G-vectors)     FFT grid: ( 50, 50, 50)
     G cutoff =  203.8869  (   6111 G-vectors)  smooth grid: ( 36, 36, 36)

     Largest allocated arrays     est. size (Mb)     dimensions
        Kohn-Sham Wavefunctions         0.24 Mb     (    780,  20)
        Atomic wavefunctions            0.24 Mb     (    780,  20)
        NL pseudopotentials             0.62 Mb     (    780,  52)
        Each V/rho on FFT grid          3.81 Mb     ( 125000,   2)
        Each G-vector array             0.13 Mb     (  17255)
        G-vector shells                 0.00 Mb     (    342)
     Largest temporary arrays     est. size (Mb)     dimensions
        Auxiliary wavefunctions         0.95 Mb     (    780,  80)
        Each subspace H/S matrix        0.10 Mb     (     80,  80)
        Each <psi_i|beta_j> matrix      0.02 Mb     (     52,  20)
        Arrays for rho mixing          15.26 Mb     ( 125000,   8)

     Check: negative/imaginary core charge=   -0.000003    0.000000

     Initial potential from superposition of free atoms

     starting charge   27.99905, renormalised to   28.00000

     Parameters of the lda+U calculation:
     Number of iteration with fixed ns =  0
     Starting ns and Hubbard U :
 enter write_ns
U( 1) =  0.0000      U( 2) =  4.3000      U( 3) =  4.3000
alpha( 1) =  0.0000      alpha( 2) =  0.0000      alpha( 3) =  0.0000
atom  3   Tr[ns(na)]=   6.0000000
atom  3  spin  1
eigenvalues:  1.0000000 1.0000000 1.0000000 1.0000000 1.0000000
 eigenvectors
 1   1.0000000  0.0000000  0.0000000  0.0000000  0.0000000
 2   0.0000000  1.0000000  0.0000000  0.0000000  0.0000000
 3   0.0000000  0.0000000  1.0000000  0.0000000  0.0000000
 4   0.0000000  0.0000000  0.0000000  1.0000000  0.0000000
 5   0.0000000  0.0000000  0.0000000  0.0000000  1.0000000
 occupations
 1.000  0.000  0.000  0.000  0.000
 0.000  1.000  0.000  0.000  0.000
 0.000  0.000  1.000  0.000  0.000
 0.000  0.000  0.000  1.000  0.000
 0.000  0.000  0.000  0.000  1.000
atom  3  spin  2
eigenvalues:  0.2000000 0.2000000 0.2000000 0.2000000 0.2000000
 eigenvectors
 1   1.0000000  0.0000000  0.0000000  0.0000000  0.0000000
 2   0.0000000  1.0000000  0.0000000  0.0000000  0.0000000
 3   0.0000000  0.0000000  1.0000000  0.0000000  0.0000000
 4   0.0000000  0.0000000  0.0000000  1.0000000  0.0000000
 5   0.0000000  0.0000000  0.0000000  0.0000000  1.0000000
 occupations
 0.200  0.000  0.000  0.000  0.000
 0.000  0.200  0.000  0.000  0.000
 0.000  0.000  0.200  0.000  0.000
 0.000  0.000  0.000  0.200  0.000
 0.000  0.000  0.000  0.000  0.200
atom  4   Tr[ns(na)]=   6.0000000
atom  4  spin  1
eigenvalues:  0.2000000 0.2000000 0.2000000 0.2000000 0.2000000
 eigenvectors
 1   1.0000000  0.0000000  0.0000000  0.0000000  0.0000000
 2   0.0000000  1.0000000  0.0000000  0.0000000  0.0000000
 3   0.0000000  0.0000000  1.0000000  0.0000000  0.0000000
 4   0.0000000  0.0000000  0.0000000  1.0000000  0.0000000
 5   0.0000000  0.0000000  0.0000000  0.0000000  1.0000000
 occupations
 0.200  0.000  0.000  0.000  0.000
 0.000  0.200  0.000  0.000  0.000
 0.000  0.000  0.200  0.000  0.000
 0.000  0.000  0.000  0.200  0.000
 0.000  0.000  0.000  0.000  0.200
atom  4  spin  2
eigenvalues:  1.0000000 1.0000000 1.0000000 1.0000000 1.0000000
 eigenvectors
 1   1.0000000  0.0000000  0.0000000  0.0000000  0.0000000
 2   0.0000000  1.0000000  0.0000000  0.0000000  0.0000000
 3   0.0000000  0.0000000  1.0000000  0.0000000  0.0000000
 4   0.0000000  0.0000000  0.0000000  1.0000000  0.0000000
 5   0.0000000  0.0000000  0.0000000  0.0000000  1.0000000
 occupations
 1.000  0.000  0.000  0.000  0.000
 0.000  1.000  0.000  0.000  0.000
 0.000  0.000  1.000  0.000  0.000
 0.000  0.000  0.000  1.000  0.000
 0.000  0.000  0.000  0.000  1.000
nsum =  12.0000000
 exit write_ns
 LDA+U Projector read from file 
     Starting wfc are   20 atomic wfcs

     total cpu time spent up to now is      2.67 secs

     per-process dynamical memory:    28.6 Mb

     Self-consistent Calculation

     iteration #  1     ecut=    30.00 Ry     beta=0.30
     Davidson diagonalization with overlap
     ethr =  1.00E-02,  avg # of iterations =  3.0
 enter write_ns
U( 1) =  0.0000      U( 2) =  4.3000      U( 3) =  4.3000
alpha( 1) =  0.0000      alpha( 2) =  0.0000      alpha( 3) =  0.0000
atom  3   Tr[ns(na)]=   5.6406612
atom  3  spin  1
eigenvalues:  0.9879557 0.9879557 0.9903396 0.9903396 0.9909571
 eigenvectors
 1  -0.9551858 -0.0468940 -0.0149193 -0.2852675 -0.0618132
 2   0.2852675 -0.0443015  0.0627621 -0.9551858  0.0184606
 3  -0.0229492 -0.5562961  0.7927156  0.0756032  0.2364195
 4  -0.0756032  0.5941714  0.1846809 -0.0229492  0.7788523
 5   0.0000000 -0.5773503 -0.5773503  0.0000000  0.5773503
 occupations
 0.988  0.000  0.000  0.000  0.000
 0.000  0.991  0.000  0.000  0.000
 0.000  0.000  0.991  0.000  0.000
 0.000  0.000  0.000  0.988  0.000
 0.000  0.000  0.000  0.000  0.991
atom  3  spin  2
eigenvalues:  0.0240864 0.0240864 0.2017543 0.2215931 0.2215931
 eigenvectors
 1   0.9699510  0.0364923  0.0149502  0.2345068  0.0514425
 2  -0.2345068  0.0383319 -0.0507692  0.9699510 -0.0124374
 3   0.0000000  0.5773503  0.5773503  0.0000000 -0.5773503
 4   0.0314225  0.4196730 -0.8146548 -0.0566935 -0.3949818
 5   0.0566935 -0.6983840 -0.0142555  0.0314225 -0.7126395
 occupations
 0.025 -0.005 -0.005  0.000 -0.010
-0.005  0.214 -0.006 -0.009  0.006
-0.005 -0.006  0.214  0.009  0.006
 0.000 -0.009  0.009  0.025  0.000
-0.010  0.006  0.006  0.000  0.214
atom  4   Tr[ns(na)]=   5.6406613
atom  4  spin  1
eigenvalues:  0.0240863 0.0240863 0.2017543 0.2215932 0.2215932
 eigenvectors
 1  -0.9703033 -0.0364345 -0.0150267 -0.2330449 -0.0514612
 2   0.2330449 -0.0383868  0.0507466 -0.9703033  0.0123598
 3   0.0000000  0.5773503  0.5773503  0.0000000 -0.5773503
 4   0.0316129  0.4173233 -0.8146981 -0.0565876 -0.3973748
 5   0.0565876 -0.6997906 -0.0115172  0.0316129 -0.7113079
 occupations
 0.025 -0.005 -0.005  0.000 -0.010
-0.005  0.214 -0.006 -0.009  0.006
-0.005 -0.006  0.214  0.009  0.006
 0.000 -0.009  0.009  0.025  0.000
-0.010  0.006  0.006  0.000  0.214
atom  4  spin  2
eigenvalues:  0.9879558 0.9879558 0.9903396 0.9903396 0.9909571
 eigenvectors
 1   0.9605767  0.0460197  0.0161426  0.2665519  0.0621623
 2   0.2665519 -0.0452094  0.0624589 -0.9605767  0.0172495
 3  -0.0334730 -0.4660954  0.8109275  0.0715689  0.3448320
 4  -0.0715689  0.6672781  0.0700115 -0.0334730  0.7372895
 5   0.0000000 -0.5773503 -0.5773503  0.0000000  0.5773503
 occupations
 0.988  0.000  0.000  0.000  0.000
 0.000  0.991  0.000  0.000  0.000
 0.000  0.000  0.991  0.000  0.000
 0.000  0.000  0.000  0.988  0.000
 0.000  0.000  0.000  0.000  0.991
nsum =  11.2813225
 exit write_ns
 Modify starting ns matrices according to input values 
 enter write_ns
U( 1) =  0.0000      U( 2) =  4.3000      U( 3) =  4.3000
alpha( 1) =  0.0000      alpha( 2) =  0.0000      alpha( 3) =  0.0000
atom  3   Tr[ns(na)]=   6.4389069
atom  3  spin  1
eigenvalues:  0.9879557 0.9879557 0.9903396 0.9903396 0.9909571
 eigenvectors
 1   0.9374138  0.0493379  0.0113253  0.3391354  0.0606632
 2   0.3391354 -0.0415626  0.0635091 -0.9374138  0.0219466
 3  -0.0397854 -0.4040741  0.8139372  0.0682615  0.4098632
 4  -0.0682615  0.7065615 -0.0033423 -0.0397854  0.7032191
 5   0.0000000 -0.5773503 -0.5773503  0.0000000  0.5773503
 occupations
 0.988  0.000  0.000  0.000  0.000
 0.000  0.991  0.000  0.000  0.000
 0.000  0.000  0.991  0.000  0.000
 0.000  0.000  0.000  0.988  0.000
 0.000  0.000  0.000  0.000  0.991
atom  3  spin  2
eigenvalues:  0.0240864 0.0240864 0.2215931 0.2215931 1.0000000
 eigenvectors
 1  -0.9850274 -0.0334584 -0.0187837 -0.1597480 -0.0522421
 2   0.1597480 -0.0410068  0.0494792 -0.9850274  0.0084724
 3   0.0334701  0.3939122 -0.8146325 -0.0555093 -0.4207203
 4   0.0555093 -0.7132313  0.0154777  0.0334701 -0.6977536
 5   0.0000000 -0.5773503 -0.5773503  0.0000000  0.5773503
 occupations
 0.025 -0.005 -0.005  0.000 -0.010
-0.005  0.481  0.260 -0.009 -0.260
-0.005  0.260  0.481  0.009 -0.260
 0.000 -0.009  0.009  0.025  0.000
-0.010 -0.260 -0.260  0.000  0.481
atom  4   Tr[ns(na)]=   6.4389070
atom  4  spin  1
eigenvalues:  0.0240863 0.0240863 0.2215932 0.2215932 1.0000000
 eigenvectors
 1  -0.9852271 -0.0334069 -0.0188458 -0.1585119 -0.0522527
 2   0.1585119 -0.0410487  0.0494556 -0.9852271  0.0084069
 3  -0.0163670 -0.5798886  0.7856218  0.0627188  0.2057332
 4  -0.0627188  0.5723590  0.2160187 -0.0163670  0.7883778
 5   0.0000000 -0.5773503 -0.5773503  0.0000000  0.5773503
 occupations
 0.025 -0.005 -0.005  0.000 -0.010
-0.005  0.481  0.260 -0.009 -0.260
-0.005  0.260  0.481  0.009 -0.260
 0.000 -0.009  0.009  0.025  0.000
-0.010 -0.260 -0.260  0.000  0.481
atom  4  spin  2
eigenvalues:  0.9879558 0.9879558 0.9903396 0.9903396 0.9909571
 eigenvectors
 1   0.9562943  0.0467205  0.0151647  0.2815293  0.0618852
 2  -0.2815293  0.0444848 -0.0627035  0.9562943 -0.0182188
 3  -0.0268472 -0.5246667  0.8012418  0.0743086  0.2765751
 4  -0.0743086  0.6222779  0.1432358 -0.0268472  0.7655137
 5   0.0000000 -0.5773503 -0.5773503  0.0000000  0.5773503
 occupations
 0.988  0.000  0.000  0.000  0.000
 0.000  0.991  0.000  0.000  0.000
 0.000  0.000  0.991  0.000  0.000
 0.000  0.000  0.000  0.988  0.000
 0.000  0.000  0.000  0.000  0.991
nsum =  12.8778140
 exit write_ns

     total cpu time spent up to now is      4.46 secs

     total energy              =  -174.15073358 Ry
     Harris-Foulkes estimate   =  -175.00407466 Ry
     estimated scf accuracy    <     2.39675807 Ry

     total magnetization       =     0.00 Bohr mag/cell
     absolute magnetization    =     8.48 Bohr mag/cell

     iteration #  2     ecut=    30.00 Ry     beta=0.30
     Davidson diagonalization with overlap
     ethr =  8.56E-03,  avg # of iterations =  2.0

     total cpu time spent up to now is      6.20 secs

     total energy              =  -174.58149604 Ry
     Harris-Foulkes estimate   =  -174.58521999 Ry
     estimated scf accuracy    <     0.24523348 Ry

     total magnetization       =     0.00 Bohr mag/cell
     absolute magnetization    =     7.24 Bohr mag/cell

     iteration #  3     ecut=    30.00 Ry     beta=0.30
     Davidson diagonalization with overlap
     ethr =  8.76E-04,  avg # of iterations =  1.2

     total cpu time spent up to now is      7.82 secs

     total energy              =  -174.64831309 Ry
     Harris-Foulkes estimate   =  -174.60020892 Ry
     estimated scf accuracy    <     0.11770690 Ry

     total magnetization       =     0.00 Bohr mag/cell
     absolute magnetization    =     7.37 Bohr mag/cell

     iteration #  4     ecut=    30.00 Ry     beta=0.30
     Davidson diagonalization with overlap
     ethr =  4.20E-04,  avg # of iterations =  2.0

     total cpu time spent up to now is      9.45 secs

     total energy              =  -174.67468574 Ry
     Harris-Foulkes estimate   =  -174.67175927 Ry
     estimated scf accuracy    <     0.00790771 Ry

     total magnetization       =     0.00 Bohr mag/cell
     absolute magnetization    =     7.38 Bohr mag/cell

     iteration #  5     ecut=    30.00 Ry     beta=0.30
     Davidson diagonalization with overlap
     ethr =  2.82E-05,  avg # of iterations =  2.5

     total cpu time spent up to now is     11.19 secs

     total energy              =  -174.67655750 Ry
     Harris-Foulkes estimate   =  -174.67565576 Ry
     estimated scf accuracy    <     0.00184333 Ry

     total magnetization       =     0.00 Bohr mag/cell
     absolute magnetization    =     7.36 Bohr mag/cell

     iteration #  6     ecut=    30.00 Ry     beta=0.30
     Davidson diagonalization with overlap
     ethr =  6.58E-06,  avg # of iterations =  1.8

     total cpu time spent up to now is     12.75 secs

     total energy              =  -174.67679228 Ry
     Harris-Foulkes estimate   =  -174.67681945 Ry
     estimated scf accuracy    <     0.00012219 Ry

     total magnetization       =     0.00 Bohr mag/cell
     absolute magnetization    =     7.36 Bohr mag/cell

     iteration #  7     ecut=    30.00 Ry     beta=0.30
     Davidson diagonalization with overlap
     ethr =  4.36E-07,  avg # of iterations =  5.0

     total cpu time spent up to now is     14.66 secs

     total energy              =  -174.67684628 Ry
     Harris-Foulkes estimate   =  -174.67684045 Ry
     estimated scf accuracy    <     0.00000950 Ry

     total magnetization       =     0.00 Bohr mag/cell
     absolute magnetization    =     7.36 Bohr mag/cell

     iteration #  8     ecut=    30.00 Ry     beta=0.30
     Davidson diagonalization with overlap
     ethr =  3.39E-08,  avg # of iterations =  3.2

     total cpu time spent up to now is     16.54 secs

     total energy              =  -174.67685240 Ry
     Harris-Foulkes estimate   =  -174.67684870 Ry
     estimated scf accuracy    <     0.00000466 Ry

     total magnetization       =     0.00 Bohr mag/cell
     absolute magnetization    =     7.36 Bohr mag/cell

     iteration #  9     ecut=    30.00 Ry     beta=0.30
     Davidson diagonalization with overlap
     ethr =  1.66E-08,  avg # of iterations =  2.0

     total cpu time spent up to now is     18.18 secs

     End of self-consistent calculation
 enter write_ns
U( 1) =  0.0000      U( 2) =  4.3000      U( 3) =  4.3000
alpha( 1) =  0.0000      alpha( 2) =  0.0000      alpha( 3) =  0.0000
atom  3   Tr[ns(na)]=   5.9906137
atom  3  spin  1
eigenvalues:  0.9814246 0.9814246 0.9943617 0.9963140 0.9963140
 eigenvectors
 1   0.9559070  0.0835914  0.0306945  0.2554425  0.1142859
 2   0.2554425 -0.0837044  0.1142445 -0.9559070  0.0305401
 3   0.0000000 -0.5773503 -0.5773503  0.0000000  0.5773503
 4   0.0027790  0.6917693 -0.7072653 -0.1448558 -0.0154961
 5   0.1448558 -0.4172865 -0.3904465  0.0027790 -0.8077330
 occupations
 0.982 -0.001 -0.001  0.000 -0.002
-0.001  0.995 -0.001 -0.002  0.001
-0.001 -0.001  0.995  0.002  0.001
 0.000 -0.002  0.002  0.982  0.000
-0.002  0.001  0.001  0.000  0.995
atom  3  spin  2
eigenvalues:  0.0144884 0.0144884 0.0176617 0.0176617 0.9764745
 eigenvectors
 1  -0.1210259  0.7545720 -0.1308673 -0.0991968  0.6237047
 2  -0.0991968 -0.2845398  0.7957484  0.1210259  0.5112086
 3  -0.8531159 -0.1109386  0.0005774 -0.4977007 -0.1103612
 4  -0.4977007  0.0633837 -0.1277675  0.8531159 -0.0643838
 5   0.0000000 -0.5773503 -0.5773503  0.0000000  0.5773503
 occupations
 0.018  0.000  0.000  0.000  0.000
 0.000  0.335  0.321  0.000 -0.321
 0.000  0.321  0.335  0.000 -0.321
 0.000  0.000  0.000  0.018  0.000
 0.000 -0.321 -0.321  0.000  0.335
atom  4   Tr[ns(na)]=   5.9906141
atom  4  spin  1
eigenvalues:  0.0144885 0.0144885 0.0176618 0.0176618 0.9764745
 eigenvectors
 1  -0.1561670  0.4470066  0.3577839 -0.0099959  0.8047905
 2  -0.0099959 -0.6712126  0.7227254  0.1561670  0.0515128
 3  -0.9751781 -0.0806268 -0.0455266 -0.1566513 -0.1261534
 4  -0.1566513  0.0991195 -0.1193846  0.9751781 -0.0202651
 5   0.0000000 -0.5773503 -0.5773503  0.0000000  0.5773503
 occupations
 0.018  0.000  0.000  0.000  0.000
 0.000  0.335  0.321  0.000 -0.321
 0.000  0.321  0.335  0.000 -0.321
 0.000  0.000  0.000  0.018  0.000
 0.000 -0.321 -0.321  0.000  0.335
atom  4  spin  2
eigenvalues:  0.9814247 0.9814247 0.9943617 0.9963140 0.9963140
 eigenvectors
 1  -0.9743505 -0.0760742 -0.0404167 -0.1721924 -0.1164909
 2  -0.1721924  0.0905906 -0.1111775  0.9743505 -0.0205869
 3   0.0000000  0.5773503  0.5773503  0.0000000 -0.5773503
 4  -0.0405551 -0.5586072  0.7847470  0.1390906  0.2261399
 5   0.1390906 -0.5836358 -0.1919501  0.0405551 -0.7755859
 occupations
 0.982 -0.001 -0.001  0.000 -0.002
-0.001  0.995 -0.001 -0.002  0.001
-0.001 -0.001  0.995  0.002  0.001
 0.000 -0.002  0.002  0.982  0.000
-0.002  0.001  0.001  0.000  0.995
nsum =  11.9812278
 exit write_ns

 ------ SPIN UP ------------


          k = 0.0000 0.0000 0.0000 (   731 PWs)   bands (ev):

    -8.7628  -7.5193   2.8001   5.0047   5.0047   5.4662   5.4662   6.7590
     7.2934   7.2934   7.7830   7.8265   7.8265   9.4263  11.5887  13.1874
    13.1874  14.7127  14.7127  15.5091

          k =-0.7500 0.2500 0.2500 (   764 PWs)   bands (ev):

    -7.5546  -7.5343   3.7492   4.0889   4.7638   5.4245   5.4932   5.5831
     5.7021   6.2797   6.8841   7.6991   7.8438   9.3479  13.2097  13.7136
    14.7662  14.9941  17.3578  17.6823

          k =-0.5000-0.5000 0.5000 (   780 PWs)   bands (ev):

    -7.5441  -7.5344   2.8784   4.1840   5.1086   5.2755   5.3275   5.5738
     6.6204   6.6385   6.9355   7.6877   7.8301   9.4452  13.1760  13.7332
    15.0731  15.1405  15.3218  16.7138

          k =-0.2500-0.2500-0.2500 (   748 PWs)   bands (ev):

    -8.2146  -8.1703   4.5307   4.9368   5.2135   5.2135   5.6808   5.6808
     6.6665   6.6665   7.0759   7.9059   7.9059   9.1318  13.2039  13.2039
    14.0831  14.3676  14.7108  14.7108

 ------ SPIN DOWN ----------


          k = 0.0000 0.0000 0.0000 (   731 PWs)   bands (ev):

    -8.7628  -7.5193   2.8001   5.0047   5.0047   5.4662   5.4662   6.7590
     7.2934   7.2934   7.7830   7.8265   7.8265   9.4263  11.5887  13.1874
    13.1874  14.7127  14.7127  15.5091

          k =-0.7500 0.2500 0.2500 (   764 PWs)   bands (ev):

    -7.5546  -7.5343   3.7492   4.0889   4.7638   5.4245   5.4932   5.5831
     5.7021   6.2797   6.8841   7.6991   7.8438   9.3479  13.2097  13.7136
    14.7662  14.9941  17.3578  17.6823

          k =-0.5000-0.5000 0.5000 (   780 PWs)   bands (ev):

    -7.5441  -7.5344   2.8784   4.1840   5.1086   5.2755   5.3275   5.5738
     6.6204   6.6385   6.9355   7.6877   7.8301   9.4452  13.1760  13.7332
    15.0731  15.1405  15.3218  16.7138

          k =-0.2500-0.2500-0.2500 (   748 PWs)   bands (ev):

    -8.2146  -8.1703   4.5307   4.9368   5.2135   5.2135   5.6808   5.6808
     6.6665   6.6665   7.0759   7.9059   7.9059   9.1318  13.2039  13.2039
    14.0831  14.3676  14.7108  14.7109

     the Fermi energy is    10.3637 ev

!    total energy              =  -174.67685715 Ry
     Harris-Foulkes estimate   =  -174.67685319 Ry
     estimated scf accuracy    <     0.00000071 Ry

     The total energy is the sum of the following terms:

     one-electron contribution =     0.53356967 Ry
     hartree contribution      =    28.15543574 Ry
     xc contribution           =   -65.89943570 Ry
     ewald contribution        =  -137.50929535 Ry
     Hubbard energy            =     0.04286850 Ry
     smearing contrib. (-TS)   =     0.00000000 Ry

     total magnetization       =     0.00 Bohr mag/cell
     absolute magnetization    =     7.36 Bohr mag/cell

     convergence has been achieved in   9 iterations

     Writing output data file feo_af.save
 
     PWSCF        :    18.27s CPU time,   19.62s wall time

     init_run     :     2.60s CPU
     electrons    :    15.50s CPU

     Called by init_run:
     wfcinit      :     0.37s CPU
     potinit      :     0.11s CPU

     Called by electrons:
     c_bands      :     7.90s CPU (       9 calls,   0.878 s avg)
     sum_band     :     4.89s CPU (       9 calls,   0.544 s avg)
     v_of_rho     :     0.49s CPU (      10 calls,   0.049 s avg)
     newd         :     1.75s CPU (      10 calls,   0.175 s avg)
     mix_rho      :     0.27s CPU (       9 calls,   0.030 s avg)

     Called by c_bands:
     init_us_2    :     0.13s CPU (     152 calls,   0.001 s avg)
     cegterg      :     7.62s CPU (      72 calls,   0.106 s avg)

     Called by *egterg:
     h_psi        :     6.95s CPU (     262 calls,   0.027 s avg)
     s_psi        :     0.19s CPU (     262 calls,   0.001 s avg)
     g_psi        :     0.06s CPU (     182 calls,   0.000 s avg)
     cdiaghg      :     0.26s CPU (     254 calls,   0.001 s avg)

     Called by h_psi:
     add_vuspsi   :     0.18s CPU (     262 calls,   0.001 s avg)

     General routines
     calbec       :     0.26s CPU (     334 calls,   0.001 s avg)
     cft3         :     0.82s CPU (     142 calls,   0.006 s avg)
     cft3s        :     7.16s CPU (    8254 calls,   0.001 s avg)
     interpolate  :     0.34s CPU (      38 calls,   0.009 s avg)
     davcio       :     0.00s CPU (     448 calls,   0.000 s avg)
 
