
     Program PWSCF     v.2.1    starts ...
     Today is 31Oct2004 at 17:54:18 

     Ultrasoft (Vanderbilt) Pseudopotentials

     Current dimensions of program pwscf are:

     ntypx = 10   npk = 40000  lmax =  3
     nchix =  6  ndmx =  2000  nbrx = 14  nqfx =  8
  HUBBARD L FOR TYPE Fe IS            2
  HUBBARD L FOR TYPE Fe IS            2
  MAXIMUM HUBBARD L IS            2


     bravais-lattice index     =            0
     lattice parameter (a_0)   =       8.1900  a.u.
     unit-cell volume          =     274.6766 (a.u.)^3
     number of atoms/cell      =            4
     number of atomic types    =            3
     kinetic-energy cutoff     =      30.0000  Ry
     charge density cutoff     =     240.0000  Ry
     convergence threshold     =      1.0E-06
     beta                      =       0.3000
     number of iterations used =            8  plain     mixing
     Exchange-correlation      =  SLA  PZ   NOGX NOGC (1100)
     iswitch =  0

     celldm(1)=   8.190000  celldm(2)=   0.000000  celldm(3)=   0.000000
     celldm(4)=   0.000000  celldm(5)=   0.000000  celldm(6)=   0.000000

     crystal axes: (cart. coord. in units of a_0)
               a(1) = (  0.500000  0.500000  1.000000 )  
               a(2) = (  0.500000  1.000000  0.500000 )  
               a(3) = (  1.000000  0.500000  0.500000 )  

     reciprocal axes: (cart. coord. in units 2 pi/a_0)
               b(1) = ( -0.500000 -0.500000  1.500000 )  
               b(2) = ( -0.500000  1.500000 -0.500000 )  
               b(3) = (  1.500000 -0.500000 -0.500000 )  


     PSEUDO 1 is O  (US)    zval =  6.0   lmax= 2   lloc= 0
     Version   0  0  0 of US pseudo code
     Using log mesh of  1269 points
     The pseudopotential has  4 beta functions with: 
                l(1) =   0
                l(2) =   0
                l(3) =   1
                l(4) =   1
     Q(r) pseudized with  0 coefficients,  rinner =    0.000   0.000   0.000
                                                       0.000   0.000

     PSEUDO 2 is Fe (US)    zval =  8.0   lmax= 2   lloc= 0
     Version   0  0  0 of US pseudo code
     Using log mesh of   957 points
     The pseudopotential has  6 beta functions with: 
                l(1) =   0
                l(2) =   0
                l(3) =   1
                l(4) =   1
                l(5) =   2
                l(6) =   2
     Q(r) pseudized with  0 coefficients,  rinner =    0.000   0.000   0.000
                                                       0.000   0.000

     PSEUDO 3 is Fe (US)    zval =  8.0   lmax= 2   lloc= 0
     Version   0  0  0 of US pseudo code
     Using log mesh of   957 points
     The pseudopotential has  6 beta functions with: 
                l(1) =   0
                l(2) =   0
                l(3) =   1
                l(4) =   1
                l(5) =   2
                l(6) =   2
     Q(r) pseudized with  0 coefficients,  rinner =    0.000   0.000   0.000
                                                       0.000   0.000

     atomic species   valence    mass     pseudopotential
        O1             6.00     1.00000     O ( 1.00)
        Fe1            8.00     1.00000     Fe( 1.00)
        Fe2            8.00     1.00000     Fe( 1.00)

     Starting magnetic structure 
     atomic species   magnetization
        O1           0.000
        Fe1          0.500
        Fe2         -0.500

     12 Sym.Ops. (with inversion)


   Cartesian axes

     site n.     atom                  positions (a_0 units)
         1           O1  tau(  1) = (   0.5000000   0.5000000   0.5000000  )
         2           O1  tau(  2) = (   1.5000000   1.5000000   1.5000000  )
         3           Fe1 tau(  3) = (   0.0000000   0.0000000   0.0000000  )
         4           Fe2 tau(  4) = (   1.0000000   1.0000000   1.0000000  )

     number of k points=    8  gaussian broad. (ryd)=  0.0100     ngauss =   0
                       cart. coord. in units 2pi/a_0
        k(   1) = (   0.0000000   0.0000000   0.0000000), wk =   0.1250000
        k(   2) = (  -0.7500000   0.2500000   0.2500000), wk =   0.3750000
        k(   3) = (  -0.5000000  -0.5000000   0.5000000), wk =   0.3750000
        k(   4) = (  -0.2500000  -0.2500000  -0.2500000), wk =   0.1250000
        k(   5) = (   0.0000000   0.0000000   0.0000000), wk =   0.1250000
        k(   6) = (  -0.7500000   0.2500000   0.2500000), wk =   0.3750000
        k(   7) = (  -0.5000000  -0.5000000   0.5000000), wk =   0.3750000
        k(   8) = (  -0.2500000  -0.2500000  -0.2500000), wk =   0.1250000

     G cutoff =  407.7738  (  17255 G-vectors)     FFT grid: ( 50, 50, 50)
     G cutoff =  203.8869  (   6111 G-vectors)  smooth grid: ( 36, 36, 36)

     nbndx  =    80  nbnd   =    20  natomwfc =    20  npwx   =     780
     nelec  =   28.00 nkb   =    52  ngl    =     342
  warning: negative or imaginary core charge    -0.000003    0.000000

     Initial potential from superposition of free atoms

     Parameters of the lda+U calculation:
     Number of iteration with fixed ns =  0
     Starting ns and Hubbard U :
 enter write_ns
U( 1) =  0.0000      U( 2) =  4.3000      U( 3) =  4.3000
alpha( 1) =  0.0000      alpha( 2) =  0.0000      alpha( 3) =  0.0000
atom  3   Tr[ns(na)]=   8.0000000
atom  3  spin  1
eigenvalues:  1.0000000 1.0000000 1.0000000 1.0000000 1.0000000
 eigenvectors
 1   1.0000000  0.0000000  0.0000000  0.0000000  0.0000000
 2   0.0000000  1.0000000  0.0000000  0.0000000  0.0000000
 3   0.0000000  0.0000000  1.0000000  0.0000000  0.0000000
 4   0.0000000  0.0000000  0.0000000  1.0000000  0.0000000
 5   0.0000000  0.0000000  0.0000000  0.0000000  1.0000000
 occupations
 1.000  0.000  0.000  0.000  0.000
 0.000  1.000  0.000  0.000  0.000
 0.000  0.000  1.000  0.000  0.000
 0.000  0.000  0.000  1.000  0.000
 0.000  0.000  0.000  0.000  1.000
atom  3  spin  2
eigenvalues:  0.6000000 0.6000000 0.6000000 0.6000000 0.6000000
 eigenvectors
 1   1.0000000  0.0000000  0.0000000  0.0000000  0.0000000
 2   0.0000000  1.0000000  0.0000000  0.0000000  0.0000000
 3   0.0000000  0.0000000  1.0000000  0.0000000  0.0000000
 4   0.0000000  0.0000000  0.0000000  1.0000000  0.0000000
 5   0.0000000  0.0000000  0.0000000  0.0000000  1.0000000
 occupations
 0.600  0.000  0.000  0.000  0.000
 0.000  0.600  0.000  0.000  0.000
 0.000  0.000  0.600  0.000  0.000
 0.000  0.000  0.000  0.600  0.000
 0.000  0.000  0.000  0.000  0.600
atom  4   Tr[ns(na)]=   8.0000000
atom  4  spin  1
eigenvalues:  0.6000000 0.6000000 0.6000000 0.6000000 0.6000000
 eigenvectors
 1   1.0000000  0.0000000  0.0000000  0.0000000  0.0000000
 2   0.0000000  1.0000000  0.0000000  0.0000000  0.0000000
 3   0.0000000  0.0000000  1.0000000  0.0000000  0.0000000
 4   0.0000000  0.0000000  0.0000000  1.0000000  0.0000000
 5   0.0000000  0.0000000  0.0000000  0.0000000  1.0000000
 occupations
 0.600  0.000  0.000  0.000  0.000
 0.000  0.600  0.000  0.000  0.000
 0.000  0.000  0.600  0.000  0.000
 0.000  0.000  0.000  0.600  0.000
 0.000  0.000  0.000  0.000  0.600
atom  4  spin  2
eigenvalues:  1.0000000 1.0000000 1.0000000 1.0000000 1.0000000
 eigenvectors
 1   1.0000000  0.0000000  0.0000000  0.0000000  0.0000000
 2   0.0000000  1.0000000  0.0000000  0.0000000  0.0000000
 3   0.0000000  0.0000000  1.0000000  0.0000000  0.0000000
 4   0.0000000  0.0000000  0.0000000  1.0000000  0.0000000
 5   0.0000000  0.0000000  0.0000000  0.0000000  1.0000000
 occupations
 1.000  0.000  0.000  0.000  0.000
 0.000  1.000  0.000  0.000  0.000
 0.000  0.000  1.000  0.000  0.000
 0.000  0.000  0.000  1.000  0.000
 0.000  0.000  0.000  0.000  1.000
nsum =  16.0000000
 exit write_ns
     Starting wfc are atomic
 LDA+U Projector read from file 

     total cpu time spent up to now is     12.21 secs

     Self-consistent Calculation

     iteration #  1     ecut=    30.00 ryd     beta=0.30
     Davidson diagonalization (with overlap)
     ethr =  1.00E-02,  avg # of iterations =  2.2
 enter write_ns
U( 1) =  0.0000      U( 2) =  4.3000      U( 3) =  4.3000
alpha( 1) =  0.0000      alpha( 2) =  0.0000      alpha( 3) =  0.0000
atom  3   Tr[ns(na)]=   5.8829892
atom  3  spin  1
eigenvalues:  0.9801226 0.9801226 0.9907746 0.9907746 0.9932045
 eigenvectors
 1  -0.9018164 -0.0497769 -0.0049946 -0.4257048 -0.0547715
 2   0.4257048 -0.0345060  0.0603610 -0.9018164  0.0258550
 3  -0.0738445  0.3383367  0.4722324  0.0070426  0.8105691
 4   0.0070426 -0.7406258  0.6633211  0.0738445 -0.0773047
 5   0.0000000 -0.5773503 -0.5773503  0.0000000  0.5773503
 occupations
 0.980  0.000  0.000  0.000 -0.001
 0.000  0.992  0.001 -0.001 -0.001
 0.000  0.001  0.992  0.001 -0.001
 0.000 -0.001  0.001  0.980  0.000
-0.001 -0.001 -0.001  0.000  0.992
atom  3  spin  2
eigenvalues:  0.0389918 0.0389918 0.2700376 0.2700376 0.3299315
 eigenvectors
 1   0.7509237  0.0427599 -0.0087948  0.6580685  0.0339651
 2  -0.6580685  0.0145321 -0.0442972  0.7509237 -0.0297651
 3  -0.0550479  0.3368007  0.4745571  0.0053961  0.8113578
 4   0.0053961 -0.7424233  0.6628896  0.0550479 -0.0795336
 5   0.0000000 -0.5773503 -0.5773503  0.0000000  0.5773503
 occupations
 0.040 -0.005 -0.005  0.000 -0.010
-0.005  0.290  0.020 -0.009 -0.020
-0.005  0.020  0.290  0.009 -0.020
 0.000 -0.009  0.009  0.040  0.000
-0.010 -0.020 -0.020  0.000  0.290
atom  4   Tr[ns(na)]=   5.8829892
atom  4  spin  1
eigenvalues:  0.0389918 0.0389918 0.2700376 0.2700376 0.3299315
 eigenvectors
 1   0.8714843  0.0387970  0.0006212  0.4872942  0.0394182
 2  -0.4872942  0.0231167 -0.0451575  0.8714843 -0.0220408
 3  -0.0551275  0.3486883  0.4638428  0.0045107  0.8125312
 4   0.0045107 -0.7369149  0.6704304  0.0551275 -0.0664845
 5   0.0000000 -0.5773503 -0.5773503  0.0000000  0.5773503
 occupations
 0.040 -0.005 -0.005  0.000 -0.010
-0.005  0.290  0.020 -0.009 -0.020
-0.005  0.020  0.290  0.009 -0.020
 0.000 -0.009  0.009  0.040  0.000
-0.010 -0.020 -0.020  0.000  0.290
atom  4  spin  2
eigenvalues:  0.9801226 0.9801226 0.9907746 0.9907746 0.9932045
 eigenvectors
 1   0.8718525  0.0519394  0.0010123  0.4841184  0.0529517
 2  -0.4841184  0.0311561 -0.0605589  0.8718525 -0.0294028
 3  -0.0738362  0.3374707  0.4730074  0.0071289  0.8104782
 4   0.0071289 -0.7410208  0.6627686  0.0738362 -0.0782522
 5   0.0000000 -0.5773503 -0.5773503  0.0000000  0.5773503
 occupations
 0.980  0.000  0.000  0.000 -0.001
 0.000  0.992  0.001 -0.001 -0.001
 0.000  0.001  0.992  0.001 -0.001
 0.000 -0.001  0.001  0.980  0.000
-0.001 -0.001 -0.001  0.000  0.992
nsum =  11.7659784
 exit write_ns
 Modify starting ns matrices according to input values 
 enter write_ns
U( 1) =  0.0000      U( 2) =  4.3000      U( 3) =  4.3000
alpha( 1) =  0.0000      alpha( 2) =  0.0000      alpha( 3) =  0.0000
atom  3   Tr[ns(na)]=   6.5530577
atom  3  spin  1
eigenvalues:  0.9801226 0.9801226 0.9907746 0.9907746 0.9932045
 eigenvectors
 1   0.8685612  0.0521487  0.0006031  0.4899987  0.0527518
 2  -0.4899987  0.0308044 -0.0605643  0.8685612 -0.0297599
 3  -0.0737539  0.3293528  0.4802218  0.0079354  0.8095747
 4   0.0079354 -0.7446643  0.6575601  0.0737539 -0.0871043
 5   0.0000000 -0.5773503 -0.5773503  0.0000000  0.5773503
 occupations
 0.980  0.000  0.000  0.000 -0.001
 0.000  0.992  0.001 -0.001 -0.001
 0.000  0.001  0.992  0.001 -0.001
 0.000 -0.001  0.001  0.980  0.000
-0.001 -0.001 -0.001  0.000  0.992
atom  3  spin  2
eigenvalues:  0.0389918 0.0389918 0.2700376 0.2700376 1.0000000
 eigenvectors
 1  -0.5264044 -0.0451391  0.0213293 -0.8484333 -0.0238098
 2   0.8484333 -0.0014321  0.0398077 -0.5264044  0.0383755
 3  -0.0551557  0.3534815  0.4594656  0.0041515  0.8129470
 4   0.0041515 -0.7346277  0.6734378  0.0551557 -0.0611899
 5   0.0000000 -0.5773503 -0.5773503  0.0000000  0.5773503
 occupations
 0.040 -0.005 -0.005  0.000 -0.010
-0.005  0.513  0.244 -0.009 -0.244
-0.005  0.244  0.513  0.009 -0.244
 0.000 -0.009  0.009  0.040  0.000
-0.010 -0.244 -0.244  0.000  0.513
atom  4   Tr[ns(na)]=   6.5530577
atom  4  spin  1
eigenvalues:  0.0389918 0.0389918 0.2700376 0.2700376 1.0000000
 eigenvectors
 1   0.9382266  0.0345983  0.0078387  0.3415721  0.0424370
 2  -0.3415721  0.0290267 -0.0444763  0.9382266 -0.0154497
 3  -0.0551813  0.3582013  0.4551226  0.0037965  0.8133239
 4   0.0037965 -0.7323380  0.6763804  0.0551813 -0.0559576
 5   0.0000000 -0.5773503 -0.5773503  0.0000000  0.5773503
 occupations
 0.040 -0.005 -0.005  0.000 -0.010
-0.005  0.513  0.244 -0.009 -0.244
-0.005  0.244  0.513  0.009 -0.244
 0.000 -0.009  0.009  0.040  0.000
-0.010 -0.244 -0.244  0.000  0.513
atom  4  spin  2
eigenvalues:  0.9801226 0.9801226 0.9907746 0.9907746 0.9932045
 eigenvectors
 1   0.8092087  0.0552285 -0.0060815  0.5828196  0.0491470
 2  -0.5828196  0.0248639 -0.0602612  0.8092087 -0.0353974
 3  -0.0738496  0.3388833  0.4717426  0.0069881  0.8106259
 4   0.0069881 -0.7403758  0.6636695  0.0738496 -0.0767064
 5   0.0000000 -0.5773503 -0.5773503  0.0000000  0.5773503
 occupations
 0.980  0.000  0.000  0.000 -0.001
 0.000  0.992  0.001 -0.001 -0.001
 0.000  0.001  0.992  0.001 -0.001
 0.000 -0.001  0.001  0.980  0.000
-0.001 -0.001 -0.001  0.000  0.992
nsum =  13.1061154
 exit write_ns

     total cpu time spent up to now is     25.82 secs

     total energy              =  -173.39210311 ryd
     estimated scf accuracy    <     2.10271003 ryd

     total magnetization       =     0.00 Bohr mag/cell
     absolute magnetization    =     8.01 Bohr mag/cell

     iteration #  2     ecut=    30.00 ryd     beta=0.30
     Davidson diagonalization (with overlap)
     ethr =  7.51E-03,  avg # of iterations =  2.2
 enter write_ns
U( 1) =  0.0000      U( 2) =  4.3000      U( 3) =  4.3000
alpha( 1) =  0.0000      alpha( 2) =  0.0000      alpha( 3) =  0.0000
atom  3   Tr[ns(na)]=   5.9897695
atom  3  spin  1
eigenvalues:  0.9622894 0.9622894 0.9945559 0.9945559 0.9948146
 eigenvectors
 1  -0.8899994 -0.0609044 -0.0042275 -0.4471371 -0.0651319
 2   0.4471371 -0.0400447  0.0727671 -0.8899994  0.0327224
 3   0.0886970 -0.3242311 -0.4837722 -0.0101113 -0.8080033
 4  -0.0101113  0.7458069 -0.6536958 -0.0886970  0.0921111
 5   0.0000000  0.5773503  0.5773503  0.0000000 -0.5773503
 occupations
 0.963 -0.001 -0.001  0.000 -0.002
-0.001  0.994  0.000 -0.002  0.000
-0.001  0.000  0.994  0.002  0.000
 0.000 -0.002  0.002  0.963  0.000
-0.002  0.000  0.000  0.000  0.994
atom  3  spin  2
eigenvalues:  0.0369180 0.0369180 0.1067693 0.1067693 0.7938897
 eigenvectors
 1  -0.7578580 -0.1944829  0.0304496 -0.5999946 -0.1640333
 2   0.5999946 -0.0771246  0.2069894 -0.7578580  0.1298648
 3  -0.2488885  0.2207791  0.5458220  0.0609278  0.7666011
 4  -0.0609278  0.7577278 -0.5700642 -0.2488885  0.1876636
 5   0.0000000 -0.5773503 -0.5773503  0.0000000  0.5773503
 occupations
 0.042 -0.007 -0.007  0.000 -0.014
-0.007  0.333  0.231 -0.012 -0.231
-0.007  0.231  0.333  0.012 -0.231
 0.000 -0.012  0.012  0.042  0.000
-0.014 -0.231 -0.231  0.000  0.333
atom  4   Tr[ns(na)]=   5.9897695
atom  4  spin  1
eigenvalues:  0.0369180 0.0369180 0.1067693 0.1067693 0.7938897
 eigenvectors
 1  -0.6752139 -0.2027260  0.0565804 -0.6916852 -0.1461455
 2  -0.6916852  0.0517104 -0.2014211  0.6752139 -0.1497106
 3  -0.2486294  0.2175826  0.5482205  0.0619765  0.7658031
 4  -0.0619765  0.7586519 -0.5677580 -0.2486294  0.1908938
 5   0.0000000 -0.5773503 -0.5773503  0.0000000  0.5773503
 occupations
 0.042 -0.007 -0.007  0.000 -0.014
-0.007  0.333  0.231 -0.012 -0.231
-0.007  0.231  0.333  0.012 -0.231
 0.000 -0.012  0.012  0.042  0.000
-0.014 -0.231 -0.231  0.000  0.333
atom  4  spin  2
eigenvalues:  0.9622894 0.9622894 0.9945559 0.9945559 0.9948146
 eigenvectors
 1  -0.9055234 -0.0594229 -0.0068451 -0.4147987 -0.0662680
 2   0.4147987 -0.0422119  0.0725677 -0.9055234  0.0303558
 3   0.0887888 -0.3312848 -0.4775551 -0.0092702 -0.8088400
 4  -0.0092702  0.7427005 -0.6582514 -0.0887888  0.0844492
 5   0.0000000  0.5773503  0.5773503  0.0000000 -0.5773503
 occupations
 0.963 -0.001 -0.001  0.000 -0.002
-0.001  0.994  0.000 -0.002  0.000
-0.001  0.000  0.994  0.002  0.000
 0.000 -0.002  0.002  0.963  0.000
-0.002  0.000  0.000  0.000  0.994
nsum =  11.9795390
 exit write_ns

     total cpu time spent up to now is     41.71 secs

     total energy              =  -174.59368327 ryd
     estimated scf accuracy    <     0.30486717 ryd

     total magnetization       =     0.00 Bohr mag/cell
     absolute magnetization    =     7.23 Bohr mag/cell

     iteration #  3     ecut=    30.00 ryd     beta=0.30
     Davidson diagonalization (with overlap)
     ethr =  1.09E-03,  avg # of iterations =  2.0
 enter write_ns
U( 1) =  0.0000      U( 2) =  4.3000      U( 3) =  4.3000
alpha( 1) =  0.0000      alpha( 2) =  0.0000      alpha( 3) =  0.0000
atom  3   Tr[ns(na)]=   5.9891994
atom  3  spin  1
eigenvalues:  0.9724428 0.9724428 0.9955235 0.9955235 0.9955575
 eigenvectors
 1   0.9054704  0.0666837  0.0078720  0.4123787  0.0745557
 2   0.4123787 -0.0475897  0.0815446 -0.9054704  0.0339549
 3   0.0997262 -0.3262963 -0.4811456 -0.0110420 -0.8074419
 4  -0.0110420  0.7439663 -0.6545640 -0.0997262  0.0894023
 5   0.0000000 -0.5773503 -0.5773503  0.0000000  0.5773503
 occupations
 0.973 -0.001 -0.001  0.000 -0.002
-0.001  0.995  0.000 -0.002  0.000
-0.001  0.000  0.995  0.002  0.000
 0.000 -0.002  0.002  0.973  0.000
-0.002  0.000  0.000  0.000  0.995
atom  3  spin  2
eigenvalues:  0.0264534 0.0264534 0.0704535 0.0704535 0.8638957
 eigenvectors
 1  -0.8314997 -0.1513651  0.0051819 -0.5141017 -0.1461831
 2   0.5141017 -0.0814071  0.1717895 -0.8314997  0.0903825
 3  -0.2050044  0.2318516  0.5455345  0.0477592  0.7773861
 4  -0.0477592  0.7637886 -0.5826836 -0.2050044  0.1811050
 5   0.0000000 -0.5773503 -0.5773503  0.0000000  0.5773503
 occupations
 0.028 -0.004 -0.004  0.000 -0.007
-0.004  0.334  0.265 -0.006 -0.265
-0.004  0.265  0.334  0.006 -0.265
 0.000 -0.006  0.006  0.028  0.000
-0.007 -0.265 -0.265  0.000  0.334
atom  4   Tr[ns(na)]=   5.9891994
atom  4  spin  1
eigenvalues:  0.0264534 0.0264534 0.0704535 0.0704535 0.8638957
 eigenvectors
 1  -0.8581563 -0.1467275 -0.0041420 -0.4682522 -0.1508695
 2   0.4682522 -0.0894959  0.1718177 -0.8581563  0.0823218
 3  -0.2070260  0.2675615  0.5174905  0.0380524  0.7850520
 4  -0.0380524  0.7520233 -0.6077267 -0.2070260  0.1442966
 5   0.0000000 -0.5773503 -0.5773503  0.0000000  0.5773503
 occupations
 0.028 -0.004 -0.004  0.000 -0.007
-0.004  0.334  0.265 -0.006 -0.265
-0.004  0.265  0.334  0.006 -0.265
 0.000 -0.006  0.006  0.028  0.000
-0.007 -0.265 -0.265  0.000  0.334
atom  4  spin  2
eigenvalues:  0.9724428 0.9724428 0.9955235 0.9955235 0.9955575
 eigenvectors
 1   0.9094669  0.0662143  0.0086705  0.4034882  0.0748848
 2   0.4034882 -0.0482407  0.0814636 -0.9094669  0.0332229
 3   0.0997135 -0.3254491 -0.4818904 -0.0111555 -0.8073396
 4  -0.0111555  0.7443373 -0.6540159 -0.0997135  0.0903214
 5   0.0000000 -0.5773503 -0.5773503  0.0000000  0.5773503
 occupations
 0.973 -0.001 -0.001  0.000 -0.002
-0.001  0.995  0.000 -0.002  0.000
-0.001  0.000  0.995  0.002  0.000
 0.000 -0.002  0.002  0.973  0.000
-0.002  0.000  0.000  0.000  0.995
nsum =  11.9783988
 exit write_ns

     total cpu time spent up to now is     55.98 secs

     total energy              =  -174.64564819 ryd
     estimated scf accuracy    <     0.17188667 ryd

     total magnetization       =     0.00 Bohr mag/cell
     absolute magnetization    =     7.34 Bohr mag/cell

     iteration #  4     ecut=    30.00 ryd     beta=0.30
     Davidson diagonalization (with overlap)
     ethr =  6.14E-04,  avg # of iterations =  2.0
 enter write_ns
U( 1) =  0.0000      U( 2) =  4.3000      U( 3) =  4.3000
alpha( 1) =  0.0000      alpha( 2) =  0.0000      alpha( 3) =  0.0000
atom  3   Tr[ns(na)]=   5.9894943
atom  3  spin  1
eigenvalues:  0.9818273 0.9818273 0.9940263 0.9964035 0.9964035
 eigenvectors
 1   0.9040224  0.0970050  0.0126599  0.4014309  0.1096649
 2  -0.4014309  0.0706243 -0.1193209  0.9040224 -0.0486967
 3   0.0000000 -0.5773503 -0.5773503  0.0000000  0.5773503
 4  -0.1454650  0.3002689  0.4991580  0.0208944  0.7994268
 5  -0.0208944  0.7497383 -0.6349096 -0.1454650  0.1148287
 occupations
 0.982 -0.001 -0.001  0.000 -0.002
-0.001  0.995 -0.001 -0.001  0.001
-0.001 -0.001  0.995  0.001  0.001
 0.000 -0.001  0.001  0.982  0.000
-0.002  0.001  0.001  0.000  0.995
atom  3  spin  2
eigenvalues:  0.0169999 0.0169999 0.0172473 0.0172473 0.9705120
 eigenvectors
 1  -0.4138827 -0.2401264  0.5166965  0.6538915  0.2765701
 2  -0.6538915  0.4579927 -0.0210408 -0.4138827  0.4369519
 3   0.6331231  0.3303320  0.3013071  0.0167969  0.6316390
 4  -0.0167969  0.5386367 -0.5553942  0.6331231 -0.0167575
 5   0.0000000 -0.5773503 -0.5773503  0.0000000  0.5773503
 occupations
 0.017  0.000  0.000  0.000  0.000
 0.000  0.335  0.318  0.000 -0.318
 0.000  0.318  0.335  0.000 -0.318
 0.000  0.000  0.000  0.017  0.000
 0.000 -0.318 -0.318  0.000  0.335
atom  4   Tr[ns(na)]=   5.9894943
atom  4  spin  1
eigenvalues:  0.0169999 0.0169999 0.0172473 0.0172473 0.9705120
 eigenvectors
 1   0.6992511 -0.0417616 -0.4254976 -0.3315485 -0.4672593
 2   0.3315485 -0.5154335  0.2938834  0.6992511 -0.2215501
 3   0.6316201  0.2747348  0.3554093 -0.0466866  0.6301440
 4   0.0466866  0.5690095 -0.5224320  0.6316201  0.0465775
 5   0.0000000 -0.5773503 -0.5773503  0.0000000  0.5773503
 occupations
 0.017  0.000  0.000  0.000  0.000
 0.000  0.335  0.318  0.000 -0.318
 0.000  0.318  0.335  0.000 -0.318
 0.000  0.000  0.000  0.017  0.000
 0.000 -0.318 -0.318  0.000  0.335
atom  4  spin  2
eigenvalues:  0.9818273 0.9818273 0.9940263 0.9964035 0.9964035
 eigenvectors
 1  -0.9135529 -0.0952520 -0.0155690 -0.3792419 -0.1108210
 2   0.3792419 -0.0729713  0.1189763 -0.9135529  0.0460050
 3   0.0000000 -0.5773503 -0.5773503  0.0000000  0.5773503
 4  -0.1457421  0.3106888  0.4902607  0.0188650  0.8009496
 5  -0.0188650  0.7454806 -0.6418047 -0.1457421  0.1036759
 occupations
 0.982 -0.001 -0.001  0.000 -0.002
-0.001  0.995 -0.001 -0.001  0.001
-0.001 -0.001  0.995  0.001  0.001
 0.000 -0.001  0.001  0.982  0.000
-0.002  0.001  0.001  0.000  0.995
nsum =  11.9789886
 exit write_ns

     total cpu time spent up to now is     71.29 secs

     total energy              =  -174.67555850 ryd
     estimated scf accuracy    <     0.00649415 ryd

     total magnetization       =     0.00 Bohr mag/cell
     absolute magnetization    =     7.37 Bohr mag/cell

     iteration #  5     ecut=    30.00 ryd     beta=0.30
     Davidson diagonalization (with overlap)
     ethr =  2.32E-05,  avg # of iterations =  2.5
 enter write_ns
U( 1) =  0.0000      U( 2) =  4.3000      U( 3) =  4.3000
alpha( 1) =  0.0000      alpha( 2) =  0.0000      alpha( 3) =  0.0000
atom  3   Tr[ns(na)]=   5.9898607
atom  3  spin  1
eigenvalues:  0.9807581 0.9807581 0.9942549 0.9962183 0.9962183
 eigenvectors
 1   0.9241886  0.0890033  0.0178548  0.3552694  0.1068581
 2  -0.3552694  0.0720030 -0.1130806  0.9241886 -0.0410776
 3   0.0000000 -0.5773503 -0.5773503  0.0000000  0.5773503
 4  -0.1391397  0.3147611  0.4874951  0.0172964  0.8022562
 5  -0.0172964  0.7446382 -0.6449102 -0.1391397  0.0997280
 occupations
 0.981 -0.001 -0.001  0.000 -0.002
-0.001  0.995 -0.001 -0.002  0.001
-0.001 -0.001  0.995  0.002  0.001
 0.000 -0.002  0.002  0.981  0.000
-0.002  0.001  0.001  0.000  0.995
atom  3  spin  2
eigenvalues:  0.0182221 0.0182221 0.0186361 0.0186361 0.9679369
 eigenvectors
 1  -0.8246520 -0.1385228 -0.2927928  0.1702928 -0.4313157
 2   0.1702928  0.4180642 -0.3289964  0.8246520  0.0890678
 3  -0.4500481  0.6150357 -0.0413907 -0.2973317  0.5736449
 4  -0.2973317 -0.3072971  0.6862851  0.4500481  0.3789880
 5   0.0000000 -0.5773503 -0.5773503  0.0000000  0.5773503
 occupations
 0.018  0.000  0.000  0.000  0.000
 0.000  0.335  0.316  0.000 -0.316
 0.000  0.316  0.335  0.000 -0.316
 0.000  0.000  0.000  0.018  0.000
 0.000 -0.316 -0.316  0.000  0.335
atom  4   Tr[ns(na)]=   5.9898607
atom  4  spin  1
eigenvalues:  0.0182221 0.0182221 0.0186361 0.0186361 0.9679369
 eigenvectors
 1  -0.8242676 -0.2935315 -0.1375817 -0.1721477 -0.4311132
 2  -0.1721477  0.3283361 -0.4183738  0.8242676 -0.0900377
 3   0.5058556 -0.5290765 -0.1157044  0.1872384 -0.6447809
 4   0.1872384  0.4390664 -0.6777269 -0.5058556 -0.2386605
 5   0.0000000 -0.5773503 -0.5773503  0.0000000  0.5773503
 occupations
 0.018  0.000  0.000  0.000  0.000
 0.000  0.335  0.316  0.000 -0.316
 0.000  0.316  0.335  0.000 -0.316
 0.000  0.000  0.000  0.018  0.000
 0.000 -0.316 -0.316  0.000  0.335
atom  4  spin  2
eigenvalues:  0.9807581 0.9807581 0.9942549 0.9962183 0.9962183
 eigenvectors
 1   0.9060056  0.0923678  0.0123879  0.3993680  0.1047557
 2   0.3993680 -0.0676329  0.1138093 -0.9060056  0.0461764
 3   0.0000000  0.5773503  0.5773503  0.0000000 -0.5773503
 4   0.1392761 -0.3208206 -0.4822219 -0.0161616 -0.8030425
 5   0.0161616 -0.7420477  0.6488626  0.1392761 -0.0931851
 occupations
 0.981 -0.001 -0.001  0.000 -0.002
-0.001  0.995 -0.001 -0.002  0.001
-0.001 -0.001  0.995  0.002  0.001
 0.000 -0.002  0.002  0.981  0.000
-0.002  0.001  0.001  0.000  0.995
nsum =  11.9797214
 exit write_ns

     total cpu time spent up to now is     86.30 secs

     total energy              =  -174.67617324 ryd
     estimated scf accuracy    <     0.00322021 ryd

     total magnetization       =     0.00 Bohr mag/cell
     absolute magnetization    =     7.36 Bohr mag/cell

     iteration #  6     ecut=    30.00 ryd     beta=0.30
     Davidson diagonalization (with overlap)
     ethr =  1.15E-05,  avg # of iterations =  2.0
 enter write_ns
U( 1) =  0.0000      U( 2) =  4.3000      U( 3) =  4.3000
alpha( 1) =  0.0000      alpha( 2) =  0.0000      alpha( 3) =  0.0000
atom  3   Tr[ns(na)]=   5.9900229
atom  3  spin  1
eigenvalues:  0.9813019 0.9813019 0.9940087 0.9962812 0.9962812
 eigenvectors
 1   0.9004928  0.0956376  0.0112591  0.4103808  0.1068967
 2  -0.4103808  0.0682173 -0.1169332  0.9004928 -0.0487159
 3   0.0000000 -0.5773503 -0.5773503  0.0000000  0.5773503
 4  -0.1427357  0.3128873  0.4887122  0.0180757  0.8015995
 5  -0.0180757  0.7449618 -0.6434492 -0.1427357  0.1015126
 occupations
 0.982 -0.001 -0.001  0.000 -0.002
-0.001  0.995 -0.001 -0.002  0.001
-0.001 -0.001  0.995  0.002  0.001
 0.000 -0.002  0.002  0.982  0.000
-0.002  0.001  0.001  0.000  0.995
atom  3  spin  2
eigenvalues:  0.0152356 0.0152356 0.0177915 0.0177915 0.9747937
 eigenvectors
 1   0.1309762 -0.1897842 -0.5860361 -0.0386226 -0.7758203
 2   0.0386226 -0.7862682  0.5574921  0.1309762 -0.2287761
 3  -0.9688260 -0.0746682 -0.0343719 -0.2067114 -0.1090400
 4   0.2067114 -0.0827989  0.1060640 -0.9688260  0.0232651
 5   0.0000000 -0.5773503 -0.5773503  0.0000000  0.5773503
 occupations
 0.018  0.000  0.000  0.000  0.000
 0.000  0.335  0.320  0.000 -0.320
 0.000  0.320  0.335  0.000 -0.320
 0.000  0.000  0.000  0.018  0.000
 0.000 -0.320 -0.320  0.000  0.335
atom  4   Tr[ns(na)]=   5.9900229
atom  4  spin  1
eigenvalues:  0.0152356 0.0152356 0.0177915 0.0177915 0.9747937
 eigenvectors
 1  -0.1352063  0.4985396  0.3023374 -0.0191238  0.8008770
 2  -0.0191238 -0.6369411  0.7502185  0.1352063  0.1132774
 3  -0.9243938 -0.0867344 -0.0173048 -0.3561595 -0.1040391
 4  -0.3561595  0.0700579 -0.1101432  0.9243938 -0.0400852
 5   0.0000000 -0.5773503 -0.5773503  0.0000000  0.5773503
 occupations
 0.018  0.000  0.000  0.000  0.000
 0.000  0.335  0.320  0.000 -0.320
 0.000  0.320  0.335  0.000 -0.320
 0.000  0.000  0.000  0.018  0.000
 0.000 -0.320 -0.320  0.000  0.335
atom  4  spin  2
eigenvalues:  0.9813019 0.9813019 0.9940087 0.9962812 0.9962812
 eigenvectors
 1   0.9160115  0.0928661  0.0158727  0.3744632  0.1087389
 2  -0.3744632  0.0719445 -0.1163967  0.9160115 -0.0444522
 3   0.0000000 -0.5773503 -0.5773503  0.0000000  0.5773503
 4  -0.1426867  0.3108900  0.4904346  0.0184581  0.8013246
 5  -0.0184581  0.7457975 -0.6421374 -0.1426867  0.1036601
 occupations
 0.982 -0.001 -0.001  0.000 -0.002
-0.001  0.995 -0.001 -0.002  0.001
-0.001 -0.001  0.995  0.002  0.001
 0.000 -0.002  0.002  0.982  0.000
-0.002  0.001  0.001  0.000  0.995
nsum =  11.9800458
 exit write_ns

     total cpu time spent up to now is    100.78 secs

     total energy              =  -174.67658886 ryd
     estimated scf accuracy    <     0.00021055 ryd

     total magnetization       =     0.00 Bohr mag/cell
     absolute magnetization    =     7.36 Bohr mag/cell

     iteration #  7     ecut=    30.00 ryd     beta=0.30
     Davidson diagonalization (with overlap)
     ethr =  7.52E-07,  avg # of iterations =  2.7
 enter write_ns
U( 1) =  0.0000      U( 2) =  4.3000      U( 3) =  4.3000
alpha( 1) =  0.0000      alpha( 2) =  0.0000      alpha( 3) =  0.0000
atom  3   Tr[ns(na)]=   5.9900670
atom  3  spin  1
eigenvalues:  0.9813754 0.9813754 0.9940434 0.9963079 0.9963079
 eigenvectors
 1   0.9067192  0.0948617  0.0131217  0.3962688  0.1079834
 2  -0.3962688  0.0699201 -0.1171127  0.9067192 -0.0471926
 3   0.0000000 -0.5773503 -0.5773503  0.0000000  0.5773503
 4  -0.1430611  0.3078198  0.4930210  0.0191011  0.8008408
 5  -0.0191011  0.7470114 -0.6400855 -0.1430611  0.1069259
 occupations
 0.982 -0.001 -0.001  0.000 -0.002
-0.001  0.995 -0.001 -0.002  0.001
-0.001 -0.001  0.995  0.002  0.001
 0.000 -0.002  0.002  0.982  0.000
-0.002  0.001  0.001  0.000  0.995
atom  3  spin  2
eigenvalues:  0.0151097 0.0151097 0.0176952 0.0176952 0.9750470
 eigenvectors
 1   0.1450789 -0.3867248 -0.4208874 -0.0035432 -0.8076121
 2  -0.0035432  0.7092745 -0.6895507 -0.1450789  0.0197238
 3  -0.8140920 -0.1070677  0.0095724 -0.5623111 -0.0974953
 4  -0.5623111  0.0507623 -0.1181045  0.8140920 -0.0673421
 5   0.0000000 -0.5773503 -0.5773503  0.0000000  0.5773503
 occupations
 0.018  0.000  0.000  0.000  0.000
 0.000  0.335  0.320  0.000 -0.320
 0.000  0.320  0.335  0.000 -0.320
 0.000  0.000  0.000  0.018  0.000
 0.000 -0.320 -0.320  0.000  0.335
atom  4   Tr[ns(na)]=   5.9900670
atom  4  spin  1
eigenvalues:  0.0151097 0.0151097 0.0176952 0.0176952 0.9750470
 eigenvectors
 1  -0.1371282  0.6106718  0.1526814 -0.0475004  0.7633531
 2  -0.0475004 -0.5288727  0.7932936  0.1371282  0.2644209
 3   0.9608988  0.0819968  0.0330799  0.2358244  0.1150767
 4   0.2358244 -0.0855383  0.1137805 -0.9608988  0.0282422
 5   0.0000000 -0.5773503 -0.5773503  0.0000000  0.5773503
 occupations
 0.018  0.000  0.000  0.000  0.000
 0.000  0.335  0.320  0.000 -0.320
 0.000  0.320  0.335  0.000 -0.320
 0.000  0.000  0.000  0.018  0.000
 0.000 -0.320 -0.320  0.000  0.335
atom  4  spin  2
eigenvalues:  0.9813754 0.9813754 0.9940434 0.9963079 0.9963079
 eigenvectors
 1   0.9033667  0.0954443  0.0121399  0.4038530  0.1075842
 2  -0.4038530  0.0691227 -0.1172185  0.9033667 -0.0480958
 3   0.0000000 -0.5773503 -0.5773503  0.0000000  0.5773503
 4  -0.1428944  0.3014884  0.4984190  0.0203108  0.7999074
 5  -0.0203108  0.7495891 -0.6358912 -0.1428944  0.1136979
 occupations
 0.982 -0.001 -0.001  0.000 -0.002
-0.001  0.995 -0.001 -0.002  0.001
-0.001 -0.001  0.995  0.002  0.001
 0.000 -0.002  0.002  0.982  0.000
-0.002  0.001  0.001  0.000  0.995
nsum =  11.9801340
 exit write_ns

     total cpu time spent up to now is    116.74 secs

     total energy              =  -174.67664696 ryd
     estimated scf accuracy    <     0.00011017 ryd

     total magnetization       =     0.00 Bohr mag/cell
     absolute magnetization    =     7.36 Bohr mag/cell

     iteration #  8     ecut=    30.00 ryd     beta=0.30
     Davidson diagonalization (with overlap)
     ethr =  3.93E-07,  avg # of iterations =  2.2
 enter write_ns
U( 1) =  0.0000      U( 2) =  4.3000      U( 3) =  4.3000
alpha( 1) =  0.0000      alpha( 2) =  0.0000      alpha( 3) =  0.0000
atom  3   Tr[ns(na)]=   5.9901109
atom  3  spin  1
eigenvalues:  0.9813827 0.9813827 0.9940108 0.9963074 0.9963074
 eigenvectors
 1   0.8917766  0.0975237  0.0089014  0.4287402  0.1064251
 2  -0.4287402  0.0665838 -0.1177499  0.8917766 -0.0511661
 3   0.0000000 -0.5773503 -0.5773503  0.0000000  0.5773503
 4  -0.1434334  0.3109951  0.4902604  0.0185274  0.8012555
 5  -0.0185274  0.7456571 -0.6421582 -0.1434334  0.1034989
 occupations
 0.982 -0.001 -0.001  0.000 -0.002
-0.001  0.995 -0.001 -0.002  0.001
-0.001 -0.001  0.995  0.002  0.001
 0.000 -0.002  0.002  0.982  0.000
-0.002  0.001  0.001  0.000  0.995
atom  3  spin  2
eigenvalues:  0.0146474 0.0146474 0.0177002 0.0177002 0.9760248
 eigenvectors
 1  -0.1436444  0.1929451  0.5824196  0.0416583  0.7753647
 2  -0.0416583  0.7839172 -0.5590539 -0.1436444  0.2248633
 3   0.9420342  0.0902980  0.0260498  0.3003373  0.1163477
 4  -0.3003373  0.0822132 -0.1193070  0.9420342 -0.0370937
 5   0.0000000 -0.5773503 -0.5773503  0.0000000  0.5773503
 occupations
 0.018  0.000  0.000  0.000  0.000
 0.000  0.335  0.320  0.000 -0.320
 0.000  0.320  0.335  0.000 -0.320
 0.000  0.000  0.000  0.018  0.000
 0.000 -0.320 -0.320  0.000  0.335
atom  4   Tr[ns(na)]=   5.9901109
atom  4  spin  1
eigenvalues:  0.0146474 0.0146474 0.0177002 0.0177002 0.9760248
 eigenvectors
 1  -0.1494226  0.3729841  0.4335705  0.0064803  0.8065546
 2  -0.0064803  0.7159866 -0.6810070 -0.1494226  0.0349796
 3  -0.9478330 -0.0886415 -0.0284224 -0.2815023 -0.1170639
 4   0.2815023 -0.0839966  0.1187640 -0.9478330  0.0347675
 5   0.0000000 -0.5773503 -0.5773503  0.0000000  0.5773503
 occupations
 0.018  0.000  0.000  0.000  0.000
 0.000  0.335  0.320  0.000 -0.320
 0.000  0.320  0.335  0.000 -0.320
 0.000  0.000  0.000  0.018  0.000
 0.000 -0.320 -0.320  0.000  0.335
atom  4  spin  2
eigenvalues:  0.9813827 0.9813827 0.9940108 0.9963074 0.9963074
 eigenvectors
 1  -0.9255821 -0.0913854 -0.0190741 -0.3498305 -0.1104595
 2   0.3498305 -0.0747862  0.1165352 -0.9255821  0.0417490
 3   0.0000000 -0.5773503 -0.5773503  0.0000000  0.5773503
 4  -0.1432201  0.3027423  0.4973215  0.0201101  0.8000638
 5  -0.0201101  0.7490457 -0.6367054 -0.1432201  0.1123403
 occupations
 0.982 -0.001 -0.001  0.000 -0.002
-0.001  0.995 -0.001 -0.002  0.001
-0.001 -0.001  0.995  0.002  0.001
 0.000 -0.002  0.002  0.982  0.000
-0.002  0.001  0.001  0.000  0.995
nsum =  11.9802217
 exit write_ns

     total cpu time spent up to now is    131.36 secs

     total energy              =  -174.67666589 ryd
     estimated scf accuracy    <     0.00000694 ryd

     total magnetization       =     0.00 Bohr mag/cell
     absolute magnetization    =     7.36 Bohr mag/cell

     iteration #  9     ecut=    30.00 ryd     beta=0.30
     Davidson diagonalization (with overlap)
     ethr =  2.48E-08,  avg # of iterations =  3.2
 enter write_ns
U( 1) =  0.0000      U( 2) =  4.3000      U( 3) =  4.3000
alpha( 1) =  0.0000      alpha( 2) =  0.0000      alpha( 3) =  0.0000
atom  3   Tr[ns(na)]=   5.9901164
atom  3  spin  1
eigenvalues:  0.9813882 0.9813882 0.9939883 0.9963085 0.9963085
 eigenvectors
 1   0.9102661  0.0945235  0.0142463  0.3878750  0.1087698
 2  -0.3878750  0.0710234 -0.1173715  0.9102661 -0.0463481
 3   0.0000000 -0.5773503 -0.5773503  0.0000000  0.5773503
 4  -0.1435077  0.3068748  0.4937771  0.0193413  0.8006519
 5  -0.0193413  0.7473390 -0.6394308 -0.1435077  0.1079081
 occupations
 0.982 -0.001 -0.001  0.000 -0.002
-0.001  0.995 -0.001 -0.002  0.001
-0.001 -0.001  0.995  0.002  0.001
 0.000 -0.002  0.002  0.982  0.000
-0.002  0.001  0.001  0.000  0.995
atom  3  spin  2
eigenvalues:  0.0145118 0.0145118 0.0176982 0.0176982 0.9763147
 eigenvectors
 1   0.1533080 -0.3917503 -0.4149798 -0.0025487 -0.8067302
 2  -0.0025487  0.7053546 -0.6919431 -0.1533080  0.0134115
 3   0.8365448  0.1107034 -0.0047208  0.5260067  0.1059826
 4  -0.5260067  0.0584635 -0.1251037  0.8365448 -0.0666402
 5   0.0000000 -0.5773503 -0.5773503  0.0000000  0.5773503
 occupations
 0.018  0.000  0.000  0.000  0.000
 0.000  0.335  0.321  0.000 -0.321
 0.000  0.321  0.335  0.000 -0.321
 0.000  0.000  0.000  0.018  0.000
 0.000 -0.321 -0.321  0.000  0.335
atom  4   Tr[ns(na)]=   5.9901164
atom  4  spin  1
eigenvalues:  0.0145118 0.0145118 0.0176982 0.0176982 0.9763147
 eigenvectors
 1  -0.1530210  0.3583323  0.4468878  0.0097161  0.8052201
 2  -0.0097161  0.7229049 -0.6717773 -0.1530210  0.0511276
 3   0.8132388  0.1131067 -0.0100768  0.5613669  0.1030299
 4  -0.5613669  0.0536665 -0.1247865  0.8132388 -0.0711200
 5   0.0000000 -0.5773503 -0.5773503  0.0000000  0.5773503
 occupations
 0.018  0.000  0.000  0.000  0.000
 0.000  0.335  0.321  0.000 -0.321
 0.000  0.321  0.335  0.000 -0.321
 0.000  0.000  0.000  0.018  0.000
 0.000 -0.321 -0.321  0.000  0.335
atom  4  spin  2
eigenvalues:  0.9813882 0.9813882 0.9939883 0.9963085 0.9963085
 eigenvectors
 1   0.8816331  0.0991559  0.0061925  0.4491709  0.1053484
 2   0.4491709 -0.0643982  0.1180706 -0.8816331  0.0536725
 3   0.0000000  0.5773503  0.5773503  0.0000000 -0.5773503
 4   0.1438691 -0.3219099 -0.4807586 -0.0164382 -0.8026685
 5   0.0164382 -0.7409870  0.6492756  0.1438691 -0.0917114
 occupations
 0.982 -0.001 -0.001  0.000 -0.002
-0.001  0.995 -0.001 -0.002  0.001
-0.001 -0.001  0.995  0.002  0.001
 0.000 -0.002  0.002  0.982  0.000
-0.002  0.001  0.001  0.000  0.995
nsum =  11.9802328
 exit write_ns

     total cpu time spent up to now is    146.67 secs

     End of self-consistent calculation

 ------ SPIN UP ------------


          k = 0.0000 0.0000 0.0000 (  731 PWs)   bands (ev):

    -8.7606  -7.5167   2.8020   5.0031   5.0031   5.4631   5.4631   6.7588
     7.2911   7.2911   7.7870   7.8287   7.8287   9.4314  11.5890  13.1811
    13.1811  14.7076  14.7076  20.0065

          k =-0.7500 0.2500 0.2500 (  764 PWs)   bands (ev):

    -7.5519  -7.5316   3.7492   4.0896   4.7643   5.4269   5.4922   5.5797
     5.6995   6.2807   6.8793   7.6961   7.8416   9.3475  13.2042  13.7078
    14.7615  14.9882  17.3581  17.6826

          k =-0.5000-0.5000 0.5000 (  780 PWs)   bands (ev):

    -7.5414  -7.5317   2.8787   4.1857   5.1058   5.2754   5.3264   5.5702
     6.6233   6.6404   6.9301   7.6847   7.8275   9.4446  13.1703  13.7273
    15.0673  15.1355  15.3223  16.7129

          k =-0.2500-0.2500-0.2500 (  748 PWs)   bands (ev):

    -8.2122  -8.1679   4.5325   4.9393   5.2107   5.2107   5.6782   5.6782
     6.6676   6.6676   7.0711   7.9052   7.9052   9.1322  13.1974  13.1974
    14.0841  14.3686  14.7064  14.7064

 ------ SPIN DOWN ----------


          k = 0.0000 0.0000 0.0000 (  731 PWs)   bands (ev):

    -8.7606  -7.5167   2.8020   5.0031   5.0031   5.4631   5.4631   6.7588
     7.2911   7.2911   7.7870   7.8287   7.8287   9.4314  11.5890  13.1811
    13.1811  14.7076  14.7076  20.0065

          k =-0.7500 0.2500 0.2500 (  764 PWs)   bands (ev):

    -7.5519  -7.5316   3.7492   4.0896   4.7643   5.4269   5.4922   5.5797
     5.6995   6.2807   6.8793   7.6961   7.8416   9.3475  13.2042  13.7078
    14.7615  14.9882  17.3581  17.6826

          k =-0.5000-0.5000 0.5000 (  780 PWs)   bands (ev):

    -7.5414  -7.5317   2.8787   4.1857   5.1058   5.2754   5.3264   5.5702
     6.6233   6.6404   6.9301   7.6847   7.8275   9.4446  13.1703  13.7273
    15.0673  15.1355  15.3223  16.7129

          k =-0.2500-0.2500-0.2500 (  748 PWs)   bands (ev):

    -8.2122  -8.1679   4.5325   4.9393   5.2107   5.2107   5.6782   5.6782
     6.6676   6.6676   7.0711   7.9052   7.9052   9.1322  13.1974  13.1974
    14.0841  14.3686  14.7064  14.7064

     the Fermi energy is    10.2029 ev

!    total energy              =  -174.67666751 ryd
     estimated scf accuracy    <     0.00000016 ryd

     band energy sum           =     8.64411451 ryd
     one-electron contribution =    -1.27411438 ryd
     hartree contribution      =    28.15608156 ryd
     xc contribution           =   -65.89935328 ryd
     ewald contribution        =  -137.50929535 ryd
     Hubbard energy            =     1.85001394 ryd
     correction for metals     =     0.00000000 ryd

     total magnetization       =     0.00 Bohr mag/cell
     absolute magnetization    =     7.36 Bohr mag/cell

     convergence has been achieved

     Writing file    feo_af.save for program phonon
 
     PWSCF        :  2m26.69s CPU time

     init_run     :    11.67s CPU
     electrons    :   134.46s CPU
 
