
     Program PWSCF     v.3.1.1  starts ...
     Today is  6Jul2006 at  5: 9:27 

     Ultrasoft (Vanderbilt) Pseudopotentials

     Current dimensions of program pwscf are:

     ntypx = 10   npk = 40000  lmax =  3
     nchix =  6  ndmx =  2000  nbrx = 14  nqfx =  8
  HUBBARD L FOR TYPE Fe IS            2
  HUBBARD L FOR TYPE Fe IS            2
  MAXIMUM HUBBARD L IS            2


     bravais-lattice index     =            0
     lattice parameter (a_0)   =       8.1900  a.u.
     unit-cell volume          =     274.6766 (a.u.)^3
     number of atoms/cell      =            4
     number of atomic types    =            3
     kinetic-energy cutoff     =      30.0000  Ry
     charge density cutoff     =     240.0000  Ry
     convergence threshold     =      1.0E-06
     beta                      =       0.3000
     number of iterations used =            8  plain     mixing
     Exchange-correlation      =  SLA  PZ   NOGX NOGC (1100)
     celldm(1)=   8.190000  celldm(2)=   0.000000  celldm(3)=   0.000000
     celldm(4)=   0.000000  celldm(5)=   0.000000  celldm(6)=   0.000000

     crystal axes: (cart. coord. in units of a_0)
               a(1) = (  0.500000  0.500000  1.000000 )  
               a(2) = (  0.500000  1.000000  0.500000 )  
               a(3) = (  1.000000  0.500000  0.500000 )  

     reciprocal axes: (cart. coord. in units 2 pi/a_0)
               b(1) = ( -0.500000 -0.500000  1.500000 )  
               b(2) = ( -0.500000  1.500000 -0.500000 )  
               b(3) = (  1.500000 -0.500000 -0.500000 )  


     PSEUDO 1 is O  (US)    zval =  6.0   lmax= 2   lloc= 0
     Version   0  0  0 of US pseudo code
     Using log mesh of  1269 points
     The pseudopotential has  4 beta functions with: 
                l(1) =   0
                l(2) =   0
                l(3) =   1
                l(4) =   1
     Q(r) pseudized with  0 coefficients,  rinner =    0.000   0.000   0.000
                                                       0.000   0.000

     PSEUDO 2 is Fe (US)    zval =  8.0   lmax= 2   lloc= 0
     Version   0  0  0 of US pseudo code
     Using log mesh of   957 points
     The pseudopotential has  6 beta functions with: 
                l(1) =   0
                l(2) =   0
                l(3) =   1
                l(4) =   1
                l(5) =   2
                l(6) =   2
     Q(r) pseudized with  0 coefficients,  rinner =    0.000   0.000   0.000
                                                       0.000   0.000

     PSEUDO 3 is Fe (US)    zval =  8.0   lmax= 2   lloc= 0
     Version   0  0  0 of US pseudo code
     Using log mesh of   957 points
     The pseudopotential has  6 beta functions with: 
                l(1) =   0
                l(2) =   0
                l(3) =   1
                l(4) =   1
                l(5) =   2
                l(6) =   2
     Q(r) pseudized with  0 coefficients,  rinner =    0.000   0.000   0.000
                                                       0.000   0.000

     atomic species   valence    mass     pseudopotential
        O1             6.00     1.00000     O ( 1.00)
        Fe1            8.00     1.00000     Fe( 1.00)
        Fe2            8.00     1.00000     Fe( 1.00)

     Starting magnetic structure 
     atomic species   magnetization
        O1           0.000
        Fe1          0.500
        Fe2         -0.500

     12 Sym.Ops. (with inversion)


   Cartesian axes

     site n.     atom                  positions (a_0 units)
         1           O1  tau(  1) = (   0.5000000   0.5000000   0.5000000  )
         2           O1  tau(  2) = (   1.5000000   1.5000000   1.5000000  )
         3           Fe1 tau(  3) = (   0.0000000   0.0000000   0.0000000  )
         4           Fe2 tau(  4) = (   1.0000000   1.0000000   1.0000000  )

     number of k points=    8  gaussian broad. (ryd)=  0.0100     ngauss =   0
                       cart. coord. in units 2pi/a_0
        k(    1) = (   0.0000000   0.0000000   0.0000000), wk =   0.1250000
        k(    2) = (  -0.7500000   0.2500000   0.2500000), wk =   0.3750000
        k(    3) = (  -0.5000000  -0.5000000   0.5000000), wk =   0.3750000
        k(    4) = (  -0.2500000  -0.2500000  -0.2500000), wk =   0.1250000
        k(    5) = (   0.0000000   0.0000000   0.0000000), wk =   0.1250000
        k(    6) = (  -0.7500000   0.2500000   0.2500000), wk =   0.3750000
        k(    7) = (  -0.5000000  -0.5000000   0.5000000), wk =   0.3750000
        k(    8) = (  -0.2500000  -0.2500000  -0.2500000), wk =   0.1250000

     G cutoff =  407.7738  (  17255 G-vectors)     FFT grid: ( 50, 50, 50)
     G cutoff =  203.8869  (   6111 G-vectors)  smooth grid: ( 36, 36, 36)

     nbndx  =    80  nbnd   =    20  natomwfc =    20  npwx   =     780
     nelec  =  28.00  nkb   =    52  ngl    =     342

     Check: negative/imaginary core charge=   -0.000003    0.000000

     Initial potential from superposition of free atoms

     starting charge   27.99905, renormalised to   28.00000

     Parameters of the lda+U calculation:
     Number of iteration with fixed ns =  0
     Starting ns and Hubbard U :
 enter write_ns
U( 1) =  0.0000      U( 2) =  0.0000      U( 3) =  0.0000
alpha( 1) =  0.0000      alpha( 2) =  0.0000      alpha( 3) =  0.0000
atom  3   Tr[ns(na)]=   6.0000000
atom  3  spin  1
eigenvalues:  1.0000000 1.0000000 1.0000000 1.0000000 1.0000000
 eigenvectors
 1   1.0000000  0.0000000  0.0000000  0.0000000  0.0000000
 2   0.0000000  1.0000000  0.0000000  0.0000000  0.0000000
 3   0.0000000  0.0000000  1.0000000  0.0000000  0.0000000
 4   0.0000000  0.0000000  0.0000000  1.0000000  0.0000000
 5   0.0000000  0.0000000  0.0000000  0.0000000  1.0000000
 occupations
 1.000  0.000  0.000  0.000  0.000
 0.000  1.000  0.000  0.000  0.000
 0.000  0.000  1.000  0.000  0.000
 0.000  0.000  0.000  1.000  0.000
 0.000  0.000  0.000  0.000  1.000
atom  3  spin  2
eigenvalues:  0.2000000 0.2000000 0.2000000 0.2000000 0.2000000
 eigenvectors
 1   1.0000000  0.0000000  0.0000000  0.0000000  0.0000000
 2   0.0000000  1.0000000  0.0000000  0.0000000  0.0000000
 3   0.0000000  0.0000000  1.0000000  0.0000000  0.0000000
 4   0.0000000  0.0000000  0.0000000  1.0000000  0.0000000
 5   0.0000000  0.0000000  0.0000000  0.0000000  1.0000000
 occupations
 0.200  0.000  0.000  0.000  0.000
 0.000  0.200  0.000  0.000  0.000
 0.000  0.000  0.200  0.000  0.000
 0.000  0.000  0.000  0.200  0.000
 0.000  0.000  0.000  0.000  0.200
atom  4   Tr[ns(na)]=   6.0000000
atom  4  spin  1
eigenvalues:  0.2000000 0.2000000 0.2000000 0.2000000 0.2000000
 eigenvectors
 1   1.0000000  0.0000000  0.0000000  0.0000000  0.0000000
 2   0.0000000  1.0000000  0.0000000  0.0000000  0.0000000
 3   0.0000000  0.0000000  1.0000000  0.0000000  0.0000000
 4   0.0000000  0.0000000  0.0000000  1.0000000  0.0000000
 5   0.0000000  0.0000000  0.0000000  0.0000000  1.0000000
 occupations
 0.200  0.000  0.000  0.000  0.000
 0.000  0.200  0.000  0.000  0.000
 0.000  0.000  0.200  0.000  0.000
 0.000  0.000  0.000  0.200  0.000
 0.000  0.000  0.000  0.000  0.200
atom  4  spin  2
eigenvalues:  1.0000000 1.0000000 1.0000000 1.0000000 1.0000000
 eigenvectors
 1   1.0000000  0.0000000  0.0000000  0.0000000  0.0000000
 2   0.0000000  1.0000000  0.0000000  0.0000000  0.0000000
 3   0.0000000  0.0000000  1.0000000  0.0000000  0.0000000
 4   0.0000000  0.0000000  0.0000000  1.0000000  0.0000000
 5   0.0000000  0.0000000  0.0000000  0.0000000  1.0000000
 occupations
 1.000  0.000  0.000  0.000  0.000
 0.000  1.000  0.000  0.000  0.000
 0.000  0.000  1.000  0.000  0.000
 0.000  0.000  0.000  1.000  0.000
 0.000  0.000  0.000  0.000  1.000
nsum =  12.0000000
 exit write_ns
 Atomic wfc used for LDA+U Projector are NOT orthogonalized
     Starting wfc are atomic

     total cpu time spent up to now is      7.41 secs

     Self-consistent Calculation

     iteration #  1     ecut=    30.00 ryd     beta=0.30
     Davidson diagonalization with overlap
     ethr =  1.00E-02,  avg # of iterations =  3.2
 enter write_ns
U( 1) =  0.0000      U( 2) =  0.0000      U( 3) =  0.0000
alpha( 1) =  0.0000      alpha( 2) =  0.0000      alpha( 3) =  0.0000
atom  3   Tr[ns(na)]=   6.4251862
atom  3  spin  1
eigenvalues:  0.9871648 0.9871648 0.9966670 0.9966670 0.9980445
 eigenvectors
 1   0.2187854  0.1738096 -0.2283763 -0.9310155 -0.0545667
 2   0.9310155 -0.1633572 -0.0688449  0.2187854 -0.2322021
 3  -0.2921226 -0.3841288 -0.3967159  0.0027187 -0.7808447
 4  -0.0027187 -0.6798649  0.6725978 -0.2921226 -0.0072671
 5   0.0000000 -0.5773503 -0.5773503  0.0000000  0.5773503
 occupations
 0.988  0.001  0.001  0.000  0.002
 0.001  0.997  0.001  0.002 -0.001
 0.001  0.001  0.997 -0.002 -0.001
 0.000  0.002 -0.002  0.988  0.000
 0.002 -0.001 -0.001  0.000  0.997
atom  3  spin  2
eigenvalues:  0.2000722 0.2000722 0.3336994 0.3336994 0.3919349
 eigenvectors
 1  -0.3455467 -0.0576471  0.0373845 -0.9356635 -0.0202626
 2  -0.9356635 -0.0098854 -0.0449812  0.3455467 -0.0548665
 3  -0.0706949  0.2880628  0.5156649  0.0115583  0.8037277
 4   0.0115583 -0.7617517  0.6303455  0.0706949 -0.1314061
 5   0.0000000 -0.5773503 -0.5773503  0.0000000  0.5773503
 occupations
 0.201 -0.004 -0.004  0.000 -0.008
-0.004  0.353  0.020 -0.007 -0.020
-0.004  0.020  0.353  0.007 -0.020
 0.000 -0.007  0.007  0.201  0.000
-0.008 -0.020 -0.020  0.000  0.353
atom  4   Tr[ns(na)]=   6.4251862
atom  4  spin  1
eigenvalues:  0.2000722 0.2000722 0.3336994 0.3336994 0.3919349
 eigenvectors
 1  -0.2559129 -0.0564602  0.0414537 -0.9640421 -0.0150065
 2  -0.9640421 -0.0152693 -0.0412613  0.2559129 -0.0565306
 3  -0.0707260  0.2901298  0.5139517  0.0113663  0.8040815
 4   0.0113663 -0.7609668  0.6317432  0.0707260 -0.1292236
 5   0.0000000 -0.5773503 -0.5773503  0.0000000  0.5773503
 occupations
 0.201 -0.004 -0.004  0.000 -0.008
-0.004  0.353  0.020 -0.007 -0.020
-0.004  0.020  0.353  0.007 -0.020
 0.000 -0.007  0.007  0.201  0.000
-0.008 -0.020 -0.020  0.000  0.353
atom  4  spin  2
eigenvalues:  0.9871648 0.9871648 0.9966670 0.9966670 0.9980445
 eigenvectors
 1  -0.1859745 -0.1794359  0.2258193  0.9381207  0.0463834
 2  -0.9381207  0.1571563  0.0768179 -0.1859745  0.2339742
 3  -0.2921352 -0.3910045 -0.3898738 -0.0002442 -0.7808783
 4  -0.0002442  0.6759340 -0.6765868  0.2921352 -0.0006528
 5   0.0000000  0.5773503  0.5773503  0.0000000 -0.5773503
 occupations
 0.988  0.001  0.001  0.000  0.002
 0.001  0.997  0.001  0.002 -0.001
 0.001  0.001  0.997 -0.002 -0.001
 0.000  0.002 -0.002  0.988  0.000
 0.002 -0.001 -0.001  0.000  0.997
nsum =  12.8503725
 exit write_ns

     total cpu time spent up to now is     16.03 secs

     total energy              =  -174.41116749 ryd
     estimated scf accuracy    <     1.83910576 ryd

     total magnetization       =     0.00 Bohr mag/cell
     absolute magnetization    =     7.80 Bohr mag/cell

     iteration #  2     ecut=    30.00 ryd     beta=0.30
     Davidson diagonalization with overlap
     ethr =  6.57E-03,  avg # of iterations =  2.0
 enter write_ns
U( 1) =  0.0000      U( 2) =  0.0000      U( 3) =  0.0000
alpha( 1) =  0.0000      alpha( 2) =  0.0000      alpha( 3) =  0.0000
atom  3   Tr[ns(na)]=   7.0687930
atom  3  spin  1
eigenvalues:  0.9820319 0.9820319 0.9992047 0.9992047 0.9994259
 eigenvectors
 1   0.0530034  0.0721486 -0.0767367 -0.9930134 -0.0045882
 2   0.9930134 -0.0469530 -0.0390060  0.0530034 -0.0859590
 3   0.1051732  0.3561624  0.4538236 -0.0073213  0.8099861
 4  -0.0073213 -0.7296609  0.6732762 -0.1051732 -0.0563847
 5   0.0000000 -0.5773503 -0.5773503  0.0000000  0.5773503
 occupations
 0.982  0.001  0.001  0.000  0.001
 0.001  0.999  0.000  0.001  0.000
 0.001  0.000  0.999 -0.001  0.000
 0.000  0.001 -0.001  0.982  0.000
 0.001  0.000  0.000  0.000  0.999
atom  3  spin  2
eigenvalues:  0.3618358 0.3618358 0.4568035 0.4568035 0.4696153
 eigenvectors
 1   0.7463899  0.3632139  0.1419638  0.1887315  0.5051777
 2   0.1887315 -0.3736273  0.5013661 -0.7463899  0.1277388
 3   0.4756519  0.1286936 -0.5972044 -0.4254854 -0.4685107
 4  -0.4254854  0.6152909 -0.1961935 -0.4756519  0.4190974
 5   0.0000000 -0.5773503 -0.5773503  0.0000000  0.5773503
 occupations
 0.401 -0.019 -0.019  0.000 -0.038
-0.019  0.435  0.017 -0.033 -0.017
-0.019  0.017  0.435  0.033 -0.017
 0.000 -0.033  0.033  0.401  0.000
-0.038 -0.017 -0.017  0.000  0.435
atom  4   Tr[ns(na)]=   7.0687930
atom  4  spin  1
eigenvalues:  0.3618358 0.3618358 0.4568035 0.4568035 0.4696153
 eigenvectors
 1   0.7464236  0.3631472  0.1420533  0.1885982  0.5052005
 2   0.1885982 -0.3736922  0.5013408 -0.7464236  0.1276486
 3  -0.4545271 -0.1582873  0.6059905  0.4479817  0.4477031
 4   0.4479817 -0.6083503  0.1670943  0.4545271 -0.4412560
 5   0.0000000 -0.5773503 -0.5773503  0.0000000  0.5773503
 occupations
 0.401 -0.019 -0.019  0.000 -0.038
-0.019  0.435  0.017 -0.033 -0.017
-0.019  0.017  0.435  0.033 -0.017
 0.000 -0.033  0.033  0.401  0.000
-0.038 -0.017 -0.017  0.000  0.435
atom  4  spin  2
eigenvalues:  0.9820319 0.9820319 0.9992047 0.9992047 0.9994259
 eigenvectors
 1  -0.0093452 -0.0741409  0.0749498  0.9943831  0.0008090
 2   0.9943831 -0.0437393 -0.0423382  0.0093452 -0.0860775
 3   0.1051564  0.3545148  0.4553419 -0.0075586  0.8098568
 4  -0.0075586 -0.7304628  0.6722502 -0.1051564 -0.0582126
 5   0.0000000 -0.5773503 -0.5773503  0.0000000  0.5773503
 occupations
 0.982  0.001  0.001  0.000  0.001
 0.001  0.999  0.000  0.001  0.000
 0.001  0.000  0.999 -0.001  0.000
 0.000  0.001 -0.001  0.982  0.000
 0.001  0.000  0.000  0.000  0.999
nsum =  14.1375860
 exit write_ns

     total cpu time spent up to now is     24.49 secs

     total energy              =  -174.80132259 ryd
     estimated scf accuracy    <     0.10916791 ryd

     total magnetization       =     0.00 Bohr mag/cell
     absolute magnetization    =     6.81 Bohr mag/cell

     iteration #  3     ecut=    30.00 ryd     beta=0.30
     Davidson diagonalization with overlap
     ethr =  3.90E-04,  avg # of iterations =  2.0
 enter write_ns
U( 1) =  0.0000      U( 2) =  0.0000      U( 3) =  0.0000
alpha( 1) =  0.0000      alpha( 2) =  0.0000      alpha( 3) =  0.0000
atom  3   Tr[ns(na)]=   6.9350767
atom  3  spin  1
eigenvalues:  0.9835257 0.9835257 0.9994319 0.9994319 0.9997363
 eigenvectors
 1   0.0600118  0.0841628 -0.0902642 -0.9905202 -0.0061014
 2   0.9905202 -0.0556367 -0.0450688  0.0600118 -0.1007055
 3   0.1231948  0.3496555  0.4581586 -0.0095535  0.8078140
 4  -0.0095535 -0.7309096  0.6682653 -0.1231948 -0.0626443
 5   0.0000000 -0.5773503 -0.5773503  0.0000000  0.5773503
 occupations
 0.984  0.001  0.001  0.000  0.002
 0.001  0.999  0.000  0.001  0.000
 0.001  0.000  0.999 -0.001  0.000
 0.000  0.001 -0.001  0.984  0.000
 0.002  0.000  0.000  0.000  0.999
atom  3  spin  2
eigenvalues:  0.3303617 0.3303617 0.4289366 0.4289366 0.4508287
 eigenvectors
 1   0.8212431  0.2739581  0.0222881  0.4028004  0.2962462
 2  -0.4028004  0.1839058 -0.3292076  0.8212431 -0.1453018
 3   0.3702667 -0.0830115 -0.6012819 -0.1619079 -0.6842935
 4   0.1619079 -0.7422273  0.4430037  0.3702667 -0.2992236
 5   0.0000000 -0.5773503 -0.5773503  0.0000000  0.5773503
 occupations
 0.346 -0.015 -0.015  0.000 -0.030
-0.015  0.426  0.013 -0.026 -0.013
-0.015  0.013  0.426  0.026 -0.013
 0.000 -0.026  0.026  0.346  0.000
-0.030 -0.013 -0.013  0.000  0.426
atom  4   Tr[ns(na)]=   6.9350767
atom  4  spin  1
eigenvalues:  0.3303617 0.3303617 0.4289366 0.4289366 0.4508287
 eigenvectors
 1   0.8386650  0.2653362  0.0371945  0.3651430  0.3025307
 2  -0.3651430  0.1961405 -0.3278581  0.8386650 -0.1317177
 3   0.3738521 -0.0998652 -0.5910545 -0.1534478 -0.6909196
 4   0.1534478 -0.7401481  0.4565598  0.3738521 -0.2835883
 5   0.0000000 -0.5773503 -0.5773503  0.0000000  0.5773503
 occupations
 0.346 -0.015 -0.015  0.000 -0.030
-0.015  0.426  0.013 -0.026 -0.013
-0.015  0.013  0.426  0.026 -0.013
 0.000 -0.026  0.026  0.346  0.000
-0.030 -0.013 -0.013  0.000  0.426
atom  4  spin  2
eigenvalues:  0.9835257 0.9835257 0.9994319 0.9994319 0.9997363
 eigenvectors
 1   0.1158422  0.0808873 -0.0926649 -0.9855518 -0.0117776
 2   0.9855518 -0.0602999 -0.0399005  0.1158422 -0.1002004
 3   0.1232630  0.3551294  0.4531319 -0.0086289  0.8082613
 4  -0.0086289 -0.7282657  0.6716840 -0.1232630 -0.0565818
 5   0.0000000 -0.5773503 -0.5773503  0.0000000  0.5773503
 occupations
 0.984  0.001  0.001  0.000  0.002
 0.001  0.999  0.000  0.001  0.000
 0.001  0.000  0.999 -0.001  0.000
 0.000  0.001 -0.001  0.984  0.000
 0.002  0.000  0.000  0.000  0.999
nsum =  13.8701534
 exit write_ns

     total cpu time spent up to now is     32.87 secs

     total energy              =  -174.82215523 ryd
     estimated scf accuracy    <     0.01926336 ryd

     total magnetization       =     0.00 Bohr mag/cell
     absolute magnetization    =     7.04 Bohr mag/cell

     iteration #  4     ecut=    30.00 ryd     beta=0.30
     Davidson diagonalization with overlap
     ethr =  6.88E-05,  avg # of iterations =  1.8
 enter write_ns
U( 1) =  0.0000      U( 2) =  0.0000      U( 3) =  0.0000
alpha( 1) =  0.0000      alpha( 2) =  0.0000      alpha( 3) =  0.0000
atom  3   Tr[ns(na)]=   6.9529110
atom  3  spin  1
eigenvalues:  0.9850299 0.9850299 0.9995017 0.9995017 0.9997975
 eigenvectors
 1   0.1095569  0.0940192 -0.1069419 -0.9836433 -0.0129227
 2   0.9836433 -0.0692039 -0.0468211  0.1095569 -0.1160250
 3   0.1426689  0.3570544  0.4492964 -0.0094226  0.8063508
 4  -0.0094226 -0.7249483  0.6716924 -0.1426689 -0.0532559
 5   0.0000000 -0.5773503 -0.5773503  0.0000000  0.5773503
 occupations
 0.985  0.001  0.001  0.000  0.002
 0.001  0.999  0.000  0.001  0.000
 0.001  0.000  0.999 -0.001  0.000
 0.000  0.001 -0.001  0.985  0.000
 0.002  0.000  0.000  0.000  0.999
atom  3  spin  2
eigenvalues:  0.3363604 0.3363604 0.4214544 0.4449376 0.4449376
 eigenvectors
 1  -0.8308881 -0.2451411 -0.0143691 -0.4265898 -0.2595102
 2   0.4265898 -0.1581243  0.2913605 -0.8308881  0.1332362
 3   0.0000000  0.5773503  0.5773503  0.0000000 -0.5773503
 4   0.3363900 -0.1365128 -0.5815129 -0.1203657 -0.7180257
 5  -0.1203657  0.7502889 -0.4933680 -0.3363900  0.2569209
 occupations
 0.350 -0.015 -0.015  0.000 -0.030
-0.015  0.428 -0.003 -0.026  0.003
-0.015 -0.003  0.428  0.026  0.003
 0.000 -0.026  0.026  0.350  0.000
-0.030  0.003  0.003  0.000  0.428
atom  4   Tr[ns(na)]=   6.9529110
atom  4  spin  1
eigenvalues:  0.3363604 0.3363604 0.4214544 0.4449376 0.4449376
 eigenvectors
 1   0.8368072  0.2428923  0.0184666  0.4148585  0.2613589
 2  -0.4148585  0.1615573 -0.2911295  0.8368072 -0.1295722
 3   0.0000000  0.5773503  0.5773503  0.0000000 -0.5773503
 4   0.3353432 -0.1300600 -0.5857313 -0.1232520 -0.7157913
 5  -0.1232520  0.7514344 -0.4883525 -0.3353432  0.2630819
 occupations
 0.350 -0.015 -0.015  0.000 -0.030
-0.015  0.428 -0.003 -0.026  0.003
-0.015 -0.003  0.428  0.026  0.003
 0.000 -0.026  0.026  0.350  0.000
-0.030  0.003  0.003  0.000  0.428
atom  4  spin  2
eigenvalues:  0.9850299 0.9850299 0.9995017 0.9995017 0.9997975
 eigenvectors
 1  -0.0973978 -0.0948669  0.1063554  0.9849216  0.0114885
 2   0.9849216 -0.0680372 -0.0481386  0.0973978 -0.1161758
 3   0.1428040  0.3688721  0.4382424 -0.0070863  0.8071145
 4   0.0070863  0.7190071 -0.6789561  0.1428040  0.0400510
 5   0.0000000 -0.5773503 -0.5773503  0.0000000  0.5773503
 occupations
 0.985  0.001  0.001  0.000  0.002
 0.001  0.999  0.000  0.001  0.000
 0.001  0.000  0.999 -0.001  0.000
 0.000  0.001 -0.001  0.985  0.000
 0.002  0.000  0.000  0.000  0.999
nsum =  13.9058221
 exit write_ns

     total cpu time spent up to now is     41.04 secs

     total energy              =  -174.82397178 ryd
     estimated scf accuracy    <     0.00166303 ryd

     total magnetization       =     0.00 Bohr mag/cell
     absolute magnetization    =     7.05 Bohr mag/cell

     iteration #  5     ecut=    30.00 ryd     beta=0.30
     Davidson diagonalization with overlap
     ethr =  5.94E-06,  avg # of iterations =  3.0
 enter write_ns
U( 1) =  0.0000      U( 2) =  0.0000      U( 3) =  0.0000
alpha( 1) =  0.0000      alpha( 2) =  0.0000      alpha( 3) =  0.0000
atom  3   Tr[ns(na)]=   6.9362952
atom  3  spin  1
eigenvalues:  0.9853499 0.9853499 0.9995282 0.9995282 0.9999372
 eigenvectors
 1   0.1186797  0.0922620 -0.1060905 -0.9828308 -0.0138285
 2   0.9828308 -0.0692353 -0.0452836  0.1186797 -0.1145189
 3   0.1410909  0.3678746  0.4393779 -0.0072153  0.8072525
 4  -0.0072153 -0.7197424  0.6784600 -0.1410909 -0.0412824
 5   0.0000000 -0.5773503 -0.5773503  0.0000000  0.5773503
 occupations
 0.986  0.001  0.001  0.000  0.002
 0.001  0.999  0.000  0.001  0.000
 0.001  0.000  0.999 -0.001  0.000
 0.000  0.001 -0.001  0.986  0.000
 0.002  0.000  0.000  0.000  0.999
atom  3  spin  2
eigenvalues:  0.3301164 0.3301164 0.4284797 0.4389447 0.4389447
 eigenvectors
 1   0.8069704  0.2516511 -0.0016933  0.4722168  0.2499578
 2   0.4722168 -0.1433356  0.2896040 -0.8069704  0.1462684
 3   0.0000000  0.5773503  0.5773503  0.0000000 -0.5773503
 4   0.3321912 -0.1257339 -0.5892360 -0.1243344 -0.7149699
 5   0.1243344 -0.7529836  0.4853805  0.3321912 -0.2676031
 occupations
 0.344 -0.015 -0.015  0.000 -0.029
-0.015  0.426  0.001 -0.026 -0.001
-0.015  0.001  0.426  0.026 -0.001
 0.000 -0.026  0.026  0.344  0.000
-0.029 -0.001 -0.001  0.000  0.426
atom  4   Tr[ns(na)]=   6.9362952
atom  4  spin  1
eigenvalues:  0.3301164 0.3301164 0.4284797 0.4389447 0.4389447
 eigenvectors
 1   0.8304801  0.2438404  0.0133996  0.4295261  0.2572399
 2   0.4295261 -0.1562538  0.2892988 -0.8304801  0.1330450
 3   0.0000000  0.5773503  0.5773503  0.0000000 -0.5773503
 4   0.3322212 -0.1259158 -0.5891187 -0.1242542 -0.7150345
 5   0.1242542 -0.7529532  0.4855229  0.3322212 -0.2674303
 occupations
 0.344 -0.015 -0.015  0.000 -0.029
-0.015  0.426  0.001 -0.026 -0.001
-0.015  0.001  0.426  0.026 -0.001
 0.000 -0.026  0.026  0.344  0.000
-0.029 -0.001 -0.001  0.000  0.426
atom  4  spin  2
eigenvalues:  0.9853499 0.9853499 0.9995282 0.9995282 0.9999372
 eigenvectors
 1   0.1291172  0.0915211 -0.1065657 -0.9815142 -0.0150447
 2   0.9815142 -0.0702118 -0.0441537  0.1291172 -0.1143655
 3   0.1410099  0.3605088  0.4462803 -0.0086551  0.8067891
 4  -0.0086551 -0.7234599  0.6739397 -0.1410099 -0.0495202
 5   0.0000000 -0.5773503 -0.5773503  0.0000000  0.5773503
 occupations
 0.986  0.001  0.001  0.000  0.002
 0.001  0.999  0.000  0.001  0.000
 0.001  0.000  0.999 -0.001  0.000
 0.000  0.001 -0.001  0.986  0.000
 0.002  0.000  0.000  0.000  0.999
nsum =  13.8725904
 exit write_ns

     total cpu time spent up to now is     50.31 secs

     total energy              =  -174.82455970 ryd
     estimated scf accuracy    <     0.00042501 ryd

     total magnetization       =     0.00 Bohr mag/cell
     absolute magnetization    =     7.08 Bohr mag/cell

     iteration #  6     ecut=    30.00 ryd     beta=0.30
     Davidson diagonalization with overlap
     ethr =  1.52E-06,  avg # of iterations =  2.0
 enter write_ns
U( 1) =  0.0000      U( 2) =  0.0000      U( 3) =  0.0000
alpha( 1) =  0.0000      alpha( 2) =  0.0000      alpha( 3) =  0.0000
atom  3   Tr[ns(na)]=   6.9410835
atom  3  spin  1
eigenvalues:  0.9855448 0.9855448 0.9995114 0.9995114 0.9999559
 eigenvectors
 1  -0.0158496 -0.0993207  0.1011743  0.9897699  0.0018536
 2   0.9897699 -0.0594832 -0.0562726  0.0158496 -0.1157559
 3   0.1414853  0.3574253  0.4490877 -0.0092839  0.8065130
 4  -0.0092839 -0.7249214  0.6720001 -0.1414853 -0.0529213
 5   0.0000000 -0.5773503 -0.5773503  0.0000000  0.5773503
 occupations
 0.986  0.001  0.001  0.000  0.002
 0.001  0.999  0.000  0.001  0.000
 0.001  0.000  0.999 -0.001  0.000
 0.000  0.001 -0.001  0.986  0.000
 0.002  0.000  0.000  0.000  0.999
atom  3  spin  2
eigenvalues:  0.3307668 0.3307668 0.4308127 0.4393344 0.4393344
 eigenvectors
 1   0.8365534  0.2488450  0.0216258  0.4057492  0.2704708
 2   0.4057492 -0.1686420  0.2998271 -0.8365534  0.1311850
 3   0.0000000  0.5773503  0.5773503  0.0000000 -0.5773503
 4   0.3470176 -0.1381578 -0.5773817 -0.1229825 -0.7155395
 5   0.1229825 -0.7464684  0.4928824  0.3470176 -0.2535860
 occupations
 0.345 -0.015 -0.015  0.000 -0.030
-0.015  0.427  0.002 -0.026 -0.002
-0.015  0.002  0.427  0.026 -0.002
 0.000 -0.026  0.026  0.345  0.000
-0.030 -0.002 -0.002  0.000  0.427
atom  4   Tr[ns(na)]=   6.9410835
atom  4  spin  1
eigenvalues:  0.3307668 0.3307668 0.4308127 0.4393344 0.4393344
 eigenvectors
 1   0.8201629  0.2552072  0.0099642  0.4379347  0.2651715
 2   0.4379347 -0.1588497  0.3004408 -0.8201629  0.1415911
 3   0.0000000  0.5773503  0.5773503  0.0000000 -0.5773503
 4   0.3402670 -0.0997639 -0.6018560 -0.1405856 -0.7016199
 5   0.1405856 -0.7525622  0.4626792  0.3402670 -0.2898830
 occupations
 0.345 -0.015 -0.015  0.000 -0.030
-0.015  0.427  0.002 -0.026 -0.002
-0.015  0.002  0.427  0.026 -0.002
 0.000 -0.026  0.026  0.345  0.000
-0.030 -0.002 -0.002  0.000  0.427
atom  4  spin  2
eigenvalues:  0.9855448 0.9855448 0.9995114 0.9995114 0.9999559
 eigenvectors
 1   0.0676081  0.0960728 -0.1039797 -0.9875854 -0.0079069
 2   0.9875854 -0.0645978 -0.0509026  0.0676081 -0.1155004
 3   0.1415630  0.3639201  0.4430355 -0.0080131  0.8069556
 4  -0.0080131 -0.7216827  0.6760054 -0.1415630 -0.0456773
 5   0.0000000 -0.5773503 -0.5773503  0.0000000  0.5773503
 occupations
 0.986  0.001  0.001  0.000  0.002
 0.001  0.999  0.000  0.001  0.000
 0.001  0.000  0.999 -0.001  0.000
 0.000  0.001 -0.001  0.986  0.000
 0.002  0.000  0.000  0.000  0.999
nsum =  13.8821670
 exit write_ns

     total cpu time spent up to now is     58.82 secs

     total energy              =  -174.82463875 ryd
     estimated scf accuracy    <     0.00003442 ryd

     total magnetization       =     0.00 Bohr mag/cell
     absolute magnetization    =     7.08 Bohr mag/cell

     iteration #  7     ecut=    30.00 ryd     beta=0.30
     Davidson diagonalization with overlap
     ethr =  1.23E-07,  avg # of iterations =  3.2
 enter write_ns
U( 1) =  0.0000      U( 2) =  0.0000      U( 3) =  0.0000
alpha( 1) =  0.0000      alpha( 2) =  0.0000      alpha( 3) =  0.0000
atom  3   Tr[ns(na)]=   6.9370514
atom  3  spin  1
eigenvalues:  0.9856182 0.9856182 0.9995057 0.9995057 0.9999715
 eigenvectors
 1   0.0774369  0.0958300 -0.1049257 -0.9867766 -0.0090957
 2   0.9867766 -0.0658303 -0.0500760  0.0774369 -0.1159063
 3   0.1421971  0.3669237  0.4401466 -0.0074485  0.8070703
 4  -0.0074485 -0.7200810  0.6778057 -0.1421971 -0.0422753
 5   0.0000000 -0.5773503 -0.5773503  0.0000000  0.5773503
 occupations
 0.986  0.001  0.001  0.000  0.002
 0.001  0.999  0.000  0.001  0.000
 0.001  0.000  0.999 -0.001  0.000
 0.000  0.001 -0.001  0.986  0.000
 0.002  0.000  0.000  0.000  0.999
atom  3  spin  2
eigenvalues:  0.3294809 0.3294809 0.4307016 0.4385844 0.4385844
 eigenvectors
 1   0.8440730  0.2433061  0.0257421  0.3940727  0.2690482
 2   0.3940727 -0.1701973  0.2958079 -0.8440730  0.1256106
 3   0.0000000  0.5773503  0.5773503  0.0000000 -0.5773503
 4   0.3374289 -0.1072427 -0.5984910 -0.1356069 -0.7057337
 5   0.1356069 -0.7529945  0.4693721  0.3374289 -0.2836224
 occupations
 0.344 -0.015 -0.015  0.000 -0.030
-0.015  0.426  0.002 -0.026 -0.002
-0.015  0.002  0.426  0.026 -0.002
 0.000 -0.026  0.026  0.344  0.000
-0.030 -0.002 -0.002  0.000  0.426
atom  4   Tr[ns(na)]=   6.9370514
atom  4  spin  1
eigenvalues:  0.3294809 0.3294809 0.4307016 0.4385844 0.4385844
 eigenvectors
 1   0.7899670  0.2621749 -0.0103729  0.4936646  0.2518019
 2   0.4936646 -0.1393891  0.2967446 -0.7899670  0.1573556
 3   0.0000000  0.5773503  0.5773503  0.0000000 -0.5773503
 4   0.3391621 -0.1170161 -0.5923427 -0.1312118 -0.7093588
 5   0.1312118 -0.7515377  0.4771078  0.3391621 -0.2744299
 occupations
 0.344 -0.015 -0.015  0.000 -0.030
-0.015  0.426  0.002 -0.026 -0.002
-0.015  0.002  0.426  0.026 -0.002
 0.000 -0.026  0.026  0.344  0.000
-0.030 -0.002 -0.002  0.000  0.426
atom  4  spin  2
eigenvalues:  0.9856182 0.9856182 0.9995057 0.9995057 0.9999715
 eigenvectors
 1   0.0782322  0.0957769 -0.1049660 -0.9867139 -0.0091891
 2   0.9867139 -0.0659075 -0.0499915  0.0782322 -0.1158989
 3   0.1421730  0.3646593  0.4422742 -0.0078952  0.8069335
 4  -0.0078952 -0.7212304  0.6764194 -0.1421730 -0.0448110
 5   0.0000000 -0.5773503 -0.5773503  0.0000000  0.5773503
 occupations
 0.986  0.001  0.001  0.000  0.002
 0.001  0.999  0.000  0.001  0.000
 0.001  0.000  0.999 -0.001  0.000
 0.000  0.001 -0.001  0.986  0.000
 0.002  0.000  0.000  0.000  0.999
nsum =  13.8741028
 exit write_ns

     total cpu time spent up to now is     68.51 secs

     total energy              =  -174.82465067 ryd
     estimated scf accuracy    <     0.00003425 ryd

     total magnetization       =     0.00 Bohr mag/cell
     absolute magnetization    =     7.09 Bohr mag/cell

     iteration #  8     ecut=    30.00 ryd     beta=0.30
     Davidson diagonalization with overlap
     ethr =  1.22E-07,  avg # of iterations =  3.5
 enter write_ns
U( 1) =  0.0000      U( 2) =  0.0000      U( 3) =  0.0000
alpha( 1) =  0.0000      alpha( 2) =  0.0000      alpha( 3) =  0.0000
atom  3   Tr[ns(na)]=   6.9393886
atom  3  spin  1
eigenvalues:  0.9856258 0.9856258 0.9995006 0.9995006 0.9999691
 eigenvectors
 1   0.0630526  0.0967595 -0.1041642 -0.9878041 -0.0074046
 2   0.9878041 -0.0644143 -0.0515891  0.0630526 -0.1160034
 3   0.1421285  0.3632078  0.4436371 -0.0081798  0.8068449
 4  -0.0081798 -0.7219662  0.6755303 -0.1421285 -0.0464359
 5   0.0000000 -0.5773503 -0.5773503  0.0000000  0.5773503
 occupations
 0.986  0.001  0.001  0.000  0.002
 0.001  0.999  0.000  0.001  0.000
 0.001  0.000  0.999 -0.001  0.000
 0.000  0.001 -0.001  0.986  0.000
 0.002  0.000  0.000  0.000  0.999
atom  3  spin  2
eigenvalues:  0.3301356 0.3301356 0.4307526 0.4390714 0.4390714
 eigenvectors
 1   0.8510066  0.2418004  0.0322312  0.3757501  0.2740316
 2   0.3757501 -0.1768209  0.2978157 -0.8510066  0.1209948
 3   0.0000000  0.5773503  0.5773503  0.0000000 -0.5773503
 4   0.3429637 -0.1214196 -0.5886308 -0.1302901 -0.7100504
 5   0.1302901 -0.7497939  0.4800494  0.3429637 -0.2697445
 occupations
 0.345 -0.015 -0.015  0.000 -0.030
-0.015  0.427  0.002 -0.026 -0.002
-0.015  0.002  0.427  0.026 -0.002
 0.000 -0.026  0.026  0.345  0.000
-0.030 -0.002 -0.002  0.000  0.427
atom  4   Tr[ns(na)]=   6.9393884
atom  4  spin  1
eigenvalues:  0.3301356 0.3301356 0.4307526 0.4390714 0.4390714
 eigenvectors
 1   0.8243678  0.2529374  0.0125164  0.4310661  0.2654537
 2   0.4310661 -0.1604861  0.2992932 -0.8243678  0.1388071
 3   0.0000000  0.5773503  0.5773503  0.0000000 -0.5773503
 4   0.3398874 -0.1042024 -0.5994788 -0.1381167 -0.7036813
 5   0.1381167 -0.7523798  0.4664319  0.3398874 -0.2859480
 occupations
 0.345 -0.015 -0.015  0.000 -0.030
-0.015  0.427  0.002 -0.026 -0.002
-0.015  0.002  0.427  0.026 -0.002
 0.000 -0.026  0.026  0.345  0.000
-0.030 -0.002 -0.002  0.000  0.427
atom  4  spin  2
eigenvalues:  0.9856258 0.9856258 0.9995006 0.9995006 0.9999691
 eigenvectors
 1   0.0846770  0.0953252 -0.1052693 -0.9861858 -0.0099441
 2   0.9861858 -0.0665185 -0.0492948  0.0846770 -0.1158133
 3   0.1421804  0.3680664  0.4390733 -0.0072216  0.8071396
 4  -0.0072216 -0.7195014  0.6785055 -0.1421804 -0.0409958
 5   0.0000000 -0.5773503 -0.5773503  0.0000000  0.5773503
 occupations
 0.986  0.001  0.001  0.000  0.002
 0.001  0.999  0.000  0.001  0.000
 0.001  0.000  0.999 -0.001  0.000
 0.000  0.001 -0.001  0.986  0.000
 0.002  0.000  0.000  0.000  0.999
nsum =  13.8787770
 exit write_ns

     total cpu time spent up to now is     77.28 secs

     total energy              =  -174.82465749 ryd
     estimated scf accuracy    <     0.00000105 ryd

     total magnetization       =     0.00 Bohr mag/cell
     absolute magnetization    =     7.09 Bohr mag/cell

     iteration #  9     ecut=    30.00 ryd     beta=0.30
     Davidson diagonalization with overlap
     ethr =  3.76E-09,  avg # of iterations =  3.8
 enter write_ns
U( 1) =  0.0000      U( 2) =  0.0000      U( 3) =  0.0000
alpha( 1) =  0.0000      alpha( 2) =  0.0000      alpha( 3) =  0.0000
atom  3   Tr[ns(na)]=   6.9389649
atom  3  spin  1
eigenvalues:  0.9856388 0.9856388 0.9995005 0.9995005 0.9999704
 eigenvectors
 1   0.1432680  0.0913099 -0.1081566 -0.9793646 -0.0168467
 2   0.9793646 -0.0721707 -0.0429914  0.1432680 -0.1151620
 3   0.1422538  0.3585228  0.4479837 -0.0091102  0.8065065
 4  -0.0091102 -0.7242803  0.6726300 -0.1422538 -0.0516503
 5   0.0000000 -0.5773503 -0.5773503  0.0000000  0.5773503
 occupations
 0.986  0.001  0.001  0.000  0.002
 0.001  0.999  0.000  0.001  0.000
 0.001  0.000  0.999 -0.001  0.000
 0.000  0.001 -0.001  0.986  0.000
 0.002  0.000  0.000  0.000  0.999
atom  3  spin  2
eigenvalues:  0.3300309 0.3300309 0.4304566 0.4390987 0.4390987
 eigenvectors
 1   0.8181676  0.2545194  0.0079693  0.4436865  0.2624887
 2   0.4436865 -0.1561490  0.2984948 -0.8181676  0.1423458
 3   0.0000000  0.5773503  0.5773503  0.0000000 -0.5773503
 4   0.3424870 -0.1250537 -0.5866258 -0.1282444 -0.7116795
 5   0.1282444 -0.7495769  0.4830882  0.3424870 -0.2664888
 occupations
 0.345 -0.015 -0.015  0.000 -0.030
-0.015  0.426  0.002 -0.026 -0.002
-0.015  0.002  0.426  0.026 -0.002
 0.000 -0.026  0.026  0.345  0.000
-0.030 -0.002 -0.002  0.000  0.426
atom  4   Tr[ns(na)]=   6.9389667
atom  4  spin  1
eigenvalues:  0.3300310 0.3300310 0.4304569 0.4390993 0.4390993
 eigenvectors
 1  -0.7791927 -0.2664229  0.0164390 -0.5090338 -0.2499839
 2  -0.5090338  0.1348372 -0.2981476  0.7791927 -0.1633104
 3   0.0000000  0.5773503  0.5773503  0.0000000 -0.5773503
 4   0.3348978 -0.0835527 -0.6123586 -0.1469245 -0.6959113
 5   0.1469245 -0.7553300  0.4500237  0.3348978 -0.3053063
 occupations
 0.345 -0.015 -0.015  0.000 -0.030
-0.015  0.426  0.002 -0.026 -0.002
-0.015  0.002  0.426  0.026 -0.002
 0.000 -0.026  0.026  0.345  0.000
-0.030 -0.002 -0.002  0.000  0.426
atom  4  spin  2
eigenvalues:  0.9856388 0.9856388 0.9995005 0.9995005 0.9999704
 eigenvectors
 1   0.1166996  0.0932305 -0.1069530 -0.9828845 -0.0137225
 2   0.9828845 -0.0696721 -0.0459039  0.1166996 -0.1155760
 3   0.1422624  0.3591960  0.4473582 -0.0089780  0.8065542
 4  -0.0089780 -0.7239467  0.6730462 -0.1422624 -0.0509005
 5   0.0000000 -0.5773503 -0.5773503  0.0000000  0.5773503
 occupations
 0.986  0.001  0.001  0.000  0.002
 0.001  0.999  0.000  0.001  0.000
 0.001  0.000  0.999 -0.001  0.000
 0.000  0.001 -0.001  0.986  0.000
 0.002  0.000  0.000  0.000  0.999
nsum =  13.8779316
 exit write_ns

     total cpu time spent up to now is     86.63 secs

     End of self-consistent calculation

 ------ SPIN UP ------------


          k = 0.0000 0.0000 0.0000 (   731 PWs)   bands (ev):

    -8.9532  -7.7467   2.7539   5.1279   5.1279   7.5764   7.6000   7.6000
     7.7781   7.7781   8.0650   8.9387   8.9387  11.0568  11.0568  11.2578
    11.5026  12.8934  12.8934  15.3692

          k =-0.7500 0.2500 0.2500 (   764 PWs)   bands (ev):

    -7.7707  -7.7514   3.6509   3.9130   4.7746   5.3282   5.3837   6.0705
     7.7223   8.2474   8.6478   9.6397   9.8409  10.4292  11.7002  11.8248
    12.6015  12.6284  17.2955  17.6040

          k =-0.5000-0.5000 0.5000 (   780 PWs)   bands (ev):

    -7.7619  -7.7504   2.7898   4.0522   5.1683   5.1908   6.4322   6.4448
     7.1584   8.2357   8.5574   9.3832   9.6068  10.7264  11.7105  11.8185
    13.0244  13.0946  15.3294  16.7015

          k =-0.2500-0.2500-0.2500 (   748 PWs)   bands (ev):

    -8.4146  -8.3806   4.4378   4.8298   5.5355   5.5355   6.5044   6.5044
     7.8487   7.8487   8.2987   9.9327   9.9327  10.9602  10.9724  10.9724
    12.4961  12.4961  13.9943  14.2633

 ------ SPIN DOWN ----------


          k = 0.0000 0.0000 0.0000 (   731 PWs)   bands (ev):

    -8.9532  -7.7467   2.7539   5.1279   5.1279   7.5764   7.6000   7.6000
     7.7781   7.7781   8.0650   8.9387   8.9387  11.0568  11.0568  11.2578
    11.5026  12.8934  12.8934  15.3692

          k =-0.7500 0.2500 0.2500 (   764 PWs)   bands (ev):

    -7.7707  -7.7514   3.6509   3.9130   4.7746   5.3282   5.3837   6.0705
     7.7223   8.2474   8.6478   9.6397   9.8409  10.4292  11.7002  11.8248
    12.6015  12.6284  17.2955  17.6040

          k =-0.5000-0.5000 0.5000 (   780 PWs)   bands (ev):

    -7.7619  -7.7504   2.7898   4.0522   5.1683   5.1908   6.4322   6.4448
     7.1584   8.2357   8.5574   9.3832   9.6068  10.7264  11.7105  11.8185
    13.0244  13.0946  15.3294  16.7015

          k =-0.2500-0.2500-0.2500 (   748 PWs)   bands (ev):

    -8.4146  -8.3806   4.4378   4.8298   5.5355   5.5355   6.5044   6.5044
     7.8487   7.8487   8.2987   9.9327   9.9327  10.9602  10.9724  10.9724
    12.4961  12.4961  13.9943  14.2633

     the Fermi energy is    10.9769 ev

!    total energy              =  -174.82465792 ryd
     estimated scf accuracy    <     0.00000003 ryd

     band energy sum           =    10.14370764 ryd
     one-electron contribution =     0.56214914 ryd
     hartree contribution      =    27.86075081 ryd
     xc contribution           =   -65.73507869 ryd
     ewald contribution        =  -137.50929535 ryd
     Hubbard energy            =     0.00000000 ryd
     correction for metals     =    -0.00318384 ryd

     total magnetization       =     0.00 Bohr mag/cell
     absolute magnetization    =     7.09 Bohr mag/cell

     convergence has been achieved

     Writing output data file feo_af.save
 
     PWSCF        :  1m26.74s CPU time

     init_run     :     7.20s CPU
     electrons    :    79.22s CPU
 
     electrons    :    79.22s CPU
     c_bands      :    43.42s CPU (       9 calls,   4.824 s avg)
     sum_band     :    23.48s CPU (       9 calls,   2.609 s avg)
     v_of_rho     :     1.59s CPU (      10 calls,   0.159 s avg)
     newd         :     8.62s CPU (      10 calls,   0.862 s avg)
     mix_rho      :     0.24s CPU (       9 calls,   0.027 s avg)
 
     c_bands      :    43.42s CPU (       9 calls,   4.824 s avg)
     init_us_2    :     0.36s CPU (     160 calls,   0.002 s avg)
     cegterg      :    42.97s CPU (      72 calls,   0.597 s avg)
 
     sum_band     :    23.48s CPU (       9 calls,   2.609 s avg)
     becsum       :     0.00s CPU (      72 calls,   0.000 s avg)
     addusdens    :     8.62s CPU (       9 calls,   0.958 s avg)
 
     wfcrot       :     1.92s CPU (       8 calls,   0.240 s avg)
     cegterg      :    42.97s CPU (      72 calls,   0.597 s avg)
     h_psi        :    41.46s CPU (     276 calls,   0.150 s avg)
     g_psi        :     0.09s CPU (     196 calls,   0.000 s avg)
     cdiaghg      :     0.82s CPU (     268 calls,   0.003 s avg)
     update       :     0.51s CPU (     196 calls,   0.003 s avg)
     last         :     0.17s CPU (      72 calls,   0.002 s avg)
 
     h_psi        :    41.46s CPU (     276 calls,   0.150 s avg)
     init         :     0.06s CPU (     276 calls,   0.000 s avg)
     firstfft     :    18.52s CPU (    3596 calls,   0.005 s avg)
     secondfft    :    17.72s CPU (    3596 calls,   0.005 s avg)
     add_vuspsi   :     0.72s CPU (     276 calls,   0.003 s avg)
     s_psi        :     0.54s CPU (     284 calls,   0.002 s avg)
 
     General routines
     ccalbec      :     0.71s CPU (     356 calls,   0.002 s avg)
     cft3         :     4.10s CPU (     136 calls,   0.030 s avg)
     cft3s        :    41.83s CPU (    8670 calls,   0.005 s avg)
     interpolate  :     1.80s CPU (      38 calls,   0.047 s avg)
     davcio       :     0.20s CPU (     456 calls,   0.000 s avg)
 
