
     Program PWSCF     v.3.0    starts ...
     Today is 10Nov2005 at  4:53:22 

     Ultrasoft (Vanderbilt) Pseudopotentials

     Current dimensions of program pwscf are:

     ntypx = 10   npk = 40000  lmax =  3
     nchix =  6  ndmx =  2000  nbrx = 14  nqfx =  8
  HUBBARD L FOR TYPE Fe IS            2
  HUBBARD L FOR TYPE Fe IS            2
  MAXIMUM HUBBARD L IS            2


     bravais-lattice index     =            0
     lattice parameter (a_0)   =       8.1900  a.u.
     unit-cell volume          =     274.6766 (a.u.)^3
     number of atoms/cell      =            4
     number of atomic types    =            3
     kinetic-energy cutoff     =      30.0000  Ry
     charge density cutoff     =     240.0000  Ry
     convergence threshold     =      1.0E-06
     beta                      =       0.3000
     number of iterations used =            8  plain     mixing
     Exchange-correlation      =  SLA  PZ   NOGX NOGC (1100)
     celldm(1)=   8.190000  celldm(2)=   0.000000  celldm(3)=   0.000000
     celldm(4)=   0.000000  celldm(5)=   0.000000  celldm(6)=   0.000000

     crystal axes: (cart. coord. in units of a_0)
               a(1) = (  0.500000  0.500000  1.000000 )  
               a(2) = (  0.500000  1.000000  0.500000 )  
               a(3) = (  1.000000  0.500000  0.500000 )  

     reciprocal axes: (cart. coord. in units 2 pi/a_0)
               b(1) = ( -0.500000 -0.500000  1.500000 )  
               b(2) = ( -0.500000  1.500000 -0.500000 )  
               b(3) = (  1.500000 -0.500000 -0.500000 )  


     PSEUDO 1 is O  (US)    zval =  6.0   lmax= 2   lloc= 0
     Version   0  0  0 of US pseudo code
     Using log mesh of  1269 points
     The pseudopotential has  4 beta functions with: 
                l(1) =   0
                l(2) =   0
                l(3) =   1
                l(4) =   1
     Q(r) pseudized with  0 coefficients,  rinner =    0.000   0.000   0.000
                                                       0.000   0.000

     PSEUDO 2 is Fe (US)    zval =  8.0   lmax= 2   lloc= 0
     Version   0  0  0 of US pseudo code
     Using log mesh of   957 points
     The pseudopotential has  6 beta functions with: 
                l(1) =   0
                l(2) =   0
                l(3) =   1
                l(4) =   1
                l(5) =   2
                l(6) =   2
     Q(r) pseudized with  0 coefficients,  rinner =    0.000   0.000   0.000
                                                       0.000   0.000

     PSEUDO 3 is Fe (US)    zval =  8.0   lmax= 2   lloc= 0
     Version   0  0  0 of US pseudo code
     Using log mesh of   957 points
     The pseudopotential has  6 beta functions with: 
                l(1) =   0
                l(2) =   0
                l(3) =   1
                l(4) =   1
                l(5) =   2
                l(6) =   2
     Q(r) pseudized with  0 coefficients,  rinner =    0.000   0.000   0.000
                                                       0.000   0.000

     atomic species   valence    mass     pseudopotential
        O1             6.00     1.00000     O ( 1.00)
        Fe1            8.00     1.00000     Fe( 1.00)
        Fe2            8.00     1.00000     Fe( 1.00)

     Starting magnetic structure 
     atomic species   magnetization
        O1           0.000
        Fe1          0.500
        Fe2         -0.500

     12 Sym.Ops. (with inversion)


   Cartesian axes

     site n.     atom                  positions (a_0 units)
         1           O1  tau(  1) = (   0.5000000   0.5000000   0.5000000  )
         2           O1  tau(  2) = (   1.5000000   1.5000000   1.5000000  )
         3           Fe1 tau(  3) = (   0.0000000   0.0000000   0.0000000  )
         4           Fe2 tau(  4) = (   1.0000000   1.0000000   1.0000000  )

     number of k points=    8  gaussian broad. (ryd)=  0.0100     ngauss =   0
                       cart. coord. in units 2pi/a_0
        k(    1) = (   0.0000000   0.0000000   0.0000000), wk =   0.1250000
        k(    2) = (  -0.7500000   0.2500000   0.2500000), wk =   0.3750000
        k(    3) = (  -0.5000000  -0.5000000   0.5000000), wk =   0.3750000
        k(    4) = (  -0.2500000  -0.2500000  -0.2500000), wk =   0.1250000
        k(    5) = (   0.0000000   0.0000000   0.0000000), wk =   0.1250000
        k(    6) = (  -0.7500000   0.2500000   0.2500000), wk =   0.3750000
        k(    7) = (  -0.5000000  -0.5000000   0.5000000), wk =   0.3750000
        k(    8) = (  -0.2500000  -0.2500000  -0.2500000), wk =   0.1250000

     G cutoff =  407.7738  (  17255 G-vectors)     FFT grid: ( 50, 50, 50)
     G cutoff =  203.8869  (   6111 G-vectors)  smooth grid: ( 36, 36, 36)

     nbndx  =    80  nbnd   =    20  natomwfc =    20  npwx   =     780
     nelec  =  28.00  nkb   =    52  ngl    =     342

     Check: negative/imaginary core charge=   -0.000003    0.000000

     Initial potential from superposition of free atoms

     starting charge   27.99905, renormalised to   28.00000

     Parameters of the lda+U calculation:
     Number of iteration with fixed ns =  0
     Starting ns and Hubbard U :
 enter write_ns
U( 1) =  0.0000      U( 2) =  4.3000      U( 3) =  4.3000
alpha( 1) =  0.0000      alpha( 2) =  0.0000      alpha( 3) =  0.0000
atom  3   Tr[ns(na)]=   6.0000000
atom  3  spin  1
eigenvalues:  1.0000000 1.0000000 1.0000000 1.0000000 1.0000000
 eigenvectors
 1   1.0000000  0.0000000  0.0000000  0.0000000  0.0000000
 2   0.0000000  1.0000000  0.0000000  0.0000000  0.0000000
 3   0.0000000  0.0000000  1.0000000  0.0000000  0.0000000
 4   0.0000000  0.0000000  0.0000000  1.0000000  0.0000000
 5   0.0000000  0.0000000  0.0000000  0.0000000  1.0000000
 occupations
 1.000  0.000  0.000  0.000  0.000
 0.000  1.000  0.000  0.000  0.000
 0.000  0.000  1.000  0.000  0.000
 0.000  0.000  0.000  1.000  0.000
 0.000  0.000  0.000  0.000  1.000
atom  3  spin  2
eigenvalues:  0.2000000 0.2000000 0.2000000 0.2000000 0.2000000
 eigenvectors
 1   1.0000000  0.0000000  0.0000000  0.0000000  0.0000000
 2   0.0000000  1.0000000  0.0000000  0.0000000  0.0000000
 3   0.0000000  0.0000000  1.0000000  0.0000000  0.0000000
 4   0.0000000  0.0000000  0.0000000  1.0000000  0.0000000
 5   0.0000000  0.0000000  0.0000000  0.0000000  1.0000000
 occupations
 0.200  0.000  0.000  0.000  0.000
 0.000  0.200  0.000  0.000  0.000
 0.000  0.000  0.200  0.000  0.000
 0.000  0.000  0.000  0.200  0.000
 0.000  0.000  0.000  0.000  0.200
atom  4   Tr[ns(na)]=   6.0000000
atom  4  spin  1
eigenvalues:  0.2000000 0.2000000 0.2000000 0.2000000 0.2000000
 eigenvectors
 1   1.0000000  0.0000000  0.0000000  0.0000000  0.0000000
 2   0.0000000  1.0000000  0.0000000  0.0000000  0.0000000
 3   0.0000000  0.0000000  1.0000000  0.0000000  0.0000000
 4   0.0000000  0.0000000  0.0000000  1.0000000  0.0000000
 5   0.0000000  0.0000000  0.0000000  0.0000000  1.0000000
 occupations
 0.200  0.000  0.000  0.000  0.000
 0.000  0.200  0.000  0.000  0.000
 0.000  0.000  0.200  0.000  0.000
 0.000  0.000  0.000  0.200  0.000
 0.000  0.000  0.000  0.000  0.200
atom  4  spin  2
eigenvalues:  1.0000000 1.0000000 1.0000000 1.0000000 1.0000000
 eigenvectors
 1   1.0000000  0.0000000  0.0000000  0.0000000  0.0000000
 2   0.0000000  1.0000000  0.0000000  0.0000000  0.0000000
 3   0.0000000  0.0000000  1.0000000  0.0000000  0.0000000
 4   0.0000000  0.0000000  0.0000000  1.0000000  0.0000000
 5   0.0000000  0.0000000  0.0000000  0.0000000  1.0000000
 occupations
 1.000  0.000  0.000  0.000  0.000
 0.000  1.000  0.000  0.000  0.000
 0.000  0.000  1.000  0.000  0.000
 0.000  0.000  0.000  1.000  0.000
 0.000  0.000  0.000  0.000  1.000
nsum =  12.0000000
 exit write_ns
 LDA+U Projector read from file 
     Starting wfc are atomic

     total cpu time spent up to now is      7.08 secs

     Self-consistent Calculation

     iteration #  1     ecut=    30.00 ryd     beta=0.30
     Davidson diagonalization with overlap
     ethr =  1.00E-02,  avg # of iterations =  3.0
 enter write_ns
U( 1) =  0.0000      U( 2) =  4.3000      U( 3) =  4.3000
alpha( 1) =  0.0000      alpha( 2) =  0.0000      alpha( 3) =  0.0000
atom  3   Tr[ns(na)]=   5.6406563
atom  3  spin  1
eigenvalues:  0.9879573 0.9879573 0.9903417 0.9903417 0.9909578
 eigenvectors
 1  -0.2241369 -0.0618031  0.0472717 -0.9713379 -0.0145314
 2  -0.9713379 -0.0189026 -0.0440717  0.2241369 -0.0629743
 3  -0.0779978  0.2809679  0.5210749  0.0134812  0.8020428
 4   0.0134812 -0.7639023  0.6252765  0.0779978 -0.1386258
 5   0.0000000 -0.5773503 -0.5773503  0.0000000  0.5773503
 occupations
 0.988  0.000  0.000  0.000  0.000
 0.000  0.991  0.000  0.000  0.000
 0.000  0.000  0.991  0.000  0.000
 0.000  0.000  0.000  0.988  0.000
 0.000  0.000  0.000  0.000  0.991
atom  3  spin  2
eigenvalues:  0.0240815 0.0240815 0.2017556 0.2215909 0.2215909
 eigenvectors
 1   0.6303855  0.0522487 -0.0188146  0.7735712  0.0334342
 2   0.7735712 -0.0084406  0.0494690 -0.6303855  0.0410284
 3   0.0000000 -0.5773503 -0.5773503  0.0000000  0.5773503
 4  -0.0640208  0.2918301  0.5128911  0.0101538  0.8047212
 5  -0.0101538  0.7607238 -0.6330942 -0.0640208  0.1276296
 occupations
 0.025 -0.005 -0.005  0.000 -0.010
-0.005  0.214 -0.006 -0.009  0.006
-0.005 -0.006  0.214  0.009  0.006
 0.000 -0.009  0.009  0.025  0.000
-0.010  0.006  0.006  0.000  0.214
atom  4   Tr[ns(na)]=   5.6406562
atom  4  spin  1
eigenvalues:  0.0240816 0.0240816 0.2017556 0.2215909 0.2215909
 eigenvectors
 1   0.4105258  0.0526637 -0.0308904  0.9095421  0.0217733
 2   0.9095421  0.0052637  0.0429762 -0.4105258  0.0482400
 3   0.0000000 -0.5773503 -0.5773503  0.0000000  0.5773503
 4  -0.0640131  0.2912594  0.5133658  0.0102018  0.8046252
 5  -0.0102018  0.7609425 -0.6327093 -0.0640131  0.1282332
 occupations
 0.025 -0.005 -0.005  0.000 -0.010
-0.005  0.214 -0.006 -0.009  0.006
-0.005 -0.006  0.214  0.009  0.006
 0.000 -0.009  0.009  0.025  0.000
-0.010  0.006  0.006  0.000  0.214
atom  4  spin  2
eigenvalues:  0.9879573 0.9879573 0.9903417 0.9903417 0.9909578
 eigenvectors
 1  -0.3000788 -0.0631018  0.0436469 -0.9506247 -0.0194549
 2  -0.9506247 -0.0139673 -0.0476641  0.3000788 -0.0616314
 3  -0.0780039  0.2813211  0.5207857  0.0134451  0.8021068
 4   0.0134451 -0.7637723  0.6255174  0.0780039 -0.1382549
 5   0.0000000 -0.5773503 -0.5773503  0.0000000  0.5773503
 occupations
 0.988  0.000  0.000  0.000  0.000
 0.000  0.991  0.000  0.000  0.000
 0.000  0.000  0.991  0.000  0.000
 0.000  0.000  0.000  0.988  0.000
 0.000  0.000  0.000  0.000  0.991
nsum =  11.2813125
 exit write_ns
 Modify starting ns matrices according to input values 
 enter write_ns
U( 1) =  0.0000      U( 2) =  4.3000      U( 3) =  4.3000
alpha( 1) =  0.0000      alpha( 2) =  0.0000      alpha( 3) =  0.0000
atom  3   Tr[ns(na)]=   6.4190654
atom  3  spin  1
eigenvalues:  0.9879573 0.9879573 0.9903417 0.9903417 0.9909578
 eigenvectors
 1  -0.2670556 -0.0625816  0.0452677 -0.9604249 -0.0173139
 2  -0.9604249 -0.0161391 -0.0461277  0.2670556 -0.0622668
 3  -0.0778091  0.2706515  0.5294510  0.0145307  0.8001025
 4   0.0145307 -0.7676181  0.6182001  0.0778091 -0.1494180
 5   0.0000000 -0.5773503 -0.5773503  0.0000000  0.5773503
 occupations
 0.988  0.000  0.000  0.000  0.000
 0.000  0.991  0.000  0.000  0.000
 0.000  0.000  0.991  0.000  0.000
 0.000  0.000  0.000  0.988  0.000
 0.000  0.000  0.000  0.000  0.991
atom  3  spin  2
eigenvalues:  0.0240815 0.0240815 0.2017556 0.2215909 1.0000000
 eigenvectors
 1   0.6869847  0.0514624 -0.0150264  0.7237750  0.0364361
 2  -0.7237750  0.0123609 -0.0507482  0.6869847 -0.0383873
 3   0.0000000 -0.5773503 -0.5773503  0.0000000  0.5773503
 4  -0.0640208  0.2918301  0.5128911  0.0101538  0.8047212
 5  -0.0101538  0.7607238 -0.6330942 -0.0640208  0.1276296
 occupations
 0.025 -0.011  0.000  0.001 -0.011
-0.011  0.665 -0.381 -0.047  0.082
 0.000 -0.381  0.526  0.041 -0.057
 0.001 -0.047  0.041  0.028 -0.006
-0.011  0.082 -0.057 -0.006  0.227
atom  4   Tr[ns(na)]=   6.4190654
atom  4  spin  1
eigenvalues:  0.0240816 0.0240816 0.2017556 0.2215909 1.0000000
 eigenvectors
 1   0.3899239  0.0525317 -0.0318511  0.9185628  0.0206807
 2  -0.9185628 -0.0064492 -0.0422692  0.3899239 -0.0487184
 3   0.0000000 -0.5773503 -0.5773503  0.0000000  0.5773503
 4  -0.0640131  0.2912594  0.5133658  0.0102018  0.8046252
 5  -0.0102018  0.7609425 -0.6327093 -0.0640131  0.1282332
 occupations
 0.025 -0.011  0.000  0.001 -0.011
-0.011  0.665 -0.381 -0.047  0.082
 0.000 -0.381  0.526  0.041 -0.057
 0.001 -0.047  0.041  0.028 -0.006
-0.011  0.082 -0.057 -0.006  0.227
atom  4  spin  2
eigenvalues:  0.9879573 0.9879573 0.9903417 0.9903417 0.9909578
 eigenvectors
 1  -0.3452074 -0.0636977  0.0413170 -0.9351826 -0.0223807
 2  -0.9351826 -0.0109329 -0.0496974  0.3452074 -0.0606303
 3  -0.0777635  0.2682653  0.5313692  0.0147724  0.7996344
 4   0.0147724 -0.7684553  0.6165522  0.0777635 -0.1519031
 5   0.0000000 -0.5773503 -0.5773503  0.0000000  0.5773503
 occupations
 0.988  0.000  0.000  0.000  0.000
 0.000  0.991  0.000  0.000  0.000
 0.000  0.000  0.991  0.000  0.000
 0.000  0.000  0.000  0.988  0.000
 0.000  0.000  0.000  0.000  0.991
nsum =  12.8381307
 exit write_ns

     total cpu time spent up to now is     14.60 secs

     total energy              =  -174.05739770 ryd
     estimated scf accuracy    <     2.39665735 ryd

     total magnetization       =     0.00 Bohr mag/cell
     absolute magnetization    =     8.48 Bohr mag/cell

     iteration #  2     ecut=    30.00 ryd     beta=0.30
     Davidson diagonalization with overlap
     ethr =  8.56E-03,  avg # of iterations =  2.2
 enter write_ns
U( 1) =  0.0000      U( 2) =  4.3000      U( 3) =  4.3000
alpha( 1) =  0.0000      alpha( 2) =  0.0000      alpha( 3) =  0.0000
atom  3   Tr[ns(na)]=   5.9947634
atom  3  spin  1
eigenvalues:  0.9702278 0.9702278 0.9937462 0.9959496 0.9959496
 eigenvectors
 1  -0.2552539 -0.0836469  0.0614039 -0.9610325 -0.0222430
 2  -0.9610325 -0.0226095 -0.0611355  0.2552539 -0.0837451
 3   0.0000000  0.5773503  0.5773503  0.0000000 -0.5773503
 4   0.1044741 -0.2761921 -0.5230828 -0.0186319 -0.7992749
 5   0.0186319 -0.7634636  0.6209211  0.1044741 -0.1425424
 occupations
 0.971 -0.001 -0.001  0.000 -0.002
-0.001  0.995 -0.001 -0.002  0.001
-0.001 -0.001  0.995  0.002  0.001
 0.000 -0.002  0.002  0.971  0.000
-0.002  0.001  0.001  0.000  0.995
atom  3  spin  2
eigenvalues:  0.0322336 0.0322336 0.1500084 0.4270934 0.4270934
 eigenvectors
 1  -0.3059413 -0.0858101  0.0588065 -0.9459647 -0.0270035
 2   0.9459647  0.0183615  0.0651330 -0.3059413  0.0834944
 3   0.0000000  0.5773503  0.5773503  0.0000000 -0.5773503
 4  -0.1052300  0.2544830  0.5403312  0.0218499  0.7948143
 5   0.0218499 -0.7708466  0.6058121  0.1052300 -0.1650345
 occupations
 0.037 -0.017 -0.017  0.000 -0.034
-0.017  0.332 -0.091 -0.030  0.091
-0.017 -0.091  0.332  0.030  0.091
 0.000 -0.030  0.030  0.037  0.000
-0.034  0.091  0.091  0.000  0.332
atom  4   Tr[ns(na)]=   5.9947559
atom  4  spin  1
eigenvalues:  0.0322339 0.0322339 0.1499357 0.4271266 0.4271266
 eigenvectors
 1   0.9588450  0.0623943  0.0222231  0.2628101  0.0846174
 2  -0.2628101  0.0616844 -0.0848772  0.9588450 -0.0231928
 3   0.0000000 -0.5773503 -0.5773503  0.0000000  0.5773503
 4   0.1055829 -0.2680784 -0.5295322 -0.0199819 -0.7976106
 5   0.0199819 -0.7662262  0.6152758  0.1055829 -0.1509504
 occupations
 0.037 -0.017 -0.017  0.000 -0.034
-0.017  0.332 -0.091 -0.030  0.091
-0.017 -0.091  0.332  0.030  0.091
 0.000 -0.030  0.030  0.037  0.000
-0.034  0.091  0.091  0.000  0.332
atom  4  spin  2
eigenvalues:  0.9702275 0.9702275 0.9937461 0.9959490 0.9959490
 eigenvectors
 1  -0.2484190 -0.0834847  0.0618372 -0.9628218 -0.0216476
 2  -0.9628218 -0.0232035 -0.0606982  0.2484190 -0.0839016
 3   0.0000000  0.5773503  0.5773503  0.0000000 -0.5773503
 4   0.1043817 -0.2724224 -0.5261395 -0.0191472 -0.7985619
 5   0.0191472 -0.7648167  0.6183331  0.1043817 -0.1464837
 occupations
 0.971 -0.001 -0.001  0.000 -0.002
-0.001  0.995 -0.001 -0.002  0.001
-0.001 -0.001  0.995  0.002  0.001
 0.000 -0.002  0.002  0.971  0.000
-0.002  0.001  0.001  0.000  0.995
nsum =  11.9895193
 exit write_ns

     total cpu time spent up to now is     22.02 secs

     total energy              =  -174.55888616 ryd
     estimated scf accuracy    <     0.15135423 ryd

     total magnetization       =     0.00 Bohr mag/cell
     absolute magnetization    =     7.19 Bohr mag/cell

     iteration #  3     ecut=    30.00 ryd     beta=0.30
     Davidson diagonalization with overlap
     ethr =  5.41E-04,  avg # of iterations =  1.8
 enter write_ns
U( 1) =  0.0000      U( 2) =  4.3000      U( 3) =  4.3000
alpha( 1) =  0.0000      alpha( 2) =  0.0000      alpha( 3) =  0.0000
atom  3   Tr[ns(na)]=   5.9399103
atom  3  spin  1
eigenvalues:  0.9774293 0.9774293 0.9952858 0.9972320 0.9972320
 eigenvectors
 1  -0.3814824 -0.0922874  0.0565512 -0.9173217 -0.0357362
 2  -0.9173217 -0.0120176 -0.0739144  0.3814824 -0.0859320
 3   0.0000000 -0.5773503 -0.5773503  0.0000000  0.5773503
 4  -0.1118899  0.2641376  0.5321431  0.0217424  0.7962807
 5  -0.0217424  0.7669659 -0.6122328 -0.1118899  0.1547331
 occupations
 0.978 -0.001 -0.001  0.000 -0.002
-0.001  0.996 -0.001 -0.002  0.001
-0.001 -0.001  0.996  0.002  0.001
 0.000 -0.002  0.002  0.978  0.000
-0.002  0.001  0.001  0.000  0.996
atom  3  spin  2
eigenvalues:  0.0209846 0.0209846 0.1341919 0.4095706 0.4095706
 eigenvectors
 1   0.1193262  0.0888467 -0.0772395  0.9857824  0.0116072
 2   0.9857824  0.0378928  0.0579971 -0.1193262  0.0958899
 3   0.0000000 -0.5773503 -0.5773503  0.0000000  0.5773503
 4   0.1162150 -0.2670637 -0.5294240 -0.0221014 -0.7964878
 5   0.0221014 -0.7655155  0.6140417  0.1162150 -0.1514738
 occupations
 0.026 -0.019 -0.019  0.000 -0.037
-0.019  0.314 -0.090 -0.032  0.090
-0.019 -0.090  0.314  0.032  0.090
 0.000 -0.032  0.032  0.026  0.000
-0.037  0.090  0.090  0.000  0.314
atom  4   Tr[ns(na)]=   5.9401462
atom  4  spin  1
eigenvalues:  0.0209859 0.0209859 0.1341903 0.4096912 0.4096912
 eigenvectors
 1  -0.9618038 -0.0675578 -0.0259751 -0.2468730 -0.0935329
 2   0.2468730 -0.0689980  0.0930057 -0.9618038  0.0240077
 3   0.0000000 -0.5773503 -0.5773503  0.0000000  0.5773503
 4   0.1159465 -0.2590121 -0.5358442 -0.0233144 -0.7948563
 5   0.0233144 -0.7682803  0.6084512  0.1159465 -0.1598291
 occupations
 0.026 -0.019 -0.019  0.000 -0.037
-0.019  0.314 -0.090 -0.032  0.090
-0.019 -0.090  0.314  0.032  0.090
 0.000 -0.032  0.032  0.026  0.000
-0.037  0.090  0.090  0.000  0.314
atom  4  spin  2
eigenvalues:  0.9774284 0.9774284 0.9952847 0.9972301 0.9972301
 eigenvectors
 1  -0.3445298 -0.0917568  0.0594740 -0.9318265 -0.0322828
 2  -0.9318265 -0.0156988 -0.0716143  0.3445298 -0.0873132
 3   0.0000000 -0.5773503 -0.5773503  0.0000000  0.5773503
 4  -0.1120373  0.2683937  0.5287318  0.0211258  0.7971254
 5  -0.0211258  0.7654840 -0.6151777 -0.1120373  0.1503063
 occupations
 0.978 -0.001 -0.001  0.000 -0.002
-0.001  0.996 -0.001 -0.002  0.001
-0.001 -0.001  0.996  0.002  0.001
 0.000 -0.002  0.002  0.978  0.000
-0.002  0.001  0.001  0.000  0.996
nsum =  11.8800565
 exit write_ns

     total cpu time spent up to now is     29.14 secs

     total energy              =  -174.57494101 ryd
     estimated scf accuracy    <     0.04185027 ryd

     total magnetization       =     0.00 Bohr mag/cell
     absolute magnetization    =     7.46 Bohr mag/cell

     iteration #  4     ecut=    30.00 ryd     beta=0.30
     Davidson diagonalization with overlap
     ethr =  1.49E-04,  avg # of iterations =  1.5
 enter write_ns
U( 1) =  0.0000      U( 2) =  4.3000      U( 3) =  4.3000
alpha( 1) =  0.0000      alpha( 2) =  0.0000      alpha( 3) =  0.0000
atom  3   Tr[ns(na)]=   5.9915985
atom  3  spin  1
eigenvalues:  0.9781814 0.9781814 0.9955342 0.9977733 0.9977733
 eigenvectors
 1  -0.2682531 -0.0893181  0.0644289 -0.9567089 -0.0248892
 2  -0.9567089 -0.0228282 -0.0659376  0.2682531 -0.0887658
 3   0.0000000 -0.5773503 -0.5773503  0.0000000  0.5773503
 4  -0.1107537  0.2613007  0.5344942  0.0219516  0.7957949
 5  -0.0219516  0.7680428 -0.6103145 -0.1107537  0.1577284
 occupations
 0.978 -0.001 -0.001  0.000 -0.002
-0.001  0.997 -0.001 -0.002  0.001
-0.001 -0.001  0.997  0.002  0.001
 0.000 -0.002  0.002  0.978  0.000
-0.002  0.001  0.001  0.000  0.997
atom  3  spin  2
eigenvalues:  0.0196720 0.0196720 0.1077597 0.4485256 0.4485256
 eigenvectors
 1  -0.5614216 -0.1102812  0.0475961 -0.8163633 -0.0626851
 2   0.8163633 -0.0087117  0.0998622 -0.5614216  0.0911505
 3   0.0000000 -0.5773503 -0.5773503  0.0000000  0.5773503
 4   0.1325771 -0.2513761 -0.5402167 -0.0279296 -0.7915928
 5   0.0279296 -0.7689206  0.6021584  0.1325771 -0.1667622
 occupations
 0.028 -0.024 -0.024  0.000 -0.047
-0.024  0.330 -0.111 -0.041  0.111
-0.024 -0.111  0.330  0.041  0.111
 0.000 -0.041  0.041  0.028  0.000
-0.047  0.111  0.111  0.000  0.330
atom  4   Tr[ns(na)]=   5.9901982
atom  4  spin  1
eigenvalues:  0.0196555 0.0196555 0.1076755 0.4478905 0.4478905
 eigenvectors
 1  -0.8976956 -0.0906368 -0.0095712 -0.4192784 -0.1002080
 2   0.4192784 -0.0633811  0.1101843 -0.8976956  0.0468032
 3   0.0000000 -0.5773503 -0.5773503  0.0000000  0.5773503
 4   0.1328746 -0.2606617 -0.5328942 -0.0263174 -0.7935559
 5   0.0263174 -0.7658263  0.6086528  0.1328746 -0.1571735
 occupations
 0.028 -0.023 -0.023  0.000 -0.047
-0.023  0.329 -0.111 -0.041  0.111
-0.023 -0.111  0.329  0.041  0.111
 0.000 -0.041  0.041  0.028  0.000
-0.047  0.111  0.111  0.000  0.329
atom  4  spin  2
eigenvalues:  0.9781680 0.9781680 0.9955357 0.9977795 0.9977795
 eigenvectors
 1  -0.2790141 -0.0894237  0.0635787 -0.9536479 -0.0258449
 2  -0.9536479 -0.0217856 -0.0665504  0.2790141 -0.0883360
 3   0.0000000  0.5773503  0.5773503  0.0000000 -0.5773503
 4  -0.1109320  0.2743979  0.5239939  0.0200225  0.7983918
 5  -0.0200225  0.7634797 -0.6193754 -0.1109320  0.1441043
 occupations
 0.978 -0.001 -0.001  0.000 -0.002
-0.001  0.997 -0.001 -0.002  0.001
-0.001 -0.001  0.997  0.002  0.001
 0.000 -0.002  0.002  0.978  0.000
-0.002  0.001  0.001  0.000  0.997
nsum =  11.9817966
 exit write_ns

     total cpu time spent up to now is     36.17 secs

     total energy              =  -174.57572677 ryd
     estimated scf accuracy    <     0.01325113 ryd

     total magnetization       =     0.00 Bohr mag/cell
     absolute magnetization    =     7.39 Bohr mag/cell

     iteration #  5     ecut=    30.00 ryd     beta=0.30
     Davidson diagonalization with overlap
     ethr =  4.73E-05,  avg # of iterations =  1.5
 enter write_ns
U( 1) =  0.0000      U( 2) =  4.3000      U( 3) =  4.3000
alpha( 1) =  0.0000      alpha( 2) =  0.0000      alpha( 3) =  0.0000
atom  3   Tr[ns(na)]=   5.9846986
atom  3  spin  1
eigenvalues:  0.9796893 0.9796893 0.9957000 0.9979327 0.9979327
 eigenvectors
 1  -0.2975663 -0.0970404  0.0672353 -0.9469047 -0.0298051
 2  -0.9469047 -0.0216104 -0.0732343  0.2975663 -0.0948446
 3   0.0000000  0.5773503  0.5773503  0.0000000 -0.5773503
 4   0.1194190 -0.2604216 -0.5344113 -0.0237668 -0.7948329
 5  -0.0237668  0.7674395 -0.6092515 -0.1194190  0.1581880
 occupations
 0.980 -0.001 -0.001  0.000 -0.002
-0.001  0.997 -0.001 -0.002  0.001
-0.001 -0.001  0.997  0.002  0.001
 0.000 -0.002  0.002  0.980  0.000
-0.002  0.001  0.001  0.000  0.997
atom  3  spin  2
eigenvalues:  0.0177092 0.0177092 0.0778448 0.4602457 0.4602457
 eigenvectors
 1  -0.0827695 -0.1062873  0.0964622 -0.9861292 -0.0098251
 2   0.9861292  0.0500200  0.0670375 -0.0827695  0.1170575
 3   0.0000000 -0.5773503 -0.5773503  0.0000000  0.5773503
 4   0.1404751 -0.2433601 -0.5455776 -0.0310682 -0.7889376
 5   0.0310682 -0.7704827  0.5959973  0.1404751 -0.1744854
 occupations
 0.027 -0.026 -0.026  0.000 -0.051
-0.026  0.327 -0.124 -0.045  0.124
-0.026 -0.124  0.327  0.045  0.124
 0.000 -0.045  0.045  0.027  0.000
-0.051  0.124  0.124  0.000  0.327
atom  4   Tr[ns(na)]=   5.9979778
atom  4  spin  1
eigenvalues:  0.0177672 0.0177672 0.0778988 0.4667768 0.4667768
 eigenvectors
 1  -0.7190270 -0.1127784  0.0272667 -0.6798717 -0.0855117
 2   0.6798717 -0.0336278  0.1144828 -0.7190270  0.0808551
 3   0.0000000  0.5773503  0.5773503  0.0000000 -0.5773503
 4  -0.1412204  0.2558315  0.5358051  0.0288355  0.7916366
 5   0.0288355 -0.7663988  0.6047560  0.1412204 -0.1616429
 occupations
 0.027 -0.026 -0.026  0.000 -0.052
-0.026  0.331 -0.127 -0.045  0.127
-0.026 -0.127  0.331  0.045  0.127
 0.000 -0.045  0.045  0.027  0.000
-0.052  0.127  0.127  0.000  0.331
atom  4  spin  2
eigenvalues:  0.9797361 0.9797361 0.9957018 0.9979085 0.9979085
 eigenvectors
 1  -0.3463792 -0.0987179  0.0637775 -0.9300472 -0.0349404
 2  -0.9300472 -0.0166492 -0.0771676  0.3463792 -0.0938168
 3   0.0000000 -0.5773503 -0.5773503  0.0000000  0.5773503
 4  -0.1202280  0.2595865  0.5349957  0.0240594  0.7945822
 5  -0.0240594  0.7676321 -0.6086246 -0.1202280  0.1590075
 occupations
 0.980 -0.001 -0.001  0.000 -0.002
-0.001  0.997 -0.001 -0.002  0.001
-0.001 -0.001  0.997  0.002  0.001
 0.000 -0.002  0.002  0.980  0.000
-0.002  0.001  0.001  0.000  0.997
nsum =  11.9826764
 exit write_ns

     total cpu time spent up to now is     43.15 secs

     total energy              =  -174.58076658 ryd
     estimated scf accuracy    <     0.00198054 ryd

     total magnetization       =     0.01 Bohr mag/cell
     absolute magnetization    =     7.43 Bohr mag/cell

     iteration #  6     ecut=    30.00 ryd     beta=0.30
     Davidson diagonalization with overlap
     ethr =  7.07E-06,  avg # of iterations =  2.1
 enter write_ns
U( 1) =  0.0000      U( 2) =  4.3000      U( 3) =  4.3000
alpha( 1) =  0.0000      alpha( 2) =  0.0000      alpha( 3) =  0.0000
atom  3   Tr[ns(na)]=   6.0684269
atom  3  spin  1
eigenvalues:  0.9797096 0.9797096 0.9956357 0.9976504 0.9976504
 eigenvectors
 1  -0.3537165 -0.1034851  0.0661044 -0.9265033 -0.0373806
 2  -0.9265033 -0.0165837 -0.0813289  0.3537165 -0.0979126
 3   0.0000000 -0.5773503 -0.5773503  0.0000000  0.5773503
 4  -0.1258369  0.2585586  0.5352675  0.0253248  0.7938261
 5  -0.0253248  0.7673526 -0.6075946 -0.1258369  0.1597580
 occupations
 0.980 -0.001 -0.001  0.000 -0.002
-0.001  0.997 -0.001 -0.002  0.001
-0.001 -0.001  0.997  0.002  0.001
 0.000 -0.002  0.002  0.980  0.000
-0.002  0.001  0.001  0.000  0.997
atom  3  spin  2
eigenvalues:  0.0182845 0.0182845 0.0708802 0.5053110 0.5053110
 eigenvectors
 1  -0.7691905 -0.1139659  0.0189530 -0.6212657 -0.0950129
 2   0.6212657 -0.0439132  0.1206540 -0.7691905  0.0767408
 3   0.0000000 -0.5773503 -0.5773503  0.0000000  0.5773503
 4   0.1467028 -0.2593581 -0.5324105 -0.0292096 -0.7917686
 5   0.0292096 -0.7645152  0.6068683  0.1467028 -0.1576469
 occupations
 0.029 -0.029 -0.029  0.000 -0.059
-0.029  0.353 -0.141 -0.051  0.141
-0.029 -0.141  0.353  0.051  0.141
 0.000 -0.051  0.051  0.029  0.000
-0.059  0.141  0.141  0.000  0.353
atom  4   Tr[ns(na)]=   5.9143752
atom  4  spin  1
eigenvalues:  0.0175891 0.0175891 0.0696975 0.4297926 0.4297926
 eigenvectors
 1  -0.8650364 -0.1026228 -0.0020559 -0.4798111 -0.1046787
 2   0.4798111 -0.0616233  0.1196855 -0.8650364  0.0580623
 3   0.0000000 -0.5773503 -0.5773503  0.0000000  0.5773503
 4   0.1431788 -0.2440428 -0.5447512 -0.0315137 -0.7887940
 5   0.0315137 -0.7699227  0.5963086  0.1431788 -0.1736141
 occupations
 0.026 -0.024 -0.024  0.000 -0.049
-0.024  0.304 -0.117 -0.042  0.117
-0.024 -0.117  0.304  0.042  0.117
 0.000 -0.042  0.042  0.026  0.000
-0.049  0.117  0.117  0.000  0.304
atom  4  spin  2
eigenvalues:  0.9791492 0.9791492 0.9956293 0.9979933 0.9979933
 eigenvectors
 1  -0.2962174 -0.0940157  0.0652736 -0.9478025 -0.0287421
 2  -0.9478025 -0.0210914 -0.0708742  0.2962174 -0.0919657
 3   0.0000000  0.5773503  0.5773503  0.0000000 -0.5773503
 4   0.1155795 -0.2553632 -0.5387487 -0.0238131 -0.7941119
 5  -0.0238131  0.7695275 -0.6059148 -0.1155795  0.1636127
 occupations
 0.979 -0.001 -0.001  0.000 -0.002
-0.001  0.997 -0.001 -0.002  0.001
-0.001 -0.001  0.997  0.002  0.001
 0.000 -0.002  0.002  0.979  0.000
-0.002  0.001  0.001  0.000  0.997
nsum =  11.9828021
 exit write_ns

     total cpu time spent up to now is     50.37 secs

     total energy              =  -174.58119111 ryd
     estimated scf accuracy    <     0.01017417 ryd

     total magnetization       =    -0.15 Bohr mag/cell
     absolute magnetization    =     7.42 Bohr mag/cell

     iteration #  7     ecut=    30.00 ryd     beta=0.30
     Davidson diagonalization with overlap
     ethr =  7.07E-06,  avg # of iterations =  1.0
 enter write_ns
U( 1) =  0.0000      U( 2) =  4.3000      U( 3) =  4.3000
alpha( 1) =  0.0000      alpha( 2) =  0.0000      alpha( 3) =  0.0000
atom  3   Tr[ns(na)]=   5.9789568
atom  3  spin  1
eigenvalues:  0.9793646 0.9793646 0.9956307 0.9978330 0.9978330
 eigenvectors
 1  -0.2543554 -0.0965953  0.0709477 -0.9593129 -0.0256476
 2  -0.9593129 -0.0261541 -0.0705770  0.2543554 -0.0967310
 3   0.0000000  0.5773503  0.5773503  0.0000000 -0.5773503
 4  -0.1203779  0.2659771  0.5299075  0.0230476  0.7958846
 5  -0.0230476  0.7654464 -0.6130661 -0.1203779  0.1523803
 occupations
 0.980 -0.001 -0.001  0.000 -0.002
-0.001  0.997 -0.001 -0.002  0.001
-0.001 -0.001  0.997  0.002  0.001
 0.000 -0.002  0.002  0.980  0.000
-0.002  0.001  0.001  0.000  0.997
atom  3  spin  2
eigenvalues:  0.0178826 0.0178826 0.0687015 0.4622321 0.4622321
 eigenvectors
 1  -0.7486046 -0.1147615  0.0227637 -0.6460953 -0.0919978
 2   0.6460953 -0.0399723  0.1193725 -0.7486046  0.0794002
 3   0.0000000  0.5773503  0.5773503  0.0000000 -0.5773503
 4  -0.1456641  0.2515259  0.5386729  0.0305605  0.7901988
 5   0.0305605 -0.7672245  0.6014401  0.1456641 -0.1657844
 occupations
 0.028 -0.027 -0.027  0.000 -0.053
-0.027  0.324 -0.128 -0.046  0.128
-0.027 -0.128  0.324  0.046  0.128
 0.000 -0.046  0.046  0.028  0.000
-0.053  0.128  0.128  0.000  0.324
atom  4   Tr[ns(na)]=   6.0038499
atom  4  spin  1
eigenvalues:  0.0179907 0.0179907 0.0688711 0.4744487 0.4744487
 eigenvectors
 1   0.8666698  0.1042370  0.0025995  0.4760225  0.1068365
 2   0.4760225 -0.0631829  0.1218633 -0.8666698  0.0586804
 3   0.0000000  0.5773503  0.5773503  0.0000000 -0.5773503
 4  -0.1459979  0.2488588  0.5407089  0.0311571  0.7895676
 5   0.0311571 -0.7680355  0.5995358  0.1459979 -0.1684998
 occupations
 0.028 -0.028 -0.028  0.000 -0.055
-0.028  0.332 -0.132 -0.048  0.132
-0.028 -0.132  0.332  0.048  0.132
 0.000 -0.048  0.048  0.028  0.000
-0.055  0.132  0.132  0.000  0.332
atom  4  spin  2
eigenvalues:  0.9794522 0.9794522 0.9956342 0.9977807 0.9977807
 eigenvectors
 1  -0.3173220 -0.0995057  0.0670489 -0.9401363 -0.0324568
 2  -0.9401363 -0.0199718 -0.0761886  0.3173220 -0.0961604
 3   0.0000000  0.5773503  0.5773503  0.0000000 -0.5773503
 4   0.1217873 -0.2565443 -0.5372454 -0.0248645 -0.7937897
 5  -0.0248645  0.7684735 -0.6064106 -0.1217873  0.1620629
 occupations
 0.980 -0.001 -0.001  0.000 -0.002
-0.001  0.997 -0.001 -0.002  0.001
-0.001 -0.001  0.997  0.002  0.001
 0.000 -0.002  0.002  0.980  0.000
-0.002  0.001  0.001  0.000  0.997
nsum =  11.9828067
 exit write_ns

     total cpu time spent up to now is     57.33 secs

     total energy              =  -174.58058350 ryd
     estimated scf accuracy    <     0.00114191 ryd

     total magnetization       =     0.02 Bohr mag/cell
     absolute magnetization    =     7.42 Bohr mag/cell

     iteration #  8     ecut=    30.00 ryd     beta=0.30
     Davidson diagonalization with overlap
     ethr =  4.08E-06,  avg # of iterations =  1.8
 enter write_ns
U( 1) =  0.0000      U( 2) =  4.3000      U( 3) =  4.3000
alpha( 1) =  0.0000      alpha( 2) =  0.0000      alpha( 3) =  0.0000
atom  3   Tr[ns(na)]=   5.9895756
atom  3  spin  1
eigenvalues:  0.9795454 0.9795454 0.9956568 0.9976511 0.9976511
 eigenvectors
 1  -0.3828881 -0.1027586  0.0627694 -0.9150400 -0.0399892
 2  -0.9150400 -0.0131522 -0.0824155  0.3828881 -0.0955677
 3   0.0000000  0.5773503  0.5773503  0.0000000 -0.5773503
 4   0.1245655 -0.2642136 -0.5309122 -0.0241225 -0.7951258
 5  -0.0241225  0.7655884 -0.6116098 -0.1245655  0.1539785
 occupations
 0.980 -0.001 -0.001  0.000 -0.002
-0.001  0.997 -0.001 -0.002  0.001
-0.001 -0.001  0.997  0.002  0.001
 0.000 -0.002  0.002  0.980  0.000
-0.002  0.001  0.001  0.000  0.997
atom  3  spin  2
eigenvalues:  0.0175588 0.0175588 0.0525175 0.4759454 0.4759454
 eigenvectors
 1   0.0472470 -0.1094026  0.1156275 -0.9860985  0.0062249
 2   0.9860985  0.0703515  0.0595696  0.0472470  0.1299212
 3   0.0000000 -0.5773503 -0.5773503  0.0000000  0.5773503
 4   0.1556043 -0.2441277 -0.5432274 -0.0341276 -0.7873552
 5   0.0341276 -0.7682122  0.5955270  0.1556043 -0.1726853
 occupations
 0.029 -0.029 -0.029  0.000 -0.059
-0.029  0.327 -0.137 -0.051  0.137
-0.029 -0.137  0.327  0.051  0.137
 0.000 -0.051  0.051  0.029  0.000
-0.059  0.137  0.137  0.000  0.327
atom  4   Tr[ns(na)]=   5.9934057
atom  4  spin  1
eigenvalues:  0.0175614 0.0175614 0.0524946 0.4778823 0.4778823
 eigenvectors
 1  -0.6040388 -0.1289319  0.0493216 -0.7808606 -0.0796102
 2   0.7808606 -0.0174871  0.1204018 -0.6040388  0.1029147
 3   0.0000000  0.5773503  0.5773503  0.0000000 -0.5773503
 4  -0.1559630  0.2512007  0.5377070  0.0327016  0.7889078
 5   0.0327016 -0.7659214  0.6005069  0.1559630 -0.1654145
 occupations
 0.029 -0.030 -0.030  0.000 -0.059
-0.030  0.328 -0.138 -0.051  0.138
-0.030 -0.138  0.328  0.051  0.138
 0.000 -0.051  0.051  0.029  0.000
-0.059  0.138  0.138  0.000  0.328
atom  4  spin  2
eigenvalues:  0.9795476 0.9795476 0.9956552 0.9976367 0.9976367
 eigenvectors
 1  -0.3707199 -0.1027218  0.0639472 -0.9200121 -0.0387745
 2  -0.9200121 -0.0145335 -0.0816929  0.3707199 -0.0962264
 3   0.0000000 -0.5773503 -0.5773503  0.0000000  0.5773503
 4  -0.1245351  0.2577357  0.5360434  0.0252091  0.7937791
 5  -0.0252091  0.7677734 -0.6070924 -0.1245351  0.1606810
 occupations
 0.980 -0.001 -0.001  0.000 -0.002
-0.001  0.997 -0.001 -0.002  0.001
-0.001 -0.001  0.997  0.002  0.001
 0.000 -0.002  0.002  0.980  0.000
-0.002  0.001  0.001  0.000  0.997
nsum =  11.9829813
 exit write_ns

     total cpu time spent up to now is     64.43 secs

     total energy              =  -174.58105676 ryd
     estimated scf accuracy    <     0.00008819 ryd

     total magnetization       =     0.00 Bohr mag/cell
     absolute magnetization    =     7.43 Bohr mag/cell

     iteration #  9     ecut=    30.00 ryd     beta=0.30
     Davidson diagonalization with overlap
     ethr =  3.15E-07,  avg # of iterations =  3.0
 enter write_ns
U( 1) =  0.0000      U( 2) =  4.3000      U( 3) =  4.3000
alpha( 1) =  0.0000      alpha( 2) =  0.0000      alpha( 3) =  0.0000
atom  3   Tr[ns(na)]=   5.9939480
atom  3  spin  1
eigenvalues:  0.9794587 0.9794587 0.9956473 0.9976548 0.9976548
 eigenvectors
 1  -0.3611953 -0.1019498  0.0644020 -0.9238976 -0.0375479
 2  -0.9238976 -0.0155042 -0.0805390  0.3611953 -0.0960433
 3   0.0000000 -0.5773503 -0.5773503  0.0000000  0.5773503
 4  -0.1238054  0.2583121  0.5356601  0.0249689  0.7939722
 5  -0.0249689  0.7676636 -0.6075366 -0.1238054  0.1601270
 occupations
 0.980 -0.001 -0.001  0.000 -0.002
-0.001  0.997 -0.001 -0.002  0.001
-0.001 -0.001  0.997  0.002  0.001
 0.000 -0.002  0.002  0.980  0.000
-0.002  0.001  0.001  0.000  0.997
atom  3  spin  2
eigenvalues:  0.0177346 0.0177346 0.0563280 0.4761383 0.4761383
 eigenvectors
 1  -0.0233829 -0.1134100  0.1103498 -0.9871195 -0.0030602
 2   0.9871195  0.0619437  0.0672441 -0.0233829  0.1291878
 3   0.0000000 -0.5773503 -0.5773503  0.0000000  0.5773503
 4   0.1545575 -0.2433905 -0.5439222 -0.0340622 -0.7873128
 5   0.0340622 -0.7685889  0.5950768  0.1545575 -0.1735121
 occupations
 0.029 -0.029 -0.029  0.000 -0.058
-0.029  0.329 -0.136 -0.051  0.136
-0.029 -0.136  0.329  0.051  0.136
 0.000 -0.051  0.051  0.029  0.000
-0.058  0.136  0.136  0.000  0.329
atom  4   Tr[ns(na)]=   5.9890263
atom  4  spin  1
eigenvalues:  0.0177070 0.0177070 0.0562529 0.4737515 0.4737515
 eigenvectors
 1   0.4702922  0.1290967 -0.0675869  0.8682211  0.0615099
 2   0.8682211  0.0035085  0.1100468 -0.4702922  0.1135553
 3   0.0000000  0.5773503  0.5773503  0.0000000 -0.5773503
 4  -0.1547435  0.2498573  0.5389010  0.0327394  0.7887583
 5   0.0327394 -0.7665244  0.5996450  0.1547435 -0.1668794
 occupations
 0.029 -0.029 -0.029  0.000 -0.058
-0.029  0.327 -0.135 -0.050  0.135
-0.029 -0.135  0.327  0.050  0.135
 0.000 -0.050  0.050  0.029  0.000
-0.058  0.135  0.135  0.000  0.327
atom  4  spin  2
eigenvalues:  0.9794356 0.9794356 0.9956486 0.9976683 0.9976683
 eigenvectors
 1  -0.3931116 -0.1021274  0.0613832 -0.9108267 -0.0407442
 2  -0.9108267 -0.0119160 -0.0824869  0.3931116 -0.0944029
 3   0.0000000  0.5773503  0.5773503  0.0000000 -0.5773503
 4   0.1232931 -0.2537609 -0.5392840 -0.0256284 -0.7930449
 5  -0.0256284  0.7692204 -0.6043736 -0.1232931  0.1648469
 occupations
 0.980 -0.001 -0.001  0.000 -0.002
-0.001  0.997 -0.001 -0.002  0.001
-0.001 -0.001  0.997  0.002  0.001
 0.000 -0.002  0.002  0.980  0.000
-0.002  0.001  0.001  0.000  0.997
nsum =  11.9829743
 exit write_ns

     total cpu time spent up to now is     72.47 secs

     total energy              =  -174.58064550 ryd
     estimated scf accuracy    <     0.00005427 ryd

     total magnetization       =     0.00 Bohr mag/cell
     absolute magnetization    =     7.42 Bohr mag/cell

     iteration # 10     ecut=    30.00 ryd     beta=0.30
     Davidson diagonalization with overlap
     ethr =  1.94E-07,  avg # of iterations =  1.2
 enter write_ns
U( 1) =  0.0000      U( 2) =  4.3000      U( 3) =  4.3000
alpha( 1) =  0.0000      alpha( 2) =  0.0000      alpha( 3) =  0.0000
atom  3   Tr[ns(na)]=   5.9905131
atom  3  spin  1
eigenvalues:  0.9793507 0.9793507 0.9956296 0.9976037 0.9976037
 eigenvectors
 1  -0.3521544 -0.1017787  0.0651761 -0.9273838 -0.0366026
 2  -0.9273838 -0.0164969 -0.0798944  0.3521544 -0.0963914
 3   0.0000000 -0.5773503 -0.5773503  0.0000000  0.5773503
 4  -0.1237264  0.2564495  0.5371338  0.0252655  0.7935833
 5  -0.0252655  0.7682898 -0.6062367 -0.1237264  0.1620532
 occupations
 0.980 -0.001 -0.001  0.000 -0.002
-0.001  0.997 -0.001 -0.002  0.001
-0.001 -0.001  0.997  0.002  0.001
 0.000 -0.002  0.002  0.980  0.000
-0.002  0.001  0.001  0.000  0.997
atom  3  spin  2
eigenvalues:  0.0177340 0.0177340 0.0529107 0.4762980 0.4762980
 eigenvectors
 1  -0.8837064 -0.1107038 -0.0083264 -0.4388281 -0.1190302
 2   0.4388281 -0.0735294  0.1326370 -0.8837064  0.0591076
 3   0.0000000  0.5773503  0.5773503  0.0000000 -0.5773503
 4  -0.1593316  0.2517343  0.5368741  0.0332612  0.7886084
 5   0.0332612 -0.7652677  0.6006421  0.1593316 -0.1646255
 occupations
 0.030 -0.030 -0.030  0.000 -0.060
-0.030  0.327 -0.137 -0.052  0.137
-0.030 -0.137  0.327  0.052  0.137
 0.000 -0.052  0.052  0.030  0.000
-0.060  0.137  0.137  0.000  0.327
atom  4   Tr[ns(na)]=   5.9925076
atom  4  spin  1
eigenvalues:  0.0177383 0.0177383 0.0529156 0.4772923 0.4772923
 eigenvectors
 1  -0.0674879 -0.1193739  0.1102833 -0.9843527 -0.0090906
 2   0.9843527  0.0584236  0.0741690 -0.0674879  0.1325926
 3   0.0000000  0.5773503  0.5773503  0.0000000 -0.5773503
 4  -0.1592771  0.2503273  0.5379763  0.0335554  0.7883036
 5   0.0335554 -0.7657281  0.5996539  0.1592771 -0.1660742
 occupations
 0.030 -0.030 -0.030  0.000 -0.060
-0.030  0.328 -0.137 -0.052  0.137
-0.030 -0.137  0.328  0.052  0.137
 0.000 -0.052  0.052  0.030  0.000
-0.060  0.137  0.137  0.000  0.328
atom  4  spin  2
eigenvalues:  0.9793539 0.9793539 0.9956290 0.9975969 0.9975969
 eigenvectors
 1  -0.3329785 -0.1015344  0.0668843 -0.9344206 -0.0346500
 2  -0.9344206 -0.0186105 -0.0786261  0.3329785 -0.0972366
 3   0.0000000 -0.5773503 -0.5773503  0.0000000  0.5773503
 4  -0.1240464  0.2619191  0.5327852  0.0244103  0.7947043
 5  -0.0244103  0.7664264 -0.6100418 -0.1240464  0.1563846
 occupations
 0.980 -0.001 -0.001  0.000 -0.002
-0.001  0.997 -0.001 -0.002  0.001
-0.001 -0.001  0.997  0.002  0.001
 0.000 -0.002  0.002  0.980  0.000
-0.002  0.001  0.001  0.000  0.997
nsum =  11.9830207
 exit write_ns
