
     Program PWSCF     v.2.1cvs starts ...
     Today is  3Jun2005 at 14:51: 6 

     Ultrasoft (Vanderbilt) Pseudopotentials

     Current dimensions of program pwscf are:

     ntypx = 10   npk = 40000  lmax =  3
     nchix =  6  ndmx =  2000  nbrx = 14  nqfx =  8
  HUBBARD L FOR TYPE Fe IS            2
  HUBBARD L FOR TYPE Fe IS            2
  MAXIMUM HUBBARD L IS            2


     bravais-lattice index     =            0
     lattice parameter (a_0)   =       8.1900  a.u.
     unit-cell volume          =     274.6766 (a.u.)^3
     number of atoms/cell      =            4
     number of atomic types    =            3
     kinetic-energy cutoff     =      30.0000  Ry
     charge density cutoff     =     240.0000  Ry
     convergence threshold     =      1.0E-06
     beta                      =       0.3000
     number of iterations used =            8  plain     mixing
     Exchange-correlation      =  SLA  PZ   NOGX NOGC (1100)
     celldm(1)=   8.190000  celldm(2)=   0.000000  celldm(3)=   0.000000
     celldm(4)=   0.000000  celldm(5)=   0.000000  celldm(6)=   0.000000

     crystal axes: (cart. coord. in units of a_0)
               a(1) = (  0.500000  0.500000  1.000000 )  
               a(2) = (  0.500000  1.000000  0.500000 )  
               a(3) = (  1.000000  0.500000  0.500000 )  

     reciprocal axes: (cart. coord. in units 2 pi/a_0)
               b(1) = ( -0.500000 -0.500000  1.500000 )  
               b(2) = ( -0.500000  1.500000 -0.500000 )  
               b(3) = (  1.500000 -0.500000 -0.500000 )  


     PSEUDO 1 is O  (US)    zval =  6.0   lmax= 2   lloc= 0
     Version   0  0  0 of US pseudo code
     Using log mesh of  1269 points
     The pseudopotential has  4 beta functions with: 
                l(1) =   0
                l(2) =   0
                l(3) =   1
                l(4) =   1
     Q(r) pseudized with  0 coefficients,  rinner =    0.000   0.000   0.000
                                                       0.000   0.000

     PSEUDO 2 is Fe (US)    zval =  8.0   lmax= 2   lloc= 0
     Version   0  0  0 of US pseudo code
     Using log mesh of   957 points
     The pseudopotential has  6 beta functions with: 
                l(1) =   0
                l(2) =   0
                l(3) =   1
                l(4) =   1
                l(5) =   2
                l(6) =   2
     Q(r) pseudized with  0 coefficients,  rinner =    0.000   0.000   0.000
                                                       0.000   0.000

     PSEUDO 3 is Fe (US)    zval =  8.0   lmax= 2   lloc= 0
     Version   0  0  0 of US pseudo code
     Using log mesh of   957 points
     The pseudopotential has  6 beta functions with: 
                l(1) =   0
                l(2) =   0
                l(3) =   1
                l(4) =   1
                l(5) =   2
                l(6) =   2
     Q(r) pseudized with  0 coefficients,  rinner =    0.000   0.000   0.000
                                                       0.000   0.000

     atomic species   valence    mass     pseudopotential
        O1             6.00     1.00000     O ( 1.00)
        Fe1            8.00     1.00000     Fe( 1.00)
        Fe2            8.00     1.00000     Fe( 1.00)

     Starting magnetic structure 
     atomic species   magnetization
        O1           0.000
        Fe1          0.500
        Fe2         -0.500

     12 Sym.Ops. (with inversion)


   Cartesian axes

     site n.     atom                  positions (a_0 units)
         1           O1  tau(  1) = (   0.5000000   0.5000000   0.5000000  )
         2           O1  tau(  2) = (   1.5000000   1.5000000   1.5000000  )
         3           Fe1 tau(  3) = (   0.0000000   0.0000000   0.0000000  )
         4           Fe2 tau(  4) = (   1.0000000   1.0000000   1.0000000  )

     number of k points=    8  gaussian broad. (ryd)=  0.0100     ngauss =   0
                       cart. coord. in units 2pi/a_0
        k(    1) = (   0.0000000   0.0000000   0.0000000), wk =   0.1250000
        k(    2) = (  -0.7500000   0.2500000   0.2500000), wk =   0.3750000
        k(    3) = (  -0.5000000  -0.5000000   0.5000000), wk =   0.3750000
        k(    4) = (  -0.2500000  -0.2500000  -0.2500000), wk =   0.1250000
        k(    5) = (   0.0000000   0.0000000   0.0000000), wk =   0.1250000
        k(    6) = (  -0.7500000   0.2500000   0.2500000), wk =   0.3750000
        k(    7) = (  -0.5000000  -0.5000000   0.5000000), wk =   0.3750000
        k(    8) = (  -0.2500000  -0.2500000  -0.2500000), wk =   0.1250000

     G cutoff =  407.7738  (  17255 G-vectors)     FFT grid: ( 50, 50, 50)
     G cutoff =  203.8869  (   6111 G-vectors)  smooth grid: ( 36, 36, 36)

     nbndx  =    80  nbnd   =    20  natomwfc =    20  npwx   =     780
     nelec  =  28.00  nkb   =    52  ngl    =     342

     warning: negative or imaginary core charge    -0.000003    0.000000

     Initial potential from superposition of free atoms

     starting charge   27.99905, renormalised to   28.00000

     Parameters of the lda+U calculation:
     Number of iteration with fixed ns =  0
     Starting ns and Hubbard U :
 enter write_ns
U( 1) =  0.0000      U( 2) =  4.3000      U( 3) =  4.3000
alpha( 1) =  0.0000      alpha( 2) =  0.0000      alpha( 3) =  0.0000
atom  3   Tr[ns(na)]=   6.0000000
atom  3  spin  1
eigenvalues:  1.0000000 1.0000000 1.0000000 1.0000000 1.0000000
 eigenvectors
 1   1.0000000  0.0000000  0.0000000  0.0000000  0.0000000
 2   0.0000000  1.0000000  0.0000000  0.0000000  0.0000000
 3   0.0000000  0.0000000  1.0000000  0.0000000  0.0000000
 4   0.0000000  0.0000000  0.0000000  1.0000000  0.0000000
 5   0.0000000  0.0000000  0.0000000  0.0000000  1.0000000
 occupations
 1.000  0.000  0.000  0.000  0.000
 0.000  1.000  0.000  0.000  0.000
 0.000  0.000  1.000  0.000  0.000
 0.000  0.000  0.000  1.000  0.000
 0.000  0.000  0.000  0.000  1.000
atom  3  spin  2
eigenvalues:  0.2000000 0.2000000 0.2000000 0.2000000 0.2000000
 eigenvectors
 1   1.0000000  0.0000000  0.0000000  0.0000000  0.0000000
 2   0.0000000  1.0000000  0.0000000  0.0000000  0.0000000
 3   0.0000000  0.0000000  1.0000000  0.0000000  0.0000000
 4   0.0000000  0.0000000  0.0000000  1.0000000  0.0000000
 5   0.0000000  0.0000000  0.0000000  0.0000000  1.0000000
 occupations
 0.200  0.000  0.000  0.000  0.000
 0.000  0.200  0.000  0.000  0.000
 0.000  0.000  0.200  0.000  0.000
 0.000  0.000  0.000  0.200  0.000
 0.000  0.000  0.000  0.000  0.200
atom  4   Tr[ns(na)]=   6.0000000
atom  4  spin  1
eigenvalues:  0.2000000 0.2000000 0.2000000 0.2000000 0.2000000
 eigenvectors
 1   1.0000000  0.0000000  0.0000000  0.0000000  0.0000000
 2   0.0000000  1.0000000  0.0000000  0.0000000  0.0000000
 3   0.0000000  0.0000000  1.0000000  0.0000000  0.0000000
 4   0.0000000  0.0000000  0.0000000  1.0000000  0.0000000
 5   0.0000000  0.0000000  0.0000000  0.0000000  1.0000000
 occupations
 0.200  0.000  0.000  0.000  0.000
 0.000  0.200  0.000  0.000  0.000
 0.000  0.000  0.200  0.000  0.000
 0.000  0.000  0.000  0.200  0.000
 0.000  0.000  0.000  0.000  0.200
atom  4  spin  2
eigenvalues:  1.0000000 1.0000000 1.0000000 1.0000000 1.0000000
 eigenvectors
 1   1.0000000  0.0000000  0.0000000  0.0000000  0.0000000
 2   0.0000000  1.0000000  0.0000000  0.0000000  0.0000000
 3   0.0000000  0.0000000  1.0000000  0.0000000  0.0000000
 4   0.0000000  0.0000000  0.0000000  1.0000000  0.0000000
 5   0.0000000  0.0000000  0.0000000  0.0000000  1.0000000
 occupations
 1.000  0.000  0.000  0.000  0.000
 0.000  1.000  0.000  0.000  0.000
 0.000  0.000  1.000  0.000  0.000
 0.000  0.000  0.000  1.000  0.000
 0.000  0.000  0.000  0.000  1.000
nsum =  12.0000000
 exit write_ns
     Starting wfc are atomic
 Atomic wfc used for LDA+U Projector are NOT orthogonalized

     total cpu time spent up to now is     10.49 secs

     Self-consistent Calculation

     iteration #  1     ecut=    30.00 ryd     beta=0.30
     Davidson diagonalization (with overlap)
     ethr =  1.00E-02,  avg # of iterations =  3.2
 enter write_ns
U( 1) =  0.0000      U( 2) =  4.3000      U( 3) =  4.3000
alpha( 1) =  0.0000      alpha( 2) =  0.0000      alpha( 3) =  0.0000
atom  3   Tr[ns(na)]=   6.1226801
atom  3  spin  1
eigenvalues:  0.9969552 0.9969552 1.0025536 1.0025536 1.0030281
 eigenvectors
 1  -0.3775838 -0.2578679  0.4875993  0.7073931  0.2297315
 2  -0.7073931  0.4141511  0.0162446 -0.3775838  0.4303957
 3   0.5925912  0.3973069  0.2520101  0.0765586  0.6493170
 4   0.0765586 -0.5203815  0.6042686 -0.5925912  0.0838872
 5   0.0000000  0.5773503  0.5773503  0.0000000 -0.5773503
 occupations
 0.999  0.001  0.001  0.000  0.002
 0.001  1.001  0.001  0.002 -0.001
 0.001  0.001  1.001 -0.002 -0.001
 0.000  0.002 -0.002  0.999  0.000
 0.002 -0.001 -0.001  0.000  1.001
atom  3  spin  2
eigenvalues:  0.1553853 0.1553853 0.2567874 0.2765382 0.2765382
 eigenvectors
 1  -0.2654889 -0.0695168  0.0503758 -0.9600932 -0.0191410
 2  -0.9600932 -0.0180334 -0.0511866  0.2654889 -0.0692200
 3   0.0000000 -0.5773503 -0.5773503  0.0000000  0.5773503
 4  -0.0866715  0.2806697  0.5207627  0.0149909  0.8014325
 5  -0.0149909  0.7633698 -0.6247520 -0.0866715  0.1386177
 occupations
 0.156 -0.004 -0.004  0.000 -0.009
-0.004  0.269 -0.006 -0.008  0.006
-0.004 -0.006  0.269  0.008  0.006
 0.000 -0.008  0.008  0.156  0.000
-0.009  0.006  0.006  0.000  0.269
atom  4   Tr[ns(na)]=   6.1226801
atom  4  spin  1
eigenvalues:  0.1553853 0.1553853 0.2567874 0.2765382 0.2765382
 eigenvectors
 1  -0.3841130 -0.0712326  0.0435392 -0.9190868 -0.0276934
 2  -0.9190868 -0.0091485 -0.0571150  0.3841130 -0.0662635
 3   0.0000000 -0.5773503 -0.5773503  0.0000000  0.5773503
 4  -0.0864692  0.2707196  0.5288426  0.0161167  0.7995622
 5  -0.0161167  0.7669549 -0.6179275 -0.0864692  0.1490274
 occupations
 0.156 -0.004 -0.004  0.000 -0.009
-0.004  0.269 -0.006 -0.008  0.006
-0.004 -0.006  0.269  0.008  0.006
 0.000 -0.008  0.008  0.156  0.000
-0.009  0.006  0.006  0.000  0.269
atom  4  spin  2
eigenvalues:  0.9969552 0.9969552 1.0025536 1.0025536 1.0030281
 eigenvectors
 1  -0.3740125 -0.2599526  0.4875112  0.7092878  0.2275586
 2  -0.7092878  0.4128458  0.0187027 -0.3740125  0.4315485
 3   0.5920069  0.4011563  0.2475206  0.0809524  0.6486769
 4   0.0809524 -0.5174199  0.6061214 -0.5920069  0.0887016
 5   0.0000000  0.5773503  0.5773503  0.0000000 -0.5773503
 occupations
 0.999  0.001  0.001  0.000  0.002
 0.001  1.001  0.001  0.002 -0.001
 0.001  0.001  1.001 -0.002 -0.001
 0.000  0.002 -0.002  0.999  0.000
 0.002 -0.001 -0.001  0.000  1.001
nsum =  12.2453603
 exit write_ns

     total cpu time spent up to now is     21.79 secs

     total energy              =  -173.87440401 ryd
     estimated scf accuracy    <     2.40343176 ryd

     total magnetization       =     0.00 Bohr mag/cell
     absolute magnetization    =     8.54 Bohr mag/cell

     iteration #  2     ecut=    30.00 ryd     beta=0.30
     Davidson diagonalization (with overlap)
     ethr =  8.58E-03,  avg # of iterations =  2.2
 enter write_ns
U( 1) =  0.0000      U( 2) =  4.3000      U( 3) =  4.3000
alpha( 1) =  0.0000      alpha( 2) =  0.0000      alpha( 3) =  0.0000
atom  3   Tr[ns(na)]=   6.9138793
atom  3  spin  1
eigenvalues:  0.9930388 0.9930388 1.0013931 1.0013931 1.0026209
 eigenvectors
 1  -0.1563501 -0.1755128  0.2124656  0.9477567  0.0369529
 2   0.9477567 -0.1440018 -0.0799976  0.1563501 -0.2239994
 3  -0.2780299 -0.3839308 -0.4003115  0.0033529 -0.7842423
 4   0.0033529  0.6839025 -0.6744450  0.2780299  0.0094574
 5   0.0000000 -0.5773503 -0.5773503  0.0000000  0.5773503
 occupations
 0.994  0.001  0.001  0.000  0.002
 0.001  1.001  0.001  0.002 -0.001
 0.001  0.001  1.001 -0.002 -0.001
 0.000  0.002 -0.002  0.994  0.000
 0.002 -0.001 -0.001  0.000  1.001
atom  3  spin  2
eigenvalues:  0.3123236 0.3123236 0.4063957 0.4456758 0.4456758
 eigenvectors
 1  -0.8004263 -0.2805758 -0.0049334 -0.4461559 -0.2855092
 2   0.4461559 -0.1676871  0.3268294 -0.8004263  0.1591422
 3   0.0000000  0.5773503  0.5773503  0.0000000 -0.5773503
 4   0.3694483 -0.0956982 -0.5948017 -0.1541772 -0.6904999
 5  -0.1541772  0.7420692 -0.4539117 -0.3694483  0.2881575
 occupations
 0.334 -0.020 -0.020  0.000 -0.040
-0.020  0.418 -0.006 -0.035  0.006
-0.020 -0.006  0.418  0.035  0.006
 0.000 -0.035  0.035  0.334  0.000
-0.040  0.006  0.006  0.000  0.418
atom  4   Tr[ns(na)]=   6.9138793
atom  4  spin  1
eigenvalues:  0.3123236 0.3123236 0.4063957 0.4456758 0.4456758
 eigenvectors
 1   0.7929866  0.2832935 -0.0004380  0.4592489  0.2828555
 2  -0.4592489  0.1630538 -0.3268663  0.7929866 -0.1638125
 3   0.0000000  0.5773503  0.5773503  0.0000000 -0.5773503
 4   0.3651509 -0.0756279 -0.6068402 -0.1640959 -0.6824681
 5  -0.1640959  0.7443825 -0.4376869 -0.3651509  0.3066956
 occupations
 0.334 -0.020 -0.020  0.000 -0.040
-0.020  0.418 -0.006 -0.035  0.006
-0.020 -0.006  0.418  0.035  0.006
 0.000 -0.035  0.035  0.334  0.000
-0.040  0.006  0.006  0.000  0.418
atom  4  spin  2
eigenvalues:  0.9930388 0.9930388 1.0013931 1.0013931 1.0026209
 eigenvectors
 1   0.2017283  0.1683876 -0.2160655 -0.9391452 -0.0476779
 2   0.9391452 -0.1522723 -0.0696918  0.2017283 -0.2219641
 3  -0.2780494 -0.3905529 -0.3937443  0.0006532 -0.7842971
 4  -0.0006532 -0.6801425  0.6783000 -0.2780494 -0.0018425
 5   0.0000000 -0.5773503 -0.5773503  0.0000000  0.5773503
 occupations
 0.994  0.001  0.001  0.000  0.002
 0.001  1.001  0.001  0.002 -0.001
 0.001  0.001  1.001 -0.002 -0.001
 0.000  0.002 -0.002  0.994  0.000
 0.002 -0.001 -0.001  0.000  1.001
nsum =  13.8277586
 exit write_ns

     total cpu time spent up to now is     32.95 secs

     total energy              =  -174.43468878 ryd
     estimated scf accuracy    <     0.17790704 ryd

     total magnetization       =     0.00 Bohr mag/cell
     absolute magnetization    =     7.22 Bohr mag/cell

     iteration #  3     ecut=    30.00 ryd     beta=0.30
     Davidson diagonalization (with overlap)
     ethr =  6.35E-04,  avg # of iterations =  1.8
 enter write_ns
U( 1) =  0.0000      U( 2) =  4.3000      U( 3) =  4.3000
alpha( 1) =  0.0000      alpha( 2) =  0.0000      alpha( 3) =  0.0000
atom  3   Tr[ns(na)]=   6.7995774
atom  3  spin  1
eigenvalues:  0.9937851 0.9937851 1.0016949 1.0016949 1.0028991
 eigenvectors
 1   0.1760790  0.1815027 -0.2255315 -0.9398138 -0.0440287
 2   0.9398138 -0.1556306 -0.0793707  0.1760790 -0.2350013
 3  -0.2928242 -0.3893178 -0.3913878  0.0004483 -0.7807055
 4  -0.0004483 -0.6767084  0.6755132 -0.2928242 -0.0011951
 5   0.0000000 -0.5773503 -0.5773503  0.0000000  0.5773503
 occupations
 0.994  0.001  0.001  0.000  0.002
 0.001  1.002  0.001  0.002 -0.001
 0.001  0.001  1.002 -0.002 -0.001
 0.000  0.002 -0.002  0.994  0.000
 0.002 -0.001 -0.001  0.000  1.002
atom  3  spin  2
eigenvalues:  0.2786363 0.2786363 0.3999961 0.4242248 0.4242248
 eigenvectors
 1  -0.7633860 -0.2398190  0.0287188 -0.5606609 -0.2111002
 2   0.5606609 -0.1052980  0.2603383 -0.7633860  0.1550403
 3   0.0000000  0.5773503  0.5773503  0.0000000 -0.5773503
 4   0.3024447 -0.1413731 -0.5877659 -0.1069036 -0.7291390
 5  -0.1069036  0.7603154 -0.5025904 -0.3024447  0.2577250
 occupations
 0.294 -0.018 -0.018  0.000 -0.036
-0.018  0.406 -0.003 -0.031  0.003
-0.018 -0.003  0.406  0.031  0.003
 0.000 -0.031  0.031  0.294  0.000
-0.036  0.003  0.003  0.000  0.406
atom  4   Tr[ns(na)]=   6.7995774
atom  4  spin  1
eigenvalues:  0.2786363 0.2786363 0.3999961 0.4242248 0.4242248
 eigenvectors
 1   0.7781013  0.2369183 -0.0217489  0.5400530  0.2151694
 2  -0.5400530  0.1116714 -0.2610130  0.7781013 -0.1493416
 3   0.0000000  0.5773503  0.5773503  0.0000000 -0.5773503
 4   0.3043080 -0.1549463 -0.5786847 -0.1014782 -0.7336310
 5  -0.1014782  0.7576658 -0.5130204 -0.3043080  0.2446455
 occupations
 0.294 -0.018 -0.018  0.000 -0.036
-0.018  0.406 -0.003 -0.031  0.003
-0.018 -0.003  0.406  0.031  0.003
 0.000 -0.031  0.031  0.294  0.000
-0.036  0.003  0.003  0.000  0.406
atom  4  spin  2
eigenvalues:  0.9937851 0.9937851 1.0016949 1.0016949 1.0028991
 eigenvectors
 1  -0.2169053 -0.1745415  0.2287789  0.9312389  0.0542374
 2  -0.9312389  0.1633995  0.0694576 -0.2169053  0.2328571
 3  -0.2928214 -0.3934980 -0.3871999 -0.0013639 -0.7806980
 4  -0.0013639  0.6742862 -0.6779224  0.2928214 -0.0036362
 5   0.0000000  0.5773503  0.5773503  0.0000000 -0.5773503
 occupations
 0.994  0.001  0.001  0.000  0.002
 0.001  1.002  0.001  0.002 -0.001
 0.001  0.001  1.002 -0.002 -0.001
 0.000  0.002 -0.002  0.994  0.000
 0.002 -0.001 -0.001  0.000  1.002
nsum =  13.5991548
 exit write_ns

     total cpu time spent up to now is     43.86 secs

     total energy              =  -174.44744783 ryd
     estimated scf accuracy    <     0.04567934 ryd

     total magnetization       =     0.00 Bohr mag/cell
     absolute magnetization    =     7.41 Bohr mag/cell

     iteration #  4     ecut=    30.00 ryd     beta=0.30
     Davidson diagonalization (with overlap)
     ethr =  1.63E-04,  avg # of iterations =  2.0
 enter write_ns
U( 1) =  0.0000      U( 2) =  4.3000      U( 3) =  4.3000
alpha( 1) =  0.0000      alpha( 2) =  0.0000      alpha( 3) =  0.0000
atom  3   Tr[ns(na)]=   6.8652721
atom  3  spin  1
eigenvalues:  0.9935730 0.9935730 1.0013235 1.0013235 1.0025796
 eigenvectors
 1  -0.2269731 -0.1683131  0.2234409  0.9312298  0.0551278
 2   0.9312298 -0.1608317 -0.0653476  0.2269731 -0.2261793
 3  -0.2851078 -0.3978923 -0.3846755 -0.0027800 -0.7825678
 4  -0.0027800  0.6739082 -0.6815389  0.2851078 -0.0076307
 5   0.0000000 -0.5773503 -0.5773503  0.0000000  0.5773503
 occupations
 0.994  0.001  0.001  0.000  0.002
 0.001  1.001  0.001  0.001 -0.001
 0.001  0.001  1.001 -0.001 -0.001
 0.000  0.001 -0.001  0.994  0.000
 0.002 -0.001 -0.001  0.000  1.001
atom  3  spin  2
eigenvalues:  0.2817807 0.2817807 0.3685989 0.4703695 0.4703695
 eigenvectors
 1   0.7805399  0.2466362 -0.0192939  0.5271350  0.2273423
 2  -0.5271350  0.1201168 -0.2736516  0.7805399 -0.1535348
 3   0.0000000  0.5773503  0.5773503  0.0000000 -0.5773503
 4   0.3157737 -0.1338752 -0.5888940 -0.1147744 -0.7227691
 5  -0.1147744  0.7572890 -0.4945838 -0.3157737  0.2627052
 occupations
 0.303 -0.024 -0.024  0.000 -0.049
-0.024  0.422 -0.027 -0.042  0.027
-0.024 -0.027  0.422  0.042  0.027
 0.000 -0.042  0.042  0.303  0.000
-0.049  0.027  0.027  0.000  0.422
atom  4   Tr[ns(na)]=   6.8652721
atom  4  spin  1
eigenvalues:  0.2817807 0.2817807 0.3685989 0.4703695 0.4703695
 eigenvectors
 1   0.7651277  0.2499741 -0.0271209  0.5492663  0.2228533
 2  -0.5492663  0.1130061 -0.2729870  0.7651277 -0.1599809
 3   0.0000000  0.5773503  0.5773503  0.0000000 -0.5773503
 4   0.3178534 -0.1479347 -0.5795948 -0.1088824 -0.7275294
 5  -0.1088824  0.7546685 -0.5054494 -0.3178534  0.2492191
 occupations
 0.303 -0.024 -0.024  0.000 -0.049
-0.024  0.422 -0.027 -0.042  0.027
-0.024 -0.027  0.422  0.042  0.027
 0.000 -0.042  0.042  0.303  0.000
-0.049  0.027  0.027  0.000  0.422
atom  4  spin  2
eigenvalues:  0.9935730 0.9935730 1.0013235 1.0013235 1.0025796
 eigenvectors
 1   0.2267395  0.1683535 -0.2234245 -0.9312867 -0.0550710
 2   0.9312867 -0.1607895 -0.0654036  0.2267395 -0.2261931
 3  -0.2851214 -0.3909855 -0.3916194  0.0001333 -0.7826049
 4  -0.0001333 -0.6779387  0.6775727 -0.2851214 -0.0003660
 5   0.0000000 -0.5773503 -0.5773503  0.0000000  0.5773503
 occupations
 0.994  0.001  0.001  0.000  0.002
 0.001  1.001  0.001  0.001 -0.001
 0.001  0.001  1.001 -0.001 -0.001
 0.000  0.001 -0.001  0.994  0.000
 0.002 -0.001 -0.001  0.000  1.001
nsum =  13.7305441
 exit write_ns

     total cpu time spent up to now is     54.53 secs

     total energy              =  -174.45455569 ryd
     estimated scf accuracy    <     0.00599716 ryd

     total magnetization       =     0.00 Bohr mag/cell
     absolute magnetization    =     7.30 Bohr mag/cell

     iteration #  5     ecut=    30.00 ryd     beta=0.30
     Davidson diagonalization (with overlap)
     ethr =  2.14E-05,  avg # of iterations =  2.2
 enter write_ns
U( 1) =  0.0000      U( 2) =  4.3000      U( 3) =  4.3000
alpha( 1) =  0.0000      alpha( 2) =  0.0000      alpha( 3) =  0.0000
atom  3   Tr[ns(na)]=   6.8574089
atom  3  spin  1
eigenvalues:  0.9937624 0.9937624 1.0015003 1.0015003 1.0028045
 eigenvectors
 1  -0.2298709 -0.1656321  0.2206592  0.9316689  0.0550271
 2   0.9316689 -0.1591675 -0.0638578  0.2298709 -0.2230253
 3  -0.2813403 -0.3910394 -0.3924768  0.0002980 -0.7835162
 4   0.0002980  0.6789599 -0.6781300  0.2813403  0.0008299
 5   0.0000000 -0.5773503 -0.5773503  0.0000000  0.5773503
 occupations
 0.994  0.001  0.001  0.000  0.002
 0.001  1.002  0.001  0.001 -0.001
 0.001  0.001  1.002 -0.001 -0.001
 0.000  0.001 -0.001  0.994  0.000
 0.002 -0.001 -0.001  0.000  1.002
atom  3  spin  2
eigenvalues:  0.2778345 0.2778345 0.3370564 0.4856769 0.4856769
 eigenvectors
 1  -0.7459216 -0.2459345  0.0366199 -0.5813464 -0.2093146
 2   0.5813464 -0.0997054  0.2628382 -0.7459216  0.1631328
 3   0.0000000  0.5773503  0.5773503  0.0000000 -0.5773503
 4   0.3050029 -0.1312589 -0.5933543 -0.1122971 -0.7246132
 5  -0.1122971  0.7609289 -0.4941380 -0.3050029  0.2667909
 occupations
 0.300 -0.026 -0.026  0.000 -0.052
-0.026  0.421 -0.042 -0.045  0.042
-0.026 -0.042  0.421  0.045  0.042
 0.000 -0.045  0.045  0.300  0.000
-0.052  0.042  0.042  0.000  0.421
atom  4   Tr[ns(na)]=   6.8574089
atom  4  spin  1
eigenvalues:  0.2778345 0.2778345 0.3370564 0.4856769 0.4856769
 eigenvectors
 1  -0.7535517 -0.2445931  0.0331374 -0.5714214 -0.2114558
 2   0.5714214 -0.1029522  0.2632999 -0.7535517  0.1603478
 3   0.0000000  0.5773503  0.5773503  0.0000000 -0.5773503
 4   0.3052992 -0.1332736 -0.5920436 -0.1114890 -0.7253172
 5  -0.1114890  0.7605786 -0.4957077 -0.3052992  0.2648710
 occupations
 0.300 -0.026 -0.026  0.000 -0.052
-0.026  0.421 -0.042 -0.045  0.042
-0.026 -0.042  0.421  0.045  0.042
 0.000 -0.045  0.045  0.300  0.000
-0.052  0.042  0.042  0.000  0.421
atom  4  spin  2
eigenvalues:  0.9937624 0.9937624 1.0015003 1.0015003 1.0028045
 eigenvectors
 1  -0.2031400 -0.1701151  0.2187432  0.9378602  0.0486282
 2   0.9378602 -0.1543670 -0.0701405  0.2031400 -0.2245074
 3  -0.2813237 -0.3843290 -0.3991410  0.0030707 -0.7834700
 4   0.0030707  0.6827808 -0.6742291  0.2813237  0.0085517
 5   0.0000000 -0.5773503 -0.5773503  0.0000000  0.5773503
 occupations
 0.994  0.001  0.001  0.000  0.002
 0.001  1.002  0.001  0.001 -0.001
 0.001  0.001  1.002 -0.001 -0.001
 0.000  0.001 -0.001  0.994  0.000
 0.002 -0.001 -0.001  0.000  1.002
nsum =  13.7148178
 exit write_ns

     total cpu time spent up to now is     65.44 secs

     total energy              =  -174.45689774 ryd
     estimated scf accuracy    <     0.00472078 ryd

     total magnetization       =     0.00 Bohr mag/cell
     absolute magnetization    =     7.31 Bohr mag/cell

     iteration #  6     ecut=    30.00 ryd     beta=0.30
     Davidson diagonalization (with overlap)
     ethr =  1.69E-05,  avg # of iterations =  1.0
 enter write_ns
U( 1) =  0.0000      U( 2) =  4.3000      U( 3) =  4.3000
alpha( 1) =  0.0000      alpha( 2) =  0.0000      alpha( 3) =  0.0000
atom  3   Tr[ns(na)]=   6.8591761
atom  3  spin  1
eigenvalues:  0.9937425 0.9937425 1.0014862 1.0014862 1.0027970
 eigenvectors
 1  -0.2315454 -0.1649380  0.2202145  0.9314678  0.0552765
 2   0.9314678 -0.1590548 -0.0633131  0.2315454 -0.2223679
 3  -0.2806252 -0.3966800 -0.3869859 -0.0020042 -0.7836660
 4  -0.0020042  0.6758762 -0.6814731  0.2806252 -0.0055969
 5   0.0000000 -0.5773503 -0.5773503  0.0000000  0.5773503
 occupations
 0.994  0.001  0.001  0.000  0.002
 0.001  1.002  0.001  0.001 -0.001
 0.001  0.001  1.002 -0.001 -0.001
 0.000  0.001 -0.001  0.994  0.000
 0.002 -0.001 -0.001  0.000  1.002
atom  3  spin  2
eigenvalues:  0.2781109 0.2781109 0.3183478 0.4956760 0.4956760
 eigenvectors
 1  -0.7433404 -0.2459888  0.0377858 -0.5849429 -0.2082031
 2   0.5849429 -0.0983905  0.2622278 -0.7433404  0.1638373
 3   0.0000000  0.5773503  0.5773503  0.0000000 -0.5773503
 4   0.3059742 -0.1414923 -0.5867807 -0.1080118 -0.7282730
 5  -0.1080118  0.7592466 -0.5021592 -0.3059742  0.2570874
 occupations
 0.301 -0.027 -0.027  0.000 -0.055
-0.027  0.421 -0.051 -0.047  0.051
-0.027 -0.051  0.421  0.047  0.051
 0.000 -0.047  0.047  0.301  0.000
-0.055  0.051  0.051  0.000  0.421
atom  4   Tr[ns(na)]=   6.8591761
atom  4  spin  1
eigenvalues:  0.2781109 0.2781109 0.3183478 0.4956760 0.4956760
 eigenvectors
 1  -0.7881572 -0.2372382  0.0164824 -0.5229928 -0.2207558
 2   0.5229928 -0.1179373  0.2644230 -0.7881572  0.1464856
 3   0.0000000  0.5773503  0.5773503  0.0000000 -0.5773503
 4   0.3062564 -0.1434827 -0.5854619 -0.1072091 -0.7289446
 5  -0.1072091  0.7588730 -0.5036962 -0.3062564  0.2551768
 occupations
 0.301 -0.027 -0.027  0.000 -0.055
-0.027  0.421 -0.051 -0.047  0.051
-0.027 -0.051  0.421  0.047  0.051
 0.000 -0.047  0.047  0.301  0.000
-0.055  0.051  0.051  0.000  0.421
atom  4  spin  2
eigenvalues:  0.9937425 0.9937425 1.0014862 1.0014862 1.0027970
 eigenvectors
 1  -0.1781212 -0.1737287  0.2162514  0.9431428  0.0425226
 2   0.9431428 -0.1494032 -0.0757519  0.1781212 -0.2251551
 3  -0.2806090 -0.4005633 -0.3830574 -0.0036193 -0.7836208
 4  -0.0036193  0.6735820 -0.6836890  0.2806090 -0.0101071
 5   0.0000000 -0.5773503 -0.5773503  0.0000000  0.5773503
 occupations
 0.994  0.001  0.001  0.000  0.002
 0.001  1.002  0.001  0.001 -0.001
 0.001  0.001  1.002 -0.001 -0.001
 0.000  0.001 -0.001  0.994  0.000
 0.002 -0.001 -0.001  0.000  1.002
nsum =  13.7183522
 exit write_ns

     total cpu time spent up to now is     75.91 secs

     total energy              =  -174.45788620 ryd
     estimated scf accuracy    <     0.00558921 ryd

     total magnetization       =     0.00 Bohr mag/cell
     absolute magnetization    =     7.31 Bohr mag/cell

     iteration #  7     ecut=    30.00 ryd     beta=0.30
     Davidson diagonalization (with overlap)
     ethr =  1.69E-05,  avg # of iterations =  1.5
 enter write_ns
U( 1) =  0.0000      U( 2) =  4.3000      U( 3) =  4.3000
alpha( 1) =  0.0000      alpha( 2) =  0.0000      alpha( 3) =  0.0000
atom  3   Tr[ns(na)]=   6.8430281
atom  3  spin  1
eigenvalues:  0.9938403 0.9938403 1.0014146 1.0014146 1.0029958
 eigenvectors
 1  -0.1605146 -0.1861370  0.2267789  0.9415453  0.0406419
 2   0.9415453 -0.1543955 -0.0840016  0.1605146 -0.2383971
 3  -0.2961881 -0.3893343 -0.3905255  0.0002612 -0.7798598
 4   0.0002612  0.6757222 -0.6750345  0.2961881  0.0006877
 5   0.0000000 -0.5773503 -0.5773503  0.0000000  0.5773503
 occupations
 0.995  0.001  0.001  0.000  0.002
 0.001  1.001  0.001  0.002 -0.001
 0.001  0.001  1.001 -0.002 -0.001
 0.000  0.002 -0.002  0.995  0.000
 0.002 -0.001 -0.001  0.000  1.001
atom  3  spin  2
eigenvalues:  0.2716438 0.2716438 0.3425319 0.3425319 0.6211711
 eigenvectors
 1  -0.8002916 -0.3226459 -0.1207273 -0.2104236 -0.4433732
 2   0.2104236 -0.3256836  0.4422613 -0.8002916  0.1165777
 3   0.4512984  0.0765814 -0.6196459 -0.3340434 -0.5430645
 4   0.3340434 -0.6712911  0.2693241  0.4512984 -0.4019670
 5   0.0000000 -0.5773503 -0.5773503  0.0000000  0.5773503
 occupations
 0.294 -0.013 -0.013  0.000 -0.027
-0.013  0.421  0.100 -0.023 -0.100
-0.013  0.100  0.421  0.023 -0.100
 0.000 -0.023  0.023  0.294  0.000
-0.027 -0.100 -0.100  0.000  0.421
atom  4   Tr[ns(na)]=   6.8430284
atom  4  spin  1
eigenvalues:  0.2716438 0.2716438 0.3425320 0.3425320 0.6211712
 eigenvectors
 1  -0.7990359 -0.3245624 -0.1181147 -0.2151437 -0.4426771
 2   0.2151437 -0.3237733  0.4429659 -0.7990359  0.1191926
 3   0.4342286  0.1096812 -0.6322054 -0.3559499 -0.5225242
 4   0.3559499 -0.6666834  0.2383550  0.4342286 -0.4283284
 5   0.0000000 -0.5773503 -0.5773503  0.0000000  0.5773503
 occupations
 0.294 -0.013 -0.013  0.000 -0.027
-0.013  0.421  0.100 -0.023 -0.100
-0.013  0.100  0.421  0.023 -0.100
 0.000 -0.023  0.023  0.294  0.000
-0.027 -0.100 -0.100  0.000  0.421
atom  4  spin  2
eigenvalues:  0.9938403 0.9938403 1.0014146 1.0014146 1.0029958
 eigenvectors
 1  -0.2168888 -0.1765076  0.2314234  0.9301784  0.0549158
 2   0.9301784 -0.1653180 -0.0702011  0.2168888 -0.2355191
 3  -0.2961670 -0.3818247 -0.3979796  0.0035424 -0.7798043
 4   0.0035424  0.6799938 -0.6706668  0.2961670  0.0093270
 5   0.0000000 -0.5773503 -0.5773503  0.0000000  0.5773503
 occupations
 0.995  0.001  0.001  0.000  0.002
 0.001  1.001  0.001  0.002 -0.001
 0.001  0.001  1.001 -0.002 -0.001
 0.000  0.002 -0.002  0.995  0.000
 0.002 -0.001 -0.001  0.000  1.001
nsum =  13.6860564
 exit write_ns

     total cpu time spent up to now is     86.51 secs

     total energy              =  -174.46401257 ryd
     estimated scf accuracy    <     0.01364157 ryd

     total magnetization       =     0.00 Bohr mag/cell
     absolute magnetization    =     7.34 Bohr mag/cell

     iteration #  8     ecut=    30.00 ryd     beta=0.30
     Davidson diagonalization (with overlap)
     ethr =  1.69E-05,  avg # of iterations =  1.0
 enter write_ns
U( 1) =  0.0000      U( 2) =  4.3000      U( 3) =  4.3000
alpha( 1) =  0.0000      alpha( 2) =  0.0000      alpha( 3) =  0.0000
atom  3   Tr[ns(na)]=   6.8620470
atom  3  spin  1
eigenvalues:  0.9937988 0.9937988 1.0015345 1.0015345 1.0028726
 eigenvectors
 1  -0.1385806 -0.1787005  0.2115588  0.9502761  0.0328583
 2   0.9502761 -0.1411143 -0.0842020  0.1385806 -0.2253164
 3  -0.2788682 -0.3876813 -0.3964068  0.0017917 -0.7840881
 4   0.0017917  0.6815591 -0.6765214  0.2788682  0.0050377
 5   0.0000000 -0.5773503 -0.5773503  0.0000000  0.5773503
 occupations
 0.994  0.001  0.001  0.000  0.002
 0.001  1.002  0.001  0.001 -0.001
 0.001  0.001  1.002 -0.001 -0.001
 0.000  0.001 -0.001  0.994  0.000
 0.002 -0.001 -0.001  0.000  1.002
atom  3  spin  2
eigenvalues:  0.2766469 0.2766469 0.3236466 0.4957838 0.4957838
 eigenvectors
 1  -0.7558786 -0.2523972  0.0316237 -0.5614287 -0.2207735
 2   0.5614287 -0.1092057  0.2731852 -0.7558786  0.1639795
 3   0.0000000  0.5773503  0.5773503  0.0000000 -0.5773503
 4   0.3173790 -0.1393072 -0.5851154 -0.1127648 -0.7244226
 5  -0.1127648  0.7560621 -0.4986747 -0.3173790  0.2573875
 occupations
 0.302 -0.028 -0.028  0.000 -0.057
-0.028  0.422 -0.049 -0.049  0.049
-0.028 -0.049  0.422  0.049  0.049
 0.000 -0.049  0.049  0.302  0.000
-0.057  0.049  0.049  0.000  0.422
atom  4   Tr[ns(na)]=   6.8620456
atom  4  spin  1
eigenvalues:  0.2766468 0.2766468 0.3236466 0.4957831 0.4957831
 eigenvectors
 1   0.7013404  0.2613305 -0.0564860  0.6282326  0.2048444
 2  -0.6282326  0.0856548 -0.2691462  0.7013404 -0.1834914
 3   0.0000000  0.5773503  0.5773503  0.0000000 -0.5773503
 4   0.3188750 -0.1495176 -0.5783190 -0.1084631 -0.7278366
 5  -0.1084631  0.7541093 -0.5065407 -0.3188750  0.2475686
 occupations
 0.302 -0.028 -0.028  0.000 -0.057
-0.028  0.422 -0.049 -0.049  0.049
-0.028 -0.049  0.422  0.049  0.049
 0.000 -0.049  0.049  0.302  0.000
-0.057  0.049  0.049  0.000  0.422
atom  4  spin  2
eigenvalues:  0.9937988 0.9937988 1.0015345 1.0015345 1.0028726
 eigenvectors
 1  -0.1833775 -0.1718251  0.2153050  0.9426569  0.0434799
 2   0.9426569 -0.1494095 -0.0741001  0.1833775 -0.2235097
 3  -0.2788693 -0.3959062 -0.3881855 -0.0015854 -0.7840917
 4  -0.0015854  0.6768145 -0.6812721  0.2788693 -0.0044576
 5   0.0000000 -0.5773503 -0.5773503  0.0000000  0.5773503
 occupations
 0.994  0.001  0.001  0.000  0.002
 0.001  1.002  0.001  0.001 -0.001
 0.001  0.001  1.002 -0.001 -0.001
 0.000  0.001 -0.001  0.994  0.000
 0.002 -0.001 -0.001  0.000  1.002
nsum =  13.7240926
 exit write_ns

     total cpu time spent up to now is     96.93 secs

     total energy              =  -174.45792680 ryd
     estimated scf accuracy    <     0.00464198 ryd

     total magnetization       =     0.00 Bohr mag/cell
     absolute magnetization    =     7.30 Bohr mag/cell

     iteration #  9     ecut=    30.00 ryd     beta=0.30
     Davidson diagonalization (with overlap)
     ethr =  1.66E-05,  avg # of iterations =  1.0
 enter write_ns
U( 1) =  0.0000      U( 2) =  4.3000      U( 3) =  4.3000
alpha( 1) =  0.0000      alpha( 2) =  0.0000      alpha( 3) =  0.0000
atom  3   Tr[ns(na)]=   6.8513678
atom  3  spin  1
eigenvalues:  0.9938240 0.9938240 1.0015025 1.0015025 1.0027654
 eigenvectors
 1  -0.1987144 -0.1753494  0.2243099  0.9365111  0.0489605
 2   0.9365111 -0.1577727 -0.0729707  0.1987144 -0.2307434
 3  -0.2888814 -0.3846232 -0.3970261  0.0026465 -0.7816494
 4   0.0026465  0.6805086 -0.6733478  0.2888814  0.0071608
 5   0.0000000 -0.5773503 -0.5773503  0.0000000  0.5773503
 occupations
 0.994  0.001  0.001  0.000  0.002
 0.001  1.001  0.001  0.002 -0.001
 0.001  0.001  1.001 -0.002 -0.001
 0.000  0.002 -0.002  0.994  0.000
 0.002 -0.001 -0.001  0.000  1.001
atom  3  spin  2
eigenvalues:  0.2730680 0.2730680 0.4124638 0.4124638 0.4868859
 eigenvectors
 1   0.8006012  0.2853135  0.0077327  0.4378334  0.2930462
 2  -0.4378334  0.1736548 -0.3339161  0.8006012 -0.1602613
 3   0.3753463 -0.0852649 -0.5983649 -0.1626494 -0.6836298
 4   0.1626494 -0.7401600  0.4439216  0.3753463 -0.2962384
 5   0.0000000 -0.5773503 -0.5773503  0.0000000  0.5773503
 occupations
 0.296 -0.021 -0.021  0.000 -0.042
-0.021  0.422  0.033 -0.037 -0.033
-0.021  0.033  0.422  0.037 -0.033
 0.000 -0.037  0.037  0.296  0.000
-0.042 -0.033 -0.033  0.000  0.422
atom  4   Tr[ns(na)]=   6.8513907
atom  4  spin  1
eigenvalues:  0.2730689 0.2730689 0.4124720 0.4124720 0.4868905
 eigenvectors
 1   0.8029912  0.2843512  0.0095613  0.4334439  0.2939125
 2  -0.4334439  0.1752107 -0.3338607  0.8029912 -0.1586500
 3   0.3738254 -0.0784539 -0.6024256 -0.1660909 -0.6808795
 4   0.1660909 -0.7409165  0.4384013  0.3738254 -0.3025152
 5   0.0000000 -0.5773503 -0.5773503  0.0000000  0.5773503
 occupations
 0.296 -0.021 -0.021  0.000 -0.042
-0.021  0.422  0.033 -0.037 -0.033
-0.021  0.033  0.422  0.037 -0.033
 0.000 -0.037  0.037  0.296  0.000
-0.042 -0.033 -0.033  0.000  0.422
atom  4  spin  2
eigenvalues:  0.9938240 0.9938240 1.0015025 1.0015025 1.0027654
 eigenvectors
 1  -0.2381486 -0.1685203  0.2271972  0.9272673  0.0586770
 2   0.9272673 -0.1650496 -0.0634181  0.2381486 -0.2284676
 3  -0.2888719 -0.3821341 -0.3994834  0.0037020 -0.7816175
 4   0.0037020  0.6819089 -0.6718923  0.2888719  0.0100166
 5   0.0000000 -0.5773503 -0.5773503  0.0000000  0.5773503
 occupations
 0.994  0.001  0.001  0.000  0.002
 0.001  1.001  0.001  0.002 -0.001
 0.001  0.001  1.001 -0.002 -0.001
 0.000  0.002 -0.002  0.994  0.000
 0.002 -0.001 -0.001  0.000  1.001
nsum =  13.7027586
 exit write_ns

     total cpu time spent up to now is    107.44 secs

     total energy              =  -174.45394006 ryd
     estimated scf accuracy    <     0.00092261 ryd

     total magnetization       =     0.00 Bohr mag/cell
     absolute magnetization    =     7.32 Bohr mag/cell

     iteration # 10     ecut=    30.00 ryd     beta=0.30
     Davidson diagonalization (with overlap)
     ethr =  3.30E-06,  avg # of iterations =  1.0
 enter write_ns
U( 1) =  0.0000      U( 2) =  4.3000      U( 3) =  4.3000
alpha( 1) =  0.0000      alpha( 2) =  0.0000      alpha( 3) =  0.0000
atom  3   Tr[ns(na)]=   6.8612334
atom  3  spin  1
eigenvalues:  0.9937644 0.9937644 1.0015140 1.0015140 1.0027779
 eigenvectors
 1  -0.2122673 -0.1698457  0.2210735  0.9351990  0.0512278
 2   0.9351990 -0.1572132 -0.0684841  0.2122673 -0.2256973
 3  -0.2834524 -0.3921888 -0.3908198 -0.0002861 -0.7830086
 4  -0.0002861  0.6777101 -0.6785005  0.2834524 -0.0007904
 5   0.0000000 -0.5773503 -0.5773503  0.0000000  0.5773503
 occupations
 0.994  0.001  0.001  0.000  0.002
 0.001  1.002  0.001  0.001 -0.001
 0.001  0.001  1.002 -0.001 -0.001
 0.000  0.001 -0.001  0.994  0.000
 0.002 -0.001 -0.001  0.000  1.002
atom  3  spin  2
eigenvalues:  0.2741618 0.2741618 0.4140512 0.4527620 0.4527620
 eigenvectors
 1   0.7794154  0.2765791 -0.0136396  0.4966813  0.2629395
 2  -0.4966813  0.1439334 -0.3114912  0.7794154 -0.1675578
 3   0.0000000  0.5773503  0.5773503  0.0000000 -0.5773503
 4   0.3546985 -0.1083914 -0.5925491 -0.1414505 -0.7009405
 5  -0.1414505  0.7467966 -0.4672680 -0.3546985  0.2795286
 occupations
 0.300 -0.026 -0.026  0.000 -0.051
-0.026  0.422 -0.004 -0.045  0.004
-0.026 -0.004  0.422  0.045  0.004
 0.000 -0.045  0.045  0.300  0.000
-0.051  0.004  0.004  0.000  0.422
atom  4   Tr[ns(na)]=   6.8608970
atom  4  spin  1
eigenvalues:  0.2741504 0.2741504 0.4139930 0.4526344 0.4526344
 eigenvectors
 1  -0.8148930 -0.2649013 -0.0100901 -0.4359526 -0.2749914
 2   0.4359526 -0.1645919  0.3117072 -0.8148930  0.1471153
 3   0.0000000  0.5773503  0.5773503  0.0000000 -0.5773503
 4   0.3567511 -0.1189108 -0.5858723 -0.1364678 -0.7047830
 5  -0.1364678  0.7451602 -0.4755598 -0.3567511  0.2696003
 occupations
 0.300 -0.026 -0.026  0.000 -0.051
-0.026  0.422 -0.004 -0.045  0.004
-0.026 -0.004  0.422  0.045  0.004
 0.000 -0.045  0.045  0.300  0.000
-0.051  0.004  0.004  0.000  0.422
atom  4  spin  2
eigenvalues:  0.9937640 0.9937640 1.0015142 1.0015142 1.0027779
 eigenvectors
 1  -0.1729980 -0.1762499  0.2179959  0.9432617  0.0417460
 2   0.9432617 -0.1499621 -0.0776558  0.1729980 -0.2276179
 3  -0.2834233 -0.3925488 -0.3904662 -0.0004352 -0.7830151
 4  -0.0004352  0.6775097 -0.6787121  0.2834233 -0.0012024
 5   0.0000000 -0.5773503 -0.5773503  0.0000000  0.5773503
 occupations
 0.994  0.001  0.001  0.000  0.002
 0.001  1.002  0.001  0.001 -0.001
 0.001  0.001  1.002 -0.001 -0.001
 0.000  0.001 -0.001  0.994  0.000
 0.002 -0.001 -0.001  0.000  1.002
nsum =  13.7221304
 exit write_ns

     total cpu time spent up to now is    118.07 secs

     total energy              =  -174.45370353 ryd
     estimated scf accuracy    <     0.00042622 ryd

     total magnetization       =     0.00 Bohr mag/cell
     absolute magnetization    =     7.31 Bohr mag/cell

     iteration # 11     ecut=    30.00 ryd     beta=0.30
     Davidson diagonalization (with overlap)
     ethr =  1.52E-06,  avg # of iterations =  1.1
 enter write_ns
U( 1) =  0.0000      U( 2) =  4.3000      U( 3) =  4.3000
alpha( 1) =  0.0000      alpha( 2) =  0.0000      alpha( 3) =  0.0000
atom  3   Tr[ns(na)]=   6.8536051
atom  3  spin  1
eigenvalues:  0.9937692 0.9937692 1.0014948 1.0014948 1.0027338
 eigenvectors
 1  -0.1590033 -0.1812851  0.2203261  0.9443441  0.0390410
 2  -0.9443441  0.1497457  0.0821247 -0.1590033  0.2318704
 3  -0.2879769 -0.3937270 -0.3881734 -0.0011809 -0.7819004
 4  -0.0011809  0.6755424 -0.6787489  0.2879769 -0.0032064
 5   0.0000000  0.5773503  0.5773503  0.0000000 -0.5773503
 occupations
 0.994  0.001  0.001  0.000  0.002
 0.001  1.001  0.001  0.002 -0.001
 0.001  0.001  1.001 -0.002 -0.001
 0.000  0.002 -0.002  0.994  0.000
 0.002 -0.001 -0.001  0.000  1.001
atom  3  spin  2
eigenvalues:  0.2717817 0.2717817 0.4137704 0.4137704 0.4892392
 eigenvectors
 1   0.7860513  0.3023977  0.0032721  0.4441107  0.3056698
 2  -0.4441107  0.1783677 -0.3510679  0.7860513 -0.1727002
 3   0.3874353 -0.0552072 -0.6090043 -0.1865018 -0.6642115
 4   0.1865018 -0.7350915  0.4153565  0.3874353 -0.3197349
 5   0.0000000 -0.5773503 -0.5773503  0.0000000  0.5773503
 occupations
 0.298 -0.023 -0.023  0.000 -0.045
-0.023  0.421  0.034 -0.039 -0.034
-0.023  0.034  0.421  0.039 -0.034
 0.000 -0.039  0.039  0.298  0.000
-0.045 -0.034 -0.034  0.000  0.421
atom  4   Tr[ns(na)]=   6.8565744
atom  4  spin  1
eigenvalues:  0.2719096 0.2719096 0.4148557 0.4148557 0.4897752
 eigenvectors
 1  -0.8274321 -0.2819662 -0.0385431 -0.3628215 -0.3205093
 2   0.3628215 -0.2072990  0.3478394 -0.8274321  0.1405404
 3   0.3835234 -0.0447848 -0.6152889 -0.1913805 -0.6600737
 4   0.1913805 -0.7363309  0.4069502  0.3835234 -0.3293807
 5   0.0000000 -0.5773503 -0.5773503  0.0000000  0.5773503
 occupations
 0.298 -0.023 -0.023  0.000 -0.045
-0.023  0.422  0.034 -0.039 -0.034
-0.023  0.034  0.422  0.039 -0.034
 0.000 -0.039  0.039  0.298  0.000
-0.045 -0.034 -0.034  0.000  0.422
atom  4  spin  2
eigenvalues:  0.9937735 0.9937735 1.0014938 1.0014938 1.0027337
 eigenvectors
 1   0.1951492  0.1755504 -0.2235118 -0.9374652 -0.0479614
