
     Program PWSCF     v.2.1cvs starts ...
     Today is 26Jul2005 at 17:33: 5 

     Ultrasoft (Vanderbilt) Pseudopotentials

     Current dimensions of program pwscf are:

     ntypx = 10   npk = 40000  lmax =  3
     nchix =  6  ndmx =  2000  nbrx = 14  nqfx =  8
  HUBBARD L FOR TYPE Fe IS  2
  HUBBARD L FOR TYPE Fe IS  2
  MAXIMUM HUBBARD L IS  2


     bravais-lattice index     =            0
     lattice parameter (a_0)   =       8.1900  a.u.
     unit-cell volume          =     274.6766 (a.u.)^3
     number of atoms/cell      =            4
     number of atomic types    =            3
     kinetic-energy cutoff     =      30.0000  Ry
     charge density cutoff     =     240.0000  Ry
     convergence threshold     =      1.0E-06
     beta                      =       0.3000
     number of iterations used =            8  plain     mixing
     Exchange-correlation      =  SLA  PZ   NOGX NOGC (1100)
     celldm(1)=   8.190000  celldm(2)=   0.000000  celldm(3)=   0.000000
     celldm(4)=   0.000000  celldm(5)=   0.000000  celldm(6)=   0.000000

     crystal axes: (cart. coord. in units of a_0)
               a(1) = (  0.500000  0.500000  1.000000 )  
               a(2) = (  0.500000  1.000000  0.500000 )  
               a(3) = (  1.000000  0.500000  0.500000 )  

     reciprocal axes: (cart. coord. in units 2 pi/a_0)
               b(1) = ( -0.500000 -0.500000  1.500000 )  
               b(2) = ( -0.500000  1.500000 -0.500000 )  
               b(3) = (  1.500000 -0.500000 -0.500000 )  


     PSEUDO 1 is O  (US)    zval =  6.0   lmax= 2   lloc= 0
     Version   0  0  0 of US pseudo code
     Using log mesh of  1269 points
     The pseudopotential has  4 beta functions with: 
                l(1) =   0
                l(2) =   0
                l(3) =   1
                l(4) =   1
     Q(r) pseudized with  0 coefficients,  rinner =    0.000   0.000   0.000
                                                       0.000   0.000

     PSEUDO 2 is Fe (US)    zval =  8.0   lmax= 2   lloc= 0
     Version   0  0  0 of US pseudo code
     Using log mesh of   957 points
     The pseudopotential has  6 beta functions with: 
                l(1) =   0
                l(2) =   0
                l(3) =   1
                l(4) =   1
                l(5) =   2
                l(6) =   2
     Q(r) pseudized with  0 coefficients,  rinner =    0.000   0.000   0.000
                                                       0.000   0.000

     PSEUDO 3 is Fe (US)    zval =  8.0   lmax= 2   lloc= 0
     Version   0  0  0 of US pseudo code
     Using log mesh of   957 points
     The pseudopotential has  6 beta functions with: 
                l(1) =   0
                l(2) =   0
                l(3) =   1
                l(4) =   1
                l(5) =   2
                l(6) =   2
     Q(r) pseudized with  0 coefficients,  rinner =    0.000   0.000   0.000
                                                       0.000   0.000

     atomic species   valence    mass     pseudopotential
        O1             6.00     1.00000     O ( 1.00)
        Fe1            8.00     1.00000     Fe( 1.00)
        Fe2            8.00     1.00000     Fe( 1.00)

     Starting magnetic structure 
     atomic species   magnetization
        O1           0.000
        Fe1          0.500
        Fe2         -0.500

     12 Sym.Ops. (with inversion)


   Cartesian axes

     site n.     atom                  positions (a_0 units)
         1           O1  tau(  1) = (   0.5000000   0.5000000   0.5000000  )
         2           O1  tau(  2) = (   1.5000000   1.5000000   1.5000000  )
         3           Fe1 tau(  3) = (   0.0000000   0.0000000   0.0000000  )
         4           Fe2 tau(  4) = (   1.0000000   1.0000000   1.0000000  )

     number of k points=    8  gaussian broad. (ryd)=  0.0100     ngauss =   0
                       cart. coord. in units 2pi/a_0
        k(    1) = (   0.0000000   0.0000000   0.0000000), wk =   0.1250000
        k(    2) = (  -0.7500000   0.2500000   0.2500000), wk =   0.3750000
        k(    3) = (  -0.5000000  -0.5000000   0.5000000), wk =   0.3750000
        k(    4) = (  -0.2500000  -0.2500000  -0.2500000), wk =   0.1250000
        k(    5) = (   0.0000000   0.0000000   0.0000000), wk =   0.1250000
        k(    6) = (  -0.7500000   0.2500000   0.2500000), wk =   0.3750000
        k(    7) = (  -0.5000000  -0.5000000   0.5000000), wk =   0.3750000
        k(    8) = (  -0.2500000  -0.2500000  -0.2500000), wk =   0.1250000

     G cutoff =  407.7738  (  17255 G-vectors)     FFT grid: ( 50, 50, 50)
     G cutoff =  203.8869  (   6111 G-vectors)  smooth grid: ( 36, 36, 36)

     nbndx  =    80  nbnd   =    20  natomwfc =    20  npwx   =     780
     nelec  =  28.00  nkb   =    52  ngl    =     342

     warning: negative or imaginary core charge    -0.000003    0.000000

     Initial potential from superposition of free atoms

     starting charge   27.99905, renormalised to   28.00000

     Parameters of the lda+U calculation:
     Number of iteration with fixed ns =  0
     Starting ns and Hubbard U :
 enter write_ns
U( 1) =  0.0000      U( 2) =  4.3000      U( 3) =  4.3000
alpha( 1) =  0.0000      alpha( 2) =  0.0000      alpha( 3) =  0.0000
atom  3   Tr[ns(na)]=   6.0000000
atom  3  spin  1
eigenvalues:  1.0000000 1.0000000 1.0000000 1.0000000 1.0000000
 eigenvectors
 1   1.0000000  0.0000000  0.0000000  0.0000000  0.0000000
 2   0.0000000  1.0000000  0.0000000  0.0000000  0.0000000
 3   0.0000000  0.0000000  1.0000000  0.0000000  0.0000000
 4   0.0000000  0.0000000  0.0000000  1.0000000  0.0000000
 5   0.0000000  0.0000000  0.0000000  0.0000000  1.0000000
 occupations
 1.000  0.000  0.000  0.000  0.000
 0.000  1.000  0.000  0.000  0.000
 0.000  0.000  1.000  0.000  0.000
 0.000  0.000  0.000  1.000  0.000
 0.000  0.000  0.000  0.000  1.000
atom  3  spin  2
eigenvalues:  0.2000000 0.2000000 0.2000000 0.2000000 0.2000000
 eigenvectors
 1   1.0000000  0.0000000  0.0000000  0.0000000  0.0000000
 2   0.0000000  1.0000000  0.0000000  0.0000000  0.0000000
 3   0.0000000  0.0000000  1.0000000  0.0000000  0.0000000
 4   0.0000000  0.0000000  0.0000000  1.0000000  0.0000000
 5   0.0000000  0.0000000  0.0000000  0.0000000  1.0000000
 occupations
 0.200  0.000  0.000  0.000  0.000
 0.000  0.200  0.000  0.000  0.000
 0.000  0.000  0.200  0.000  0.000
 0.000  0.000  0.000  0.200  0.000
 0.000  0.000  0.000  0.000  0.200
atom  4   Tr[ns(na)]=   6.0000000
atom  4  spin  1
eigenvalues:  0.2000000 0.2000000 0.2000000 0.2000000 0.2000000
 eigenvectors
 1   1.0000000  0.0000000  0.0000000  0.0000000  0.0000000
 2   0.0000000  1.0000000  0.0000000  0.0000000  0.0000000
 3   0.0000000  0.0000000  1.0000000  0.0000000  0.0000000
 4   0.0000000  0.0000000  0.0000000  1.0000000  0.0000000
 5   0.0000000  0.0000000  0.0000000  0.0000000  1.0000000
 occupations
 0.200  0.000  0.000  0.000  0.000
 0.000  0.200  0.000  0.000  0.000
 0.000  0.000  0.200  0.000  0.000
 0.000  0.000  0.000  0.200  0.000
 0.000  0.000  0.000  0.000  0.200
atom  4  spin  2
eigenvalues:  1.0000000 1.0000000 1.0000000 1.0000000 1.0000000
 eigenvectors
 1   1.0000000  0.0000000  0.0000000  0.0000000  0.0000000
 2   0.0000000  1.0000000  0.0000000  0.0000000  0.0000000
 3   0.0000000  0.0000000  1.0000000  0.0000000  0.0000000
 4   0.0000000  0.0000000  0.0000000  1.0000000  0.0000000
 5   0.0000000  0.0000000  0.0000000  0.0000000  1.0000000
 occupations
 1.000  0.000  0.000  0.000  0.000
 0.000  1.000  0.000  0.000  0.000
 0.000  0.000  1.000  0.000  0.000
 0.000  0.000  0.000  1.000  0.000
 0.000  0.000  0.000  0.000  1.000
nsum =  12.0000000
 exit write_ns
     Starting wfc are atomic
 Atomic wfc used for LDA+U Projector are NOT orthogonalized

     total cpu time spent up to now is     12.09 secs

     Self-consistent Calculation

     iteration #  1     ecut=    30.00 ryd     beta=0.30
     Davidson diagonalization (with overlap)
     ethr =  1.00E-02,  avg # of iterations =  3.3
 enter write_ns
U( 1) =  0.0000      U( 2) =  4.3000      U( 3) =  4.3000
alpha( 1) =  0.0000      alpha( 2) =  0.0000      alpha( 3) =  0.0000
atom  3   Tr[ns(na)]=   6.1226801
atom  3  spin  1
eigenvalues:  0.9969552 0.9969552 1.0025536 1.0025536 1.0030281
 eigenvectors
 1  -0.6440979 -0.0557162  0.4476015  0.4776111  0.3918853
 2  -0.4776111  0.4846779 -0.1940874 -0.6440979  0.2905906
 3  -0.5836358 -0.4412545 -0.1982499 -0.1280419 -0.6395044
 4   0.1280419 -0.4836777  0.6239765 -0.5836358  0.1402988
 5   0.0000000 -0.5773503 -0.5773503  0.0000000  0.5773503
 occupations
 0.999  0.001  0.001  0.000  0.002
 0.001  1.001  0.001  0.002 -0.001
 0.001  0.001  1.001 -0.002 -0.001
 0.000  0.002 -0.002  0.999  0.000
 0.002 -0.001 -0.001  0.000  1.001
atom  3  spin  2
eigenvalues:  0.1553853 0.1553853 0.2567874 0.2765382 0.2765382
 eigenvectors
 1   0.8806502  0.0608129  0.0026794  0.4655304  0.0634924
 2   0.4655304 -0.0382043  0.0717677 -0.8806502  0.0335634
 3   0.0000000 -0.5773503 -0.5773503  0.0000000  0.5773503
 4  -0.0874043  0.3251658  0.4830424  0.0098575  0.8082082
 5   0.0098575 -0.7455039  0.6543538  0.0874043 -0.0911501
 occupations
 0.156 -0.004 -0.004  0.000 -0.009
-0.004  0.269 -0.006 -0.008  0.006
-0.004 -0.006  0.269  0.008  0.006
 0.000 -0.008  0.008  0.156  0.000
-0.009  0.006  0.006  0.000  0.269
atom  4   Tr[ns(na)]=   6.1226801
atom  4  spin  1
eigenvalues:  0.1553853 0.1553853 0.2567874 0.2765382 0.2765382
 eigenvectors
 1  -0.8331249 -0.0641270  0.0040610 -0.5460460 -0.0600659
 2  -0.5460460  0.0323344 -0.0717028  0.8331249 -0.0393684
 3   0.0000000 -0.5773503 -0.5773503  0.0000000  0.5773503
 4  -0.0871724  0.3090822  0.4969824  0.0117321  0.8060646
 5   0.0117321 -0.7523145  0.6438303  0.0871724 -0.1084842
 occupations
 0.156 -0.004 -0.004  0.000 -0.009
-0.004  0.269 -0.006 -0.008  0.006
-0.004 -0.006  0.269  0.008  0.006
 0.000 -0.008  0.008  0.156  0.000
-0.009  0.006  0.006  0.000  0.269
atom  4  spin  2
eigenvalues:  0.9969552 0.9969552 1.0025536 1.0025536 1.0030281
 eigenvectors
 1  -0.6411479 -0.0586964  0.4487869  0.4815640  0.3900905
 2  -0.4815640  0.4843261 -0.1913305 -0.6411479  0.2929956
 3  -0.5840571 -0.4396484 -0.2003176 -0.1261062 -0.6399661
 4   0.1261062 -0.4851380  0.6233157 -0.5840571  0.1381777
 5   0.0000000 -0.5773503 -0.5773503  0.0000000  0.5773503
 occupations
 0.999  0.001  0.001  0.000  0.002
 0.001  1.001  0.001  0.002 -0.001
 0.001  0.001  1.001 -0.002 -0.001
 0.000  0.002 -0.002  0.999  0.000
 0.002 -0.001 -0.001  0.000  1.001
nsum =  12.2453603
 exit write_ns

     total cpu time spent up to now is     22.12 secs

     total energy              =  -173.87440401 ryd
     estimated scf accuracy    <     2.40343176 ryd

     total magnetization       =     0.00 Bohr mag/cell
     absolute magnetization    =     8.54 Bohr mag/cell

     iteration #  2     ecut=    30.00 ryd     beta=0.30
     Davidson diagonalization (with overlap)
     ethr =  8.58E-03,  avg # of iterations =  2.3
 enter write_ns
U( 1) =  0.0000      U( 2) =  4.3000      U( 3) =  4.3000
alpha( 1) =  0.0000      alpha( 2) =  0.0000      alpha( 3) =  0.0000
atom  3   Tr[ns(na)]=   6.9138793
atom  3  spin  1
eigenvalues:  0.9930388 0.9930388 1.0013931 1.0013931 1.0026209
 eigenvectors
 1   0.2640418 -0.2202401  0.1578346  0.9235638 -0.0624055
 2  -0.9235638  0.0550960  0.1631855  0.2640418  0.2182815
 3   0.2778515  0.4175390  0.3662000  0.0105082  0.7837390
 4   0.0105082 -0.6639176  0.6935582 -0.2778515  0.0296406
 5   0.0000000 -0.5773503 -0.5773503  0.0000000  0.5773503
 occupations
 0.994  0.001  0.001  0.000  0.002
 0.001  1.001  0.001  0.002 -0.001
 0.001  0.001  1.001 -0.002 -0.001
 0.000  0.002 -0.002  0.994  0.000
 0.002 -0.001 -0.001  0.000  1.001
atom  3  spin  2
eigenvalues:  0.3123236 0.3123236 0.4063957 0.4456758 0.4456758
 eigenvectors
 1  -0.8376697 -0.2641707 -0.0346231 -0.3715466 -0.2987938
 2   0.3715466 -0.1924984  0.3250277 -0.8376697  0.1325293
 3   0.0000000 -0.5773503 -0.5773503  0.0000000  0.5773503
 4   0.3836653 -0.1735354 -0.5435360 -0.1142962 -0.7170714
 5   0.1142962 -0.7278120  0.5141921  0.3836653 -0.2136200
 occupations
 0.334 -0.020 -0.020  0.000 -0.040
-0.020  0.418 -0.006 -0.035  0.006
-0.020 -0.006  0.418  0.035  0.006
 0.000 -0.035  0.035  0.334  0.000
-0.040  0.006  0.006  0.000  0.418
atom  4   Tr[ns(na)]=   6.9138793
atom  4  spin  1
eigenvalues:  0.3123236 0.3123236 0.4063957 0.4456758 0.4456758
 eigenvectors
 1  -0.8378627 -0.2640706 -0.0347921 -0.3711111 -0.2988627
 2   0.3711111 -0.1926356  0.3250097 -0.8378627  0.1323740
 3   0.0000000 -0.5773503 -0.5773503  0.0000000  0.5773503
 4   0.3825430 -0.1664951 -0.5484788 -0.1179979 -0.7149739
 5   0.1179979 -0.7294548  0.5089164  0.3825430 -0.2205384
 occupations
 0.334 -0.020 -0.020  0.000 -0.040
-0.020  0.418 -0.006 -0.035  0.006
-0.020 -0.006  0.418  0.035  0.006
 0.000 -0.035  0.035  0.334  0.000
-0.040  0.006  0.006  0.000  0.418
atom  4  spin  2
eigenvalues:  0.9930388 0.9930388 1.0013931 1.0013931 1.0026209
 eigenvectors
 1  -0.4707820 -0.1157444  0.2270123  0.8372888  0.1112679
 2  -0.8372888  0.1953061  0.0025845 -0.4707820  0.1978907
 3   0.2775562  0.4319215  0.3509845  0.0165664  0.7829060
 4  -0.0165664  0.6546520 -0.7013810  0.2775562 -0.0467290
 5   0.0000000 -0.5773503 -0.5773503  0.0000000  0.5773503
 occupations
 0.994  0.001  0.001  0.000  0.002
 0.001  1.001  0.001  0.002 -0.001
 0.001  0.001  1.001 -0.002 -0.001
 0.000  0.002 -0.002  0.994  0.000
 0.002 -0.001 -0.001  0.000  1.001
nsum =  13.8277586
 exit write_ns

     total cpu time spent up to now is     31.97 secs

     total energy              =  -174.43468878 ryd
     estimated scf accuracy    <     0.17790704 ryd

     total magnetization       =     0.00 Bohr mag/cell
     absolute magnetization    =     7.22 Bohr mag/cell

     iteration #  3     ecut=    30.00 ryd     beta=0.30
     Davidson diagonalization (with overlap)
     ethr =  6.35E-04,  avg # of iterations =  1.8
 enter write_ns
U( 1) =  0.0000      U( 2) =  4.3000      U( 3) =  4.3000
alpha( 1) =  0.0000      alpha( 2) =  0.0000      alpha( 3) =  0.0000
atom  3   Tr[ns(na)]=   6.7995774
atom  3  spin  1
eigenvalues:  0.9937851 0.9937851 1.0016949 1.0016949 1.0028991
 eigenvectors
 1  -0.4554026 -0.1251281  0.2390019  0.8407510  0.1138739
 2   0.8407510 -0.2037329 -0.0064976  0.4554026 -0.2102306
 3   0.2923414  0.4285330  0.3508852  0.0168147  0.7794182
 4   0.0168147 -0.6525810  0.6974110 -0.2923414  0.0448300
 5   0.0000000 -0.5773503 -0.5773503  0.0000000  0.5773503
 occupations
 0.994  0.001  0.001  0.000  0.002
 0.001  1.002  0.001  0.002 -0.001
 0.001  0.001  1.002 -0.002 -0.001
 0.000  0.002 -0.002  0.994  0.000
 0.002 -0.001 -0.001  0.000  1.002
atom  3  spin  2
eigenvalues:  0.2786363 0.2786363 0.3999961 0.4242248 0.4242248
 eigenvectors
 1   0.8407802  0.2206908  0.0118113  0.4361048  0.2325021
 2  -0.4361048  0.1410544 -0.2616511  0.8407802 -0.1205967
 3   0.0000000 -0.5773503 -0.5773503  0.0000000  0.5773503
 4   0.3117420 -0.2178986 -0.5336544 -0.0756182 -0.7515530
 5   0.0756182 -0.7420149  0.5597132  0.3117420 -0.1823017
 occupations
 0.294 -0.018 -0.018  0.000 -0.036
-0.018  0.406 -0.003 -0.031  0.003
-0.018 -0.003  0.406  0.031  0.003
 0.000 -0.031  0.031  0.294  0.000
-0.036  0.003  0.003  0.000  0.406
atom  4   Tr[ns(na)]=   6.7995774
atom  4  spin  1
eigenvalues:  0.2786363 0.2786363 0.3999961 0.4242248 0.4242248
 eigenvectors
 1   0.8387456  0.2213436  0.0105959  0.4400053  0.2319395
 2  -0.4400053  0.1400278 -0.2617031  0.8387456 -0.1216753
 3   0.0000000 -0.5773503 -0.5773503  0.0000000  0.5773503
 4   0.3116726 -0.2172191 -0.5341667 -0.0759036 -0.7513858
 5   0.0759036 -0.7422141  0.5592243  0.3116726 -0.1829898
 occupations
 0.294 -0.018 -0.018  0.000 -0.036
-0.018  0.406 -0.003 -0.031  0.003
-0.018 -0.003  0.406  0.031  0.003
 0.000 -0.031  0.031  0.294  0.000
-0.036  0.003  0.003  0.000  0.406
atom  4  spin  2
eigenvalues:  0.9937851 0.9937851 1.0016949 1.0016949 1.0028991
 eigenvectors
 1  -0.4869470 -0.1173149  0.2390765  0.8228830  0.1217615
 2   0.8228830 -0.2083299  0.0025673  0.4869470 -0.2057627
 3  -0.2920536 -0.4383547 -0.3402963 -0.0212346 -0.7786510
 4  -0.0212346  0.6460245 -0.7026386  0.2920536 -0.0566140
 5   0.0000000 -0.5773503 -0.5773503  0.0000000  0.5773503
 occupations
 0.994  0.001  0.001  0.000  0.002
 0.001  1.002  0.001  0.002 -0.001
 0.001  0.001  1.002 -0.002 -0.001
 0.000  0.002 -0.002  0.994  0.000
 0.002 -0.001 -0.001  0.000  1.002
nsum =  13.5991548
 exit write_ns

     total cpu time spent up to now is     41.38 secs

     total energy              =  -174.44744783 ryd
     estimated scf accuracy    <     0.04567934 ryd

     total magnetization       =     0.00 Bohr mag/cell
     absolute magnetization    =     7.41 Bohr mag/cell

     iteration #  4     ecut=    30.00 ryd     beta=0.30
     Davidson diagonalization (with overlap)
     ethr =  1.63E-04,  avg # of iterations =  2.0
 enter write_ns
U( 1) =  0.0000      U( 2) =  4.3000      U( 3) =  4.3000
alpha( 1) =  0.0000      alpha( 2) =  0.0000      alpha( 3) =  0.0000
atom  3   Tr[ns(na)]=   6.8652721
atom  3  spin  1
eigenvalues:  0.9935730 0.9935730 1.0013235 1.0013235 1.0025796
 eigenvectors
 1  -0.6237974 -0.0773165  0.2288259  0.7277243  0.1515094
 2  -0.7277243  0.2195867 -0.0428353 -0.6237974  0.1767514
 3   0.2846140  0.4310231  0.3501891  0.0170028  0.7812122
 4  -0.0170028  0.6532149 -0.6998843  0.2846140 -0.0466695
 5   0.0000000 -0.5773503 -0.5773503  0.0000000  0.5773503
 occupations
 0.994  0.001  0.001  0.000  0.002
 0.001  1.001  0.001  0.001 -0.001
 0.001  0.001  1.001 -0.001 -0.001
 0.000  0.001 -0.001  0.994  0.000
 0.002 -0.001 -0.001  0.000  1.001
atom  3  spin  2
eigenvalues:  0.2817807 0.2817807 0.3685989 0.4703695 0.4703695
 eigenvectors
 1  -0.8056419 -0.2403974  0.0057438 -0.4879088 -0.2346535
 2  -0.4879088  0.1321611 -0.2742708  0.8056419 -0.1421097
 3   0.0000000  0.5773503  0.5773503  0.0000000 -0.5773503
 4   0.3260791 -0.2126476 -0.5337095 -0.0809850 -0.7463571
 5   0.0809850 -0.7390468  0.5536816  0.3260791 -0.1853652
 occupations
 0.303 -0.024 -0.024  0.000 -0.049
-0.024  0.422 -0.027 -0.042  0.027
-0.024 -0.027  0.422  0.042  0.027
 0.000 -0.042  0.042  0.303  0.000
-0.049  0.027  0.027  0.000  0.422
atom  4   Tr[ns(na)]=   6.8652721
atom  4  spin  1
eigenvalues:  0.2817807 0.2817807 0.3685989 0.4703695 0.4703695
 eigenvectors
 1   0.8397907  0.2298698  0.0147300  0.4264568  0.2445998
 2   0.4264568 -0.1497242  0.2739352 -0.8397907  0.1242110
 3   0.0000000  0.5773503  0.5773503  0.0000000 -0.5773503
 4   0.3251177 -0.2040599 -0.5400967 -0.0847622 -0.7441566
 5   0.0847622 -0.7414639  0.5474530  0.3251177 -0.1940109
 occupations
 0.303 -0.024 -0.024  0.000 -0.049
-0.024  0.422 -0.027 -0.042  0.027
-0.024 -0.027  0.422  0.042  0.027
 0.000 -0.042  0.042  0.303  0.000
-0.049  0.027  0.027  0.000  0.422
atom  4  spin  2
eigenvalues:  0.9935730 0.9935730 1.0013235 1.0013235 1.0025796
 eigenvectors
 1  -0.4510066 -0.1231269  0.2326685  0.8457534  0.1095415
 2   0.8457534 -0.1975750 -0.0078435  0.4510066 -0.2054186
 3  -0.2848742 -0.4191810 -0.3627454 -0.0118708 -0.7819264
 4  -0.0118708  0.6608766 -0.6934597  0.2848742 -0.0325831
 5   0.0000000 -0.5773503 -0.5773503  0.0000000  0.5773503
 occupations
 0.994  0.001  0.001  0.000  0.002
 0.001  1.001  0.001  0.001 -0.001
 0.001  0.001  1.001 -0.001 -0.001
 0.000  0.001 -0.001  0.994  0.000
 0.002 -0.001 -0.001  0.000  1.001
nsum =  13.7305441
 exit write_ns

     total cpu time spent up to now is     50.76 secs

     total energy              =  -174.45455569 ryd
     estimated scf accuracy    <     0.00599716 ryd

     total magnetization       =     0.00 Bohr mag/cell
     absolute magnetization    =     7.30 Bohr mag/cell

     iteration #  5     ecut=    30.00 ryd     beta=0.30
     Davidson diagonalization (with overlap)
     ethr =  2.14E-05,  avg # of iterations =  2.3
 enter write_ns
U( 1) =  0.0000      U( 2) =  4.3000      U( 3) =  4.3000
alpha( 1) =  0.0000      alpha( 2) =  0.0000      alpha( 3) =  0.0000
atom  3   Tr[ns(na)]=   6.8574089
atom  3  spin  1
eigenvalues:  0.9937624 0.9937624 1.0015003 1.0015003 1.0028045
 eigenvectors
 1  -0.5114213 -0.1071181  0.2295434  0.8119704  0.1224254
 2   0.8119704 -0.2032093  0.0088377  0.5114213 -0.1943716
 3  -0.2810389 -0.4227465 -0.3599304 -0.0130225 -0.7826769
 4  -0.0130225  0.6596846 -0.6959515  0.2810389 -0.0362669
 5   0.0000000 -0.5773503 -0.5773503  0.0000000  0.5773503
 occupations
 0.994  0.001  0.001  0.000  0.002
 0.001  1.002  0.001  0.001 -0.001
 0.001  0.001  1.002 -0.001 -0.001
 0.000  0.001 -0.001  0.994  0.000
 0.002 -0.001 -0.001  0.000  1.002
atom  3  spin  2
eigenvalues:  0.2778345 0.2778345 0.3370564 0.4856769 0.4856769
 eigenvectors
 1   0.8402502  0.2233578  0.0124266  0.4339841  0.2357844
 2   0.4339841 -0.1433047  0.2650859 -0.8402502  0.1217812
 3   0.0000000  0.5773503  0.5773503  0.0000000 -0.5773503
 4   0.3150684 -0.2100605 -0.5384658 -0.0798081 -0.7485264
 5   0.0798081 -0.7430453  0.5534404  0.3150684 -0.1896049
 occupations
 0.300 -0.026 -0.026  0.000 -0.052
-0.026  0.421 -0.042 -0.045  0.042
-0.026 -0.042  0.421  0.045  0.042
 0.000 -0.045  0.045  0.300  0.000
-0.052  0.042  0.042  0.000  0.421
atom  4   Tr[ns(na)]=   6.8574089
atom  4  spin  1
eigenvalues:  0.2778345 0.2778345 0.3370564 0.4856769 0.4856769
 eigenvectors
 1   0.8307872  0.2263683  0.0067607  0.4518353  0.2331290
 2   0.4518353 -0.1385004  0.2652909 -0.8307872  0.1267905
 3   0.0000000  0.5773503  0.5773503  0.0000000 -0.5773503
 4   0.3152531 -0.2117879 -0.5371774 -0.0790753 -0.7489652
 5   0.0790753 -0.7425548  0.5546911  0.3152531 -0.1878637
 occupations
 0.300 -0.026 -0.026  0.000 -0.052
-0.026  0.421 -0.042 -0.045  0.042
-0.026 -0.042  0.421  0.045  0.042
 0.000 -0.045  0.045  0.300  0.000
-0.052  0.042  0.042  0.000  0.421
atom  4  spin  2
eigenvalues:  0.9937624 0.9937624 1.0015003 1.0015003 1.0028045
 eigenvectors
 1  -0.4096628 -0.1308655  0.2289316  0.8677695  0.0980662
 2  -0.8677695  0.1887923  0.0189367 -0.4096628  0.2077289
 3   0.2809114  0.4286196  0.3537022  0.0155312  0.7823219
 4  -0.0155312  0.6558838 -0.6991374  0.2809114 -0.0432536
 5   0.0000000 -0.5773503 -0.5773503  0.0000000  0.5773503
 occupations
 0.994  0.001  0.001  0.000  0.002
 0.001  1.002  0.001  0.001 -0.001
 0.001  0.001  1.002 -0.001 -0.001
 0.000  0.001 -0.001  0.994  0.000
 0.002 -0.001 -0.001  0.000  1.002
nsum =  13.7148178
 exit write_ns

     total cpu time spent up to now is     60.41 secs

     total energy              =  -174.45689774 ryd
     estimated scf accuracy    <     0.00472078 ryd

     total magnetization       =     0.00 Bohr mag/cell
     absolute magnetization    =     7.31 Bohr mag/cell

     iteration #  6     ecut=    30.00 ryd     beta=0.30
     Davidson diagonalization (with overlap)
     ethr =  1.69E-05,  avg # of iterations =  1.0
 enter write_ns
U( 1) =  0.0000      U( 2) =  4.3000      U( 3) =  4.3000
alpha( 1) =  0.0000      alpha( 2) =  0.0000      alpha( 3) =  0.0000
atom  3   Tr[ns(na)]=   6.8591761
atom  3  spin  1
eigenvalues:  0.9937425 0.9937425 1.0014862 1.0014862 1.0027970
 eigenvectors
 1   0.6212903  0.0770955 -0.2254152 -0.7316036 -0.1483197
 2   0.7316036 -0.2157760  0.0411213  0.6212903 -0.1746547
 3  -0.2802899 -0.4248819 -0.3578478 -0.0138590 -0.7827297
 4  -0.0138590  0.6585127 -0.6972149  0.2802899 -0.0387022
 5   0.0000000 -0.5773503 -0.5773503  0.0000000  0.5773503
 occupations
 0.994  0.001  0.001  0.000  0.002
 0.001  1.002  0.001  0.001 -0.001
 0.001  0.001  1.002 -0.001 -0.001
 0.000  0.001 -0.001  0.994  0.000
 0.002 -0.001 -0.001  0.000  1.002
atom  3  spin  2
eigenvalues:  0.2781109 0.2781109 0.3183478 0.4956760 0.4956760
 eigenvectors
 1   0.8252629  0.2276951  0.0034537  0.4622276  0.2311488
 2   0.4622276 -0.1354478  0.2649137 -0.8252629  0.1294659
 3   0.0000000  0.5773503  0.5773503  0.0000000 -0.5773503
 4   0.3153559 -0.2178126 -0.5327906 -0.0764029 -0.7506032
 5   0.0764029 -0.7409677  0.5591151  0.3153559 -0.1818526
 occupations
 0.301 -0.027 -0.027  0.000 -0.055
-0.027  0.421 -0.051 -0.047  0.051
-0.027 -0.051  0.421  0.047  0.051
 0.000 -0.047  0.047  0.301  0.000
-0.055  0.051  0.051  0.000  0.421
atom  4   Tr[ns(na)]=   6.8591761
atom  4  spin  1
eigenvalues:  0.2781109 0.2781109 0.3183478 0.4956760 0.4956760
 eigenvectors
 1   0.8275207  0.2270279  0.0047533  0.4581732  0.2317812
 2   0.4581732 -0.1365633  0.2648935 -0.8275207  0.1283303
 3   0.0000000  0.5773503  0.5773503  0.0000000 -0.5773503
 4   0.3143336 -0.2081392 -0.5400307 -0.0805056 -0.7481699
 5   0.0805056 -0.7437429  0.5521253  0.3143336 -0.1916176
 occupations
 0.301 -0.027 -0.027  0.000 -0.055
-0.027  0.421 -0.051 -0.047  0.051
-0.027 -0.051  0.421  0.047  0.051
 0.000 -0.047  0.047  0.301  0.000
-0.055  0.051  0.051  0.000  0.421
atom  4  spin  2
eigenvalues:  0.9937425 0.9937425 1.0014862 1.0014862 1.0027970
 eigenvectors
 1   0.0089272 -0.1994940  0.1973628  0.9597738 -0.0021312
 2   0.9597738 -0.1127171 -0.1164084 -0.0089272 -0.2291254
 3   0.2799018  0.4397611  0.3418849  0.0202354  0.7816460
 4   0.0202354 -0.6486708  0.7051797 -0.2799018  0.0565089
 5   0.0000000 -0.5773503 -0.5773503  0.0000000  0.5773503
 occupations
 0.994  0.001  0.001  0.000  0.002
 0.001  1.002  0.001  0.001 -0.001
 0.001  0.001  1.002 -0.001 -0.001
 0.000  0.001 -0.001  0.994  0.000
 0.002 -0.001 -0.001  0.000  1.002
nsum =  13.7183522
 exit write_ns

     total cpu time spent up to now is     69.69 secs

     total energy              =  -174.45788620 ryd
     estimated scf accuracy    <     0.00558921 ryd

     total magnetization       =     0.00 Bohr mag/cell
     absolute magnetization    =     7.31 Bohr mag/cell

     iteration #  7     ecut=    30.00 ryd     beta=0.30
     Davidson diagonalization (with overlap)
     ethr =  1.69E-05,  avg # of iterations =  1.5
 enter write_ns
U( 1) =  0.0000      U( 2) =  4.3000      U( 3) =  4.3000
alpha( 1) =  0.0000      alpha( 2) =  0.0000      alpha( 3) =  0.0000
atom  3   Tr[ns(na)]=   6.8430283
atom  3  spin  1
eigenvalues:  0.9938403 0.9938403 1.0014146 1.0014146 1.0029958
 eigenvectors
 1   0.6270455  0.0785997 -0.2373662 -0.7204766 -0.1587665
 2  -0.7204766  0.2287073 -0.0462843 -0.6270455  0.1824230
 3   0.2953577  0.4393761  0.3382974  0.0221641  0.7776735
 4   0.0221641 -0.6443061  0.7026639 -0.2953577  0.0583579
 5   0.0000000 -0.5773503 -0.5773503  0.0000000  0.5773503
 occupations
 0.995  0.001  0.001  0.000  0.002
 0.001  1.001  0.001  0.002 -0.001
 0.001  0.001  1.001 -0.002 -0.001
 0.000  0.002 -0.002  0.995  0.000
 0.002 -0.001 -0.001  0.000  1.001
atom  3  spin  2
eigenvalues:  0.2716438 0.2716438 0.3425320 0.3425320 0.6211712
 eigenvectors
 1  -0.7826606 -0.3457112 -0.0878938 -0.2686772 -0.4336050
 2   0.2686772 -0.3010875  0.4499385 -0.7826606  0.1488510
 3  -0.5235357  0.1035570  0.5264338  0.2028922  0.6299909
 4  -0.2028922  0.6676621 -0.4235141 -0.5235357  0.2441480
 5   0.0000000 -0.5773503 -0.5773503  0.0000000  0.5773503
 occupations
 0.294 -0.013 -0.013  0.000 -0.027
-0.013  0.421  0.100 -0.023 -0.100
-0.013  0.100  0.421  0.023 -0.100
 0.000 -0.023  0.023  0.294  0.000
-0.027 -0.100 -0.100  0.000  0.421
atom  4   Tr[ns(na)]=   6.8430281
atom  4  spin  1
eigenvalues:  0.2716438 0.2716438 0.3425319 0.3425319 0.6211712
 eigenvectors
 1  -0.7856285 -0.3423083 -0.0929412 -0.2598707 -0.4352495
 2   0.2598707 -0.3049511  0.4489232 -0.7856285  0.1439721
 3  -0.5246006  0.1070832  0.5241887  0.2001233  0.6312719
 4  -0.2001233  0.6671055 -0.4262895 -0.5246006  0.2408160
 5   0.0000000 -0.5773503 -0.5773503  0.0000000  0.5773503
 occupations
 0.294 -0.013 -0.013  0.000 -0.027
-0.013  0.421  0.100 -0.023 -0.100
-0.013  0.100  0.421  0.023 -0.100
 0.000 -0.023  0.023  0.294  0.000
-0.027 -0.100 -0.100  0.000  0.421
atom  4  spin  2
eigenvalues:  0.9938403 0.9938403 1.0014146 1.0014146 1.0029958
 eigenvectors
 1  -0.4060203 -0.1381697  0.2409731  0.8645346  0.1028034
 2   0.8645346 -0.1984795 -0.0204187  0.4060203 -0.2188982
 3  -0.2957630 -0.4255444 -0.3531962 -0.0158642 -0.7787406
 4  -0.0158642  0.6535240 -0.6952943  0.2957630 -0.0417703
 5   0.0000000 -0.5773503 -0.5773503  0.0000000  0.5773503
 occupations
 0.995  0.001  0.001  0.000  0.002
 0.001  1.001  0.001  0.002 -0.001
 0.001  0.001  1.001 -0.002 -0.001
 0.000  0.002 -0.002  0.995  0.000
 0.002 -0.001 -0.001  0.000  1.001
nsum =  13.6860564
 exit write_ns

     total cpu time spent up to now is     79.01 secs

     total energy              =  -174.46401256 ryd
     estimated scf accuracy    <     0.01364157 ryd

     total magnetization       =     0.00 Bohr mag/cell
     absolute magnetization    =     7.34 Bohr mag/cell

     iteration #  8     ecut=    30.00 ryd     beta=0.30
     Davidson diagonalization (with overlap)
     ethr =  1.69E-05,  avg # of iterations =  1.0
 enter write_ns
U( 1) =  0.0000      U( 2) =  4.3000      U( 3) =  4.3000
alpha( 1) =  0.0000      alpha( 2) =  0.0000      alpha( 3) =  0.0000
atom  3   Tr[ns(na)]=   6.8620458
atom  3  spin  1
eigenvalues:  0.9937988 0.9937988 1.0015345 1.0015345 1.0028726
 eigenvectors
 1  -0.4535335 -0.1200493  0.2275849  0.8464849  0.1075355
 2   0.8464849 -0.1934819 -0.0072248  0.4535335 -0.2007067
 3  -0.2782810 -0.4354726 -0.3469649 -0.0181742 -0.7824375
 4  -0.0181742  0.6520608 -0.7031607  0.2782810 -0.0510999
 5   0.0000000 -0.5773503 -0.5773503  0.0000000  0.5773503
 occupations
 0.994  0.001  0.001  0.000  0.002
 0.001  1.002  0.001  0.001 -0.001
 0.001  0.001  1.002 -0.001 -0.001
 0.000  0.001 -0.001  0.994  0.000
 0.002 -0.001 -0.001  0.000  1.002
atom  3  spin  2
eigenvalues:  0.2766468 0.2766468 0.3236466 0.4957832 0.4957832
 eigenvectors
 1   0.8301634  0.2336132  0.0088573  0.4442783  0.2424705
 2   0.4442783 -0.1451042  0.2748670 -0.8301634  0.1297628
 3   0.0000000  0.5773503  0.5773503  0.0000000 -0.5773503
 4   0.3244436 -0.1914726 -0.5490745 -0.0904535 -0.7405471
 5   0.0904535 -0.7445633  0.5381018  0.3244436 -0.2064615
 occupations
 0.302 -0.028 -0.028  0.000 -0.057
-0.028  0.422 -0.049 -0.049  0.049
-0.028 -0.049  0.422  0.049  0.049
 0.000 -0.049  0.049  0.302  0.000
-0.057  0.049  0.049  0.000  0.422
atom  4   Tr[ns(na)]=   6.8620468
atom  4  spin  1
eigenvalues:  0.2766468 0.2766468 0.3236466 0.4957837 0.4957837
 eigenvectors
 1   0.8111033  0.2394074 -0.0025041  0.4781904  0.2369033
 2   0.4781904 -0.1353305  0.2749981 -0.8111033  0.1396676
 3   0.0000000  0.5773503  0.5773503  0.0000000 -0.5773503
 4   0.3270774 -0.2143325 -0.5322268 -0.0804097 -0.7465593
 5   0.0804097 -0.7383075  0.5547712  0.3270774 -0.1835364
 occupations
 0.302 -0.028 -0.028  0.000 -0.057
-0.028  0.422 -0.049 -0.049  0.049
-0.028 -0.049  0.422  0.049  0.049
 0.000 -0.049  0.049  0.302  0.000
-0.057  0.049  0.049  0.000  0.422
atom  4  spin  2
eigenvalues:  0.9937988 0.9937988 1.0015345 1.0015345 1.0028726
 eigenvectors
 1  -0.5094654 -0.1067579  0.2275553  0.8140481  0.1207974
 2   0.8140481 -0.2011215  0.0081057  0.5094654 -0.1930158
 3   0.2783470  0.4330365  0.3495861  0.0171357  0.7826227
 4   0.0171357 -0.6536811  0.7018612 -0.2783470  0.0481801
 5   0.0000000 -0.5773503 -0.5773503  0.0000000  0.5773503
 occupations
 0.994  0.001  0.001  0.000  0.002
 0.001  1.002  0.001  0.001 -0.001
 0.001  0.001  1.002 -0.001 -0.001
 0.000  0.001 -0.001  0.994  0.000
 0.002 -0.001 -0.001  0.000  1.002
nsum =  13.7240926
 exit write_ns

     total cpu time spent up to now is     88.29 secs

     total energy              =  -174.45792680 ryd
     estimated scf accuracy    <     0.00464198 ryd

     total magnetization       =     0.00 Bohr mag/cell
     absolute magnetization    =     7.30 Bohr mag/cell

     iteration #  9     ecut=    30.00 ryd     beta=0.30
     Davidson diagonalization (with overlap)
     ethr =  1.66E-05,  avg # of iterations =  1.0
 enter write_ns
U( 1) =  0.0000      U( 2) =  4.3000      U( 3) =  4.3000
alpha( 1) =  0.0000      alpha( 2) =  0.0000      alpha( 3) =  0.0000
atom  3   Tr[ns(na)]=   6.8513869
atom  3  spin  1
eigenvalues:  0.9938240 0.9938240 1.0015025 1.0015025 1.0027654
 eigenvectors
 1  -0.6731942 -0.0623125  0.2281793  0.6806975  0.1658668
 2  -0.6806975  0.2275027 -0.0597871 -0.6731942  0.1677156
 3  -0.2885438 -0.4237461 -0.3569847 -0.0142454 -0.7807309
 4  -0.0142454  0.6568604 -0.6954051  0.2885438 -0.0385447
 5   0.0000000 -0.5773503 -0.5773503  0.0000000  0.5773503
 occupations
 0.994  0.001  0.001  0.000  0.002
 0.001  1.001  0.001  0.002 -0.001
 0.001  0.001  1.001 -0.002 -0.001
 0.000  0.002 -0.002  0.994  0.000
 0.002 -0.001 -0.001  0.000  1.001
atom  3  spin  2
eigenvalues:  0.2730688 0.2730688 0.4124706 0.4124706 0.4868897
 eigenvectors
 1  -0.8417387 -0.2657349 -0.0423616 -0.3523394 -0.3080964
 2  -0.3523394  0.2023370 -0.3313017  0.8417387 -0.1289646
 3   0.3929775 -0.1787149 -0.5370444 -0.1135854 -0.7157593
 4  -0.1135854  0.7233066 -0.5164249 -0.3929775  0.2068817
 5   0.0000000 -0.5773503 -0.5773503  0.0000000  0.5773503
 occupations
 0.296 -0.021 -0.021  0.000 -0.042
-0.021  0.422  0.033 -0.037 -0.033
-0.021  0.033  0.422  0.037 -0.033
 0.000 -0.037  0.037  0.296  0.000
-0.042 -0.033 -0.033  0.000  0.422
atom  4   Tr[ns(na)]=   6.8513717
atom  4  spin  1
eigenvalues:  0.2730681 0.2730681 0.4124652 0.4124652 0.4868867
 eigenvectors
 1  -0.8215302 -0.2762548 -0.0244507 -0.3971772 -0.3007055
 2   0.3971772 -0.1877290  0.3331081 -0.8215302  0.1453791
 3   0.3909925 -0.1663711 -0.5457591 -0.1202630 -0.7121302
 4  -0.1202630  0.7262427 -0.5072029 -0.3909925  0.2190398
 5   0.0000000  0.5773503  0.5773503  0.0000000 -0.5773503
 occupations
 0.296 -0.021 -0.021  0.000 -0.042
-0.021  0.422  0.033 -0.037 -0.033
-0.021  0.033  0.422  0.037 -0.033
 0.000 -0.037  0.037  0.296  0.000
-0.042 -0.033 -0.033  0.000  0.422
atom  4  spin  2
eigenvalues:  0.9938240 0.9938240 1.0015025 1.0015025 1.0027654
 eigenvectors
 1  -0.4856973 -0.1162031  0.2358724  0.8250082  0.1196693
 2   0.8250082 -0.2052721  0.0020012  0.4856973 -0.2032709
 3   0.2884627  0.4272312  0.3532841  0.0157786  0.7805153
 4  -0.0157786  0.6545994 -0.6972928  0.2884627 -0.0426933
 5   0.0000000 -0.5773503 -0.5773503  0.0000000  0.5773503
 occupations
 0.994  0.001  0.001  0.000  0.002
 0.001  1.001  0.001  0.002 -0.001
 0.001  0.001  1.001 -0.002 -0.001
 0.000  0.002 -0.002  0.994  0.000
 0.002 -0.001 -0.001  0.000  1.001
nsum =  13.7027586
 exit write_ns

     total cpu time spent up to now is     97.55 secs

     total energy              =  -174.45394006 ryd
     estimated scf accuracy    <     0.00092261 ryd

     total magnetization       =     0.00 Bohr mag/cell
     absolute magnetization    =     7.32 Bohr mag/cell

     iteration # 10     ecut=    30.00 ryd     beta=0.30
     Davidson diagonalization (with overlap)
     ethr =  3.30E-06,  avg # of iterations =  1.0
 enter write_ns
U( 1) =  0.0000      U( 2) =  4.3000      U( 3) =  4.3000
alpha( 1) =  0.0000      alpha( 2) =  0.0000      alpha( 3) =  0.0000
atom  3   Tr[ns(na)]=   6.8609537
atom  3  spin  1
eigenvalues:  0.9937641 0.9937641 1.0015142 1.0015142 1.0027779
 eigenvectors
 1  -0.4779753 -0.1160759  0.2314180  0.8313891  0.1153421
 2  -0.8313891  0.2002020  0.0004237 -0.4779753  0.2006257
 3   0.2831016  0.4236148  0.3584970  0.0136086  0.7821117
 4  -0.0136086  0.6585307 -0.6961265  0.2831016 -0.0375958
 5   0.0000000 -0.5773503 -0.5773503  0.0000000  0.5773503
 occupations
 0.994  0.001  0.001  0.000  0.002
 0.001  1.002  0.001  0.001 -0.001
 0.001  0.001  1.002 -0.001 -0.001
 0.000  0.001 -0.001  0.994  0.000
 0.002 -0.001 -0.001  0.000  1.002
atom  3  spin  2
eigenvalues:  0.2741523 0.2741523 0.4140023 0.4526562 0.4526562
 eigenvectors
 1   0.7927625  0.2725710 -0.0050615  0.4750217  0.2675096
 2   0.4750217 -0.1515245  0.3118157 -0.7927625  0.1602912
 3   0.0000000 -0.5773503 -0.5773503  0.0000000  0.5773503
 4   0.3688452 -0.1946756 -0.5340378 -0.0991723 -0.7287133
 5  -0.0991723  0.7290497 -0.5331188 -0.3688452  0.1959309
 occupations
 0.300 -0.026 -0.026  0.000 -0.051
-0.026  0.422 -0.004 -0.045  0.004
-0.026 -0.004  0.422  0.045  0.004
 0.000 -0.045  0.045  0.300  0.000
-0.051  0.004  0.004  0.000  0.422
atom  4   Tr[ns(na)]=   6.8611768
atom  4  spin  1
eigenvalues:  0.2741599 0.2741599 0.4140409 0.4527407 0.4527407
 eigenvectors
 1   0.8297909  0.2588762  0.0210719  0.4069585  0.2799481
 2  -0.4069585  0.1737940 -0.3110903  0.8297909 -0.1372964
 3   0.0000000 -0.5773503 -0.5773503  0.0000000  0.5773503
 4   0.3697776 -0.2021346 -0.5285677 -0.0953748 -0.7307023
 5   0.0953748 -0.7270399  0.5385737  0.3697776 -0.1884662
 occupations
 0.300 -0.026 -0.026  0.000 -0.051
-0.026  0.422 -0.004 -0.045  0.004
-0.026 -0.004  0.422  0.045  0.004
 0.000 -0.045  0.045  0.300  0.000
-0.051  0.004  0.004  0.000  0.422
atom  4  spin  2
eigenvalues:  0.9937643 0.9937643 1.0015140 1.0015140 1.0027779
 eigenvectors
 1  -0.4793994 -0.1157398  0.2314340  0.8305623  0.1156942
 2   0.8305623 -0.2004146 -0.0000263  0.4793994 -0.2004409
 3  -0.2830243 -0.4279669 -0.3538739 -0.0154854 -0.7818408
 4  -0.0154854  0.6557052 -0.6984828  0.2830243 -0.0427776
 5   0.0000000 -0.5773503 -0.5773503  0.0000000  0.5773503
 occupations
 0.994  0.001  0.001  0.000  0.002
 0.001  1.002  0.001  0.001 -0.001
 0.001  0.001  1.002 -0.001 -0.001
 0.000  0.001 -0.001  0.994  0.000
 0.002 -0.001 -0.001  0.000  1.002
nsum =  13.7221305
 exit write_ns

     total cpu time spent up to now is    106.64 secs

     total energy              =  -174.45370356 ryd
     estimated scf accuracy    <     0.00042621 ryd

     total magnetization       =     0.00 Bohr mag/cell
     absolute magnetization    =     7.31 Bohr mag/cell

     iteration # 11     ecut=    30.00 ryd     beta=0.30
     Davidson diagonalization (with overlap)
     ethr =  1.52E-06,  avg # of iterations =  1.1
 enter write_ns
U( 1) =  0.0000      U( 2) =  4.3000      U( 3) =  4.3000
alpha( 1) =  0.0000      alpha( 2) =  0.0000      alpha( 3) =  0.0000
atom  3   Tr[ns(na)]=   6.8560740
atom  3  spin  1
eigenvalues:  0.9937728 0.9937728 1.0014940 1.0014940 1.0027338
 eigenvectors
 1  -0.5405738 -0.1017863  0.2346227  0.7903962  0.1328364
 2   0.7903962 -0.2121526  0.0179268  0.5405738 -0.1942258
 3  -0.2875937 -0.4336703 -0.3465658 -0.0185367 -0.7802361
 4  -0.0185367  0.6505594 -0.7008492  0.2875937 -0.0502898
 5   0.0000000 -0.5773503 -0.5773503  0.0000000  0.5773503
 occupations
 0.994  0.001  0.001  0.000  0.002
 0.001  1.001  0.001  0.002 -0.001
 0.001  0.001  1.001 -0.002 -0.001
 0.000  0.002 -0.002  0.994  0.000
 0.002 -0.001 -0.001  0.000  1.001
atom  3  spin  2
eigenvalues:  0.2718865 0.2718865 0.4146558 0.4146558 0.4897220
 eigenvectors
 1  -0.8237384 -0.2841497 -0.0351683 -0.3708277 -0.3193181
 2   0.3708277 -0.2046628  0.3484123 -0.8237384  0.1437495
 3   0.4075103 -0.1512767 -0.5495541 -0.1337059 -0.7008308
 4  -0.1337059  0.7219100 -0.4919645 -0.4075103  0.2299456
 5   0.0000000  0.5773503  0.5773503  0.0000000 -0.5773503
 occupations
 0.298 -0.023 -0.023  0.000 -0.045
-0.023  0.422  0.034 -0.039 -0.034
-0.023  0.034  0.422  0.039 -0.034
 0.000 -0.039  0.039  0.298  0.000
-0.045 -0.034 -0.034  0.000  0.422
atom  4   Tr[ns(na)]=   6.8541020
atom  4  spin  1
eigenvalues:  0.2718015 0.2718015 0.4139351 0.4139351 0.4893661
 eigenvectors
 1  -0.8115915 -0.2909062 -0.0245190 -0.3957254 -0.3154252
 2   0.3957254 -0.1962669  0.3500656 -0.8115915  0.1537987
 3   0.4077893 -0.1480854 -0.5514113 -0.1357518 -0.6994967
 4  -0.1357518  0.7222121 -0.4893518 -0.4077893  0.2328603
 5   0.0000000  0.5773503  0.5773503  0.0000000 -0.5773503
 occupations
 0.298 -0.023 -0.023  0.000 -0.045
-0.023  0.422  0.034 -0.039 -0.034
-0.023  0.034  0.422  0.039 -0.034
 0.000 -0.039  0.039  0.298  0.000
-0.045 -0.034 -0.034  0.000  0.422
atom  4  spin  2
eigenvalues:  0.9937699 0.9937699 1.0014946 1.0014946 1.0027337
 eigenvectors
 1  -0.5579992 -0.0969993  0.2340299  0.7782549  0.1370305
 2   0.7782549 -0.2142318  0.0231120  0.5579992 -0.1911198
