
     Program PWSCF     v.3.2    starts ...
     Today is  8Nov2006 at  5:21:31 

     Ultrasoft (Vanderbilt) Pseudopotentials

     Current dimensions of program pwscf are:

     ntypx = 10   npk = 40000  lmax =  3
     nchix =  6  ndmx =  2000  nbrx = 14  nqfx =  8
  HUBBARD L FOR TYPE Fe IS            2
  HUBBARD L FOR TYPE Fe IS            2
  MAXIMUM HUBBARD L IS            2


     bravais-lattice index     =            0
     lattice parameter (a_0)   =       8.1900  a.u.
     unit-cell volume          =     274.6766 (a.u.)^3
     number of atoms/cell      =            4
     number of atomic types    =            3
     kinetic-energy cutoff     =      30.0000  Ry
     charge density cutoff     =     240.0000  Ry
     convergence threshold     =      1.0E-06
     beta                      =       0.3000
     number of iterations used =            8  plain     mixing
     Exchange-correlation      =  SLA  PZ   NOGX NOGC (1100)
     celldm(1)=   8.190000  celldm(2)=   0.000000  celldm(3)=   0.000000
     celldm(4)=   0.000000  celldm(5)=   0.000000  celldm(6)=   0.000000

     crystal axes: (cart. coord. in units of a_0)
               a(1) = (  0.500000  0.500000  1.000000 )  
               a(2) = (  0.500000  1.000000  0.500000 )  
               a(3) = (  1.000000  0.500000  0.500000 )  

     reciprocal axes: (cart. coord. in units 2 pi/a_0)
               b(1) = ( -0.500000 -0.500000  1.500000 )  
               b(2) = ( -0.500000  1.500000 -0.500000 )  
               b(3) = (  1.500000 -0.500000 -0.500000 )  


     PSEUDO 1 is O  (US)    zval =  6.0   lmax= 2   lloc= 0
     Version   0  0  0 of US pseudo code
     Using log mesh of  1269 points
     The pseudopotential has  4 beta functions with: 
                l(1) =   0
                l(2) =   0
                l(3) =   1
                l(4) =   1
     Q(r) pseudized with  0 coefficients,  rinner =    0.000   0.000   0.000
                                                       0.000   0.000

     PSEUDO 2 is Fe (US)    zval =  8.0   lmax= 2   lloc= 0
     Version   0  0  0 of US pseudo code
     Using log mesh of   957 points
     The pseudopotential has  6 beta functions with: 
                l(1) =   0
                l(2) =   0
                l(3) =   1
                l(4) =   1
                l(5) =   2
                l(6) =   2
     Q(r) pseudized with  0 coefficients,  rinner =    0.000   0.000   0.000
                                                       0.000   0.000

     PSEUDO 3 is Fe (US)    zval =  8.0   lmax= 2   lloc= 0
     Version   0  0  0 of US pseudo code
     Using log mesh of   957 points
     The pseudopotential has  6 beta functions with: 
                l(1) =   0
                l(2) =   0
                l(3) =   1
                l(4) =   1
                l(5) =   2
                l(6) =   2
     Q(r) pseudized with  0 coefficients,  rinner =    0.000   0.000   0.000
                                                       0.000   0.000

     atomic species   valence    mass     pseudopotential
        O1             6.00     1.00000     O ( 1.00)
        Fe1            8.00     1.00000     Fe( 1.00)
        Fe2            8.00     1.00000     Fe( 1.00)

     Starting magnetic structure 
     atomic species   magnetization
        O1           0.000
        Fe1          0.500
        Fe2         -0.500

     12 Sym.Ops. (with inversion)


   Cartesian axes

     site n.     atom                  positions (a_0 units)
         1           O1  tau(  1) = (   0.5000000   0.5000000   0.5000000  )
         2           O1  tau(  2) = (   1.5000000   1.5000000   1.5000000  )
         3           Fe1 tau(  3) = (   0.0000000   0.0000000   0.0000000  )
         4           Fe2 tau(  4) = (   1.0000000   1.0000000   1.0000000  )

     number of k points=    8  gaussian broad. (Ry)=  0.0100     ngauss =   0
                       cart. coord. in units 2pi/a_0
        k(    1) = (   0.0000000   0.0000000   0.0000000), wk =   0.1250000
        k(    2) = (  -0.7500000   0.2500000   0.2500000), wk =   0.3750000
        k(    3) = (  -0.5000000  -0.5000000   0.5000000), wk =   0.3750000
        k(    4) = (  -0.2500000  -0.2500000  -0.2500000), wk =   0.1250000
        k(    5) = (   0.0000000   0.0000000   0.0000000), wk =   0.1250000
        k(    6) = (  -0.7500000   0.2500000   0.2500000), wk =   0.3750000
        k(    7) = (  -0.5000000  -0.5000000   0.5000000), wk =   0.3750000
        k(    8) = (  -0.2500000  -0.2500000  -0.2500000), wk =   0.1250000

     G cutoff =  407.7738  (  17255 G-vectors)     FFT grid: ( 50, 50, 50)
     G cutoff =  203.8869  (   6111 G-vectors)  smooth grid: ( 36, 36, 36)

     nbndx  =    80  nbnd   =    20  natomwfc =    20  npwx   =     780
     nelec  =  28.00  nkb   =    52  ngl    =     342

     Check: negative/imaginary core charge=   -0.000003    0.000000

     Initial potential from superposition of free atoms

     starting charge   27.99905, renormalised to   28.00000

     Parameters of the lda+U calculation:
     Number of iteration with fixed ns =  0
     Starting ns and Hubbard U :
 enter write_ns
U( 1) =  0.0000      U( 2) =  4.3000      U( 3) =  4.3000
alpha( 1) =  0.0000      alpha( 2) =  0.0000      alpha( 3) =  0.0000
atom  3   Tr[ns(na)]=   6.0000000
atom  3  spin  1
eigenvalues:  1.0000000 1.0000000 1.0000000 1.0000000 1.0000000
 eigenvectors
 1   1.0000000  0.0000000  0.0000000  0.0000000  0.0000000
 2   0.0000000  1.0000000  0.0000000  0.0000000  0.0000000
 3   0.0000000  0.0000000  1.0000000  0.0000000  0.0000000
 4   0.0000000  0.0000000  0.0000000  1.0000000  0.0000000
 5   0.0000000  0.0000000  0.0000000  0.0000000  1.0000000
 occupations
 1.000  0.000  0.000  0.000  0.000
 0.000  1.000  0.000  0.000  0.000
 0.000  0.000  1.000  0.000  0.000
 0.000  0.000  0.000  1.000  0.000
 0.000  0.000  0.000  0.000  1.000
atom  3  spin  2
eigenvalues:  0.2000000 0.2000000 0.2000000 0.2000000 0.2000000
 eigenvectors
 1   1.0000000  0.0000000  0.0000000  0.0000000  0.0000000
 2   0.0000000  1.0000000  0.0000000  0.0000000  0.0000000
 3   0.0000000  0.0000000  1.0000000  0.0000000  0.0000000
 4   0.0000000  0.0000000  0.0000000  1.0000000  0.0000000
 5   0.0000000  0.0000000  0.0000000  0.0000000  1.0000000
 occupations
 0.200  0.000  0.000  0.000  0.000
 0.000  0.200  0.000  0.000  0.000
 0.000  0.000  0.200  0.000  0.000
 0.000  0.000  0.000  0.200  0.000
 0.000  0.000  0.000  0.000  0.200
atom  4   Tr[ns(na)]=   6.0000000
atom  4  spin  1
eigenvalues:  0.2000000 0.2000000 0.2000000 0.2000000 0.2000000
 eigenvectors
 1   1.0000000  0.0000000  0.0000000  0.0000000  0.0000000
 2   0.0000000  1.0000000  0.0000000  0.0000000  0.0000000
 3   0.0000000  0.0000000  1.0000000  0.0000000  0.0000000
 4   0.0000000  0.0000000  0.0000000  1.0000000  0.0000000
 5   0.0000000  0.0000000  0.0000000  0.0000000  1.0000000
 occupations
 0.200  0.000  0.000  0.000  0.000
 0.000  0.200  0.000  0.000  0.000
 0.000  0.000  0.200  0.000  0.000
 0.000  0.000  0.000  0.200  0.000
 0.000  0.000  0.000  0.000  0.200
atom  4  spin  2
eigenvalues:  1.0000000 1.0000000 1.0000000 1.0000000 1.0000000
 eigenvectors
 1   1.0000000  0.0000000  0.0000000  0.0000000  0.0000000
 2   0.0000000  1.0000000  0.0000000  0.0000000  0.0000000
 3   0.0000000  0.0000000  1.0000000  0.0000000  0.0000000
 4   0.0000000  0.0000000  0.0000000  1.0000000  0.0000000
 5   0.0000000  0.0000000  0.0000000  0.0000000  1.0000000
 occupations
 1.000  0.000  0.000  0.000  0.000
 0.000  1.000  0.000  0.000  0.000
 0.000  0.000  1.000  0.000  0.000
 0.000  0.000  0.000  1.000  0.000
 0.000  0.000  0.000  0.000  1.000
nsum =  12.0000000
 exit write_ns
 LDA+U Projector read from file 
     Starting wfc are atomic

     total cpu time spent up to now is      7.80 secs

     Self-consistent Calculation

     iteration #  1     ecut=    30.00 Ry     beta=0.30
     Davidson diagonalization with overlap
     ethr =  1.00E-02,  avg # of iterations =  3.1
 enter write_ns
U( 1) =  0.0000      U( 2) =  4.3000      U( 3) =  4.3000
alpha( 1) =  0.0000      alpha( 2) =  0.0000      alpha( 3) =  0.0000
atom  3   Tr[ns(na)]=   5.7760884
atom  3  spin  1
eigenvalues:  0.9907406 0.9907406 0.9912458 0.9955847 0.9955847
 eigenvectors
 1   0.2217565 -0.2313831 -0.5430429 -0.0515248 -0.7744259
 2   0.0515248 -0.7606410  0.5807041  0.2217565 -0.1799369
 3   0.0000000  0.5773503  0.5773503  0.0000000 -0.5773503
 4   0.8110581  0.1664994 -0.0116687  0.5388451  0.1548307
 5   0.5388451 -0.0826547  0.1855200 -0.8110581  0.1028654
 occupations
 0.995  0.000  0.000  0.000  0.001
 0.000  0.991  0.000  0.001  0.000
 0.000  0.000  0.991 -0.001  0.000
 0.000  0.001 -0.001  0.995  0.000
 0.001  0.000  0.000  0.000  0.991
atom  3  spin  2
eigenvalues:  0.0511290 0.0511290 0.2194885 0.2452228 0.2452228
 eigenvectors
 1   0.5938555  0.0438420 -0.0175998  0.8027547  0.0262422
 2  -0.8027547  0.0049897 -0.0404631  0.5938555 -0.0354734
 3   0.0000000 -0.5773503 -0.5773503  0.0000000  0.5773503
 4  -0.0535367  0.3075261  0.5001563  0.0073718  0.8076824
 5  -0.0073718  0.7550810 -0.6438659 -0.0535367  0.1112151
 occupations
 0.052 -0.004 -0.004  0.000 -0.009
-0.004  0.236 -0.008 -0.007  0.008
-0.004 -0.008  0.236  0.007  0.008
 0.000 -0.007  0.007  0.052  0.000
-0.009  0.008  0.008  0.000  0.236
atom  4   Tr[ns(na)]=   6.0819606
atom  4  spin  1
eigenvalues:  0.1596416 0.1596416 0.2422496 0.2568331 0.2568331
 eigenvectors
 1   0.8118346  0.0838013 -0.0083777  0.5728377  0.0754236
 2  -0.5728377  0.0387090 -0.0919286  0.8118346 -0.0532196
 3   0.0000000 -0.5773503 -0.5773503  0.0000000  0.5773503
 4  -0.1114314  0.2811398  0.5184669  0.0190949  0.7996067
 5  -0.0190949  0.7609902 -0.6239693 -0.1114314  0.1370208
 occupations
 0.161 -0.004 -0.004  0.000 -0.009
-0.004  0.251 -0.004 -0.008  0.004
-0.004 -0.004  0.251  0.008  0.004
 0.000 -0.008  0.008  0.161  0.000
-0.009  0.004  0.004  0.000  0.251
atom  4  spin  2
eigenvalues:  0.9977251 0.9977251 1.0036930 1.0038092 1.0038092
 eigenvectors
 1  -0.5480613 -0.1025945  0.5338872  0.4669629  0.4312927
 2  -0.4669629  0.5572468 -0.1897740 -0.5480613  0.3674729
 3   0.0000000 -0.5773503 -0.5773503  0.0000000  0.5773503
 4  -0.6787228 -0.3935829 -0.1814045 -0.1446021 -0.5749874
 5   0.1446021 -0.4367030  0.5592043 -0.6787228  0.1225012
 occupations
 1.001  0.001  0.001  0.000  0.002
 0.001  1.002  0.001  0.002 -0.001
 0.001  0.001  1.002 -0.002 -0.001
 0.000  0.002 -0.002  1.001  0.000
 0.002 -0.001 -0.001  0.000  1.002
nsum =  11.8580490
 exit write_ns
 Modify starting ns matrices according to input values 
 enter write_ns
U( 1) =  0.0000      U( 2) =  4.3000      U( 3) =  4.3000
alpha( 1) =  0.0000      alpha( 2) =  0.0000      alpha( 3) =  0.0000
atom  3   Tr[ns(na)]=   6.5565999
atom  3  spin  1
eigenvalues:  0.9907406 0.9907406 0.9912458 0.9955847 0.9955847
 eigenvectors
 1   0.2223719 -0.2406975 -0.5358777 -0.0488004 -0.7765752
 2   0.0488004 -0.7577451  0.5873226  0.2223719 -0.1704224
 3   0.0000000  0.5773503  0.5773503  0.0000000 -0.5773503
 4   0.8492162  0.1598255  0.0022896  0.4764463  0.1621151
 5   0.4764463 -0.0949191  0.1858725 -0.8492162  0.0909534
 occupations
 0.995  0.000  0.000  0.000  0.001
 0.000  0.991  0.000  0.001  0.000
 0.000  0.000  0.991 -0.001  0.000
 0.000  0.001 -0.001  0.995  0.000
 0.001  0.000  0.000  0.000  0.991
atom  3  spin  2
eigenvalues:  0.0511290 0.0511290 0.2452228 0.2452228 1.0000000
 eigenvectors
 1  -0.3469268 -0.0434981  0.0281676 -0.9363340 -0.0153306
 2   0.9363340  0.0074115  0.0339648 -0.3469268  0.0413762
 3  -0.0536303  0.3175691  0.4915247  0.0066572  0.8090938
 4  -0.0066572  0.7509125 -0.6504791 -0.0536303  0.1004334
 5   0.0000000 -0.5773503 -0.5773503  0.0000000  0.5773503
 occupations
 0.052 -0.004 -0.004  0.000 -0.009
-0.004  0.496  0.252 -0.007 -0.252
-0.004  0.252  0.496  0.007 -0.252
 0.000 -0.007  0.007  0.052  0.000
-0.009 -0.252 -0.252  0.000  0.496
atom  4   Tr[ns(na)]=   6.8397109
atom  4  spin  1
eigenvalues:  0.1596416 0.1596416 0.2568331 0.2568331 1.0000000
 eigenvectors
 1  -0.7395768 -0.0877400  0.0190295 -0.6635093 -0.0687105
 2   0.6635093 -0.0286833  0.0903268 -0.7395768  0.0616434
 3  -0.1112195  0.2729363  0.5251500  0.0202927  0.7980863
 4  -0.0202927  0.7639708 -0.6183552 -0.1112195  0.1456156
 5   0.0000000 -0.5773503 -0.5773503  0.0000000  0.5773503
 occupations
 0.161 -0.004 -0.004  0.000 -0.009
-0.004  0.504  0.248 -0.008 -0.248
-0.004  0.248  0.504  0.008 -0.248
 0.000 -0.008  0.008  0.161  0.000
-0.009 -0.248 -0.248  0.000  0.504
atom  4  spin  2
eigenvalues:  0.9977251 0.9977251 1.0036930 1.0038092 1.0038092
 eigenvectors
 1  -0.5678345 -0.0782837  0.5251367  0.4427070  0.4468530
 2  -0.4427070  0.5611785 -0.2127936 -0.5678345  0.3483849
 3   0.0000000 -0.5773503 -0.5773503  0.0000000  0.5773503
 4  -0.6783980 -0.3945579 -0.1801543 -0.1461186 -0.5747121
 5   0.1461186 -0.4358223  0.5596083 -0.6783980  0.1237859
 occupations
 1.001  0.001  0.001  0.000  0.002
 0.001  1.002  0.001  0.002 -0.001
 0.001  0.001  1.002 -0.002 -0.001
 0.000  0.002 -0.002  1.001  0.000
 0.002 -0.001 -0.001  0.000  1.002
nsum =  13.3963108
 exit write_ns

     total cpu time spent up to now is     15.82 secs

     total energy              =  -173.96257527 Ry
     Harris-Foulkes estimate   =  -176.61370820 Ry
     estimated scf accuracy    <     2.49081644 Ry

     total magnetization       =    -0.12 Bohr mag/cell
     absolute magnetization    =     8.49 Bohr mag/cell

     iteration #  2     ecut=    30.00 Ry     beta=0.30
     Davidson diagonalization with overlap
     ethr =  8.90E-03,  avg # of iterations =  2.1
 enter write_ns
U( 1) =  0.0000      U( 2) =  4.3000      U( 3) =  4.3000
alpha( 1) =  0.0000      alpha( 2) =  0.0000      alpha( 3) =  0.0000
atom  3   Tr[ns(na)]=   6.1303197
atom  3  spin  1
eigenvalues:  0.9893299 0.9893299 0.9973105 0.9979753 0.9979753
 eigenvectors
 1  -0.5272742 -0.0548887  0.0258656 -0.8470288 -0.0290231
 2  -0.8470288  0.0018230 -0.0484465  0.5272742 -0.0466235
 3   0.0000000 -0.5773503 -0.5773503  0.0000000  0.5773503
 4  -0.0665964  0.3043081  0.5022811  0.0094372  0.8065892
 5  -0.0094372  0.7556766 -0.6413768 -0.0665964  0.1142998
 occupations
 0.989  0.000  0.000  0.000  0.000
 0.000  0.998  0.000  0.000  0.000
 0.000  0.000  0.998  0.000  0.000
 0.000  0.000  0.000  0.989  0.000
 0.000  0.000  0.000  0.000  0.998
atom  3  spin  2
eigenvalues:  0.0789671 0.0789671 0.1123335 0.1123335 0.7757977
 eigenvectors
 1  -0.7452637 -0.3789087 -0.0973592 -0.2543623 -0.4762680
 2   0.2543623 -0.3311838  0.4937365 -0.7452637  0.1625527
 3   0.5038988  0.0578141 -0.5834810 -0.3549195 -0.5256669
 4   0.3549195 -0.6403668  0.2701150  0.5038988 -0.3702518
 5   0.0000000 -0.5773503 -0.5773503  0.0000000  0.5773503
 occupations
 0.092 -0.007 -0.007  0.000 -0.013
-0.007  0.325  0.225 -0.011 -0.225
-0.007  0.225  0.325  0.011 -0.225
 0.000 -0.011  0.011  0.092  0.000
-0.013 -0.225 -0.225  0.000  0.325
atom  4   Tr[ns(na)]=   6.9247311
atom  4  spin  1
eigenvalues:  0.2115760 0.2115760 0.3226698 0.3226698 0.8592777
 eigenvectors
 1  -0.1621121 -0.3749379 -0.4301114  0.0064145 -0.8050493
 2  -0.0064145 -0.7131203  0.6812659 -0.1621121 -0.0318545
 3   0.0827053  0.1087652 -0.1198680 -0.9832794 -0.0111029
 4   0.9832794 -0.0756161 -0.0563853  0.0827053 -0.1320014
 5   0.0000000 -0.5773503 -0.5773503  0.0000000  0.5773503
 occupations
 0.320 -0.007 -0.007  0.000 -0.015
-0.007  0.429  0.215 -0.013 -0.215
-0.007  0.215  0.429  0.013 -0.215
 0.000 -0.013  0.013  0.320  0.000
-0.015 -0.215 -0.215  0.000  0.429
atom  4  spin  2
eigenvalues:  0.9953972 0.9953972 1.0017291 1.0017291 1.0027094
 eigenvectors
 1  -0.3963864 -0.1869854  0.3309883  0.8231793  0.1440029
 2  -0.8231793  0.2742363  0.0248159 -0.3963864  0.2990522
 3   0.4052200  0.4233130  0.3203000  0.0324097  0.7436130
 4   0.0324097 -0.6142505  0.6737251 -0.4052200  0.0594746
 5   0.0000000  0.5773503  0.5773503  0.0000000 -0.5773503
 occupations
 0.996  0.001  0.001  0.000  0.002
 0.001  1.001  0.001  0.002 -0.001
 0.001  0.001  1.001 -0.002 -0.001
 0.000  0.002 -0.002  0.996  0.000
 0.002 -0.001 -0.001  0.000  1.001
nsum =  13.0550508
 exit write_ns

     total cpu time spent up to now is     23.80 secs

     total energy              =  -174.54207968 Ry
     Harris-Foulkes estimate   =  -176.20806727 Ry
     estimated scf accuracy    <     0.24355872 Ry

     total magnetization       =     0.08 Bohr mag/cell
     absolute magnetization    =     7.23 Bohr mag/cell

     iteration #  3     ecut=    30.00 Ry     beta=0.30
     Davidson diagonalization with overlap
     ethr =  8.70E-04,  avg # of iterations =  1.5
 enter write_ns
U( 1) =  0.0000      U( 2) =  4.3000      U( 3) =  4.3000
alpha( 1) =  0.0000      alpha( 2) =  0.0000      alpha( 3) =  0.0000
atom  3   Tr[ns(na)]=   6.1465814
atom  3  spin  1
eigenvalues:  0.9943881 0.9943881 0.9978374 0.9986763 0.9986763
 eigenvectors
 1  -0.5936687 -0.0583417  0.0233896 -0.8014892 -0.0349522
 2  -0.8014892  0.0066757 -0.0538633  0.5936687 -0.0471876
 3   0.0000000 -0.5773503 -0.5773503  0.0000000  0.5773503
 4  -0.0710614  0.2936773  0.5109828  0.0110798  0.8046600
 5  -0.0110798  0.7595867 -0.6341254 -0.0710614  0.1254614
 occupations
 0.994  0.000  0.000  0.000  0.000
 0.000  0.998  0.000  0.000  0.000
 0.000  0.000  0.998  0.000  0.000
 0.000  0.000  0.000  0.994  0.000
 0.000  0.000  0.000  0.000  0.998
atom  3  spin  2
eigenvalues:  0.0673983 0.0673983 0.0826381 0.0826381 0.8625425
 eigenvectors
 1   0.6950780  0.3693516  0.2015365  0.1179649  0.5708882
 2  -0.1179649  0.4459596 -0.5428477  0.6950780 -0.0968881
 3   0.4588113  0.1939324 -0.5663458 -0.5407800 -0.3724134
 4   0.5407800 -0.5419929  0.1030461  0.4588113 -0.4389468
 5   0.0000000 -0.5773503 -0.5773503  0.0000000  0.5773503
 occupations
 0.075 -0.003 -0.003  0.000 -0.006
-0.003  0.337  0.263 -0.005 -0.263
-0.003  0.263  0.337  0.005 -0.263
 0.000 -0.005  0.005  0.075  0.000
-0.006 -0.263 -0.263  0.000  0.337
atom  4   Tr[ns(na)]=   6.7708460
atom  4  spin  1
eigenvalues:  0.1665929 0.1665929 0.2740205 0.2740205 0.8896214
 eigenvectors
 1   0.0694350  0.3708078  0.4426560 -0.0035408  0.8134639
 2  -0.0035408 -0.7252212  0.6837396 -0.0694350 -0.0414816
 3  -0.0647205  0.0508996 -0.0472167 -0.9954785  0.0036829
 4  -0.9954785  0.0251343  0.0315133  0.0647205  0.0566475
 5   0.0000000 -0.5773503 -0.5773503  0.0000000  0.5773503
 occupations
 0.274 -0.003 -0.003  0.000 -0.006
-0.003  0.408  0.241 -0.005 -0.241
-0.003  0.241  0.408  0.005 -0.241
 0.000 -0.005  0.005  0.274  0.000
-0.006 -0.241 -0.241  0.000  0.408
atom  4  spin  2
eigenvalues:  0.9961440 0.9961440 1.0022615 1.0022615 1.0031869
 eigenvectors
 1  -0.4260691 -0.1829770  0.3456410  0.7994106  0.1626640
 2  -0.7994106  0.2934700  0.0117277 -0.4260691  0.3051977
 3   0.4218007  0.4266912  0.3098628  0.0386270  0.7365540
 4   0.0386270 -0.6041490  0.6716000 -0.4218007  0.0674509
 5   0.0000000  0.5773503  0.5773503  0.0000000 -0.5773503
 occupations
 0.997  0.001  0.001  0.000  0.002
 0.001  1.002  0.001  0.002 -0.001
 0.001  0.001  1.002 -0.002 -0.001
 0.000  0.002 -0.002  0.997  0.000
 0.002 -0.001 -0.001  0.000  1.002
nsum =  12.9174274
 exit write_ns

     total cpu time spent up to now is     31.36 secs

     total energy              =  -174.57337068 Ry
     Harris-Foulkes estimate   =  -176.24564011 Ry
     estimated scf accuracy    <     0.11099080 Ry

     total magnetization       =     0.00 Bohr mag/cell
     absolute magnetization    =     7.38 Bohr mag/cell

     iteration #  4     ecut=    30.00 Ry     beta=0.30
     Davidson diagonalization with overlap
     ethr =  3.96E-04,  avg # of iterations =  1.5
 enter write_ns
U( 1) =  0.0000      U( 2) =  4.3000      U( 3) =  4.3000
alpha( 1) =  0.0000      alpha( 2) =  0.0000      alpha( 3) =  0.0000
atom  3   Tr[ns(na)]=   6.1225330
atom  3  spin  1
eigenvalues:  0.9936074 0.9936074 0.9966741 0.9985865 0.9985865
 eigenvectors
 1  -0.4477104 -0.0295540  0.0162905 -0.8934432 -0.0132635
 2  -0.8934432 -0.0017477 -0.0247207  0.4477104 -0.0264684
 3   0.0000000 -0.5773503 -0.5773503  0.0000000  0.5773503
 4  -0.0360064  0.3218136  0.4884541  0.0042753  0.8102677
 5  -0.0042753  0.7498174 -0.6536075 -0.0360064  0.0962100
 occupations
 0.994  0.000  0.000  0.000  0.000
 0.000  0.998 -0.001  0.000  0.001
 0.000 -0.001  0.998  0.000  0.001
 0.000  0.000  0.000  0.994  0.000
 0.000  0.001  0.001  0.000  0.998
atom  3  spin  2
eigenvalues:  0.0380640 0.0380640 0.0619508 0.0619508 0.9414415
 eigenvectors
 1   0.0394319 -0.2781151 -0.5251615 -0.0070017 -0.8032767
 2   0.0070017 -0.7669742  0.6243419  0.0394319 -0.1426323
 3   0.5048875  0.0326990 -0.0161761  0.8622556  0.0165229
 4  -0.8622556  0.0002002 -0.0284183  0.5048875 -0.0282181
 5   0.0000000 -0.5773503 -0.5773503  0.0000000  0.5773503
 occupations
 0.062  0.000  0.000  0.000  0.001
 0.000  0.339  0.301  0.001 -0.301
 0.000  0.301  0.339 -0.001 -0.301
 0.000  0.001 -0.001  0.062  0.000
 0.001 -0.301 -0.301  0.000  0.339
atom  4   Tr[ns(na)]=   6.7702671
atom  4  spin  1
eigenvalues:  0.1282350 0.1282350 0.2783859 0.2783859 0.9572287
 eigenvectors
 1   0.0286245 -0.3030430 -0.5047601 -0.0041268 -0.8078031
 2   0.0041268 -0.7578087  0.6413473  0.0286245 -0.1164614
 3   0.5650260  0.0235432 -0.0101954  0.8245661  0.0133478
 4   0.8245661 -0.0018200  0.0212990 -0.5650260  0.0194790
 5   0.0000000 -0.5773503 -0.5773503  0.0000000  0.5773503
 occupations
 0.278  0.002  0.002  0.000  0.004
 0.002  0.405  0.276  0.003 -0.276
 0.002  0.276  0.405 -0.003 -0.276
 0.000  0.003 -0.003  0.278  0.000
 0.004 -0.276 -0.276  0.000  0.405
atom  4  spin  2
eigenvalues:  0.9964725 0.9964725 1.0019784 1.0019784 1.0028952
 eigenvectors
 1  -0.4319577 -0.1890856  0.3659675  0.7825853  0.1768819
 2  -0.7825853  0.3134142  0.0070458 -0.4319577  0.3204601
 3  -0.4460967 -0.4257198 -0.3005460 -0.0443901 -0.7262658
 4   0.0443901 -0.5928301  0.6650992 -0.4460967  0.0722691
 5   0.0000000 -0.5773503 -0.5773503  0.0000000  0.5773503
 occupations
 0.998  0.001  0.001  0.000  0.002
 0.001  1.002  0.001  0.002 -0.001
 0.001  0.001  1.002 -0.002 -0.001
 0.000  0.002 -0.002  0.998  0.000
 0.002 -0.001 -0.001  0.000  1.002
nsum =  12.8928001
 exit write_ns

     total cpu time spent up to now is     38.17 secs

     total energy              =  -174.59594202 Ry
     Harris-Foulkes estimate   =  -176.36952393 Ry
     estimated scf accuracy    <     0.03252263 Ry

     total magnetization       =     0.00 Bohr mag/cell
     absolute magnetization    =     7.37 Bohr mag/cell

     iteration #  5     ecut=    30.00 Ry     beta=0.30
     Davidson diagonalization with overlap
     ethr =  1.16E-04,  avg # of iterations =  2.0
 enter write_ns
U( 1) =  0.0000      U( 2) =  4.3000      U( 3) =  4.3000
alpha( 1) =  0.0000      alpha( 2) =  0.0000      alpha( 3) =  0.0000
atom  3   Tr[ns(na)]=   6.1254194
atom  3  spin  1
eigenvalues:  0.9944318 0.9944318 0.9952395 0.9987147 0.9987147
 eigenvectors
 1  -0.5289492 -0.0292106  0.0137407 -0.8478982 -0.0154699
 2  -0.8478982  0.0009983 -0.0257963  0.5289492 -0.0247980
 3   0.0000000 -0.5773503 -0.5773503  0.0000000  0.5773503
 4  -0.0355150  0.3163428  0.4932154  0.0044798  0.8095582
 5  -0.0044798  0.7521567 -0.6500392 -0.0355150  0.1021175
 occupations
 0.994  0.000  0.000  0.000  0.000
 0.000  0.998 -0.001  0.000  0.001
 0.000 -0.001  0.998  0.000  0.001
 0.000  0.000  0.000  0.994  0.000
 0.000  0.001  0.001  0.000  0.998
atom  3  spin  2
eigenvalues:  0.0246705 0.0246705 0.0615662 0.0615662 0.9714137
 eigenvectors
 1   0.1391106 -0.5107096 -0.2872805  0.0224875 -0.7979901
 2   0.0224875  0.6265813 -0.7555781 -0.1391106 -0.1289968
 3   0.5137459  0.1150300 -0.0553237  0.8462906  0.0597063
 4   0.8462906 -0.0025303  0.1008840 -0.5137459  0.0983538
 5   0.0000000 -0.5773503 -0.5773503  0.0000000  0.5773503
 occupations
 0.061  0.002  0.002  0.000  0.004
 0.002  0.341  0.315  0.004 -0.315
 0.002  0.315  0.341 -0.004 -0.315
 0.000  0.004 -0.004  0.061  0.000
 0.004 -0.315 -0.315  0.000  0.341
atom  4   Tr[ns(na)]=   6.7484338
atom  4  spin  1
eigenvalues:  0.1096799 0.1096799 0.2758117 0.2758117 0.9781494
 eigenvectors
 1  -0.0627267  0.2059440  0.5797245  0.0172294  0.7856685
 2  -0.0172294  0.7883100 -0.5725078 -0.0627267  0.2158022
 3   0.4575740  0.0530538 -0.0286991  0.8867889  0.0243547
 4   0.8867889  0.0025082  0.0446918 -0.4575740  0.0472000
 5   0.0000000 -0.5773503 -0.5773503  0.0000000  0.5773503
 occupations
 0.275  0.004  0.004  0.000  0.009
 0.004  0.400  0.289  0.008 -0.289
 0.004  0.289  0.400 -0.008 -0.289
 0.000  0.008 -0.008  0.275  0.000
 0.009 -0.289 -0.289  0.000  0.400
atom  4  spin  2
eigenvalues:  0.9967661 0.9967661 1.0018344 1.0019674 1.0019674
 eigenvectors
 1   0.3935131  0.2051381 -0.3675939 -0.8009673 -0.1624558
 2   0.8009673 -0.3060243 -0.0246426  0.3935131 -0.3306669
 3   0.0000000 -0.5773503 -0.5773503  0.0000000  0.5773503
 4  -0.4490074 -0.4249442 -0.3001363 -0.0446220 -0.7250806
 5   0.0446220 -0.5919093  0.6639671 -0.4490074  0.0720579
 occupations
 0.998  0.001  0.001  0.000  0.002
 0.001  1.001  0.000  0.001  0.000
 0.001  0.000  1.001 -0.001  0.000
 0.000  0.001 -0.001  0.998  0.000
 0.002  0.000  0.000  0.000  1.001
nsum =  12.8738532
 exit write_ns

     total cpu time spent up to now is     45.92 secs

     total energy              =  -174.60032951 Ry
     Harris-Foulkes estimate   =  -176.49536717 Ry
     estimated scf accuracy    <     0.00254445 Ry

     total magnetization       =     0.00 Bohr mag/cell
     absolute magnetization    =     7.37 Bohr mag/cell

     iteration #  6     ecut=    30.00 Ry     beta=0.30
     Davidson diagonalization with overlap
     ethr =  9.09E-06,  avg # of iterations =  2.5
 enter write_ns
U( 1) =  0.0000      U( 2) =  4.3000      U( 3) =  4.3000
alpha( 1) =  0.0000      alpha( 2) =  0.0000      alpha( 3) =  0.0000
atom  3   Tr[ns(na)]=   6.1289839
atom  3  spin  1
eigenvalues:  0.9942921 0.9942921 0.9957116 0.9986986 0.9986986
 eigenvectors
 1  -0.4990637 -0.0359934  0.0180129 -0.8654433 -0.0179805
 2  -0.8654433 -0.0000187 -0.0311618  0.4990637 -0.0311805
 3   0.0000000 -0.5773503 -0.5773503  0.0000000  0.5773503
 4  -0.0437616  0.3197763  0.4899855  0.0053108  0.8097617
 5  -0.0053108  0.7504094 -0.6521391 -0.0437616  0.0982703
 occupations
 0.994  0.000  0.000  0.000  0.000
 0.000  0.998 -0.001  0.000  0.001
 0.000 -0.001  0.998  0.000  0.001
 0.000  0.000  0.000  0.994  0.000
 0.000  0.001  0.001  0.000  0.998
atom  3  spin  2
eigenvalues:  0.0248111 0.0248111 0.0631473 0.0631473 0.9713741
 eigenvectors
 1   0.1325563 -0.3809707 -0.4278596 -0.0044366 -0.8088304
 2   0.0044366 -0.7140033  0.6869320  0.1325563 -0.0270713
 3   0.6345043  0.1067110 -0.0373866  0.7614548  0.0693244
 4  -0.7614548  0.0184393 -0.1016341  0.6345043 -0.0831948
 5   0.0000000 -0.5773503 -0.5773503  0.0000000  0.5773503
 occupations
 0.062  0.002  0.002  0.000  0.004
 0.002  0.341  0.315  0.004 -0.315
 0.002  0.315  0.341 -0.004 -0.315
 0.000  0.004 -0.004  0.062  0.000
 0.004 -0.315 -0.315  0.000  0.341
atom  4   Tr[ns(na)]=   6.7516888
atom  4  spin  1
eigenvalues:  0.1091802 0.1091802 0.2775747 0.2775747 0.9787152
 eigenvectors
 1  -0.0620851  0.2476805  0.5484482  0.0135417  0.7961287
 2  -0.0135417  0.7762919 -0.6026436 -0.0620851  0.1736483
 3   0.4268943  0.0517115 -0.0295176  0.9020661  0.0221939
 4   0.9020661  0.0042284  0.0426693 -0.4268943  0.0468977
 5   0.0000000 -0.5773503 -0.5773503  0.0000000  0.5773503
 occupations
 0.277  0.004  0.004  0.000  0.009
 0.004  0.399  0.290  0.008 -0.290
 0.004  0.290  0.399 -0.008 -0.290
 0.000  0.008 -0.008  0.277  0.000
 0.009 -0.290 -0.290  0.000  0.399
atom  4  spin  2
eigenvalues:  0.9967335 0.9967335 1.0019374 1.0019374 1.0021221
 eigenvectors
 1  -0.4200995 -0.1938255  0.3658971  0.7889606  0.1720716
 2  -0.7889606  0.3105963  0.0125597 -0.4200995  0.3231560
 3  -0.4462406 -0.4250301 -0.3012779 -0.0438976 -0.7263080
 4  -0.0438976  0.5932770 -0.6647254  0.4462406 -0.0714483
 5   0.0000000  0.5773503  0.5773503  0.0000000 -0.5773503
 occupations
 0.998  0.001  0.001  0.000  0.002
 0.001  1.001  0.000  0.001  0.000
 0.001  0.000  1.001 -0.001  0.000
 0.000  0.001 -0.001  0.998  0.000
 0.002  0.000  0.000  0.000  1.001
nsum =  12.8806727
 exit write_ns

     total cpu time spent up to now is     53.93 secs

     total energy              =  -174.60073272 Ry
     Harris-Foulkes estimate   =  -176.48172579 Ry
     estimated scf accuracy    <     0.00143151 Ry

     total magnetization       =     0.00 Bohr mag/cell
     absolute magnetization    =     7.36 Bohr mag/cell

     iteration #  7     ecut=    30.00 Ry     beta=0.30
     Davidson diagonalization with overlap
     ethr =  5.11E-06,  avg # of iterations =  1.5
 enter write_ns
U( 1) =  0.0000      U( 2) =  4.3000      U( 3) =  4.3000
alpha( 1) =  0.0000      alpha( 2) =  0.0000      alpha( 3) =  0.0000
atom  3   Tr[ns(na)]=   6.1263523
atom  3  spin  1
eigenvalues:  0.9942247 0.9942247 0.9955777 0.9987315 0.9987315
 eigenvectors
 1  -0.4365674 -0.0340678  0.0191439 -0.8986985 -0.0149239
 2  -0.8986985 -0.0024364 -0.0282854  0.4365674 -0.0307218
 3   0.0000000 -0.5773503 -0.5773503  0.0000000  0.5773503
 4  -0.0415046  0.3166293  0.4927879  0.0052151  0.8094172
 5  -0.0052151  0.7518284 -0.6501232 -0.0415046  0.1017052
 occupations
 0.994  0.000  0.000  0.000  0.000
 0.000  0.998 -0.001  0.000  0.001
 0.000 -0.001  0.998  0.000  0.001
 0.000  0.000  0.000  0.994  0.000
 0.000  0.001  0.001  0.000  0.998
atom  3  spin  2
eigenvalues:  0.0218489 0.0218489 0.0621011 0.0621011 0.9769623
 eigenvectors
 1  -0.1416149  0.3518669  0.4541943  0.0103794  0.8060612
 2   0.0103794 -0.7276089  0.6685301  0.1416149 -0.0590788
 3  -0.8664117 -0.0992969 -0.0021816 -0.4787153 -0.1014785
 4  -0.4787153  0.0598482 -0.1159177  0.8664117 -0.0560695
 5   0.0000000 -0.5773503 -0.5773503  0.0000000  0.5773503
 occupations
 0.061  0.002  0.002  0.000  0.005
 0.002  0.341  0.318  0.004 -0.318
 0.002  0.318  0.341 -0.004 -0.318
 0.000  0.004 -0.004  0.061  0.000
 0.005 -0.318 -0.318  0.000  0.341
atom  4   Tr[ns(na)]=   6.7446581
atom  4  spin  1
eigenvalues:  0.1021653 0.1021653 0.2780055 0.2780055 0.9846404
 eigenvectors
 1  -0.0723272  0.2221882  0.5672805  0.0182533  0.7894687
 2  -0.0182533  0.7833195 -0.5840804 -0.0723272  0.1992392
 3   0.4402190  0.0607724 -0.0338853  0.8947865  0.0268871
 4   0.8947865  0.0040404  0.0506102 -0.4402190  0.0546506
 5   0.0000000 -0.5773503 -0.5773503  0.0000000  0.5773503
 occupations
 0.277  0.005  0.005  0.000  0.011
 0.005  0.397  0.294  0.009 -0.294
 0.005  0.294  0.397 -0.009 -0.294
 0.000  0.009 -0.009  0.277  0.000
 0.011 -0.294 -0.294  0.000  0.397
atom  4  spin  2
eigenvalues:  0.9967984 0.9967984 1.0019926 1.0019926 1.0020943
 eigenvectors
 1  -0.4132532 -0.1971458  0.3672836  0.7915246  0.1701378
 2  -0.7915246  0.3102804  0.0155931 -0.4132532  0.3258735
 3  -0.4476885 -0.4295120 -0.2954247 -0.0478083 -0.7249366
 4  -0.0478083  0.5891059 -0.6665212  0.4476885 -0.0774153
 5   0.0000000  0.5773503  0.5773503  0.0000000 -0.5773503
 occupations
 0.998  0.001  0.001  0.000  0.002
 0.001  1.001  0.000  0.001  0.000
 0.001  0.000  1.001 -0.001  0.000
 0.000  0.001 -0.001  0.998  0.000
 0.002  0.000  0.000  0.000  1.001
nsum =  12.8710104
 exit write_ns

     total cpu time spent up to now is     61.52 secs

     total energy              =  -174.60097649 Ry
     Harris-Foulkes estimate   =  -176.51753853 Ry
     estimated scf accuracy    <     0.00017797 Ry

     total magnetization       =     0.00 Bohr mag/cell
     absolute magnetization    =     7.36 Bohr mag/cell

     iteration #  8     ecut=    30.00 Ry     beta=0.30
     Davidson diagonalization with overlap
     ethr =  6.36E-07,  avg # of iterations =  3.0
 enter write_ns
U( 1) =  0.0000      U( 2) =  4.3000      U( 3) =  4.3000
alpha( 1) =  0.0000      alpha( 2) =  0.0000      alpha( 3) =  0.0000
atom  3   Tr[ns(na)]=   6.1270483
atom  3  spin  1
eigenvalues:  0.9942437 0.9942437 0.9956371 0.9987280 0.9987280
 eigenvectors
 1   0.5955458  0.0344467 -0.0137770  0.8021980  0.0206697
 2  -0.8021980  0.0039795 -0.0318214  0.5955458 -0.0278419
 3   0.0000000 -0.5773503 -0.5773503  0.0000000  0.5773503
 4  -0.0421046  0.3120380  0.4967232  0.0055511  0.8087612
 5  -0.0055511  0.7537218 -0.6470937 -0.0421046  0.1066280
 occupations
 0.994  0.000  0.000  0.000  0.000
 0.000  0.998 -0.001  0.000  0.001
 0.000 -0.001  0.998  0.000  0.001
 0.000  0.000  0.000  0.994  0.000
 0.000  0.001  0.001  0.000  0.998
atom  3  spin  2
eigenvalues:  0.0226392 0.0226392 0.0623674 0.0623674 0.9754547
 eigenvectors
 1   0.1389758 -0.3712647 -0.4364157 -0.0064723 -0.8076804
 2  -0.0064723  0.7182792 -0.6806643 -0.1389758  0.0376149
 3  -0.8266877 -0.1015764  0.0067455 -0.5451892 -0.0948309
 4  -0.5451892  0.0508561 -0.1133958  0.8266877 -0.0625397
 5   0.0000000 -0.5773503 -0.5773503  0.0000000  0.5773503
 occupations
 0.062  0.002  0.002  0.000  0.004
 0.002  0.341  0.317  0.004 -0.317
 0.002  0.317  0.341 -0.004 -0.317
 0.000  0.004 -0.004  0.062  0.000
 0.004 -0.317 -0.317  0.000  0.341
atom  4   Tr[ns(na)]=   6.7457800
atom  4  spin  1
eigenvalues:  0.1036975 0.1036975 0.2777011 0.2777011 0.9833416
 eigenvectors
 1   0.0712660 -0.2996086 -0.5060014 -0.0105412 -0.8056099
 2   0.0105412 -0.7572591  0.6380982  0.0712660 -0.1191609
 3   0.4229278  0.0586056 -0.0336635  0.9032951  0.0249421
 4   0.9032951  0.0050353  0.0482363 -0.4229278  0.0532716
 5   0.0000000 -0.5773503 -0.5773503  0.0000000  0.5773503
 occupations
 0.277  0.005  0.005  0.000  0.010
 0.005  0.398  0.293  0.009 -0.293
 0.005  0.293  0.398 -0.009 -0.293
 0.000  0.009 -0.009  0.277  0.000
 0.010 -0.293 -0.293  0.000  0.398
atom  4  spin  2
eigenvalues:  0.9967760 0.9967760 1.0019844 1.0019844 1.0021203
 eigenvectors
 1  -0.4038736 -0.2006687  0.3667781  0.7965548  0.1661095
 2  -0.7965548  0.3076628  0.0199528 -0.4038736  0.3276156
 3  -0.4477045 -0.4247878 -0.3009025 -0.0441265 -0.7256904
 4  -0.0441265  0.5927037 -0.6642289  0.4477045 -0.0715252
 5   0.0000000  0.5773503  0.5773503  0.0000000 -0.5773503
 occupations
 0.998  0.001  0.001  0.000  0.002
 0.001  1.001  0.000  0.001  0.000
 0.001  0.000  1.001 -0.001  0.000
 0.000  0.001 -0.001  0.998  0.000
 0.002  0.000  0.000  0.000  1.001
nsum =  12.8728283
 exit write_ns

     total cpu time spent up to now is     69.83 secs

     total energy              =  -174.60101110 Ry
     Harris-Foulkes estimate   =  -176.50528601 Ry
     estimated scf accuracy    <     0.00002713 Ry

     total magnetization       =     0.00 Bohr mag/cell
     absolute magnetization    =     7.36 Bohr mag/cell

     iteration #  9     ecut=    30.00 Ry     beta=0.30
     Davidson diagonalization with overlap
     ethr =  9.69E-08,  avg # of iterations =  2.5
 enter write_ns
U( 1) =  0.0000      U( 2) =  4.3000      U( 3) =  4.3000
alpha( 1) =  0.0000      alpha( 2) =  0.0000      alpha( 3) =  0.0000
atom  3   Tr[ns(na)]=   6.1270354
atom  3  spin  1
eigenvalues:  0.9942354 0.9942354 0.9956178 0.9987310 0.9987310
 eigenvectors
 1  -0.4707380 -0.0344793  0.0182252 -0.8812608 -0.0162541
 2  -0.8812608 -0.0011381 -0.0292909  0.4707380 -0.0304290
 3   0.0000000 -0.5773503 -0.5773503  0.0000000  0.5773503
 4  -0.0418786  0.3106498  0.4979208  0.0056000  0.8085706
 5  -0.0056000  0.7543031 -0.6461822 -0.0418786  0.1081209
 occupations
 0.994  0.000  0.000  0.000  0.000
 0.000  0.998 -0.001  0.000  0.001
 0.000 -0.001  0.998  0.000  0.001
 0.000  0.000  0.000  0.994  0.000
 0.000  0.001  0.001  0.000  0.998
atom  3  spin  2
eigenvalues:  0.0224968 0.0224968 0.0623774 0.0623774 0.9757364
 eigenvectors
 1   0.1377637 -0.5323504 -0.2606945  0.0272456 -0.7930449
 2   0.0272456  0.6083767 -0.7652174 -0.1377637 -0.1568406
 3  -0.8328176 -0.1019257  0.0054771 -0.5354378 -0.0964486
 4  -0.5354378  0.0525224 -0.1145314  0.8328176 -0.0620090
 5   0.0000000 -0.5773503 -0.5773503  0.0000000  0.5773503
 occupations
 0.062  0.002  0.002  0.000  0.005
 0.002  0.341  0.317  0.004 -0.317
 0.002  0.317  0.341 -0.004 -0.317
 0.000  0.004 -0.004  0.062  0.000
 0.005 -0.317 -0.317  0.000  0.341
atom  4   Tr[ns(na)]=   6.7449487
atom  4  spin  1
eigenvalues:  0.1030372 0.1030372 0.2777310 0.2777310 0.9837917
 eigenvectors
 1   0.0722887 -0.2737894 -0.5272435 -0.0132056 -0.8010329
 2   0.0132056 -0.7668807  0.6205489  0.0722887 -0.1463318
 3   0.6940206  0.0581928 -0.0164385  0.7161951  0.0417543
 4  -0.7161951  0.0146161 -0.0577045  0.6940206 -0.0430884
 5   0.0000000 -0.5773503 -0.5773503  0.0000000  0.5773503
 occupations
 0.277  0.005  0.005  0.000  0.010
 0.005  0.397  0.293  0.009 -0.293
 0.005  0.293  0.397 -0.009 -0.293
 0.000  0.009 -0.009  0.277  0.000
 0.010 -0.293 -0.293  0.000  0.397
atom  4  spin  2
eigenvalues:  0.9967769 0.9967769 1.0019832 1.0019832 1.0021004
 eigenvectors
 1  -0.4081233 -0.1991972  0.3672867  0.7941047  0.1680895
 2  -0.7941047  0.3090996  0.0179601 -0.4081233  0.3270596
 3  -0.4482545 -0.4239099 -0.3016682 -0.0436013 -0.7255781
 4  -0.0436013  0.5930809 -0.6636572  0.4482545 -0.0705763
 5   0.0000000  0.5773503  0.5773503  0.0000000 -0.5773503
 occupations
 0.998  0.001  0.001  0.000  0.002
 0.001  1.001  0.000  0.001  0.000
 0.001  0.000  1.001 -0.001  0.000
 0.000  0.001 -0.001  0.998  0.000
 0.002  0.000  0.000  0.000  1.001
nsum =  12.8719841
 exit write_ns

     total cpu time spent up to now is     77.76 secs

     total energy              =  -174.60101754 Ry
     Harris-Foulkes estimate   =  -176.50707421 Ry
     estimated scf accuracy    <     0.00000421 Ry

     total magnetization       =     0.00 Bohr mag/cell
     absolute magnetization    =     7.36 Bohr mag/cell

     iteration # 10     ecut=    30.00 Ry     beta=0.30
     Davidson diagonalization with overlap
     ethr =  1.50E-08,  avg # of iterations =  3.2
 enter write_ns
U( 1) =  0.0000      U( 2) =  4.3000      U( 3) =  4.3000
alpha( 1) =  0.0000      alpha( 2) =  0.0000      alpha( 3) =  0.0000
atom  3   Tr[ns(na)]=   6.1268405
atom  3  spin  1
eigenvalues:  0.9942156 0.9942156 0.9955971 0.9987310 0.9987310
 eigenvectors
 1   0.5750391  0.0340681 -0.0143813  0.8170526  0.0196868
 2  -0.8170526  0.0030631 -0.0310354  0.5750391 -0.0279723
 3   0.0000000 -0.5773503 -0.5773503  0.0000000  0.5773503
 4  -0.0415211  0.3103346  0.4982023  0.0055701  0.8085369
 5  -0.0055701  0.7544462 -0.6459807 -0.0415211  0.1084655
 occupations
 0.994  0.000  0.000  0.000  0.000
 0.000  0.998 -0.001  0.000  0.001
 0.000 -0.001  0.998  0.000  0.001
 0.000  0.000  0.000  0.994  0.000
 0.000  0.001  0.001  0.000  0.998
atom  3  spin  2
eigenvalues:  0.0224274 0.0224274 0.0623220 0.0623220 0.9758516
 eigenvectors
 1   0.1408290 -0.4315977 -0.3761137  0.0055853 -0.8077115
 2   0.0055853  0.6834818 -0.7155155 -0.1408290 -0.0320337
 3   0.8028147  0.1049764 -0.0116595  0.5793311  0.0933168
 4   0.5793311 -0.0471449  0.1144846 -0.8028147  0.0673398
 5   0.0000000 -0.5773503 -0.5773503  0.0000000  0.5773503
 occupations
 0.062  0.002  0.002  0.000  0.005
 0.002  0.341  0.318  0.004 -0.318
 0.002  0.318  0.341 -0.004 -0.318
 0.000  0.004 -0.004  0.062  0.000
 0.005 -0.318 -0.318  0.000  0.341
atom  4   Tr[ns(na)]=   6.7448022
atom  4  spin  1
eigenvalues:  0.1027252 0.1027252 0.2778526 0.2778526 0.9840351
 eigenvectors
 1   0.0719298 -0.2154715 -0.5722754 -0.0188101 -0.7877469
 2   0.0188101 -0.7852092  0.5792084  0.0719298 -0.2060008
 3   0.4182193  0.0604551 -0.0349965  0.9052982  0.0254586
 4   0.9052982  0.0055067  0.0496024 -0.4182193  0.0551090
 5   0.0000000 -0.5773503 -0.5773503  0.0000000  0.5773503
 occupations
 0.277  0.005  0.005  0.000  0.011
 0.005  0.397  0.293  0.009 -0.293
 0.005  0.293  0.397 -0.009 -0.293
 0.000  0.009 -0.009  0.277  0.000
 0.011 -0.293 -0.293  0.000  0.397
atom  4  spin  2
eigenvalues:  0.9967765 0.9967765 1.0019826 1.0019826 1.0020932
 eigenvectors
 1  -0.4509860 -0.1820060  0.3678005  0.7705119  0.1857945
