
     Program PWSCF     v.2.1cvs starts ...
     Today is 26Jul2005 at 17:31:21 

     Ultrasoft (Vanderbilt) Pseudopotentials

     Current dimensions of program pwscf are:

     ntypx = 10   npk = 40000  lmax =  3
     nchix =  6  ndmx =  2000  nbrx = 14  nqfx =  8
  HUBBARD L FOR TYPE Fe IS  2
  HUBBARD L FOR TYPE Fe IS  2
  MAXIMUM HUBBARD L IS  2


     bravais-lattice index     =            0
     lattice parameter (a_0)   =       8.1900  a.u.
     unit-cell volume          =     274.6766 (a.u.)^3
     number of atoms/cell      =            4
     number of atomic types    =            3
     kinetic-energy cutoff     =      30.0000  Ry
     charge density cutoff     =     240.0000  Ry
     convergence threshold     =      1.0E-06
     beta                      =       0.3000
     number of iterations used =            8  plain     mixing
     Exchange-correlation      =  SLA  PZ   NOGX NOGC (1100)
     celldm(1)=   8.190000  celldm(2)=   0.000000  celldm(3)=   0.000000
     celldm(4)=   0.000000  celldm(5)=   0.000000  celldm(6)=   0.000000

     crystal axes: (cart. coord. in units of a_0)
               a(1) = (  0.500000  0.500000  1.000000 )  
               a(2) = (  0.500000  1.000000  0.500000 )  
               a(3) = (  1.000000  0.500000  0.500000 )  

     reciprocal axes: (cart. coord. in units 2 pi/a_0)
               b(1) = ( -0.500000 -0.500000  1.500000 )  
               b(2) = ( -0.500000  1.500000 -0.500000 )  
               b(3) = (  1.500000 -0.500000 -0.500000 )  


     PSEUDO 1 is O  (US)    zval =  6.0   lmax= 2   lloc= 0
     Version   0  0  0 of US pseudo code
     Using log mesh of  1269 points
     The pseudopotential has  4 beta functions with: 
                l(1) =   0
                l(2) =   0
                l(3) =   1
                l(4) =   1
     Q(r) pseudized with  0 coefficients,  rinner =    0.000   0.000   0.000
                                                       0.000   0.000

     PSEUDO 2 is Fe (US)    zval =  8.0   lmax= 2   lloc= 0
     Version   0  0  0 of US pseudo code
     Using log mesh of   957 points
     The pseudopotential has  6 beta functions with: 
                l(1) =   0
                l(2) =   0
                l(3) =   1
                l(4) =   1
                l(5) =   2
                l(6) =   2
     Q(r) pseudized with  0 coefficients,  rinner =    0.000   0.000   0.000
                                                       0.000   0.000

     PSEUDO 3 is Fe (US)    zval =  8.0   lmax= 2   lloc= 0
     Version   0  0  0 of US pseudo code
     Using log mesh of   957 points
     The pseudopotential has  6 beta functions with: 
                l(1) =   0
                l(2) =   0
                l(3) =   1
                l(4) =   1
                l(5) =   2
                l(6) =   2
     Q(r) pseudized with  0 coefficients,  rinner =    0.000   0.000   0.000
                                                       0.000   0.000

     atomic species   valence    mass     pseudopotential
        O1             6.00     1.00000     O ( 1.00)
        Fe1            8.00     1.00000     Fe( 1.00)
        Fe2            8.00     1.00000     Fe( 1.00)

     Starting magnetic structure 
     atomic species   magnetization
        O1           0.000
        Fe1          0.500
        Fe2         -0.500

     12 Sym.Ops. (with inversion)


   Cartesian axes

     site n.     atom                  positions (a_0 units)
         1           O1  tau(  1) = (   0.5000000   0.5000000   0.5000000  )
         2           O1  tau(  2) = (   1.5000000   1.5000000   1.5000000  )
         3           Fe1 tau(  3) = (   0.0000000   0.0000000   0.0000000  )
         4           Fe2 tau(  4) = (   1.0000000   1.0000000   1.0000000  )

     number of k points=    8  gaussian broad. (ryd)=  0.0100     ngauss =   0
                       cart. coord. in units 2pi/a_0
        k(    1) = (   0.0000000   0.0000000   0.0000000), wk =   0.1250000
        k(    2) = (  -0.7500000   0.2500000   0.2500000), wk =   0.3750000
        k(    3) = (  -0.5000000  -0.5000000   0.5000000), wk =   0.3750000
        k(    4) = (  -0.2500000  -0.2500000  -0.2500000), wk =   0.1250000
        k(    5) = (   0.0000000   0.0000000   0.0000000), wk =   0.1250000
        k(    6) = (  -0.7500000   0.2500000   0.2500000), wk =   0.3750000
        k(    7) = (  -0.5000000  -0.5000000   0.5000000), wk =   0.3750000
        k(    8) = (  -0.2500000  -0.2500000  -0.2500000), wk =   0.1250000

     G cutoff =  407.7738  (  17255 G-vectors)     FFT grid: ( 50, 50, 50)
     G cutoff =  203.8869  (   6111 G-vectors)  smooth grid: ( 36, 36, 36)

     nbndx  =    80  nbnd   =    20  natomwfc =    20  npwx   =     780
     nelec  =  28.00  nkb   =    52  ngl    =     342

     warning: negative or imaginary core charge    -0.000003    0.000000

     Initial potential from superposition of free atoms

     starting charge   27.99905, renormalised to   28.00000

     Parameters of the lda+U calculation:
     Number of iteration with fixed ns =  0
     Starting ns and Hubbard U :
 enter write_ns
U( 1) =  0.0000      U( 2) =  0.0000      U( 3) =  0.0000
alpha( 1) =  0.0000      alpha( 2) =  0.0000      alpha( 3) =  0.0000
atom  3   Tr[ns(na)]=   6.0000000
atom  3  spin  1
eigenvalues:  1.0000000 1.0000000 1.0000000 1.0000000 1.0000000
 eigenvectors
 1   1.0000000  0.0000000  0.0000000  0.0000000  0.0000000
 2   0.0000000  1.0000000  0.0000000  0.0000000  0.0000000
 3   0.0000000  0.0000000  1.0000000  0.0000000  0.0000000
 4   0.0000000  0.0000000  0.0000000  1.0000000  0.0000000
 5   0.0000000  0.0000000  0.0000000  0.0000000  1.0000000
 occupations
 1.000  0.000  0.000  0.000  0.000
 0.000  1.000  0.000  0.000  0.000
 0.000  0.000  1.000  0.000  0.000
 0.000  0.000  0.000  1.000  0.000
 0.000  0.000  0.000  0.000  1.000
atom  3  spin  2
eigenvalues:  0.2000000 0.2000000 0.2000000 0.2000000 0.2000000
 eigenvectors
 1   1.0000000  0.0000000  0.0000000  0.0000000  0.0000000
 2   0.0000000  1.0000000  0.0000000  0.0000000  0.0000000
 3   0.0000000  0.0000000  1.0000000  0.0000000  0.0000000
 4   0.0000000  0.0000000  0.0000000  1.0000000  0.0000000
 5   0.0000000  0.0000000  0.0000000  0.0000000  1.0000000
 occupations
 0.200  0.000  0.000  0.000  0.000
 0.000  0.200  0.000  0.000  0.000
 0.000  0.000  0.200  0.000  0.000
 0.000  0.000  0.000  0.200  0.000
 0.000  0.000  0.000  0.000  0.200
atom  4   Tr[ns(na)]=   6.0000000
atom  4  spin  1
eigenvalues:  0.2000000 0.2000000 0.2000000 0.2000000 0.2000000
 eigenvectors
 1   1.0000000  0.0000000  0.0000000  0.0000000  0.0000000
 2   0.0000000  1.0000000  0.0000000  0.0000000  0.0000000
 3   0.0000000  0.0000000  1.0000000  0.0000000  0.0000000
 4   0.0000000  0.0000000  0.0000000  1.0000000  0.0000000
 5   0.0000000  0.0000000  0.0000000  0.0000000  1.0000000
 occupations
 0.200  0.000  0.000  0.000  0.000
 0.000  0.200  0.000  0.000  0.000
 0.000  0.000  0.200  0.000  0.000
 0.000  0.000  0.000  0.200  0.000
 0.000  0.000  0.000  0.000  0.200
atom  4  spin  2
eigenvalues:  1.0000000 1.0000000 1.0000000 1.0000000 1.0000000
 eigenvectors
 1   1.0000000  0.0000000  0.0000000  0.0000000  0.0000000
 2   0.0000000  1.0000000  0.0000000  0.0000000  0.0000000
 3   0.0000000  0.0000000  1.0000000  0.0000000  0.0000000
 4   0.0000000  0.0000000  0.0000000  1.0000000  0.0000000
 5   0.0000000  0.0000000  0.0000000  0.0000000  1.0000000
 occupations
 1.000  0.000  0.000  0.000  0.000
 0.000  1.000  0.000  0.000  0.000
 0.000  0.000  1.000  0.000  0.000
 0.000  0.000  0.000  1.000  0.000
 0.000  0.000  0.000  0.000  1.000
nsum =  12.0000000
 exit write_ns
     Starting wfc are atomic
 Atomic wfc used for LDA+U Projector are NOT orthogonalized

     total cpu time spent up to now is     12.57 secs

     Self-consistent Calculation

     iteration #  1     ecut=    30.00 ryd     beta=0.30
     Davidson diagonalization (with overlap)
     ethr =  1.00E-02,  avg # of iterations =  3.3
 enter write_ns
U( 1) =  0.0000      U( 2) =  0.0000      U( 3) =  0.0000
alpha( 1) =  0.0000      alpha( 2) =  0.0000      alpha( 3) =  0.0000
atom  3   Tr[ns(na)]=   6.4251862
atom  3  spin  1
eigenvalues:  0.9871648 0.9871648 0.9966670 0.9966670 0.9980445
 eigenvectors
 1  -0.1410485 -0.1867227  0.2219012  0.9459188  0.0351785
 2  -0.9459188  0.1484250  0.0874941 -0.1410485  0.2359191
 3   0.2915515  0.4323899  0.3469283  0.0184591  0.7793181
 4   0.0184591 -0.6502387  0.6995799 -0.2915515  0.0493413
 5   0.0000000 -0.5773503 -0.5773503  0.0000000  0.5773503
 occupations
 0.988  0.001  0.001  0.000  0.002
 0.001  0.997  0.001  0.002 -0.001
 0.001  0.001  0.997 -0.002 -0.001
 0.000  0.002 -0.002  0.988  0.000
 0.002 -0.001 -0.001  0.000  0.997
atom  3  spin  2
eigenvalues:  0.2000722 0.2000722 0.3336994 0.3336994 0.3919349
 eigenvectors
 1  -0.8265305 -0.0525864  0.0041194 -0.5583153 -0.0484670
 2   0.5583153 -0.0256041  0.0583433 -0.8265305  0.0327391
 3  -0.0712420  0.3313391  0.4786092  0.0074788  0.8099483
 4   0.0074788 -0.7439490  0.6589226  0.0712420 -0.0850264
 5   0.0000000 -0.5773503 -0.5773503  0.0000000  0.5773503
 occupations
 0.201 -0.004 -0.004  0.000 -0.008
-0.004  0.353  0.020 -0.007 -0.020
-0.004  0.020  0.353  0.007 -0.020
 0.000 -0.007  0.007  0.201  0.000
-0.008 -0.020 -0.020  0.000  0.353
atom  4   Tr[ns(na)]=   6.4251862
atom  4  spin  1
eigenvalues:  0.2000722 0.2000722 0.3336994 0.3336994 0.3919349
 eigenvectors
 1  -0.8097705 -0.0533160  0.0058317 -0.5823577 -0.0474843
 2   0.5823577 -0.0240481  0.0581970 -0.8097705  0.0341490
 3  -0.0712880  0.3360523  0.4744191  0.0070267  0.8104714
 4   0.0070267 -0.7418319  0.6619458  0.0712880 -0.0798861
 5   0.0000000 -0.5773503 -0.5773503  0.0000000  0.5773503
 occupations
 0.201 -0.004 -0.004  0.000 -0.008
-0.004  0.353  0.020 -0.007 -0.020
-0.004  0.020  0.353  0.007 -0.020
 0.000 -0.007  0.007  0.201  0.000
-0.008 -0.020 -0.020  0.000  0.353
atom  4  spin  2
eigenvalues:  0.9871648 0.9871648 0.9966670 0.9966670 0.9980445
 eigenvectors
 1  -0.3086172 -0.1570343  0.2340057  0.9052140  0.0769714
 2  -0.9052140  0.1795427  0.0462243 -0.3086172  0.2257670
 3   0.2914473  0.4359034  0.3431363  0.0200371  0.7790396
 4   0.0200371 -0.6478886  0.7014477 -0.2914473  0.0535591
 5   0.0000000 -0.5773503 -0.5773503  0.0000000  0.5773503
 occupations
 0.988  0.001  0.001  0.000  0.002
 0.001  0.997  0.001  0.002 -0.001
 0.001  0.001  0.997 -0.002 -0.001
 0.000  0.002 -0.002  0.988  0.000
 0.002 -0.001 -0.001  0.000  0.997
nsum =  12.8503725
 exit write_ns

     total cpu time spent up to now is     22.60 secs

     total energy              =  -174.41116749 ryd
     estimated scf accuracy    <     1.83910576 ryd

     total magnetization       =     0.00 Bohr mag/cell
     absolute magnetization    =     7.80 Bohr mag/cell

     iteration #  2     ecut=    30.00 ryd     beta=0.30
     Davidson diagonalization (with overlap)
     ethr =  6.57E-03,  avg # of iterations =  2.0
 enter write_ns
U( 1) =  0.0000      U( 2) =  0.0000      U( 3) =  0.0000
alpha( 1) =  0.0000      alpha( 2) =  0.0000      alpha( 3) =  0.0000
atom  3   Tr[ns(na)]=   7.0723087
atom  3  spin  1
eigenvalues:  0.9820441 0.9820441 0.9993320 0.9993320 0.9994634
 eigenvectors
 1  -0.6454253  0.0856120 -0.0290970 -0.7563440  0.0565150
 2   0.7563440  0.0158298 -0.0820571 -0.6454253 -0.0662273
 3  -0.1066014 -0.3894715 -0.4221508  0.0024781 -0.8116223
 4  -0.0024781 -0.7123192  0.6934518 -0.1066014 -0.0188674
 5   0.0000000 -0.5773503 -0.5773503  0.0000000  0.5773503
 occupations
 0.982  0.001  0.001  0.000  0.001
 0.001  0.999  0.000  0.001  0.000
 0.001  0.000  0.999 -0.001  0.000
 0.000  0.001 -0.001  0.982  0.000
 0.001  0.000  0.000  0.000  0.999
atom  3  spin  2
eigenvalues:  0.3640701 0.3640701 0.4473002 0.4673264 0.4673264
 eigenvectors
 1   0.7624594  0.3619656  0.1047106  0.2426634  0.4666763
 2  -0.2426634  0.3298904 -0.4784166  0.7624594 -0.1485262
 3   0.0000000 -0.5773503 -0.5773503  0.0000000  0.5773503
 4   0.5466199 -0.0647621 -0.5306192 -0.2469348 -0.5953813
 5   0.2469348 -0.6500967  0.3811340  0.5466199 -0.2689628
 occupations
 0.401 -0.020 -0.020  0.000 -0.040
-0.020  0.436  0.006 -0.035 -0.006
-0.020  0.006  0.436  0.035 -0.006
 0.000 -0.035  0.035  0.401  0.000
-0.040 -0.006 -0.006  0.000  0.436
atom  4   Tr[ns(na)]=   7.0723087
atom  4  spin  1
eigenvalues:  0.3640701 0.3640701 0.4473002 0.4673264 0.4673264
 eigenvectors
 1   0.7509720  0.3762118  0.0834335  0.2761718  0.4596452
 2  -0.2761718  0.3135466 -0.4825823  0.7509720 -0.1690356
 3   0.0000000 -0.5773503 -0.5773503  0.0000000  0.5773503
 4   0.5466088 -0.0647327 -0.5306365 -0.2469596 -0.5953692
 5   0.2469596 -0.6500997  0.3811100  0.5466088 -0.2689897
 occupations
 0.401 -0.020 -0.020  0.000 -0.040
-0.020  0.436  0.006 -0.035 -0.006
-0.020  0.006  0.436  0.035 -0.006
 0.000 -0.035  0.035  0.401  0.000
-0.040 -0.006 -0.006  0.000  0.436
atom  4  spin  2
eigenvalues:  0.9820441 0.9820441 0.9993320 0.9993320 0.9994634
 eigenvectors
 1  -0.6429181  0.0856639 -0.0293685 -0.7584763  0.0562955
 2   0.7584763  0.0155463 -0.0819603 -0.6429181 -0.0664140
 3  -0.1066224 -0.3973891 -0.4143930  0.0012894 -0.8117822
 4  -0.0012894 -0.7079326  0.6981154 -0.1066224 -0.0098172
 5   0.0000000 -0.5773503 -0.5773503  0.0000000  0.5773503
 occupations
 0.982  0.001  0.001  0.000  0.001
 0.001  0.999  0.000  0.001  0.000
 0.001  0.000  0.999 -0.001  0.000
 0.000  0.001 -0.001  0.982  0.000
 0.001  0.000  0.000  0.000  0.999
nsum =  14.1446175
 exit write_ns

     total cpu time spent up to now is     32.46 secs

     total energy              =  -174.80051269 ryd
     estimated scf accuracy    <     0.10996786 ryd

     total magnetization       =     0.00 Bohr mag/cell
     absolute magnetization    =     6.81 Bohr mag/cell

     iteration #  3     ecut=    30.00 ryd     beta=0.30
     Davidson diagonalization (with overlap)
     ethr =  3.93E-04,  avg # of iterations =  2.0
 enter write_ns
U( 1) =  0.0000      U( 2) =  0.0000      U( 3) =  0.0000
alpha( 1) =  0.0000      alpha( 2) =  0.0000      alpha( 3) =  0.0000
atom  3   Tr[ns(na)]=   6.9340445
atom  3  spin  1
eigenvalues:  0.9835314 0.9835314 0.9994364 0.9994364 0.9997647
 eigenvectors
 1  -0.5194566  0.1003229 -0.0477918 -0.8456102  0.0525311
 2   0.8456102  0.0027362 -0.0882503 -0.5194566 -0.0855141
 3  -0.1229099 -0.3983445 -0.4119227  0.0011892 -0.8102673
 4  -0.0011892 -0.7056317  0.6977923 -0.1229099 -0.0078394
 5   0.0000000 -0.5773503 -0.5773503  0.0000000  0.5773503
 occupations
 0.984  0.001  0.001  0.000  0.002
 0.001  0.999  0.000  0.001  0.000
 0.001  0.000  0.999 -0.001  0.000
 0.000  0.001 -0.001  0.984  0.000
 0.002  0.000  0.000  0.000  0.999
atom  3  spin  2
eigenvalues:  0.3297260 0.3297260 0.4284447 0.4284447 0.4520026
 eigenvectors
 1   0.8315234  0.2711722  0.0329200  0.3761364  0.3040922
 2   0.3761364 -0.1945741  0.3321291 -0.8315234  0.1375549
 3   0.3931330 -0.1815673 -0.5350996 -0.1119671 -0.7166670
 4  -0.1119671  0.7227078 -0.5185958 -0.3931330  0.2041120
 5   0.0000000 -0.5773503 -0.5773503  0.0000000  0.5773503
 occupations
 0.346 -0.015 -0.015  0.000 -0.030
-0.015  0.425  0.013 -0.026 -0.013
-0.015  0.013  0.425  0.026 -0.013
 0.000 -0.026  0.026  0.346  0.000
-0.030 -0.013 -0.013  0.000  0.425
atom  4   Tr[ns(na)]=   6.9340445
atom  4  spin  1
eigenvalues:  0.3297260 0.3297260 0.4284447 0.4284447 0.4520026
 eigenvectors
 1   0.8406706  0.2662210  0.0412164  0.3552221  0.3074374
 2   0.3552221 -0.2012954  0.3312018 -0.8406706  0.1299065
 3   0.3929056 -0.1801045 -0.5361479 -0.1127624 -0.7162525
 4  -0.1127624  0.7230737 -0.5175119 -0.3929056  0.2055618
 5   0.0000000 -0.5773503 -0.5773503  0.0000000  0.5773503
 occupations
 0.346 -0.015 -0.015  0.000 -0.030
-0.015  0.425  0.013 -0.026 -0.013
-0.015  0.013  0.425  0.026 -0.013
 0.000 -0.026  0.026  0.346  0.000
-0.030 -0.013 -0.013  0.000  0.425
atom  4  spin  2
eigenvalues:  0.9835314 0.9835314 0.9994364 0.9994364 0.9997647
 eigenvectors
 1  -0.6476821  0.0986021 -0.0331039 -0.7519306  0.0654982
 2  -0.7519306 -0.0187028  0.0947433  0.6476821  0.0760405
 3  -0.1228805 -0.3882555 -0.4218180  0.0029394 -0.8100735
 4   0.0029394  0.7112329 -0.6918555  0.1228805  0.0193773
 5   0.0000000 -0.5773503 -0.5773503  0.0000000  0.5773503
 occupations
 0.984  0.001  0.001  0.000  0.002
 0.001  0.999  0.000  0.001  0.000
 0.001  0.000  0.999 -0.001  0.000
 0.000  0.001 -0.001  0.984  0.000
 0.002  0.000  0.000  0.000  0.999
nsum =  13.8680890
 exit write_ns

     total cpu time spent up to now is     42.09 secs

     total energy              =  -174.82203562 ryd
     estimated scf accuracy    <     0.01954787 ryd

     total magnetization       =     0.00 Bohr mag/cell
     absolute magnetization    =     7.04 Bohr mag/cell

     iteration #  4     ecut=    30.00 ryd     beta=0.30
     Davidson diagonalization (with overlap)
     ethr =  6.98E-05,  avg # of iterations =  2.0
 enter write_ns
U( 1) =  0.0000      U( 2) =  0.0000      U( 3) =  0.0000
alpha( 1) =  0.0000      alpha( 2) =  0.0000      alpha( 3) =  0.0000
atom  3   Tr[ns(na)]=   6.9566561
atom  3  spin  1
eigenvalues:  0.9850873 0.9850873 0.9995036 0.9995036 0.9998002
 eigenvectors
 1  -0.7454064  0.1112627 -0.0226911 -0.6508687  0.0885716
 2   0.6508687  0.0380361 -0.1153744 -0.7454064 -0.0773383
 3  -0.1440036 -0.3968454 -0.4110982  0.0014667 -0.8079436
 4  -0.0014667 -0.7038141  0.6955852 -0.1440036 -0.0082289
 5   0.0000000 -0.5773503 -0.5773503  0.0000000  0.5773503
 occupations
 0.985  0.001  0.001  0.000  0.002
 0.001  0.999  0.000  0.001  0.000
 0.001  0.000  0.999 -0.001  0.000
 0.000  0.001 -0.001  0.985  0.000
 0.002  0.000  0.000  0.000  0.999
atom  3  spin  2
eigenvalues:  0.3376224 0.3376224 0.4183593 0.4470350 0.4470350
 eigenvectors
 1   0.8400788  0.2408397  0.0203556  0.4094222  0.2611952
 2   0.4094222 -0.1625534  0.2898500 -0.8400788  0.1272965
 3   0.0000000 -0.5773503 -0.5773503  0.0000000  0.5773503
 4   0.3435074 -0.1956319 -0.5409137 -0.0929714 -0.7365456
 5  -0.0929714  0.7375415 -0.5381930 -0.3435074  0.1993485
 occupations
 0.351 -0.015 -0.015  0.000 -0.030
-0.015  0.428 -0.005 -0.026  0.005
-0.015 -0.005  0.428  0.026  0.005
 0.000 -0.026  0.026  0.351  0.000
-0.030  0.005  0.005  0.000  0.428
atom  4   Tr[ns(na)]=   6.9566561
atom  4  spin  1
eigenvalues:  0.3376224 0.3376224 0.4183593 0.4470350 0.4470350
 eigenvectors
 1   0.8298990  0.2447123  0.0133178  0.4296820  0.2580301
 2  -0.4296820  0.1566628 -0.2902585  0.8298990 -0.1335957
 3   0.0000000 -0.5773503 -0.5773503  0.0000000  0.5773503
 4   0.3457069 -0.2138581 -0.5274037 -0.0844261 -0.7412618
 5   0.0844261 -0.7324643  0.5514387  0.3457069 -0.1810256
 occupations
 0.351 -0.015 -0.015  0.000 -0.030
-0.015  0.428 -0.005 -0.026  0.005
-0.015 -0.005  0.428  0.026  0.005
 0.000 -0.026  0.026  0.351  0.000
-0.030  0.005  0.005  0.000  0.428
atom  4  spin  2
eigenvalues:  0.9850873 0.9850873 0.9995036 0.9995036 0.9998002
 eigenvectors
 1  -0.3154298  0.1152597 -0.0777793 -0.9379578  0.0374804
 2   0.9379578 -0.0232666 -0.0881845 -0.3154298 -0.1114511
 3  -0.1440055 -0.3978098 -0.4101443  0.0012693 -0.8079541
 4  -0.0012693 -0.7032695  0.6961481 -0.1440055 -0.0071214
 5   0.0000000 -0.5773503 -0.5773503  0.0000000  0.5773503
 occupations
 0.985  0.001  0.001  0.000  0.002
 0.001  0.999  0.000  0.001  0.000
 0.001  0.000  0.999 -0.001  0.000
 0.000  0.001 -0.001  0.985  0.000
 0.002  0.000  0.000  0.000  0.999
nsum =  13.9133122
 exit write_ns

     total cpu time spent up to now is     51.63 secs

     total energy              =  -174.82399736 ryd
     estimated scf accuracy    <     0.00211410 ryd

     total magnetization       =     0.00 Bohr mag/cell
     absolute magnetization    =     7.04 Bohr mag/cell

     iteration #  5     ecut=    30.00 ryd     beta=0.30
     Davidson diagonalization (with overlap)
     ethr =  7.55E-06,  avg # of iterations =  2.8
 enter write_ns
U( 1) =  0.0000      U( 2) =  0.0000      U( 3) =  0.0000
alpha( 1) =  0.0000      alpha( 2) =  0.0000      alpha( 3) =  0.0000
atom  3   Tr[ns(na)]=   6.9399810
atom  3  spin  1
eigenvalues:  0.9853243 0.9853243 0.9995123 0.9995123 0.9999043
 eigenvectors
 1  -0.5492204  0.1157173 -0.0513781 -0.8235212  0.0643392
 2   0.8235212  0.0074831 -0.1039556 -0.5492204 -0.0964725
 3  -0.1420186 -0.4008670 -0.4073447  0.0006572 -0.8082117
 4  -0.0006572 -0.7018019  0.6980619 -0.1420186 -0.0037399
 5   0.0000000 -0.5773503 -0.5773503  0.0000000  0.5773503
 occupations
 0.986  0.001  0.001  0.000  0.002
 0.001  0.999  0.000  0.001  0.000
 0.001  0.000  0.999 -0.001  0.000
 0.000  0.001 -0.001  0.986  0.000
 0.002  0.000  0.000  0.000  0.999
atom  3  spin  2
eigenvalues:  0.3315123 0.3315123 0.4255545 0.4409123 0.4409123
 eigenvectors
 1   0.8336100  0.2416164  0.0150012  0.4250155  0.2566177
 2  -0.4250155  0.1568192 -0.2876556  0.8336100 -0.1308364
 3   0.0000000 -0.5773503 -0.5773503  0.0000000  0.5773503
 4   0.3407414 -0.1975661 -0.5403551 -0.0913863 -0.7379213
 5   0.0913863 -0.7380132  0.5401039  0.3407414 -0.1979093
 occupations
 0.345 -0.015 -0.015  0.000 -0.029
-0.015  0.427 -0.001 -0.026  0.001
-0.015 -0.001  0.427  0.026  0.001
 0.000 -0.026  0.026  0.345  0.000
-0.029  0.001  0.001  0.000  0.427
atom  4   Tr[ns(na)]=   6.9399810
atom  4  spin  1
eigenvalues:  0.3315123 0.3315123 0.4255545 0.4409123 0.4409123
 eigenvectors
 1   0.8476077  0.2361327  0.0247940  0.3963647  0.2609267
 2  -0.3963647  0.1649609 -0.2869774  0.8476077 -0.1220165
 3   0.0000000 -0.5773503 -0.5773503  0.0000000  0.5773503
 4   0.3409293 -0.1990893 -0.5392390 -0.0906827 -0.7383283
 5   0.0906827 -0.7376038  0.5412183  0.3409293 -0.1963855
 occupations
 0.345 -0.015 -0.015  0.000 -0.029
-0.015  0.427 -0.001 -0.026  0.001
-0.015 -0.001  0.427  0.026  0.001
 0.000 -0.026  0.026  0.345  0.000
-0.029  0.001  0.001  0.000  0.427
atom  4  spin  2
eigenvalues:  0.9853243 0.9853243 0.9995123 0.9995123 0.9999043
 eigenvectors
 1  -0.7439941  0.1098179 -0.0226616 -0.6529189  0.0871562
 2   0.6529189  0.0372360 -0.1137230 -0.7439941 -0.0764871
 3  -0.1420200 -0.4030292 -0.4051902  0.0002192 -0.8082194
 4  -0.0002192 -0.7005624  0.6993147 -0.1420200 -0.0012476
 5   0.0000000 -0.5773503 -0.5773503  0.0000000  0.5773503
 occupations
 0.986  0.001  0.001  0.000  0.002
 0.001  0.999  0.000  0.001  0.000
 0.001  0.000  0.999 -0.001  0.000
 0.000  0.001 -0.001  0.986  0.000
 0.002  0.000  0.000  0.000  0.999
nsum =  13.8799621
 exit write_ns

     total cpu time spent up to now is     62.01 secs

     total energy              =  -174.82456392 ryd
     estimated scf accuracy    <     0.00036284 ryd

     total magnetization       =     0.00 Bohr mag/cell
     absolute magnetization    =     7.07 Bohr mag/cell

     iteration #  6     ecut=    30.00 ryd     beta=0.30
     Davidson diagonalization (with overlap)
     ethr =  1.30E-06,  avg # of iterations =  4.0
 enter write_ns
U( 1) =  0.0000      U( 2) =  0.0000      U( 3) =  0.0000
alpha( 1) =  0.0000      alpha( 2) =  0.0000      alpha( 3) =  0.0000
atom  3   Tr[ns(na)]=   6.9404426
atom  3  spin  1
eigenvalues:  0.9855452 0.9855452 0.9995095 0.9995095 0.9999597
 eigenvectors
 1  -0.7494426  0.1091926 -0.0216532 -0.6467462  0.0875394
 2   0.6467462  0.0380394 -0.1135833 -0.7494426 -0.0755439
 3  -0.1416158 -0.4035717 -0.4046957  0.0001137 -0.8082674
 4  -0.0001137 -0.7003046  0.6996556 -0.1416158 -0.0006489
 5   0.0000000 -0.5773503 -0.5773503  0.0000000  0.5773503
 occupations
 0.986  0.001  0.001  0.000  0.002
 0.001  0.999  0.000  0.001  0.000
 0.001  0.000  0.999 -0.001  0.000
 0.000  0.001 -0.001  0.986  0.000
 0.002  0.000  0.000  0.000  0.999
atom  3  spin  2
eigenvalues:  0.3305463 0.3305463 0.4309849 0.4391480 0.4391480
 eigenvectors
 1   0.8259165  0.2530289  0.0139384  0.4270509  0.2669674
 2  -0.4270509  0.1621810 -0.3002200  0.8259165 -0.1380390
 3   0.0000000 -0.5773503 -0.5773503  0.0000000  0.5773503
 4   0.3542487 -0.1867218 -0.5439039 -0.0999867 -0.7306258
 5   0.0999867 -0.7358500  0.5296309  0.3542487 -0.2062192
 occupations
 0.345 -0.015 -0.015  0.000 -0.030
-0.015  0.427  0.002 -0.026 -0.002
-0.015  0.002  0.427  0.026 -0.002
 0.000 -0.026  0.026  0.345  0.000
-0.030 -0.002 -0.002  0.000  0.427
atom  4   Tr[ns(na)]=   6.9404426
atom  4  spin  1
eigenvalues:  0.3305463 0.3305463 0.4309849 0.4391480 0.4391480
 eigenvectors
 1   0.8633559  0.2361526  0.0429167  0.3451478  0.2790692
 2  -0.3451478  0.1858986 -0.2974634  0.8633559 -0.1115648
 3   0.0000000 -0.5773503 -0.5773503  0.0000000  0.5773503
 4   0.3546616 -0.1897814 -0.5416959 -0.0985122 -0.7314773
 5   0.0985122 -0.7350669  0.5318889  0.3546616 -0.2031780
 occupations
 0.345 -0.015 -0.015  0.000 -0.030
-0.015  0.427  0.002 -0.026 -0.002
-0.015  0.002  0.427  0.026 -0.002
 0.000 -0.026  0.026  0.345  0.000
-0.030 -0.002 -0.002  0.000  0.427
atom  4  spin  2
eigenvalues:  0.9855452 0.9855452 0.9995095 0.9995095 0.9999597
 eigenvectors
 1  -0.5334923  0.1155089 -0.0531937 -0.8338651  0.0623151
 2   0.8338651  0.0052662 -0.1026667 -0.5334923 -0.0974005
 3  -0.1416140 -0.4005521 -0.4077051  0.0007236 -0.8082571
 4  -0.0007236 -0.7020361  0.6979063 -0.1416140 -0.0041298
 5   0.0000000 -0.5773503 -0.5773503  0.0000000  0.5773503
 occupations
 0.986  0.001  0.001  0.000  0.002
 0.001  0.999  0.000  0.001  0.000
 0.001  0.000  0.999 -0.001  0.000
 0.000  0.001 -0.001  0.986  0.000
 0.002  0.000  0.000  0.000  0.999
nsum =  13.8808851
 exit write_ns

     total cpu time spent up to now is     72.29 secs

     total energy              =  -174.82464042 ryd
     estimated scf accuracy    <     0.00002892 ryd

     total magnetization       =     0.00 Bohr mag/cell
     absolute magnetization    =     7.08 Bohr mag/cell

     iteration #  7     ecut=    30.00 ryd     beta=0.30
     Davidson diagonalization (with overlap)
     ethr =  1.03E-07,  avg # of iterations =  3.3
 enter write_ns
U( 1) =  0.0000      U( 2) =  0.0000      U( 3) =  0.0000
alpha( 1) =  0.0000      alpha( 2) =  0.0000      alpha( 3) =  0.0000
atom  3   Tr[ns(na)]=   6.9384224
atom  3  spin  1
eigenvalues:  0.9855909 0.9855909 0.9995049 0.9995049 0.9999641
 eigenvectors
 1   0.7389520 -0.1102925  0.0235720  0.6585662 -0.0867205
 2  -0.6585662 -0.0364588  0.1137455  0.7389520  0.0772868
 3  -0.1422586 -0.3955130 -0.4126178  0.0017384 -0.8081308
 4   0.0017384  0.7047996 -0.6949241  0.1422586  0.0098754
 5   0.0000000 -0.5773503 -0.5773503  0.0000000  0.5773503
 occupations
 0.986  0.001  0.001  0.000  0.002
 0.001  0.999  0.000  0.001  0.000
 0.001  0.000  0.999 -0.001  0.000
 0.000  0.001 -0.001  0.986  0.000
 0.002  0.000  0.000  0.000  0.999
atom  3  spin  2
eigenvalues:  0.3299716 0.3299716 0.4302519 0.4390359 0.4390359
 eigenvectors
 1   0.8551686  0.2385106  0.0345278  0.3688594  0.2730384
 2  -0.3688594  0.1775734 -0.2953429  0.8551686 -0.1177695
 3   0.0000000 -0.5773503 -0.5773503  0.0000000  0.5773503
 4   0.3521140 -0.1994792 -0.5357455 -0.0929792 -0.7352247
 5   0.0929792 -0.7337950  0.5396516  0.3521140 -0.1941434
 occupations
 0.344 -0.015 -0.015  0.000 -0.030
-0.015  0.426  0.002 -0.026 -0.002
-0.015  0.002  0.426  0.026 -0.002
 0.000 -0.026  0.026  0.344  0.000
-0.030 -0.002 -0.002  0.000  0.426
atom  4   Tr[ns(na)]=   6.9384223
atom  4  spin  1
eigenvalues:  0.3299715 0.3299715 0.4302519 0.4390359 0.4390359
 eigenvectors
 1   0.8611185  0.2355583  0.0393797  0.3547472  0.2749381
 2  -0.3547472  0.1814715 -0.2947352  0.8611185 -0.1132638
 3   0.0000000 -0.5773503 -0.5773503  0.0000000  0.5773503
 4   0.3513933 -0.1938663 -0.5398535 -0.0956671 -0.7337197
 5   0.0956671 -0.7352978  0.5355420  0.3513933 -0.1997558
 occupations
 0.344 -0.015 -0.015  0.000 -0.030
-0.015  0.426  0.002 -0.026 -0.002
-0.015  0.002  0.426  0.026 -0.002
 0.000 -0.026  0.026  0.344  0.000
-0.030 -0.002 -0.002  0.000  0.426
atom  4  spin  2
eigenvalues:  0.9855909 0.9855909 0.9995049 0.9995049 0.9999641
 eigenvectors
 1  -0.6999141  0.1122042 -0.0300650 -0.6999141  0.0821392
 2   0.6999141  0.0300650 -0.1122042 -0.6999141 -0.0821392
 3  -0.1422679 -0.4011223 -0.4070616  0.0006036 -0.8081839
 4  -0.0006036 -0.7016223  0.6981933 -0.1422679 -0.0034291
 5   0.0000000 -0.5773503 -0.5773503  0.0000000  0.5773503
 occupations
 0.986  0.001  0.001  0.000  0.002
 0.001  0.999  0.000  0.001  0.000
 0.001  0.000  0.999 -0.001  0.000
 0.000  0.001 -0.001  0.986  0.000
 0.002  0.000  0.000  0.000  0.999
nsum =  13.8768447
 exit write_ns

     total cpu time spent up to now is     83.36 secs

     total energy              =  -174.82465416 ryd
     estimated scf accuracy    <     0.00001511 ryd

     total magnetization       =     0.00 Bohr mag/cell
     absolute magnetization    =     7.09 Bohr mag/cell

     iteration #  8     ecut=    30.00 ryd     beta=0.30
     Davidson diagonalization (with overlap)
     ethr =  5.40E-08,  avg # of iterations =  2.0
 enter write_ns
U( 1) =  0.0000      U( 2) =  0.0000      U( 3) =  0.0000
alpha( 1) =  0.0000      alpha( 2) =  0.0000      alpha( 3) =  0.0000
atom  3   Tr[ns(na)]=   6.9392390
atom  3  spin  1
eigenvalues:  0.9856314 0.9856314 0.9995008 0.9995008 0.9999716
 eigenvectors
 1  -0.7723771  0.1082746 -0.0175975 -0.6190139  0.0906771
 2   0.6190139  0.0421925 -0.1148648 -0.7723771 -0.0726722
 3  -0.1423214 -0.4039861 -0.4041989  0.0000216 -0.8081850
 4  -0.0000216 -0.6999702  0.6998474 -0.1423214 -0.0001228
 5   0.0000000 -0.5773503 -0.5773503  0.0000000  0.5773503
 occupations
 0.986  0.001  0.001  0.000  0.002
 0.001  0.999  0.000  0.001  0.000
 0.001  0.000  0.999 -0.001  0.000
 0.000  0.001 -0.001  0.986  0.000
 0.002  0.000  0.000  0.000  0.999
atom  3  spin  2
eigenvalues:  0.3300454 0.3300454 0.4309986 0.4389568 0.4389568
 eigenvectors
 1   0.8648924  0.2350177  0.0439468  0.3420166  0.2789644
 2  -0.3420166  0.1864329 -0.2967477  0.8648924 -0.1103148
 3   0.0000000 -0.5773503 -0.5773503  0.0000000  0.5773503
 4   0.3536433 -0.1871730 -0.5437767 -0.0996100 -0.7309497
 5   0.0996100 -0.7359636  0.5300784  0.3536433 -0.2058852
 occupations
 0.345 -0.015 -0.015  0.000 -0.030
-0.015  0.427  0.002 -0.026 -0.002
-0.015  0.002  0.427  0.026 -0.002
 0.000 -0.026  0.026  0.345  0.000
-0.030 -0.002 -0.002  0.000  0.427
atom  4   Tr[ns(na)]=   6.9392400
atom  4  spin  1
eigenvalues:  0.3300454 0.3300454 0.4309988 0.4389572 0.4389572
 eigenvectors
 1   0.8421582  0.2460656  0.0255657  0.3946950  0.2716313
 2  -0.3946950  0.1715868 -0.2988924  0.8421582 -0.1273057
 3   0.0000000 -0.5773503 -0.5773503  0.0000000  0.5773503
 4   0.3536665 -0.1873477 -0.5436510 -0.0995260 -0.7309986
 5   0.0995260 -0.7359193  0.5302075  0.3536665 -0.2057118
 occupations
 0.345 -0.015 -0.015  0.000 -0.030
-0.015  0.427  0.002 -0.026 -0.002
-0.015  0.002  0.427  0.026 -0.002
 0.000 -0.026  0.026  0.345  0.000
-0.030 -0.002 -0.002  0.000  0.427
atom  4  spin  2
eigenvalues:  0.9856314 0.9856314 0.9995008 0.9995008 0.9999716
 eigenvectors
 1  -0.3040552  0.1136188 -0.0779227 -0.9419634  0.0356961
 2   0.9419634 -0.0243796 -0.0862070 -0.3040552 -0.1105866
 3  -0.1423210 -0.4058415 -0.4023410 -0.0003559 -0.8081825
 4   0.0003559 -0.6988961  0.7009171 -0.1423210  0.0020210
 5   0.0000000 -0.5773503 -0.5773503  0.0000000  0.5773503
 occupations
 0.986  0.001  0.001  0.000  0.002
 0.001  0.999  0.000  0.001  0.000
 0.001  0.000  0.999 -0.001  0.000
 0.000  0.001 -0.001  0.986  0.000
 0.002  0.000  0.000  0.000  0.999
nsum =  13.8784790
 exit write_ns

     total cpu time spent up to now is     93.86 secs

     total energy              =  -174.82465746 ryd
     estimated scf accuracy    <     0.00000174 ryd

     total magnetization       =     0.00 Bohr mag/cell
     absolute magnetization    =     7.09 Bohr mag/cell

     iteration #  9     ecut=    30.00 ryd     beta=0.30
     Davidson diagonalization (with overlap)
     ethr =  6.21E-09,  avg # of iterations =  2.5
 enter write_ns
U( 1) =  0.0000      U( 2) =  0.0000      U( 3) =  0.0000
alpha( 1) =  0.0000      alpha( 2) =  0.0000      alpha( 3) =  0.0000
atom  3   Tr[ns(na)]=   6.9388944
atom  3  spin  1
eigenvalues:  0.9856401 0.9856401 0.9995008 0.9995008 0.9999706
 eigenvectors
 1  -0.5495860  0.1161430 -0.0515171 -0.8231862  0.0646259
 2   0.8231862  0.0075684 -0.1043670 -0.5495860 -0.0967986
 3  -0.1425453 -0.4004083 -0.4077391  0.0007465 -0.8081474
 4  -0.0007465 -0.7019924  0.6977600 -0.1425453 -0.0042325
 5   0.0000000 -0.5773503 -0.5773503  0.0000000  0.5773503
 occupations
 0.986  0.001  0.001  0.000  0.002
 0.001  0.999  0.000  0.001  0.000
 0.001  0.000  0.999 -0.001  0.000
 0.000  0.001 -0.001  0.986  0.000
 0.002  0.000  0.000  0.000  0.999
atom  3  spin  2
eigenvalues:  0.3300049 0.3300049 0.4304466 0.4390928 0.4390928
 eigenvectors
 1   0.8447576  0.2440129  0.0269263  0.3907804  0.2709392
 2  -0.3907804  0.1719727 -0.2973077  0.8447576 -0.1253350
 3   0.0000000 -0.5773503 -0.5773503  0.0000000  0.5773503
 4   0.3523286 -0.1903515 -0.5419954 -0.0976728 -0.7323469
 5   0.0976728 -0.7357418  0.5327202  0.3523286 -0.2030217
 occupations
 0.345 -0.015 -0.015  0.000 -0.030
-0.015  0.426  0.002 -0.026 -0.002
-0.015  0.002  0.426  0.026 -0.002
 0.000 -0.026  0.026  0.345  0.000
-0.030 -0.002 -0.002  0.000  0.426
atom  4   Tr[ns(na)]=   6.9388823
atom  4  spin  1
eigenvalues:  0.3300044 0.3300044 0.4304445 0.4390885 0.4390885
 eigenvectors
 1   0.8386246  0.2466415  0.0223355  0.4037687  0.2689770
 2  -0.4037687  0.1681894 -0.2976925  0.8386246 -0.1295031
 3   0.0000000 -0.5773503 -0.5773503  0.0000000  0.5773503
 4   0.3523832 -0.1907215 -0.5417258 -0.0974969 -0.7324472
 5   0.0974969 -0.7356441  0.5329917  0.3523832 -0.2026524
 occupations
 0.345 -0.015 -0.015  0.000 -0.030
-0.015  0.426  0.002 -0.026 -0.002
-0.015  0.002  0.426  0.026 -0.002
 0.000 -0.026  0.026  0.345  0.000
-0.030 -0.002 -0.002  0.000  0.426
atom  4  spin  2
eigenvalues:  0.9856400 0.9856400 0.9995008 0.9995008 0.9999706
 eigenvectors
 1  -0.4547059  0.1162641 -0.0627955 -0.8791604  0.0534687
 2   0.8791604 -0.0053848 -0.0979953 -0.4547059 -0.1033801
 3  -0.1425408 -0.3977612 -0.4103647  0.0012835 -0.8081258
 4  -0.0012835 -0.7034958  0.6962192 -0.1425408 -0.0072766
 5   0.0000000 -0.5773503 -0.5773503  0.0000000  0.5773503
 occupations
 0.986  0.001  0.001  0.000  0.002
 0.001  0.999  0.000  0.001  0.000
 0.001  0.000  0.999 -0.001  0.000
 0.000  0.001 -0.001  0.986  0.000
 0.002  0.000  0.000  0.000  0.999
nsum =  13.8777767
 exit write_ns

     total cpu time spent up to now is    103.62 secs

     End of self-consistent calculation

 ------ SPIN UP ------------


          k = 0.0000 0.0000 0.0000 (   731 PWs)   bands (ev):

    -8.9533  -7.7470   2.7539   5.1280   5.1280   7.5762   7.5997   7.5997
     7.7786   7.7786   8.0653   8.9390   8.9390  11.0571  11.0571  11.2581
    11.5026  12.8937  12.8937  15.3691

          k =-0.7500 0.2500 0.2500 (   764 PWs)   bands (ev):

    -7.7710  -7.7516   3.6508   3.9129   4.7746   5.3281   5.3837   6.0704
     7.7226   8.2478   8.6481   9.6399   9.8410  10.4294  11.7006  11.8251
    12.6018  12.6287  17.2955  17.6039

          k =-0.5000-0.5000 0.5000 (   780 PWs)   bands (ev):

    -7.7622  -7.7506   2.7897   4.0521   5.1683   5.1908   6.4319   6.4446
     7.1587   8.2362   8.5578   9.3835   9.6071  10.7267  11.7108  11.8188
    13.0247  13.0949  15.3294  16.7015

          k =-0.2500-0.2500-0.2500 (   748 PWs)   bands (ev):

    -8.4148  -8.3808   4.4377   4.8297   5.5356   5.5356   6.5043   6.5043
     7.8491   7.8491   8.2989   9.9328   9.9328  10.9605  10.9727  10.9727
    12.4963  12.4963  13.9942  14.2632

 ------ SPIN DOWN ----------


          k = 0.0000 0.0000 0.0000 (   731 PWs)   bands (ev):

    -8.9533  -7.7470   2.7539   5.1280   5.1280   7.5762   7.5997   7.5997
     7.7786   7.7786   8.0653   8.9390   8.9390  11.0571  11.0571  11.2581
    11.5026  12.8937  12.8937  15.3691

          k =-0.7500 0.2500 0.2500 (   764 PWs)   bands (ev):

    -7.7710  -7.7516   3.6508   3.9129   4.7746   5.3281   5.3837   6.0704
     7.7226   8.2478   8.6481   9.6399   9.8410  10.4294  11.7006  11.8251
    12.6018  12.6287  17.2955  17.6039

          k =-0.5000-0.5000 0.5000 (   780 PWs)   bands (ev):

    -7.7622  -7.7506   2.7897   4.0521   5.1683   5.1908   6.4319   6.4446
     7.1587   8.2362   8.5578   9.3835   9.6071  10.7267  11.7108  11.8188
    13.0247  13.0949  15.3294  16.7015

          k =-0.2500-0.2500-0.2500 (   748 PWs)   bands (ev):

    -8.4148  -8.3808   4.4377   4.8297   5.5356   5.5356   6.5043   6.5043
     7.8491   7.8491   8.2989   9.9328   9.9328  10.9605  10.9727  10.9727
    12.4963  12.4963  13.9942  14.2632

     the Fermi energy is    10.9772 ev

!    total energy              =  -174.82465789 ryd
     estimated scf accuracy    <     0.00000002 ryd

     band energy sum           =    10.14384908 ryd
     one-electron contribution =     0.56186052 ryd
     hartree contribution      =    27.86102391 ryd
     xc contribution           =   -65.73506331 ryd
     ewald contribution        =  -137.50929535 ryd
     Hubbard energy            =     0.00000000 ryd
     correction for metals     =    -0.00318367 ryd

     total magnetization       =     0.00 Bohr mag/cell
     absolute magnetization    =     7.09 Bohr mag/cell

     convergence has been achieved

     Writing file      feo_af.save for program phonon

     PWSCF        :  1m43.72s CPU time

     init_run     :    11.85s CPU
     electrons    :    91.05s CPU

     electrons    :    91.05s CPU
     c_bands      :    52.07s CPU (       9 calls,   5.786 s avg)
     sum_band     :    23.44s CPU (       9 calls,   2.604 s avg)
     v_of_rho     :     3.85s CPU (      10 calls,   0.385 s avg)
     newd         :     9.73s CPU (      10 calls,   0.973 s avg)
     mix_rho      :     0.46s CPU (       9 calls,   0.051 s avg)

     c_bands      :    52.07s CPU (       9 calls,   5.786 s avg)
     init_us_2    :     0.54s CPU (     160 calls,   0.003 s avg)
     cegterg      :    50.68s CPU (      72 calls,   0.704 s avg)

     sum_band     :    23.44s CPU (       9 calls,   2.604 s avg)
     becsum       :     0.00s CPU (      72 calls,   0.000 s avg)
     addusdens    :    10.11s CPU (       9 calls,   1.123 s avg)

     wfcrot       :     2.16s CPU (       8 calls,   0.270 s avg)
     cegterg      :    50.68s CPU (      72 calls,   0.704 s avg)
     h_psi        :    46.83s CPU (     270 calls,   0.173 s avg)
     g_psi        :     0.09s CPU (     190 calls,   0.000 s avg)
     overlap      :     1.49s CPU (     190 calls,   0.008 s avg)
     cdiaghg      :     0.92s CPU (     262 calls,   0.004 s avg)
     update       :     0.50s CPU (     190 calls,   0.003 s avg)
     last         :     0.51s CPU (      72 calls,   0.007 s avg)

     h_psi        :    46.83s CPU (     270 calls,   0.173 s avg)
     init         :     0.04s CPU (     270 calls,   0.000 s avg)
     firstfft     :    15.45s CPU (    3534 calls,   0.004 s avg)
     secondfft    :    15.13s CPU (    3534 calls,   0.004 s avg)
     add_vuspsi   :     1.33s CPU (     270 calls,   0.005 s avg)
     s_psi        :     1.44s CPU (     278 calls,   0.005 s avg)

     General routines
     ccalbec      :     2.53s CPU (     350 calls,   0.007 s avg)
     cft3         :     2.94s CPU (     136 calls,   0.022 s avg)
     cft3s        :    32.88s CPU (    8546 calls,   0.004 s avg)
     interpolate  :     1.43s CPU (      38 calls,   0.038 s avg)
     davcio       :     1.57s CPU (     456 calls,   0.003 s avg)

