
     Program PWSCF     v.3.0    starts ...
     Today is  2Nov2005 at  4:50:18 

     Ultrasoft (Vanderbilt) Pseudopotentials

     Current dimensions of program pwscf are:

     ntypx = 10   npk = 40000  lmax =  3
     nchix =  6  ndmx =  2000  nbrx = 14  nqfx =  8
  HUBBARD L FOR TYPE Fe IS            2
  HUBBARD L FOR TYPE Fe IS            2
  MAXIMUM HUBBARD L IS            2


     bravais-lattice index     =            0
     lattice parameter (a_0)   =       8.1900  a.u.
     unit-cell volume          =     274.6766 (a.u.)^3
     number of atoms/cell      =            4
     number of atomic types    =            3
     kinetic-energy cutoff     =      30.0000  Ry
     charge density cutoff     =     240.0000  Ry
     convergence threshold     =      1.0E-06
     beta                      =       0.3000
     number of iterations used =            8  plain     mixing
     Exchange-correlation      =  SLA  PZ   NOGX NOGC (1100)
     celldm(1)=   8.190000  celldm(2)=   0.000000  celldm(3)=   0.000000
     celldm(4)=   0.000000  celldm(5)=   0.000000  celldm(6)=   0.000000

     crystal axes: (cart. coord. in units of a_0)
               a(1) = (  0.500000  0.500000  1.000000 )  
               a(2) = (  0.500000  1.000000  0.500000 )  
               a(3) = (  1.000000  0.500000  0.500000 )  

     reciprocal axes: (cart. coord. in units 2 pi/a_0)
               b(1) = ( -0.500000 -0.500000  1.500000 )  
               b(2) = ( -0.500000  1.500000 -0.500000 )  
               b(3) = (  1.500000 -0.500000 -0.500000 )  


     PSEUDO 1 is O  (US)    zval =  6.0   lmax= 2   lloc= 0
     Version   0  0  0 of US pseudo code
     Using log mesh of  1269 points
     The pseudopotential has  4 beta functions with: 
                l(1) =   0
                l(2) =   0
                l(3) =   1
                l(4) =   1
     Q(r) pseudized with  0 coefficients,  rinner =    0.000   0.000   0.000
                                                       0.000   0.000

     PSEUDO 2 is Fe (US)    zval =  8.0   lmax= 2   lloc= 0
     Version   0  0  0 of US pseudo code
     Using log mesh of   957 points
     The pseudopotential has  6 beta functions with: 
                l(1) =   0
                l(2) =   0
                l(3) =   1
                l(4) =   1
                l(5) =   2
                l(6) =   2
     Q(r) pseudized with  0 coefficients,  rinner =    0.000   0.000   0.000
                                                       0.000   0.000

     PSEUDO 3 is Fe (US)    zval =  8.0   lmax= 2   lloc= 0
     Version   0  0  0 of US pseudo code
     Using log mesh of   957 points
     The pseudopotential has  6 beta functions with: 
                l(1) =   0
                l(2) =   0
                l(3) =   1
                l(4) =   1
                l(5) =   2
                l(6) =   2
     Q(r) pseudized with  0 coefficients,  rinner =    0.000   0.000   0.000
                                                       0.000   0.000

     atomic species   valence    mass     pseudopotential
        O1             6.00     1.00000     O ( 1.00)
        Fe1            8.00     1.00000     Fe( 1.00)
        Fe2            8.00     1.00000     Fe( 1.00)

     Starting magnetic structure 
     atomic species   magnetization
        O1           0.000
        Fe1          0.500
        Fe2         -0.500

     12 Sym.Ops. (with inversion)


   Cartesian axes

     site n.     atom                  positions (a_0 units)
         1           O1  tau(  1) = (   0.5000000   0.5000000   0.5000000  )
         2           O1  tau(  2) = (   1.5000000   1.5000000   1.5000000  )
         3           Fe1 tau(  3) = (   0.0000000   0.0000000   0.0000000  )
         4           Fe2 tau(  4) = (   1.0000000   1.0000000   1.0000000  )

     number of k points=    8  gaussian broad. (ryd)=  0.0100     ngauss =   0
                       cart. coord. in units 2pi/a_0
        k(    1) = (   0.0000000   0.0000000   0.0000000), wk =   0.1250000
        k(    2) = (  -0.7500000   0.2500000   0.2500000), wk =   0.3750000
        k(    3) = (  -0.5000000  -0.5000000   0.5000000), wk =   0.3750000
        k(    4) = (  -0.2500000  -0.2500000  -0.2500000), wk =   0.1250000
        k(    5) = (   0.0000000   0.0000000   0.0000000), wk =   0.1250000
        k(    6) = (  -0.7500000   0.2500000   0.2500000), wk =   0.3750000
        k(    7) = (  -0.5000000  -0.5000000   0.5000000), wk =   0.3750000
        k(    8) = (  -0.2500000  -0.2500000  -0.2500000), wk =   0.1250000

     G cutoff =  407.7738  (  17255 G-vectors)     FFT grid: ( 50, 50, 50)
     G cutoff =  203.8869  (   6111 G-vectors)  smooth grid: ( 36, 36, 36)

     nbndx  =    80  nbnd   =    20  natomwfc =    20  npwx   =     780
     nelec  =  28.00  nkb   =    52  ngl    =     342

     Check: negative/imaginary core charge=   -0.000003    0.000000

     Initial potential from superposition of free atoms

     starting charge   27.99905, renormalised to   28.00000

     Parameters of the lda+U calculation:
     Number of iteration with fixed ns =  0
     Starting ns and Hubbard U :
 enter write_ns
U( 1) =  0.0000      U( 2) =  4.3000      U( 3) =  4.3000
alpha( 1) =  0.0000      alpha( 2) =  0.0000      alpha( 3) =  0.0000
atom  3   Tr[ns(na)]=   6.0000000
atom  3  spin  1
eigenvalues:  1.0000000 1.0000000 1.0000000 1.0000000 1.0000000
 eigenvectors
 1   1.0000000  0.0000000  0.0000000  0.0000000  0.0000000
 2   0.0000000  1.0000000  0.0000000  0.0000000  0.0000000
 3   0.0000000  0.0000000  1.0000000  0.0000000  0.0000000
 4   0.0000000  0.0000000  0.0000000  1.0000000  0.0000000
 5   0.0000000  0.0000000  0.0000000  0.0000000  1.0000000
 occupations
 1.000  0.000  0.000  0.000  0.000
 0.000  1.000  0.000  0.000  0.000
 0.000  0.000  1.000  0.000  0.000
 0.000  0.000  0.000  1.000  0.000
 0.000  0.000  0.000  0.000  1.000
atom  3  spin  2
eigenvalues:  0.2000000 0.2000000 0.2000000 0.2000000 0.2000000
 eigenvectors
 1   1.0000000  0.0000000  0.0000000  0.0000000  0.0000000
 2   0.0000000  1.0000000  0.0000000  0.0000000  0.0000000
 3   0.0000000  0.0000000  1.0000000  0.0000000  0.0000000
 4   0.0000000  0.0000000  0.0000000  1.0000000  0.0000000
 5   0.0000000  0.0000000  0.0000000  0.0000000  1.0000000
 occupations
 0.200  0.000  0.000  0.000  0.000
 0.000  0.200  0.000  0.000  0.000
 0.000  0.000  0.200  0.000  0.000
 0.000  0.000  0.000  0.200  0.000
 0.000  0.000  0.000  0.000  0.200
atom  4   Tr[ns(na)]=   6.0000000
atom  4  spin  1
eigenvalues:  0.2000000 0.2000000 0.2000000 0.2000000 0.2000000
 eigenvectors
 1   1.0000000  0.0000000  0.0000000  0.0000000  0.0000000
 2   0.0000000  1.0000000  0.0000000  0.0000000  0.0000000
 3   0.0000000  0.0000000  1.0000000  0.0000000  0.0000000
 4   0.0000000  0.0000000  0.0000000  1.0000000  0.0000000
 5   0.0000000  0.0000000  0.0000000  0.0000000  1.0000000
 occupations
 0.200  0.000  0.000  0.000  0.000
 0.000  0.200  0.000  0.000  0.000
 0.000  0.000  0.200  0.000  0.000
 0.000  0.000  0.000  0.200  0.000
 0.000  0.000  0.000  0.000  0.200
atom  4  spin  2
eigenvalues:  1.0000000 1.0000000 1.0000000 1.0000000 1.0000000
 eigenvectors
 1   1.0000000  0.0000000  0.0000000  0.0000000  0.0000000
 2   0.0000000  1.0000000  0.0000000  0.0000000  0.0000000
 3   0.0000000  0.0000000  1.0000000  0.0000000  0.0000000
 4   0.0000000  0.0000000  0.0000000  1.0000000  0.0000000
 5   0.0000000  0.0000000  0.0000000  0.0000000  1.0000000
 occupations
 1.000  0.000  0.000  0.000  0.000
 0.000  1.000  0.000  0.000  0.000
 0.000  0.000  1.000  0.000  0.000
 0.000  0.000  0.000  1.000  0.000
 0.000  0.000  0.000  0.000  1.000
nsum =  12.0000000
 exit write_ns
 LDA+U Projector read from file 
     Starting wfc are atomic

     total cpu time spent up to now is      7.04 secs

     Self-consistent Calculation

     iteration #  1     ecut=    30.00 ryd     beta=0.30
     Davidson diagonalization with overlap
     ethr =  1.00E-02,  avg # of iterations =  3.0
 enter write_ns
U( 1) =  0.0000      U( 2) =  4.3000      U( 3) =  4.3000
alpha( 1) =  0.0000      alpha( 2) =  0.0000      alpha( 3) =  0.0000
atom  3   Tr[ns(na)]=   5.6406562
atom  3  spin  1
eigenvalues:  0.9879573 0.9879573 0.9903417 0.9903417 0.9909578
 eigenvectors
 1  -0.1284548 -0.0596679  0.0513398 -0.9885514 -0.0083281
 2  -0.9885514 -0.0248328 -0.0392575  0.1284548 -0.0640903
 3  -0.0780445  0.2836465  0.5188777  0.0132074  0.8025243
 4   0.0132074 -0.7629118  0.6271010  0.0780445 -0.1358108
 5   0.0000000 -0.5773503 -0.5773503  0.0000000  0.5773503
 occupations
 0.988  0.000  0.000  0.000  0.000
 0.000  0.991  0.000  0.000  0.000
 0.000  0.000  0.991  0.000  0.000
 0.000  0.000  0.000  0.988  0.000
 0.000  0.000  0.000  0.000  0.991
atom  3  spin  2
eigenvalues:  0.0240816 0.0240816 0.2017556 0.2215909 0.2215909
 eigenvectors
 1  -0.2967041 -0.0516307  0.0358942 -0.9527670 -0.0157365
 2   0.9527670  0.0116381  0.0388945 -0.2967041  0.0505325
 3   0.0000000 -0.5773503 -0.5773503  0.0000000  0.5773503
 4  -0.0640635  0.2950718  0.5101864  0.0098806  0.8052582
 5  -0.0098806  0.7594723 -0.6352758 -0.0640635  0.1241965
 occupations
 0.025 -0.005 -0.005  0.000 -0.010
-0.005  0.214 -0.006 -0.009  0.006
-0.005 -0.006  0.214  0.009  0.006
 0.000 -0.009  0.009  0.025  0.000
-0.010  0.006  0.006  0.000  0.214
atom  4   Tr[ns(na)]=   5.6406563
atom  4  spin  1
eigenvalues:  0.0240815 0.0240815 0.2017556 0.2215909 0.2215909
 eigenvectors
 1   0.4461441  0.0528306 -0.0291681  0.8926106  0.0236624
 2   0.8926106  0.0031787  0.0441633 -0.4461441  0.0473420
 3   0.0000000 -0.5773503 -0.5773503  0.0000000  0.5773503
 4  -0.0640306  0.2925679  0.5122767  0.0100917  0.8048446
 5  -0.0100917  0.7604403 -0.6335914 -0.0640306  0.1268489
 occupations
 0.025 -0.005 -0.005  0.000 -0.010
-0.005  0.214 -0.006 -0.009  0.006
-0.005 -0.006  0.214  0.009  0.006
 0.000 -0.009  0.009  0.025  0.000
-0.010  0.006  0.006  0.000  0.214
atom  4  spin  2
eigenvalues:  0.9879573 0.9879573 0.9903417 0.9903417 0.9909578
 eigenvectors
 1  -0.0783201 -0.0583363  0.0532586 -0.9937809 -0.0050777
 2  -0.9937809 -0.0278173 -0.0366121  0.0783201 -0.0644294
 3  -0.0781810  0.2917680  0.5121592  0.0123742  0.8039272
 4   0.0123742 -0.7598429  0.6325999  0.0781810 -0.1272430
 5   0.0000000 -0.5773503 -0.5773503  0.0000000  0.5773503
 occupations
 0.988  0.000  0.000  0.000  0.000
 0.000  0.991  0.000  0.000  0.000
 0.000  0.000  0.991  0.000  0.000
 0.000  0.000  0.000  0.988  0.000
 0.000  0.000  0.000  0.000  0.991
nsum =  11.2813125
 exit write_ns
 Modify starting ns matrices according to input values 
 enter write_ns
U( 1) =  0.0000      U( 2) =  4.3000      U( 3) =  4.3000
alpha( 1) =  0.0000      alpha( 2) =  0.0000      alpha( 3) =  0.0000
atom  3   Tr[ns(na)]=   6.4190654
atom  3  spin  1
eigenvalues:  0.9879573 0.9879573 0.9903417 0.9903417 0.9909578
 eigenvectors
 1  -0.0561489 -0.0577018  0.0540615 -0.9952798 -0.0036403
 2  -0.9952798 -0.0291107 -0.0354158  0.0561489 -0.0645265
 3  -0.0780614  0.2846240  0.5180736  0.0131074  0.8026976
 4   0.0131074 -0.7625476  0.6277654  0.0780614 -0.1347822
 5   0.0000000 -0.5773503 -0.5773503  0.0000000  0.5773503
 occupations
 0.988  0.000  0.000  0.000  0.000
 0.000  0.991  0.000  0.000  0.000
 0.000  0.000  0.991  0.000  0.000
 0.000  0.000  0.000  0.988  0.000
 0.000  0.000  0.000  0.000  0.991
atom  3  spin  2
eigenvalues:  0.0240816 0.0240816 0.2017556 0.2215909 1.0000000
 eigenvectors
 1   0.6471699  0.0520514 -0.0177270  0.7595850  0.0343244
 2  -0.7595850  0.0095825 -0.0498691  0.6471699 -0.0402866
 3   0.0000000 -0.5773503 -0.5773503  0.0000000  0.5773503
 4  -0.0640635  0.2950718  0.5101864  0.0098806  0.8052582
 5  -0.0098806  0.7594723 -0.6352758 -0.0640635  0.1241965
 occupations
 0.025 -0.011  0.000  0.000 -0.011
-0.011  0.663 -0.382 -0.047  0.080
 0.000 -0.382  0.529  0.041 -0.055
 0.000 -0.047  0.041  0.028 -0.006
-0.011  0.080 -0.055 -0.006  0.226
atom  4   Tr[ns(na)]=   6.4190654
atom  4  spin  1
eigenvalues:  0.0240815 0.0240815 0.2017556 0.2215909 1.0000000
 eigenvectors
 1   0.7798856  0.0492769 -0.0079136  0.6225565  0.0413633
 2  -0.6225565  0.0193122 -0.0523311  0.7798856 -0.0330189
 3   0.0000000 -0.5773503 -0.5773503  0.0000000  0.5773503
 4  -0.0640306  0.2925679  0.5122767  0.0100917  0.8048446
 5  -0.0100917  0.7604403 -0.6335914 -0.0640306  0.1268489
 occupations
 0.025 -0.011  0.000  0.001 -0.011
-0.011  0.665 -0.381 -0.047  0.081
 0.000 -0.381  0.527  0.041 -0.056
 0.001 -0.047  0.041  0.028 -0.006
-0.011  0.081 -0.056 -0.006  0.227
atom  4  spin  2
eigenvalues:  0.9879573 0.9879573 0.9903417 0.9903417 0.9909578
 eigenvectors
 1   0.1546072 -0.0502815  0.0603050 -0.9848001  0.0100236
 2  -0.9848001 -0.0406042 -0.0232429 -0.1546072 -0.0638471
 3  -0.0782235  0.2944006  0.5099629  0.0121031  0.8043635
 4   0.0121031 -0.7588267  0.6343718  0.0782235 -0.1244550
 5   0.0000000 -0.5773503 -0.5773503  0.0000000  0.5773503
 occupations
 0.988  0.000  0.000  0.000  0.000
 0.000  0.991  0.000  0.000  0.000
 0.000  0.000  0.991  0.000  0.000
 0.000  0.000  0.000  0.988  0.000
 0.000  0.000  0.000  0.000  0.991
nsum =  12.8381307
 exit write_ns

     total cpu time spent up to now is     14.46 secs

     total energy              =  -174.05739770 ryd
     estimated scf accuracy    <     2.39665735 ryd

     total magnetization       =     0.00 Bohr mag/cell
     absolute magnetization    =     8.48 Bohr mag/cell

     iteration #  2     ecut=    30.00 ryd     beta=0.30
     Davidson diagonalization with overlap
     ethr =  8.56E-03,  avg # of iterations =  2.2
 enter write_ns
U( 1) =  0.0000      U( 2) =  4.3000      U( 3) =  4.3000
alpha( 1) =  0.0000      alpha( 2) =  0.0000      alpha( 3) =  0.0000
atom  3   Tr[ns(na)]=   5.9947746
atom  3  spin  1
eigenvalues:  0.9702271 0.9702271 0.9937460 0.9959480 0.9959480
 eigenvectors
 1  -0.2543589 -0.0836285  0.0614627 -0.9612694 -0.0221657
 2  -0.9612694 -0.0226881 -0.0610803  0.2543589 -0.0837685
 3   0.0000000  0.5773503  0.5773503  0.0000000 -0.5773503
 4   0.1045436 -0.2789259 -0.5208544 -0.0182580 -0.7997802
 5   0.0182580 -0.7624687  0.6227912  0.1045436 -0.1396775
 occupations
 0.971 -0.001 -0.001  0.000 -0.002
-0.001  0.995 -0.001 -0.002  0.001
-0.001 -0.001  0.995  0.002  0.001
 0.000 -0.002  0.002  0.971  0.000
-0.002  0.001  0.001  0.000  0.995
atom  3  spin  2
eigenvalues:  0.0322313 0.0322313 0.1504200 0.4268979 0.4268979
 eigenvectors
 1   0.6364939  0.0865514 -0.0303186  0.7637428  0.0562328
 2   0.7637428 -0.0149616  0.0824365 -0.6364939  0.0674749
 3   0.0000000 -0.5773503 -0.5773503  0.0000000  0.5773503
 4   0.1055360 -0.2619422 -0.5344261 -0.0208481 -0.7963683
 5   0.0208481 -0.7683345  0.6110159  0.1055360 -0.1573186
 occupations
 0.037 -0.017 -0.017  0.000 -0.034
-0.017  0.332 -0.091 -0.030  0.091
-0.017 -0.091  0.332  0.030  0.091
 0.000 -0.030  0.030  0.037  0.000
-0.034  0.091  0.091  0.000  0.332
atom  4   Tr[ns(na)]=   5.9947417
atom  4  spin  1
eigenvalues:  0.0322329 0.0322329 0.1500996 0.4270443 0.4270443
 eigenvectors
 1  -0.2238979 -0.0839438  0.0641772 -0.9686660 -0.0197666
 2   0.9686660  0.0256405  0.0598772 -0.2238979  0.0855177
 3   0.0000000 -0.5773503 -0.5773503  0.0000000  0.5773503
 4   0.1053209 -0.2568667 -0.5384524 -0.0215290 -0.7953191
 5   0.0215290 -0.7700533  0.6074798  0.1053209 -0.1625736
 occupations
 0.037 -0.017 -0.017  0.000 -0.034
-0.017  0.332 -0.091 -0.030  0.091
-0.017 -0.091  0.332  0.030  0.091
 0.000 -0.030  0.030  0.037  0.000
-0.034  0.091  0.091  0.000  0.332
atom  4  spin  2
eigenvalues:  0.9702259 0.9702259 0.9937457 0.9959451 0.9959451
 eigenvectors
 1  -0.2240575 -0.0828775  0.0633517 -0.9687801 -0.0195258
 2  -0.9687801 -0.0253029 -0.0591225  0.2240575 -0.0844255
 3   0.0000000  0.5773503  0.5773503  0.0000000 -0.5773503
 4   0.1043451 -0.2707436 -0.5274945 -0.0193772 -0.7982381
 5   0.0193772 -0.7654121  0.6171769  0.1043451 -0.1482352
 occupations
 0.971 -0.001 -0.001  0.000 -0.002
-0.001  0.995 -0.001 -0.002  0.001
-0.001 -0.001  0.995  0.002  0.001
 0.000 -0.002  0.002  0.971  0.000
-0.002  0.001  0.001  0.000  0.995
nsum =  11.9895163
 exit write_ns

     total cpu time spent up to now is     21.85 secs

     total energy              =  -174.55884516 ryd
     estimated scf accuracy    <     0.15127866 ryd

     total magnetization       =     0.00 Bohr mag/cell
     absolute magnetization    =     7.19 Bohr mag/cell

     iteration #  3     ecut=    30.00 ryd     beta=0.30
     Davidson diagonalization with overlap
     ethr =  5.40E-04,  avg # of iterations =  1.8
 enter write_ns
U( 1) =  0.0000      U( 2) =  4.3000      U( 3) =  4.3000
alpha( 1) =  0.0000      alpha( 2) =  0.0000      alpha( 3) =  0.0000
atom  3   Tr[ns(na)]=   5.9391435
atom  3  spin  1
eigenvalues:  0.9774290 0.9774290 0.9952877 0.9972351 0.9972351
 eigenvectors
 1  -0.2534709 -0.0897422  0.0660140 -0.9606133 -0.0237282
 2  -0.9606133 -0.0244137 -0.0655121  0.2534709 -0.0899259
 3   0.0000000  0.5773503  0.5773503  0.0000000 -0.5773503
 4   0.1116544 -0.2585910 -0.5365579 -0.0225351 -0.7951489
 5   0.0225351 -0.7688613  0.6083770  0.1116544 -0.1604843
 occupations
 0.978 -0.001 -0.001  0.000 -0.002
-0.001  0.996 -0.001 -0.002  0.001
-0.001 -0.001  0.996  0.002  0.001
 0.000 -0.002  0.002  0.978  0.000
-0.002  0.001  0.001  0.000  0.996
atom  3  spin  2
eigenvalues:  0.0209766 0.0209766 0.1343419 0.4091162 0.4091162
 eigenvectors
 1  -0.6508649 -0.0949538  0.0315580 -0.7498958 -0.0633958
 2   0.7498958 -0.0183815  0.0914231 -0.6508649  0.0730416
 3   0.0000000 -0.5773503 -0.5773503  0.0000000  0.5773503
 4   0.1164239 -0.2690230 -0.5278361 -0.0218316 -0.7968591
 5   0.0218316 -0.7648132  0.6153874  0.1164239 -0.1494258
 occupations
 0.026 -0.019 -0.019  0.000 -0.037
-0.019  0.314 -0.090 -0.032  0.090
-0.019 -0.090  0.314  0.032  0.090
 0.000 -0.032  0.032  0.026  0.000
-0.037  0.090  0.090  0.000  0.314
atom  4   Tr[ns(na)]=   5.9401710
atom  4  spin  1
eigenvalues:  0.0209827 0.0209827 0.1343341 0.4096417 0.4096417
 eigenvectors
 1  -0.6480827 -0.0949137  0.0318615 -0.7523227 -0.0630522
 2   0.7523227 -0.0180079  0.0912017 -0.6480827  0.0731937
 3   0.0000000 -0.5773503 -0.5773503  0.0000000  0.5773503
 4   0.1162531 -0.2676701 -0.5289355 -0.0220132 -0.7966056
 5   0.0220132 -0.7653016  0.6144599  0.1162531 -0.1508417
 occupations
 0.026 -0.019 -0.019  0.000 -0.037
-0.019  0.314 -0.090 -0.032  0.090
-0.019 -0.090  0.314  0.032  0.090
 0.000 -0.032  0.032  0.026  0.000
-0.037  0.090  0.090  0.000  0.314
atom  4  spin  2
eigenvalues:  0.9774253 0.9774253 0.9952831 0.9972272 0.9972272
 eigenvectors
 1  -0.3544961 -0.0919351  0.0587128 -0.9280784 -0.0332223
 2  -0.9280784 -0.0147170 -0.0722596  0.3544961 -0.0869766
 3   0.0000000 -0.5773503 -0.5773503  0.0000000  0.5773503
 4  -0.1116180  0.2532637  0.5407448  0.0233323  0.7940085
 5  -0.0233323  0.7706202 -0.6046429 -0.1116180  0.1659773
 occupations
 0.978 -0.001 -0.001  0.000 -0.002
-0.001  0.996 -0.001 -0.002  0.001
-0.001 -0.001  0.996  0.002  0.001
 0.000 -0.002  0.002  0.978  0.000
-0.002  0.001  0.001  0.000  0.996
nsum =  11.8793145
 exit write_ns

     total cpu time spent up to now is     28.91 secs

     total energy              =  -174.57492704 ryd
     estimated scf accuracy    <     0.04183729 ryd

     total magnetization       =     0.00 Bohr mag/cell
     absolute magnetization    =     7.46 Bohr mag/cell

     iteration #  4     ecut=    30.00 ryd     beta=0.30
     Davidson diagonalization with overlap
     ethr =  1.49E-04,  avg # of iterations =  1.5
 enter write_ns
U( 1) =  0.0000      U( 2) =  4.3000      U( 3) =  4.3000
alpha( 1) =  0.0000      alpha( 2) =  0.0000      alpha( 3) =  0.0000
atom  3   Tr[ns(na)]=   5.9939386
atom  3  spin  1
eigenvalues:  0.9781930 0.9781930 0.9955299 0.9977619 0.9977619
 eigenvectors
 1  -0.2575448 -0.0892535  0.0653046 -0.9596178 -0.0239489
 2  -0.9596178 -0.0238767 -0.0653574  0.2575448 -0.0892342
 3   0.0000000 -0.5773503 -0.5773503  0.0000000  0.5773503
 4  -0.1111584  0.2670135  0.5299129  0.0211716  0.7969264
 5  -0.0211716  0.7660510 -0.6142660 -0.1111584  0.1517850
 occupations
 0.978 -0.001 -0.001  0.000 -0.002
-0.001  0.997 -0.001 -0.002  0.001
-0.001 -0.001  0.997  0.002  0.001
 0.000 -0.002  0.002  0.978  0.000
-0.002  0.001  0.001  0.000  0.997
atom  3  spin  2
eigenvalues:  0.0197110 0.0197110 0.1080489 0.4495140 0.4495140
 eigenvectors
 1  -0.2630771 -0.1071158  0.0777242 -0.9552025 -0.0293916
 2   0.9552025  0.0279049  0.0788126 -0.2630771  0.1067174
 3   0.0000000 -0.5773503 -0.5773503  0.0000000  0.5773503
 4   0.1329790 -0.2604902 -0.5330191 -0.0263684 -0.7935092
 5   0.0263684 -0.7658714  0.6085268  0.1329790 -0.1573446
 occupations
 0.028 -0.024 -0.024  0.000 -0.047
-0.024  0.330 -0.111 -0.041  0.111
-0.024 -0.111  0.330  0.041  0.111
 0.000 -0.041  0.041  0.028  0.000
-0.047  0.111  0.111  0.000  0.330
atom  4   Tr[ns(na)]=   5.9878620
atom  4  spin  1
eigenvalues:  0.0196394 0.0196394 0.1076804 0.4467594 0.4467594
 eigenvectors
 1  -0.6871687 -0.1073359  0.0306423 -0.7137628 -0.0766936
 2   0.7137628 -0.0265878  0.1062495 -0.6871687  0.0796617
 3   0.0000000  0.5773503  0.5773503  0.0000000 -0.5773503
 4  -0.1327127  0.2566744  0.5360556  0.0270037  0.7927300
 5   0.0270037 -0.7671747  0.6058739  0.1327127 -0.1613008
 occupations
 0.027 -0.023 -0.023  0.000 -0.047
-0.023  0.329 -0.110 -0.041  0.110
-0.023 -0.110  0.329  0.041  0.110
 0.000 -0.041  0.041  0.027  0.000
-0.047  0.110  0.110  0.000  0.329
atom  4  spin  2
eigenvalues:  0.9781348 0.9781348 0.9955365 0.9977889 0.9977889
 eigenvectors
 1  -0.3284310 -0.0901444  0.0598223 -0.9378214 -0.0303220
 2  -0.9378214 -0.0170320 -0.0695513  0.3284310 -0.0865833
 3   0.0000000 -0.5773503 -0.5773503  0.0000000  0.5773503
 4  -0.1101772  0.2600555  0.5355294  0.0220255  0.7955849
 5  -0.0220255  0.7685192 -0.6094743 -0.1101772  0.1590449
 occupations
 0.978 -0.001 -0.001  0.000 -0.002
-0.001  0.997 -0.001 -0.002  0.001
-0.001 -0.001  0.997  0.002  0.001
 0.000 -0.002  0.002  0.978  0.000
-0.002  0.001  0.001  0.000  0.997
nsum =  11.9818006
 exit write_ns

     total cpu time spent up to now is     35.85 secs

     total energy              =  -174.57573385 ryd
     estimated scf accuracy    <     0.01335119 ryd

     total magnetization       =    -0.01 Bohr mag/cell
     absolute magnetization    =     7.39 Bohr mag/cell

     iteration #  5     ecut=    30.00 ryd     beta=0.30
     Davidson diagonalization with overlap
     ethr =  4.77E-05,  avg # of iterations =  1.6
 enter write_ns
U( 1) =  0.0000      U( 2) =  4.3000      U( 3) =  4.3000
alpha( 1) =  0.0000      alpha( 2) =  0.0000      alpha( 3) =  0.0000
atom  3   Tr[ns(na)]=   5.9627038
atom  3  spin  1
eigenvalues:  0.9796059 0.9796059 0.9956956 0.9979733 0.9979733
 eigenvectors
 1  -0.3549078 -0.0969989  0.0618840 -0.9271294 -0.0351149
 2  -0.9271294 -0.0154551 -0.0762760  0.3549078 -0.0917311
 3   0.0000000 -0.5773503 -0.5773503  0.0000000  0.5773503
 4  -0.1177813  0.2539831  0.5396295  0.0244757  0.7936127
 5  -0.0244757  0.7697477 -0.6048297 -0.1177813  0.1649181
 occupations
 0.980 -0.001 -0.001  0.000 -0.002
-0.001  0.997 -0.001 -0.002  0.001
-0.001 -0.001  0.997  0.002  0.001
 0.000 -0.002  0.002  0.980  0.000
-0.002  0.001  0.001  0.000  0.997
atom  3  spin  2
eigenvalues:  0.0176193 0.0176193 0.0778748 0.4493682 0.4493682
 eigenvectors
 1   0.2319561  0.1123257 -0.0848759  0.9620925  0.0274498
 2  -0.9620925 -0.0331550 -0.0806994  0.2319561 -0.1138544
 3   0.0000000 -0.5773503 -0.5773503  0.0000000  0.5773503
 4   0.1403389 -0.2506144 -0.5399801 -0.0296559 -0.7905944
 5   0.0296559 -0.7682075  0.6011422  0.1403389 -0.1670654
 occupations
 0.027 -0.025 -0.025  0.000 -0.050
-0.025  0.320 -0.121 -0.043  0.121
-0.025 -0.121  0.320  0.043  0.121
 0.000 -0.043  0.043  0.027  0.000
-0.050  0.121  0.121  0.000  0.320
atom  4   Tr[ns(na)]=   6.0199741
atom  4  spin  1
eigenvalues:  0.0178708 0.0178708 0.0781114 0.4775323 0.4775323
 eigenvectors
 1  -0.5013070 -0.1180451  0.0582382 -0.8531050 -0.0598070
 2   0.8531050 -0.0009058  0.1026830 -0.5013070  0.1017772
 3   0.0000000  0.5773503  0.5773503  0.0000000 -0.5773503
 4  -0.1414530  0.2505050  0.5399421  0.0299042  0.7904471
 5   0.0299042 -0.7681005  0.6009940  0.1414530 -0.1671066
 occupations
 0.027 -0.027 -0.027  0.000 -0.054
-0.027  0.338 -0.130 -0.046  0.130
-0.027 -0.130  0.338  0.046  0.130
 0.000 -0.046  0.046  0.027  0.000
-0.054  0.130  0.130  0.000  0.338
atom  4  spin  2
eigenvalues:  0.9798083 0.9798083 0.9957036 0.9978682 0.9978682
 eigenvectors
 1  -0.3006463 -0.0988782  0.0682085 -0.9456436 -0.0306697
 2  -0.9456436 -0.0216730 -0.0747946  0.3006463 -0.0964676
 3   0.0000000 -0.5773503 -0.5773503  0.0000000  0.5773503
 4  -0.1216304  0.2616071  0.5332645  0.0239997  0.7948716
 5  -0.0239997  0.7667997 -0.6099582 -0.1216304  0.1568415
 occupations
 0.980 -0.001 -0.001  0.000 -0.002
-0.001  0.997 -0.001 -0.002  0.001
-0.001 -0.001  0.997  0.002  0.001
 0.000 -0.002  0.002  0.980  0.000
-0.002  0.001  0.001  0.000  0.997
nsum =  11.9826779
 exit write_ns

     total cpu time spent up to now is     42.87 secs

     total energy              =  -174.58056715 ryd
     estimated scf accuracy    <     0.00319320 ryd

     total magnetization       =     0.06 Bohr mag/cell
     absolute magnetization    =     7.43 Bohr mag/cell

     iteration #  6     ecut=    30.00 ryd     beta=0.30
     Davidson diagonalization with overlap
     ethr =  1.14E-05,  avg # of iterations =  1.8
 enter write_ns
U( 1) =  0.0000      U( 2) =  4.3000      U( 3) =  4.3000
alpha( 1) =  0.0000      alpha( 2) =  0.0000      alpha( 3) =  0.0000
atom  3   Tr[ns(na)]=   6.1139567
atom  3  spin  1
eigenvalues:  0.9800587 0.9800587 0.9956767 0.9976340 0.9976340
 eigenvectors
 1  -0.3264240 -0.1050089  0.0698132 -0.9361132 -0.0351957
 2  -0.9361132 -0.0199864 -0.0809471  0.3264240 -0.1009336
 3   0.0000000  0.5773503  0.5773503  0.0000000 -0.5773503
 4   0.1283180 -0.2576862 -0.5357084 -0.0259608 -0.7933945
 5  -0.0259608  0.7673579 -0.6068417 -0.1283180  0.1605162
 occupations
 0.980 -0.001 -0.001  0.000 -0.002
-0.001  0.997 -0.001 -0.002  0.001
-0.001 -0.001  0.997  0.002  0.001
 0.000 -0.002  0.002  0.980  0.000
-0.002  0.001  0.001  0.000  0.997
atom  3  spin  2
eigenvalues:  0.0184116 0.0184116 0.0750363 0.5255176 0.5255176
 eigenvectors
 1   0.1454376  0.1125416 -0.0947481  0.9782068  0.0177936
 2  -0.9782068 -0.0444297 -0.0752491  0.1454376 -0.1196788
 3   0.0000000  0.5773503  0.5773503  0.0000000 -0.5773503
 4  -0.1443544  0.2352813  0.5513155  0.0334851  0.7865968
 5   0.0334851 -0.7724440  0.5899816  0.1443544 -0.1824625
 occupations
 0.030 -0.030 -0.030  0.000 -0.061
-0.030  0.368 -0.146 -0.053  0.146
-0.030 -0.146  0.368  0.053  0.146
 0.000 -0.053  0.053  0.030  0.000
-0.061  0.146  0.146  0.000  0.368
atom  4   Tr[ns(na)]=   5.8688192
atom  4  spin  1
eigenvalues:  0.0172471 0.0172471 0.0731447 0.4055244 0.4055244
 eigenvectors
 1   0.9241726  0.0908363  0.0183646  0.3541069  0.1092010
 2  -0.3541069  0.0736501 -0.1154916  0.9241726 -0.0418416
 3   0.0000000 -0.5773503 -0.5773503  0.0000000  0.5773503
 4   0.1404501 -0.2591258 -0.5332973 -0.0280560 -0.7924231
 5   0.0280560 -0.7654050  0.6071121  0.1404501 -0.1582930
 occupations
 0.025 -0.022 -0.022  0.000 -0.045
-0.022  0.289 -0.108 -0.039  0.108
-0.022 -0.108  0.289  0.039  0.108
 0.000 -0.039  0.039  0.025  0.000
-0.045  0.108  0.108  0.000  0.289
atom  4  spin  2
eigenvalues:  0.9791139 0.9791139 0.9956427 0.9981306 0.9981306
 eigenvectors
 1  -0.2506163 -0.0901053  0.0665289 -0.9612963 -0.0235764
 2  -0.9612963 -0.0247986 -0.0656342  0.2506163 -0.0904328
 3   0.0000000 -0.5773503 -0.5773503  0.0000000  0.5773503
 4  -0.1123001  0.2621182  0.5337116  0.0221268  0.7958298
 5  -0.0221268  0.7676111 -0.6108066 -0.1123001  0.1568045
 occupations
 0.979 -0.001 -0.001  0.000 -0.002
-0.001  0.997 -0.001 -0.002  0.001
-0.001 -0.001  0.997  0.002  0.001
 0.000 -0.002  0.002  0.979  0.000
-0.002  0.001  0.001  0.000  0.997
nsum =  11.9827759
 exit write_ns

     total cpu time spent up to now is     49.90 secs

     total energy              =  -174.58244914 ryd
     estimated scf accuracy    <     0.02474817 ryd

     total magnetization       =    -0.24 Bohr mag/cell
     absolute magnetization    =     7.42 Bohr mag/cell

     iteration #  7     ecut=    30.00 ryd     beta=0.30
     Davidson diagonalization with overlap
     ethr =  1.14E-05,  avg # of iterations =  1.0
 enter write_ns
U( 1) =  0.0000      U( 2) =  4.3000      U( 3) =  4.3000
alpha( 1) =  0.0000      alpha( 2) =  0.0000      alpha( 3) =  0.0000
atom  3   Tr[ns(na)]=   5.9869540
atom  3  spin  1
eigenvalues:  0.9793983 0.9793983 0.9956299 0.9978156 0.9978156
 eigenvectors
 1  -0.3124672 -0.0984471  0.0667981 -0.9419176 -0.0316490
 2  -0.9419176 -0.0202934 -0.0751110  0.3124672 -0.0954044
 3   0.0000000  0.5773503  0.5773503  0.0000000 -0.5773503
 4   0.1205422 -0.2541919 -0.5392089 -0.0250010 -0.7934008
 5  -0.0250010  0.7693825 -0.6048279 -0.1205422  0.1645546
 occupations
 0.980 -0.001 -0.001  0.000 -0.002
-0.001  0.997 -0.001 -0.002  0.001
-0.001 -0.001  0.997  0.002  0.001
 0.000 -0.002  0.002  0.980  0.000
-0.002  0.001  0.001  0.000  0.997
atom  3  spin  2
eigenvalues:  0.0179189 0.0179189 0.0688469 0.4661059 0.4661059
 eigenvectors
 1   0.2885821  0.1185450 -0.0830341  0.9457863  0.0355109
 2  -0.9457863 -0.0274376 -0.0889442  0.2885821 -0.1163817
 3   0.0000000 -0.5773503 -0.5773503  0.0000000  0.5773503
 4   0.1455780 -0.2448240 -0.5438775 -0.0318692 -0.7887014
 5   0.0318692 -0.7693648  0.5967062  0.1455780 -0.1726586
 occupations
 0.028 -0.027 -0.027  0.000 -0.054
-0.027  0.327 -0.129 -0.047  0.129
-0.027 -0.129  0.327  0.047  0.129
 0.000 -0.047  0.047  0.028  0.000
-0.054  0.129  0.129  0.000  0.327
atom  4   Tr[ns(na)]=   5.9958480
atom  4  spin  1
eigenvalues:  0.0179510 0.0179510 0.0688388 0.4705120 0.4705120
 eigenvectors
 1  -0.1219630 -0.1121411  0.0971244 -0.9812700 -0.0150168
 2   0.9812700  0.0474048  0.0734147 -0.1219630  0.1208195
 3   0.0000000  0.5773503  0.5773503  0.0000000 -0.5773503
 4  -0.1462573  0.2598026  0.5321107  0.0290362  0.7919132
 5   0.0290362 -0.7644256  0.6072084  0.1462573 -0.1572171
 occupations
 0.028 -0.027 -0.027  0.000 -0.054
-0.027  0.330 -0.131 -0.047  0.131
-0.027 -0.131  0.330  0.047  0.131
 0.000 -0.047  0.047  0.028  0.000
-0.054  0.131  0.131  0.000  0.330
atom  4  spin  2
eigenvalues:  0.9794236 0.9794236 0.9956359 0.9978000 0.9978000
 eigenvectors
 1  -0.3444542 -0.0995752  0.0645104 -0.9306154 -0.0350648
 2  -0.9306154 -0.0170004 -0.0777344  0.3444542 -0.0947349
 3   0.0000000 -0.5773503 -0.5773503  0.0000000  0.5773503
 4  -0.1210887  0.2525864  0.5404128  0.0253747  0.7929992
 5  -0.0253747  0.7698458 -0.6036692 -0.1210887  0.1661766
 occupations
 0.980 -0.001 -0.001  0.000 -0.002
-0.001  0.997 -0.001 -0.002  0.001
-0.001 -0.001  0.997  0.002  0.001
 0.000 -0.002  0.002  0.980  0.000
-0.002  0.001  0.001  0.000  0.997
nsum =  11.9828020
 exit write_ns

     total cpu time spent up to now is     56.82 secs

     total energy              =  -174.58056477 ryd
     estimated scf accuracy    <     0.00094673 ryd

     total magnetization       =     0.01 Bohr mag/cell
     absolute magnetization    =     7.42 Bohr mag/cell

     iteration #  8     ecut=    30.00 ryd     beta=0.30
     Davidson diagonalization with overlap
     ethr =  3.38E-06,  avg # of iterations =  2.2
 enter write_ns
U( 1) =  0.0000      U( 2) =  4.3000      U( 3) =  4.3000
alpha( 1) =  0.0000      alpha( 2) =  0.0000      alpha( 3) =  0.0000
atom  3   Tr[ns(na)]=   5.9867727
atom  3  spin  1
eigenvalues:  0.9795412 0.9795412 0.9956561 0.9976600 0.9976600
 eigenvectors
 1  -0.4135062 -0.1030109  0.0598803 -0.9016404 -0.0431306
 2  -0.9016404 -0.0096704 -0.0843749  0.4135062 -0.0940453
 3   0.0000000 -0.5773503 -0.5773503  0.0000000  0.5773503
 4  -0.1243542  0.2625938  0.5322201  0.0243555  0.7948139
 5  -0.0243555  0.7661634 -0.6104946 -0.1243542  0.1556688
 occupations
 0.980 -0.001 -0.001  0.000 -0.002
-0.001  0.997 -0.001 -0.002  0.001
-0.001 -0.001  0.997  0.002  0.001
 0.000 -0.002  0.002  0.980  0.000
-0.002  0.001  0.001  0.000  0.997
atom  3  spin  2
eigenvalues:  0.0175490 0.0175490 0.0525811 0.4745175 0.4745175
 eigenvectors
 1   0.0277935  0.1143997 -0.1107389  0.9868453  0.0036609
 2   0.9868453  0.0618215  0.0681623 -0.0277935  0.1299838
 3   0.0000000 -0.5773503 -0.5773503  0.0000000  0.5773503
 4   0.1558082 -0.2497476 -0.5388564 -0.0329786 -0.7886039
 5   0.0329786 -0.7664096  0.5994925  0.1558082 -0.1669170
 occupations
 0.029 -0.029 -0.029  0.000 -0.059
-0.029  0.326 -0.137 -0.051  0.137
-0.029 -0.137  0.326  0.051  0.137
 0.000 -0.051  0.051  0.029  0.000
-0.059  0.137  0.137  0.000  0.326
atom  4   Tr[ns(na)]=   5.9962071
atom  4  spin  1
eigenvalues:  0.0175685 0.0175685 0.0525794 0.4792309 0.4792309
 eigenvectors
 1  -0.3864274 -0.1291609  0.0782285 -0.9084479 -0.0509324
 2   0.9084479  0.0157594  0.1039769 -0.3864274  0.1197363
 3   0.0000000  0.5773503  0.5773503  0.0000000 -0.5773503
 4  -0.1557677  0.2465111  0.5413692  0.0336566  0.7878803
 5   0.0336566 -0.7674425  0.5972061  0.1557677 -0.1702364
 occupations
 0.029 -0.030 -0.030  0.000 -0.059
-0.030  0.329 -0.138 -0.051  0.138
-0.030 -0.138  0.329  0.051  0.138
 0.000 -0.051  0.051  0.029  0.000
-0.059  0.138  0.138  0.000  0.329
atom  4  spin  2
eigenvalues:  0.9795577 0.9795577 0.9956525 0.9976305 0.9976305
 eigenvectors
 1  -0.3265128 -0.1020935  0.0678815 -0.9365831 -0.0342120
 2  -0.9365831 -0.0194391 -0.0786960  0.3265128 -0.0981351
 3   0.0000000 -0.5773503 -0.5773503  0.0000000  0.5773503
 4  -0.1247169  0.2565867  0.5369297  0.0254389  0.7935164
 5  -0.0254389  0.7681334 -0.6062774 -0.1247169  0.1618561
 occupations
 0.980 -0.001 -0.001  0.000 -0.002
-0.001  0.997 -0.001 -0.002  0.001
-0.001 -0.001  0.997  0.002  0.001
 0.000 -0.002  0.002  0.980  0.000
-0.002  0.001  0.001  0.000  0.997
nsum =  11.9829798
 exit write_ns

     total cpu time spent up to now is     63.97 secs

     total energy              =  -174.58104958 ryd
     estimated scf accuracy    <     0.00011426 ryd

     total magnetization       =     0.01 Bohr mag/cell
     absolute magnetization    =     7.43 Bohr mag/cell

     iteration #  9     ecut=    30.00 ryd     beta=0.30
     Davidson diagonalization with overlap
     ethr =  4.08E-07,  avg # of iterations =  3.0
 enter write_ns
U( 1) =  0.0000      U( 2) =  4.3000      U( 3) =  4.3000
alpha( 1) =  0.0000      alpha( 2) =  0.0000      alpha( 3) =  0.0000
atom  3   Tr[ns(na)]=   5.9961577
atom  3  spin  1
eigenvalues:  0.9794628 0.9794628 0.9956461 0.9976464 0.9976464
 eigenvectors
 1  -0.2956068 -0.1007366  0.0699688 -0.9469036 -0.0307677
 2  -0.9469036 -0.0226328 -0.0759240  0.2956068 -0.0985568
 3   0.0000000 -0.5773503 -0.5773503  0.0000000  0.5773503
 4  -0.1238845  0.2561152  0.5373811  0.0253530  0.7934963
 5  -0.0253530  0.7683824 -0.6059935 -0.1238845  0.1623889
 occupations
 0.980 -0.001 -0.001  0.000 -0.002
-0.001  0.997 -0.001 -0.002  0.001
-0.001 -0.001  0.997  0.002  0.001
 0.000 -0.002  0.002  0.980  0.000
-0.002  0.001  0.001  0.000  0.997
atom  3  spin  2
eigenvalues:  0.0177521 0.0177521 0.0562864 0.4772513 0.4772513
 eigenvectors
 1   0.8309431  0.1149199 -0.0060788  0.5333326  0.1088411
 2  -0.5333326  0.0593299 -0.1291885  0.8309431 -0.0698586
 3   0.0000000 -0.5773503 -0.5773503  0.0000000  0.5773503
 4   0.1544358 -0.2378299 -0.5481928 -0.0352064 -0.7860227
 5   0.0352064 -0.7703097  0.5911215  0.1544358 -0.1791882
 occupations
 0.029 -0.029 -0.029  0.000 -0.059
-0.029  0.329 -0.136 -0.051  0.136
-0.029 -0.136  0.329  0.051  0.136
 0.000 -0.051  0.051  0.029  0.000
-0.059  0.136  0.136  0.000  0.329
atom  4   Tr[ns(na)]=   5.9868191
atom  4  spin  1
eigenvalues:  0.0176988 0.0176988 0.0561440 0.4727248 0.4727248
 eigenvectors
 1  -0.6507629 -0.1267222  0.0415740 -0.7426106 -0.0851482
 2   0.7426106 -0.0251576  0.1223234 -0.6507629  0.0971659
 3   0.0000000  0.5773503  0.5773503  0.0000000 -0.5773503
 4  -0.1543975  0.2405758  0.5461008  0.0346202  0.7866766
 5   0.0346202 -0.7694794  0.5930844  0.1543975 -0.1763949
 occupations
 0.029 -0.029 -0.029  0.000 -0.058
-0.029  0.326 -0.135 -0.050  0.135
-0.029 -0.135  0.326  0.050  0.135
 0.000 -0.050  0.050  0.029  0.000
-0.058  0.135  0.135  0.000  0.326
atom  4  spin  2
eigenvalues:  0.9794185 0.9794185 0.9956469 0.9976720 0.9976720
 eigenvectors
 1  -0.3064344 -0.1004378  0.0687199 -0.9435474 -0.0317179
 2  -0.9435474 -0.0213631 -0.0763001  0.3064344 -0.0976632
 3   0.0000000 -0.5773503 -0.5773503  0.0000000  0.5773503
 4  -0.1231842  0.2553889  0.5380189  0.0253347  0.7934078
 5  -0.0253347  0.7686996 -0.6055231 -0.1231842  0.1631765
 occupations
 0.980 -0.001 -0.001  0.000 -0.002
-0.001  0.997 -0.001 -0.002  0.001
-0.001 -0.001  0.997  0.002  0.001
 0.000 -0.002  0.002  0.980  0.000
-0.002  0.001  0.001  0.000  0.997
nsum =  11.9829769
 exit write_ns

     total cpu time spent up to now is     71.85 secs

     total energy              =  -174.58063906 ryd
     estimated scf accuracy    <     0.00007918 ryd

     total magnetization       =    -0.01 Bohr mag/cell
     absolute magnetization    =     7.42 Bohr mag/cell

     iteration # 10     ecut=    30.00 ryd     beta=0.30
     Davidson diagonalization with overlap
     ethr =  2.83E-07,  avg # of iterations =  1.0
 enter write_ns
U( 1) =  0.0000      U( 2) =  4.3000      U( 3) =  4.3000
alpha( 1) =  0.0000      alpha( 2) =  0.0000      alpha( 3) =  0.0000
atom  3   Tr[ns(na)]=   5.9890899
atom  3  spin  1
eigenvalues:  0.9793453 0.9793453 0.9956300 0.9976068 0.9976068
 eigenvectors
 1  -0.2906576 -0.1004032  0.0702159 -0.9484703 -0.0301873
 2  -0.9484703 -0.0231105 -0.0753965  0.2906576 -0.0985070
 3   0.0000000 -0.5773503 -0.5773503  0.0000000  0.5773503
 4  -0.1236090  0.2557418  0.5377009  0.0253606  0.7934428
 5  -0.0253606  0.7685362 -0.6057470 -0.1236090  0.1627892
 occupations
 0.980 -0.001 -0.001  0.000 -0.002
-0.001  0.997 -0.001 -0.002  0.001
-0.001 -0.001  0.997  0.002  0.001
 0.000 -0.002  0.002  0.980  0.000
-0.002  0.001  0.001  0.000  0.997
atom  3  spin  2
eigenvalues:  0.0177313 0.0177313 0.0528164 0.4756384 0.4756384
 eigenvectors
 1   0.8826695  0.1109346  0.0080219  0.4408776  0.1189565
 2  -0.4408776  0.0733111 -0.1327277  0.8826695 -0.0594167
 3   0.0000000  0.5773503  0.5773503  0.0000000 -0.5773503
 4  -0.1594532  0.2525494  0.5362231  0.0331085  0.7887725
 5   0.0331085 -0.7649866  0.6012075  0.1594532 -0.1637791
 occupations
 0.030 -0.030 -0.030  0.000 -0.060
-0.030  0.327 -0.137 -0.052  0.137
-0.030 -0.137  0.327  0.052  0.137
 0.000 -0.052  0.052  0.030  0.000
-0.060  0.137  0.137  0.000  0.327
atom  4   Tr[ns(na)]=   5.9939324
atom  4  spin  1
eigenvalues:  0.0177419 0.0177419 0.0528292 0.4780513 0.4780513
 eigenvectors
 1  -0.6638070 -0.1299702  0.0404783 -0.7299457 -0.0894919
 2   0.7299457 -0.0282980  0.1267065 -0.6638070  0.0984085
 3   0.0000000  0.5773503  0.5773503  0.0000000 -0.5773503
 4  -0.1590827  0.2430009  0.5436636  0.0351036  0.7866644
 5   0.0351036 -0.7680652  0.5944775  0.1590827 -0.1735877
 occupations
 0.030 -0.030 -0.030  0.000 -0.060
-0.030  0.328 -0.138 -0.052  0.138
-0.030 -0.138  0.328  0.052  0.138
 0.000 -0.052  0.052  0.030  0.000
-0.060  0.138  0.138  0.000  0.328
atom  4  spin  2
eigenvalues:  0.9793539 0.9793539 0.9956276 0.9975907 0.9975907
 eigenvectors
 1  -0.3601295 -0.1021125  0.0646081 -0.9242830 -0.0375044
 2  -0.9242830 -0.0156483 -0.0806079  0.3601295 -0.0962562
 3   0.0000000  0.5773503  0.5773503  0.0000000 -0.5773503
 4   0.1239990 -0.2575220 -0.5362637 -0.0251395 -0.7937858
 5  -0.0251395  0.7679044 -0.6069728 -0.1239990  0.1609316
 occupations
 0.980 -0.001 -0.001  0.000 -0.002
-0.001  0.997 -0.001 -0.002  0.001
-0.001 -0.001  0.997  0.002  0.001
 0.000 -0.002  0.002  0.980  0.000
-0.002  0.001  0.001  0.000  0.997
nsum =  11.9830223
 exit write_ns
