
     Program PWSCF     v.3.1.1  starts ...
     Today is  4Jul2006 at 15:13:45 

     Ultrasoft (Vanderbilt) Pseudopotentials

     Current dimensions of program pwscf are:

     ntypx = 10   npk = 40000  lmax =  3
     nchix =  6  ndmx =  2000  nbrx = 14  nqfx =  8
  HUBBARD L FOR TYPE Fe IS            2
  HUBBARD L FOR TYPE Fe IS            2
  MAXIMUM HUBBARD L IS            2


     bravais-lattice index     =            0
     lattice parameter (a_0)   =       8.1900  a.u.
     unit-cell volume          =     274.6766 (a.u.)^3
     number of atoms/cell      =            4
     number of atomic types    =            3
     kinetic-energy cutoff     =      30.0000  Ry
     charge density cutoff     =     240.0000  Ry
     convergence threshold     =      1.0E-06
     beta                      =       0.3000
     number of iterations used =            8  plain     mixing
     Exchange-correlation      =  SLA  PZ   NOGX NOGC (1100)
     celldm(1)=   8.190000  celldm(2)=   0.000000  celldm(3)=   0.000000
     celldm(4)=   0.000000  celldm(5)=   0.000000  celldm(6)=   0.000000

     crystal axes: (cart. coord. in units of a_0)
               a(1) = (  0.500000  0.500000  1.000000 )  
               a(2) = (  0.500000  1.000000  0.500000 )  
               a(3) = (  1.000000  0.500000  0.500000 )  

     reciprocal axes: (cart. coord. in units 2 pi/a_0)
               b(1) = ( -0.500000 -0.500000  1.500000 )  
               b(2) = ( -0.500000  1.500000 -0.500000 )  
               b(3) = (  1.500000 -0.500000 -0.500000 )  


     PSEUDO 1 is O  (US)    zval =  6.0   lmax= 2   lloc= 0
     Version   0  0  0 of US pseudo code
     Using log mesh of  1269 points
     The pseudopotential has  4 beta functions with: 
                l(1) =   0
                l(2) =   0
                l(3) =   1
                l(4) =   1
     Q(r) pseudized with  0 coefficients,  rinner =    0.000   0.000   0.000
                                                       0.000   0.000

     PSEUDO 2 is Fe (US)    zval =  8.0   lmax= 2   lloc= 0
     Version   0  0  0 of US pseudo code
     Using log mesh of   957 points
     The pseudopotential has  6 beta functions with: 
                l(1) =   0
                l(2) =   0
                l(3) =   1
                l(4) =   1
                l(5) =   2
                l(6) =   2
     Q(r) pseudized with  0 coefficients,  rinner =    0.000   0.000   0.000
                                                       0.000   0.000

     PSEUDO 3 is Fe (US)    zval =  8.0   lmax= 2   lloc= 0
     Version   0  0  0 of US pseudo code
     Using log mesh of   957 points
     The pseudopotential has  6 beta functions with: 
                l(1) =   0
                l(2) =   0
                l(3) =   1
                l(4) =   1
                l(5) =   2
                l(6) =   2
     Q(r) pseudized with  0 coefficients,  rinner =    0.000   0.000   0.000
                                                       0.000   0.000

     atomic species   valence    mass     pseudopotential
        O1             6.00     1.00000     O ( 1.00)
        Fe1            8.00     1.00000     Fe( 1.00)
        Fe2            8.00     1.00000     Fe( 1.00)

     Starting magnetic structure 
     atomic species   magnetization
        O1           0.000
        Fe1          0.500
        Fe2         -0.500

     12 Sym.Ops. (with inversion)


   Cartesian axes

     site n.     atom                  positions (a_0 units)
         1           O1  tau(  1) = (   0.5000000   0.5000000   0.5000000  )
         2           O1  tau(  2) = (   1.5000000   1.5000000   1.5000000  )
         3           Fe1 tau(  3) = (   0.0000000   0.0000000   0.0000000  )
         4           Fe2 tau(  4) = (   1.0000000   1.0000000   1.0000000  )

     number of k points=    8  gaussian broad. (ryd)=  0.0100     ngauss =   0
                       cart. coord. in units 2pi/a_0
        k(    1) = (   0.0000000   0.0000000   0.0000000), wk =   0.1250000
        k(    2) = (  -0.7500000   0.2500000   0.2500000), wk =   0.3750000
        k(    3) = (  -0.5000000  -0.5000000   0.5000000), wk =   0.3750000
        k(    4) = (  -0.2500000  -0.2500000  -0.2500000), wk =   0.1250000
        k(    5) = (   0.0000000   0.0000000   0.0000000), wk =   0.1250000
        k(    6) = (  -0.7500000   0.2500000   0.2500000), wk =   0.3750000
        k(    7) = (  -0.5000000  -0.5000000   0.5000000), wk =   0.3750000
        k(    8) = (  -0.2500000  -0.2500000  -0.2500000), wk =   0.1250000

     G cutoff =  407.7738  (  17255 G-vectors)     FFT grid: ( 50, 50, 50)
     G cutoff =  203.8869  (   6111 G-vectors)  smooth grid: ( 36, 36, 36)

     nbndx  =    80  nbnd   =    20  natomwfc =    20  npwx   =     780
     nelec  =  28.00  nkb   =    52  ngl    =     342

     Check: negative/imaginary core charge=   -0.000003    0.000000

     Initial potential from superposition of free atoms

     starting charge   27.99905, renormalised to   28.00000

     Parameters of the lda+U calculation:
     Number of iteration with fixed ns =  0
     Starting ns and Hubbard U :
 enter write_ns
U( 1) =  0.0000      U( 2) =  0.0000      U( 3) =  0.0000
alpha( 1) =  0.0000      alpha( 2) =  0.0000      alpha( 3) =  0.0000
atom  3   Tr[ns(na)]=   6.0000000
atom  3  spin  1
eigenvalues:  1.0000000 1.0000000 1.0000000 1.0000000 1.0000000
 eigenvectors
 1   1.0000000  0.0000000  0.0000000  0.0000000  0.0000000
 2   0.0000000  1.0000000  0.0000000  0.0000000  0.0000000
 3   0.0000000  0.0000000  1.0000000  0.0000000  0.0000000
 4   0.0000000  0.0000000  0.0000000  1.0000000  0.0000000
 5   0.0000000  0.0000000  0.0000000  0.0000000  1.0000000
 occupations
 1.000  0.000  0.000  0.000  0.000
 0.000  1.000  0.000  0.000  0.000
 0.000  0.000  1.000  0.000  0.000
 0.000  0.000  0.000  1.000  0.000
 0.000  0.000  0.000  0.000  1.000
atom  3  spin  2
eigenvalues:  0.2000000 0.2000000 0.2000000 0.2000000 0.2000000
 eigenvectors
 1   1.0000000  0.0000000  0.0000000  0.0000000  0.0000000
 2   0.0000000  1.0000000  0.0000000  0.0000000  0.0000000
 3   0.0000000  0.0000000  1.0000000  0.0000000  0.0000000
 4   0.0000000  0.0000000  0.0000000  1.0000000  0.0000000
 5   0.0000000  0.0000000  0.0000000  0.0000000  1.0000000
 occupations
 0.200  0.000  0.000  0.000  0.000
 0.000  0.200  0.000  0.000  0.000
 0.000  0.000  0.200  0.000  0.000
 0.000  0.000  0.000  0.200  0.000
 0.000  0.000  0.000  0.000  0.200
atom  4   Tr[ns(na)]=   6.0000000
atom  4  spin  1
eigenvalues:  0.2000000 0.2000000 0.2000000 0.2000000 0.2000000
 eigenvectors
 1   1.0000000  0.0000000  0.0000000  0.0000000  0.0000000
 2   0.0000000  1.0000000  0.0000000  0.0000000  0.0000000
 3   0.0000000  0.0000000  1.0000000  0.0000000  0.0000000
 4   0.0000000  0.0000000  0.0000000  1.0000000  0.0000000
 5   0.0000000  0.0000000  0.0000000  0.0000000  1.0000000
 occupations
 0.200  0.000  0.000  0.000  0.000
 0.000  0.200  0.000  0.000  0.000
 0.000  0.000  0.200  0.000  0.000
 0.000  0.000  0.000  0.200  0.000
 0.000  0.000  0.000  0.000  0.200
atom  4  spin  2
eigenvalues:  1.0000000 1.0000000 1.0000000 1.0000000 1.0000000
 eigenvectors
 1   1.0000000  0.0000000  0.0000000  0.0000000  0.0000000
 2   0.0000000  1.0000000  0.0000000  0.0000000  0.0000000
 3   0.0000000  0.0000000  1.0000000  0.0000000  0.0000000
 4   0.0000000  0.0000000  0.0000000  1.0000000  0.0000000
 5   0.0000000  0.0000000  0.0000000  0.0000000  1.0000000
 occupations
 1.000  0.000  0.000  0.000  0.000
 0.000  1.000  0.000  0.000  0.000
 0.000  0.000  1.000  0.000  0.000
 0.000  0.000  0.000  1.000  0.000
 0.000  0.000  0.000  0.000  1.000
nsum =  12.0000000
 exit write_ns
 Atomic wfc used for LDA+U Projector are NOT orthogonalized
     Starting wfc are atomic

     total cpu time spent up to now is     11.13 secs

     Self-consistent Calculation

     iteration #  1     ecut=    30.00 ryd     beta=0.30
     Davidson diagonalization with overlap
     ethr =  1.00E-02,  avg # of iterations =  3.2
 enter write_ns
U( 1) =  0.0000      U( 2) =  0.0000      U( 3) =  0.0000
alpha( 1) =  0.0000      alpha( 2) =  0.0000      alpha( 3) =  0.0000
atom  3   Tr[ns(na)]=   6.4251862
atom  3  spin  1
eigenvalues:  0.9871648 0.9871648 0.9966670 0.9966670 0.9980445
 eigenvectors
 1  -0.1476648 -0.1856794  0.2225081  0.9449085  0.0368287
 2   0.9449085 -0.1497282 -0.0859390  0.1476648 -0.2356671
 3   0.2913065  0.4402366  0.3384265  0.0219903  0.7786631
 4  -0.0219903  0.6449520 -0.7037321  0.2913065 -0.0587801
 5   0.0000000 -0.5773503 -0.5773503  0.0000000  0.5773503
 occupations
 0.988  0.001  0.001  0.000  0.002
 0.001  0.997  0.001  0.002 -0.001
 0.001  0.001  0.997 -0.002 -0.001
 0.000  0.002 -0.002  0.988  0.000
 0.002 -0.001 -0.001  0.000  0.997
atom  3  spin  2
eigenvalues:  0.2000722 0.2000722 0.3336994 0.3336994 0.3919349
 eigenvectors
 1  -0.2545135 -0.0564380  0.0415135 -0.9644125 -0.0149245
 2  -0.9644125 -0.0153512 -0.0412011  0.2545135 -0.0565523
 3  -0.0714669  0.3581856  0.4543199  0.0048820  0.8125055
 4   0.0048820 -0.7314020  0.6758988  0.0714669 -0.0555032
 5   0.0000000 -0.5773503 -0.5773503  0.0000000  0.5773503
 occupations
 0.201 -0.004 -0.004  0.000 -0.008
-0.004  0.353  0.020 -0.007 -0.020
-0.004  0.020  0.353  0.007 -0.020
 0.000 -0.007  0.007  0.201  0.000
-0.008 -0.020 -0.020  0.000  0.353
atom  4   Tr[ns(na)]=   6.4251862
atom  4  spin  1
eigenvalues:  0.2000722 0.2000722 0.3336994 0.3336994 0.3919349
 eigenvectors
 1  -0.3577695 -0.0577716  0.0367923 -0.9310584 -0.0209793
 2  -0.9310584 -0.0091296 -0.0454668  0.3577695 -0.0545965
 3  -0.0714270  0.3525065  0.4595444  0.0054357  0.8120509
 4   0.0054357 -0.7341559  0.6723576  0.0714270 -0.0617984
 5   0.0000000 -0.5773503 -0.5773503  0.0000000  0.5773503
 occupations
 0.201 -0.004 -0.004  0.000 -0.008
-0.004  0.353  0.020 -0.007 -0.020
-0.004  0.020  0.353  0.007 -0.020
 0.000 -0.007  0.007  0.201  0.000
-0.008 -0.020 -0.020  0.000  0.353
atom  4  spin  2
eigenvalues:  0.9871648 0.9871648 0.9966670 0.9966670 0.9980445
 eigenvectors
 1  -0.1421258 -0.1865535  0.2220007  0.9457575  0.0354472
 2   0.9457575 -0.1486376 -0.0872412  0.1421258 -0.2358789
 3   0.2914021  0.4373411  0.3415776  0.0206843  0.7789188
 4  -0.0206843  0.6469189 -0.7022080  0.2914021 -0.0552891
 5   0.0000000 -0.5773503 -0.5773503  0.0000000  0.5773503
 occupations
 0.988  0.001  0.001  0.000  0.002
 0.001  0.997  0.001  0.002 -0.001
 0.001  0.001  0.997 -0.002 -0.001
 0.000  0.002 -0.002  0.988  0.000
 0.002 -0.001 -0.001  0.000  0.997
nsum =  12.8503725
 exit write_ns

     total cpu time spent up to now is     23.09 secs

     total energy              =  -174.41116749 ryd
     estimated scf accuracy    <     1.83910576 ryd

     total magnetization       =     0.00 Bohr mag/cell
     absolute magnetization    =     7.80 Bohr mag/cell

     iteration #  2     ecut=    30.00 ryd     beta=0.30
     Davidson diagonalization with overlap
     ethr =  6.57E-03,  avg # of iterations =  2.0
 enter write_ns
U( 1) =  0.0000      U( 2) =  0.0000      U( 3) =  0.0000
alpha( 1) =  0.0000      alpha( 2) =  0.0000      alpha( 3) =  0.0000
atom  3   Tr[ns(na)]=   7.0687930
atom  3  spin  1
eigenvalues:  0.9820319 0.9820319 0.9992047 0.9992047 0.9994259
 eigenvectors
 1   0.0371231 -0.0761034  0.0728899  0.9937338 -0.0032135
 2   0.9937338 -0.0402277 -0.0457937 -0.0371231 -0.0860213
 3  -0.1054258 -0.4017128 -0.4102185  0.0006376 -0.8119314
 4   0.0006376  0.7056086 -0.7006978  0.1054258  0.0049108
 5   0.0000000 -0.5773503 -0.5773503  0.0000000  0.5773503
 occupations
 0.982  0.001  0.001  0.000  0.001
 0.001  0.999  0.000  0.001  0.000
 0.001  0.000  0.999 -0.001  0.000
 0.000  0.001 -0.001  0.982  0.000
 0.001  0.000  0.000  0.000  0.999
atom  3  spin  2
eigenvalues:  0.3618358 0.3618358 0.4568035 0.4568035 0.4696153
 eigenvectors
 1   0.7138684  0.4105626  0.0726036  0.2882869  0.4831662
 2   0.2882869 -0.3208739  0.5159946 -0.7138684  0.1951207
 3  -0.5069100 -0.0810822  0.5803818  0.3877174  0.4992996
 4   0.3877174 -0.6233543  0.2414579  0.5069100 -0.3818964
 5   0.0000000 -0.5773503 -0.5773503  0.0000000  0.5773503
 occupations
 0.401 -0.019 -0.019  0.000 -0.038
-0.019  0.435  0.017 -0.033 -0.017
-0.019  0.017  0.435  0.033 -0.017
 0.000 -0.033  0.033  0.401  0.000
-0.038 -0.017 -0.017  0.000  0.435
atom  4   Tr[ns(na)]=   7.0687930
atom  4  spin  1
eigenvalues:  0.3618358 0.3618358 0.4568035 0.4568035 0.4696153
 eigenvectors
 1   0.7153392  0.4089096  0.0752521  0.2846177  0.4841617
 2   0.2846177 -0.3229777  0.5156150 -0.7153392  0.1926372
 3  -0.4924773 -0.1036940  0.5887775  0.4058925  0.4850835
 4   0.4058925 -0.6199940  0.2201953  0.4924773 -0.3997986
 5   0.0000000 -0.5773503 -0.5773503  0.0000000  0.5773503
 occupations
 0.401 -0.019 -0.019  0.000 -0.038
-0.019  0.435  0.017 -0.033 -0.017
-0.019  0.017  0.435  0.033 -0.017
 0.000 -0.033  0.033  0.401  0.000
-0.038 -0.017 -0.017  0.000  0.435
atom  4  spin  2
eigenvalues:  0.9820319 0.9820319 0.9992047 0.9992047 0.9994259
 eigenvectors
 1   0.1075252 -0.0787654  0.0694577  0.9885966 -0.0093078
 2   0.9885966 -0.0347275 -0.0508491 -0.1075252 -0.0855766
 3  -0.1054209 -0.3979655 -0.4139284  0.0011967 -0.8118939
 4   0.0011967  0.7077289 -0.6985126  0.1054209  0.0092162
 5   0.0000000 -0.5773503 -0.5773503  0.0000000  0.5773503
 occupations
 0.982  0.001  0.001  0.000  0.001
 0.001  0.999  0.000  0.001  0.000
 0.001  0.000  0.999 -0.001  0.000
 0.000  0.001 -0.001  0.982  0.000
 0.001  0.000  0.000  0.000  0.999
nsum =  14.1375860
 exit write_ns

     total cpu time spent up to now is     34.91 secs

     total energy              =  -174.80132259 ryd
     estimated scf accuracy    <     0.10916791 ryd

     total magnetization       =     0.00 Bohr mag/cell
     absolute magnetization    =     6.81 Bohr mag/cell

     iteration #  3     ecut=    30.00 ryd     beta=0.30
     Davidson diagonalization with overlap
     ethr =  3.90E-04,  avg # of iterations =  2.0
 enter write_ns
U( 1) =  0.0000      U( 2) =  0.0000      U( 3) =  0.0000
alpha( 1) =  0.0000      alpha( 2) =  0.0000      alpha( 3) =  0.0000
atom  3   Tr[ns(na)]=   6.9350767
atom  3  spin  1
eigenvalues:  0.9835257 0.9835257 0.9994319 0.9994319 0.9997363
 eigenvectors
 1   0.0981100 -0.0919327  0.0819580  0.9874747 -0.0099748
 2   0.9874747 -0.0415595 -0.0588363 -0.0981100 -0.1003959
 3  -0.1235641 -0.4030176 -0.4072182  0.0003699 -0.8102357
 4   0.0003699  0.7028973 -0.7004721  0.1235641  0.0024252
 5   0.0000000 -0.5773503 -0.5773503  0.0000000  0.5773503
 occupations
 0.984  0.001  0.001  0.000  0.002
 0.001  0.999  0.000  0.001  0.000
 0.001  0.000  0.999 -0.001  0.000
 0.000  0.001 -0.001  0.984  0.000
 0.002  0.000  0.000  0.000  0.999
atom  3  spin  2
eigenvalues:  0.3303617 0.3303617 0.4289366 0.4289366 0.4508287
 eigenvectors
 1  -0.7429003 -0.3007068  0.0327212 -0.5336549 -0.2679857
 2   0.5336549 -0.1358300  0.3283348 -0.7429003  0.1925048
 3  -0.3873733  0.1736970  0.5422113  0.1151240  0.7159083
 4  -0.1151240  0.7263757 -0.5136139 -0.3873733  0.2127618
 5   0.0000000 -0.5773503 -0.5773503  0.0000000  0.5773503
 occupations
 0.346 -0.015 -0.015  0.000 -0.030
-0.015  0.426  0.013 -0.026 -0.013
-0.015  0.013  0.426  0.026 -0.013
 0.000 -0.026  0.026  0.346  0.000
-0.030 -0.013 -0.013  0.000  0.426
atom  4   Tr[ns(na)]=   6.9350767
atom  4  spin  1
eigenvalues:  0.3303617 0.3303617 0.4289366 0.4289366 0.4508287
 eigenvectors
 1  -0.7247272 -0.3050610  0.0436309 -0.5580850 -0.2614301
 2   0.5580850 -0.1257464  0.3270638 -0.7247272  0.2013174
 3  -0.3858571  0.1643194  0.5487868  0.1201078  0.7131063
 4  -0.1201078  0.7285543 -0.5065820 -0.3858571  0.2219723
 5   0.0000000 -0.5773503 -0.5773503  0.0000000  0.5773503
 occupations
 0.346 -0.015 -0.015  0.000 -0.030
-0.015  0.426  0.013 -0.026 -0.013
-0.015  0.013  0.426  0.026 -0.013
 0.000 -0.026  0.026  0.346  0.000
-0.030 -0.013 -0.013  0.000  0.426
atom  4  spin  2
eigenvalues:  0.9835257 0.9835257 0.9994319 0.9994319 0.9997363
 eigenvectors
 1  -0.0722276  0.0908134 -0.0834700 -0.9897045  0.0073433
 2  -0.9897045  0.0439518  0.0566708  0.0722276  0.1006226
 3  -0.1235605 -0.4109173 -0.3992942 -0.0010234 -0.8102116
 4   0.0010234 -0.6983085  0.7050191 -0.1235605  0.0067106
 5   0.0000000  0.5773503  0.5773503  0.0000000 -0.5773503
 occupations
 0.984  0.001  0.001  0.000  0.002
 0.001  0.999  0.000  0.001  0.000
 0.001  0.000  0.999 -0.001  0.000
 0.000  0.001 -0.001  0.984  0.000
 0.002  0.000  0.000  0.000  0.999
nsum =  13.8701534
 exit write_ns

     total cpu time spent up to now is     46.59 secs

     total energy              =  -174.82215523 ryd
     estimated scf accuracy    <     0.01926336 ryd

     total magnetization       =     0.00 Bohr mag/cell
     absolute magnetization    =     7.04 Bohr mag/cell

     iteration #  4     ecut=    30.00 ryd     beta=0.30
     Davidson diagonalization with overlap
     ethr =  6.88E-05,  avg # of iterations =  1.8
 enter write_ns
U( 1) =  0.0000      U( 2) =  0.0000      U( 3) =  0.0000
alpha( 1) =  0.0000      alpha( 2) =  0.0000      alpha( 3) =  0.0000
atom  3   Tr[ns(na)]=   6.9529110
atom  3  spin  1
eigenvalues:  0.9850299 0.9850299 0.9995017 0.9995017 0.9997975
 eigenvectors
 1   0.0537366 -0.1041220  0.0977836  0.9882657 -0.0063385
 2   0.9882657 -0.0527958 -0.0637744 -0.0537366 -0.1165702
 3   0.1429677  0.4130816  0.3949582  0.0018513  0.8080398
 4  -0.0018513  0.6945513 -0.7050148  0.1429677 -0.0104635
 5   0.0000000 -0.5773503 -0.5773503  0.0000000  0.5773503
 occupations
 0.985  0.001  0.001  0.000  0.002
 0.001  0.999  0.000  0.001  0.000
 0.001  0.000  0.999 -0.001  0.000
 0.000  0.001 -0.001  0.985  0.000
 0.002  0.000  0.000  0.000  0.999
atom  3  spin  2
eigenvalues:  0.3363604 0.3363604 0.4214544 0.4449376 0.4449376
 eigenvectors
 1  -0.7305521 -0.2714904  0.0433181 -0.5819343 -0.2281724
 2  -0.5819343  0.1067257 -0.2884805  0.7305521 -0.1817548
 3   0.0000000  0.5773503  0.5773503  0.0000000 -0.5773503
 4   0.3464444 -0.2083543 -0.5311324 -0.0873065 -0.7394868
 5   0.0873065 -0.7335923  0.5472363  0.3464444 -0.1863560
 occupations
 0.350 -0.015 -0.015  0.000 -0.030
-0.015  0.428 -0.003 -0.026  0.003
-0.015 -0.003  0.428  0.026  0.003
 0.000 -0.026  0.026  0.350  0.000
-0.030  0.003  0.003  0.000  0.428
atom  4   Tr[ns(na)]=   6.9529110
atom  4  spin  1
eigenvalues:  0.3363604 0.3363604 0.4214544 0.4449376 0.4449376
 eigenvectors
 1  -0.6959594 -0.2771667  0.0597986 -0.6228920 -0.2173681
 2  -0.6228920  0.0909728 -0.2855198  0.6959594 -0.1945470
 3   0.0000000  0.5773503  0.5773503  0.0000000 -0.5773503
 4   0.3449897 -0.1964834 -0.5398983 -0.0928884 -0.7363817
 5   0.0928884 -0.7368606  0.5385899  0.3449897 -0.1982707
 occupations
 0.350 -0.015 -0.015  0.000 -0.030
-0.015  0.428 -0.003 -0.026  0.003
-0.015 -0.003  0.428  0.026  0.003
 0.000 -0.026  0.026  0.350  0.000
-0.030  0.003  0.003  0.000  0.428
atom  4  spin  2
eigenvalues:  0.9850299 0.9850299 0.9995017 0.9995017 0.9997975
 eigenvectors
 1   0.0311072 -0.1028866  0.0992173  0.9892366 -0.0036692
 2   0.9892366 -0.0551647 -0.0615200 -0.0311072 -0.1166848
 3   0.1429609  0.4153528  0.3926485  0.0023193  0.8080013
 4  -0.0023193  0.6931955 -0.7063038  0.1429609 -0.0131083
 5   0.0000000 -0.5773503 -0.5773503  0.0000000  0.5773503
 occupations
 0.985  0.001  0.001  0.000  0.002
 0.001  0.999  0.000  0.001  0.000
 0.001  0.000  0.999 -0.001  0.000
 0.000  0.001 -0.001  0.985  0.000
 0.002  0.000  0.000  0.000  0.999
nsum =  13.9058221
 exit write_ns

     total cpu time spent up to now is     57.90 secs

     total energy              =  -174.82397178 ryd
     estimated scf accuracy    <     0.00166303 ryd

     total magnetization       =     0.00 Bohr mag/cell
     absolute magnetization    =     7.05 Bohr mag/cell

     iteration #  5     ecut=    30.00 ryd     beta=0.30
     Davidson diagonalization with overlap
     ethr =  5.94E-06,  avg # of iterations =  3.0
 enter write_ns
U( 1) =  0.0000      U( 2) =  0.0000      U( 3) =  0.0000
alpha( 1) =  0.0000      alpha( 2) =  0.0000      alpha( 3) =  0.0000
atom  3   Tr[ns(na)]=   6.9362952
atom  3  spin  1
eigenvalues:  0.9853499 0.9853499 0.9995282 0.9995282 0.9999372
 eigenvectors
 1  -0.0444307 -0.0972075  0.1023846  0.9889728  0.0051770
 2   0.9889728 -0.0621007 -0.0531338  0.0444307 -0.1152346
 3   0.1412404  0.4196145  0.3884931  0.0031404  0.8081077
 4  -0.0031404  0.6908578 -0.7088258  0.1412404 -0.0179680
 5   0.0000000 -0.5773503 -0.5773503  0.0000000  0.5773503
 occupations
 0.986  0.001  0.001  0.000  0.002
 0.001  0.999  0.000  0.001  0.000
 0.001  0.000  0.999 -0.001  0.000
 0.000  0.001 -0.001  0.986  0.000
 0.002  0.000  0.000  0.000  0.999
atom  3  spin  2
eigenvalues:  0.3301164 0.3301164 0.4284797 0.4389447 0.4389447
 eigenvectors
 1  -0.6768144 -0.2778605  0.0682183 -0.6450676 -0.2096422
 2  -0.6450676  0.0816511 -0.2814598  0.6768144 -0.1998087
 3   0.0000000  0.5773503  0.5773503  0.0000000 -0.5773503
 4   0.3415943 -0.1895683 -0.5456399 -0.0955162 -0.7352081
 5   0.0955162 -0.7394979  0.5339199  0.3415943 -0.2055780
 occupations
 0.344 -0.015 -0.015  0.000 -0.029
-0.015  0.426  0.001 -0.026 -0.001
-0.015  0.001  0.426  0.026 -0.001
 0.000 -0.026  0.026  0.344  0.000
-0.029 -0.001 -0.001  0.000  0.426
atom  4   Tr[ns(na)]=   6.9362952
atom  4  spin  1
eigenvalues:  0.3301164 0.3301164 0.4284797 0.4389447 0.4389447
 eigenvectors
 1  -0.6950817 -0.2753980  0.0600975 -0.6253410 -0.2153005
 2  -0.6253410  0.0896065 -0.2833049  0.6950817 -0.1936984
 3   0.0000000  0.5773503  0.5773503  0.0000000 -0.5773503
 4   0.3419382 -0.1922465 -0.5437017 -0.0942779 -0.7359482
 5   0.0942779 -0.7388062  0.5358935  0.3419382 -0.2029127
 occupations
 0.344 -0.015 -0.015  0.000 -0.029
-0.015  0.426  0.001 -0.026 -0.001
-0.015  0.001  0.426  0.026 -0.001
 0.000 -0.026  0.026  0.344  0.000
-0.029 -0.001 -0.001  0.000  0.426
atom  4  spin  2
eigenvalues:  0.9853499 0.9853499 0.9995282 0.9995282 0.9999372
 eigenvectors
 1   0.0425217 -0.1022818  0.0973272  0.9890567 -0.0049546
 2   0.9890567 -0.0533314 -0.0619130 -0.0425217 -0.1152443
 3   0.1412640  0.4129910  0.3952515  0.0017901  0.8082425
 4  -0.0017901  0.6948376 -0.7050795  0.1412640 -0.0102419
 5   0.0000000 -0.5773503 -0.5773503  0.0000000  0.5773503
 occupations
 0.986  0.001  0.001  0.000  0.002
 0.001  0.999  0.000  0.001  0.000
 0.001  0.000  0.999 -0.001  0.000
 0.000  0.001 -0.001  0.986  0.000
 0.002  0.000  0.000  0.000  0.999
nsum =  13.8725904
 exit write_ns

     total cpu time spent up to now is     70.83 secs

     total energy              =  -174.82455970 ryd
     estimated scf accuracy    <     0.00042501 ryd

     total magnetization       =     0.00 Bohr mag/cell
     absolute magnetization    =     7.08 Bohr mag/cell

     iteration #  6     ecut=    30.00 ryd     beta=0.30
     Davidson diagonalization with overlap
     ethr =  1.52E-06,  avg # of iterations =  2.0
 enter write_ns
U( 1) =  0.0000      U( 2) =  0.0000      U( 3) =  0.0000
alpha( 1) =  0.0000      alpha( 2) =  0.0000      alpha( 3) =  0.0000
atom  3   Tr[ns(na)]=   6.9410835
atom  3  spin  1
eigenvalues:  0.9855448 0.9855448 0.9995114 0.9995114 0.9999559
 eigenvectors
 1  -0.0361085 -0.0980822  0.1023051  0.9892380  0.0042230
 2   0.9892380 -0.0615040 -0.0541896  0.0361085 -0.1156937
 3   0.1417781  0.4129882  0.3951939  0.0018023  0.8081821
 4  -0.0018023  0.6947694 -0.7050430  0.1417781 -0.0102735
 5   0.0000000 -0.5773503 -0.5773503  0.0000000  0.5773503
 occupations
 0.986  0.001  0.001  0.000  0.002
 0.001  0.999  0.000  0.001  0.000
 0.001  0.000  0.999 -0.001  0.000
 0.000  0.001 -0.001  0.986  0.000
 0.002  0.000  0.000  0.000  0.999
atom  3  spin  2
eigenvalues:  0.3307668 0.3307668 0.4308127 0.4393344 0.4393344
 eigenvectors
 1  -0.7433388 -0.2765410  0.0362080 -0.5584814 -0.2403330
 2  -0.5584814  0.1178516 -0.2984174  0.7433388 -0.1805657
 3   0.0000000  0.5773503  0.5773503  0.0000000 -0.5773503
 4   0.3541045 -0.1851174 -0.5450350 -0.1007768 -0.7301524
 5   0.1007768 -0.7362298  0.5284312  0.3541045 -0.2077985
 occupations
 0.345 -0.015 -0.015  0.000 -0.030
-0.015  0.427  0.002 -0.026 -0.002
-0.015  0.002  0.427  0.026 -0.002
 0.000 -0.026  0.026  0.345  0.000
-0.030 -0.002 -0.002  0.000  0.427
atom  4   Tr[ns(na)]=   6.9410835
atom  4  spin  1
eigenvalues:  0.3307668 0.3307668 0.4308127 0.4393344 0.4393344
 eigenvectors
 1  -0.6749725 -0.2881537  0.0699245 -0.6394264 -0.2182291
 2  -0.6394264  0.0856237 -0.2923603  0.6749725 -0.2067365
 3   0.0000000  0.5773503  0.5773503  0.0000000 -0.5773503
 4   0.3501183 -0.1576522 -0.5642807 -0.1138558 -0.7219329
 5   0.1138558 -0.7425958  0.5078287  0.3501183 -0.2347671
 occupations
 0.345 -0.015 -0.015  0.000 -0.030
-0.015  0.427  0.002 -0.026 -0.002
-0.015  0.002  0.427  0.026 -0.002
 0.000 -0.026  0.026  0.345  0.000
-0.030 -0.002 -0.002  0.000  0.427
atom  4  spin  2
eigenvalues:  0.9855448 0.9855448 0.9995114 0.9995114 0.9999559
 eigenvectors
 1  -0.0133410 -0.0994711  0.1010314  0.9898069  0.0015603
 2   0.9898069 -0.0592313 -0.0565289  0.0133410 -0.1157602
 3   0.1417679  0.4163128  0.3918108  0.0024817  0.8081236
 4  -0.0024817  0.6927824 -0.7069287  0.1417679 -0.0141463
 5   0.0000000 -0.5773503 -0.5773503  0.0000000  0.5773503
 occupations
 0.986  0.001  0.001  0.000  0.002
 0.001  0.999  0.000  0.001  0.000
 0.001  0.000  0.999 -0.001  0.000
 0.000  0.001 -0.001  0.986  0.000
 0.002  0.000  0.000  0.000  0.999
nsum =  13.8821670
 exit write_ns

     total cpu time spent up to now is     82.72 secs

     total energy              =  -174.82463875 ryd
     estimated scf accuracy    <     0.00003442 ryd

     total magnetization       =     0.00 Bohr mag/cell
     absolute magnetization    =     7.08 Bohr mag/cell

     iteration #  7     ecut=    30.00 ryd     beta=0.30
     Davidson diagonalization with overlap
     ethr =  1.23E-07,  avg # of iterations =  3.2
 enter write_ns
U( 1) =  0.0000      U( 2) =  0.0000      U( 3) =  0.0000
alpha( 1) =  0.0000      alpha( 2) =  0.0000      alpha( 3) =  0.0000
atom  3   Tr[ns(na)]=   6.9370511
atom  3  spin  1
eigenvalues:  0.9856182 0.9856182 0.9995057 0.9995057 0.9999715
 eigenvectors
 1   0.0596007 -0.1040040  0.0970034  0.9880143 -0.0070007
 2   0.9880143 -0.0519631 -0.0640886 -0.0596007 -0.1160517
 3   0.1423717  0.4158789  0.3921821  0.0024105  0.8080609
 4  -0.0024105  0.6929606 -0.7066420  0.1423717 -0.0136813
 5   0.0000000 -0.5773503 -0.5773503  0.0000000  0.5773503
 occupations
 0.986  0.001  0.001  0.000  0.002
 0.001  0.999  0.000  0.001  0.000
 0.001  0.000  0.999 -0.001  0.000
 0.000  0.001 -0.001  0.986  0.000
 0.002  0.000  0.000  0.000  0.999
atom  3  spin  2
eigenvalues:  0.3294809 0.3294809 0.4307015 0.4385843 0.4385843
 eigenvectors
 1  -0.7291748 -0.2762370  0.0438125 -0.5797038 -0.2324245
 2  -0.5797038  0.1088952 -0.2936759  0.7291748 -0.1847806
 3   0.0000000  0.5773503  0.5773503  0.0000000 -0.5773503
 4   0.3502708 -0.1892159 -0.5433766 -0.0977645 -0.7325924
 5   0.0977645 -0.7366810  0.5322063  0.3502708 -0.2044748
 occupations
 0.344 -0.015 -0.015  0.000 -0.030
-0.015  0.426  0.002 -0.026 -0.002
-0.015  0.002  0.426  0.026 -0.002
 0.000 -0.026  0.026  0.344  0.000
-0.030 -0.002 -0.002  0.000  0.426
atom  4   Tr[ns(na)]=   6.9370517
atom  4  spin  1
eigenvalues:  0.3294810 0.3294810 0.4307016 0.4385845 0.4385845
 eigenvectors
 1  -0.6811399 -0.2839706  0.0668574 -0.6354534 -0.2171132
 2  -0.6354534  0.0867502 -0.2893009  0.6811399 -0.2025507
 3   0.0000000  0.5773503  0.5773503  0.0000000 -0.5773503
 4   0.3493606 -0.1824613 -0.5482279 -0.1009682 -0.7306892
 5   0.1009682 -0.7383831  0.5272077  0.3493606 -0.2111754
 occupations
 0.344 -0.015 -0.015  0.000 -0.030
-0.015  0.426  0.002 -0.026 -0.002
-0.015  0.002  0.426  0.026 -0.002
 0.000 -0.026  0.026  0.344  0.000
-0.030 -0.002 -0.002  0.000  0.426
atom  4  spin  2
eigenvalues:  0.9856182 0.9856182 0.9995057 0.9995057 0.9999715
 eigenvectors
 1  -0.0940194 -0.0947094  0.1057529  0.9853349  0.0110435
 2   0.9853349 -0.0674324 -0.0483046  0.0940194 -0.1157370
 3   0.1423566  0.4196148  0.3883605  0.0031793  0.8079753
 4  -0.0031793  0.6907048 -0.7087495  0.1423566 -0.0180447
 5   0.0000000 -0.5773503 -0.5773503  0.0000000  0.5773503
 occupations
 0.986  0.001  0.001  0.000  0.002
 0.001  0.999  0.000  0.001  0.000
 0.001  0.000  0.999 -0.001  0.000
 0.000  0.001 -0.001  0.986  0.000
 0.002  0.000  0.000  0.000  0.999
nsum =  13.8741028
 exit write_ns

     total cpu time spent up to now is     96.56 secs

     total energy              =  -174.82465067 ryd
     estimated scf accuracy    <     0.00003425 ryd

     total magnetization       =     0.00 Bohr mag/cell
     absolute magnetization    =     7.09 Bohr mag/cell

     iteration #  8     ecut=    30.00 ryd     beta=0.30
     Davidson diagonalization with overlap
     ethr =  1.22E-07,  avg # of iterations =  3.5
 enter write_ns
U( 1) =  0.0000      U( 2) =  0.0000      U( 3) =  0.0000
alpha( 1) =  0.0000      alpha( 2) =  0.0000      alpha( 3) =  0.0000
atom  3   Tr[ns(na)]=   6.9393914
atom  3  spin  1
eigenvalues:  0.9856258 0.9856258 0.9995006 0.9995006 0.9999691
 eigenvectors
 1  -0.0413406 -0.0981512  0.1030060  0.9889507  0.0048549
 2   0.9889507 -0.0622735 -0.0538646  0.0413406 -0.1161381
 3   0.1423616  0.4080062  0.4001611  0.0007979  0.8081674
 4  -0.0007979  0.6976288 -0.7021582  0.1423616 -0.0045294
 5   0.0000000 -0.5773503 -0.5773503  0.0000000  0.5773503
 occupations
 0.986  0.001  0.001  0.000  0.002
 0.001  0.999  0.000  0.001  0.000
 0.001  0.000  0.999 -0.001  0.000
 0.000  0.001 -0.001  0.986  0.000
 0.002  0.000  0.000  0.000  0.999
atom  3  spin  2
eigenvalues:  0.3301358 0.3301358 0.4307531 0.4390724 0.4390724
 eigenvectors
 1  -0.7204611 -0.2801111  0.0481173 -0.5885043 -0.2319938
 2  -0.5885043  0.1061612 -0.2956639  0.7204611 -0.1895027
 3   0.0000000  0.5773503  0.5773503  0.0000000 -0.5773503
 4   0.3520523 -0.1793345 -0.5495355 -0.1032367 -0.7288699
 5   0.1032367 -0.7380877  0.5243520  0.3520523 -0.2137356
 occupations
 0.345 -0.015 -0.015  0.000 -0.030
-0.015  0.427  0.002 -0.026 -0.002
-0.015  0.002  0.427  0.026 -0.002
 0.000 -0.026  0.026  0.345  0.000
-0.030 -0.002 -0.002  0.000  0.427
atom  4   Tr[ns(na)]=   6.9393856
atom  4  spin  1
eigenvalues:  0.3301355 0.3301355 0.4307521 0.4390703 0.4390703
 eigenvectors
 1  -0.6847231 -0.2858547  0.0653669 -0.6297250 -0.2204878
 2  -0.6297250  0.0895591 -0.2923370  0.6847231 -0.2027779
 3   0.0000000  0.5773503  0.5773503  0.0000000 -0.5773503
 4   0.3519267 -0.1784193 -0.5501843 -0.1036738 -0.7286036
 5   0.1036738 -0.7383085  0.5236699  0.3519267 -0.2146386
 occupations
 0.345 -0.015 -0.015  0.000 -0.030
-0.015  0.427  0.002 -0.026 -0.002
-0.015  0.002  0.427  0.026 -0.002
 0.000 -0.026  0.026  0.345  0.000
-0.030 -0.002 -0.002  0.000  0.427
atom  4  spin  2
eigenvalues:  0.9856257 0.9856257 0.9995006 0.9995006 0.9999691
 eigenvectors
 1  -0.0112712 -0.0999978  0.1013215  0.9897503  0.0013236
 2   0.9897503 -0.0592622 -0.0569696  0.0112712 -0.1162318
 3   0.1423609  0.4083118  0.3998536  0.0008602  0.8081654
 4  -0.0008602  0.6974501 -0.7023334  0.1423609 -0.0048833
 5   0.0000000 -0.5773503 -0.5773503  0.0000000  0.5773503
 occupations
 0.986  0.001  0.001  0.000  0.002
 0.001  0.999  0.000  0.001  0.000
 0.001  0.000  0.999 -0.001  0.000
 0.000  0.001 -0.001  0.986  0.000
 0.002  0.000  0.000  0.000  0.999
nsum =  13.8787770
 exit write_ns

     total cpu time spent up to now is    108.99 secs

     total energy              =  -174.82465749 ryd
     estimated scf accuracy    <     0.00000105 ryd

     total magnetization       =     0.00 Bohr mag/cell
     absolute magnetization    =     7.09 Bohr mag/cell

     iteration #  9     ecut=    30.00 ryd     beta=0.30
     Davidson diagonalization with overlap
     ethr =  3.76E-09,  avg # of iterations =  3.8
 enter write_ns
U( 1) =  0.0000      U( 2) =  0.0000      U( 3) =  0.0000
alpha( 1) =  0.0000      alpha( 2) =  0.0000      alpha( 3) =  0.0000
atom  3   Tr[ns(na)]=   6.9389264
atom  3  spin  1
eigenvalues:  0.9856386 0.9856386 0.9995006 0.9995006 0.9999704
 eigenvectors
 1  -0.0132414  0.1015627 -0.1000057 -0.9897000  0.0015570
 2   0.9897000 -0.0568394 -0.0595362 -0.0132414 -0.1163755
 3   0.1425203  0.4165434  0.3914861  0.0025517  0.8080295
 4   0.0025517 -0.6925407  0.7070075 -0.1425203  0.0144668
 5   0.0000000 -0.5773503 -0.5773503  0.0000000  0.5773503
 occupations
 0.986  0.001  0.001  0.000  0.002
 0.001  0.999  0.000  0.001  0.000
 0.001  0.000  0.999 -0.001  0.000
 0.000  0.001 -0.001  0.986  0.000
 0.002  0.000  0.000  0.000  0.999
atom  3  spin  2
eigenvalues:  0.3300292 0.3300292 0.4304499 0.4390847 0.4390847
 eigenvectors
 1  -0.7004878 -0.2826534  0.0579064 -0.6128292 -0.2247470
 2  -0.6128292  0.0963255 -0.2929477  0.7004878 -0.1966223
 3   0.0000000  0.5773503  0.5773503  0.0000000 -0.5773503
 4   0.3513310 -0.1821697 -0.5478455 -0.1016062 -0.7300152
 5   0.1016062 -0.7377732  0.5266502  0.3513310 -0.2111231
 occupations
 0.345 -0.015 -0.015  0.000 -0.030
-0.015  0.426  0.002 -0.026 -0.002
-0.015  0.002  0.426  0.026 -0.002
 0.000 -0.026  0.026  0.345  0.000
-0.030 -0.002 -0.002  0.000  0.426
atom  4   Tr[ns(na)]=   6.9390054
atom  4  spin  1
eigenvalues:  0.3300327 0.3300327 0.4304636 0.4391133 0.4391133
 eigenvectors
 1  -0.7222734 -0.2789437  0.0472343 -0.5870189 -0.2317094
 2  -0.5870189  0.1065067 -0.2948257  0.7222734 -0.1883190
 3   0.0000000  0.5773503  0.5773503  0.0000000 -0.5773503
 4   0.3513221 -0.1823688 -0.5477140 -0.1015023 -0.7300829
 5   0.1015023 -0.7377364  0.5268042  0.3513221 -0.2109321
 occupations
 0.345 -0.015 -0.015  0.000 -0.030
-0.015  0.427  0.002 -0.026 -0.002
-0.015  0.002  0.427  0.026 -0.002
 0.000 -0.026  0.026  0.345  0.000
-0.030 -0.002 -0.002  0.000  0.427
atom  4  spin  2
eigenvalues:  0.9856391 0.9856391 0.9995006 0.9995006 0.9999704
 eigenvectors
 1  -0.0428351 -0.0981818  0.1032188  0.9888610  0.0050369
 2   0.9888610 -0.0625014 -0.0537772  0.0428351 -0.1162787
 3   0.1425422  0.4087041  0.3994369  0.0009437  0.8081410
 4  -0.0009437  0.6971955 -0.7025459  0.1425422 -0.0053504
 5   0.0000000 -0.5773503 -0.5773503  0.0000000  0.5773503
 occupations
 0.986  0.001  0.001  0.000  0.002
 0.001  0.999  0.000  0.001  0.000
 0.001  0.000  0.999 -0.001  0.000
 0.000  0.001 -0.001  0.986  0.000
 0.002  0.000  0.000  0.000  0.999
nsum =  13.8779318
 exit write_ns

     total cpu time spent up to now is    122.42 secs

     End of self-consistent calculation

 ------ SPIN UP ------------


          k = 0.0000 0.0000 0.0000 (   731 PWs)   bands (ev):

    -8.9532  -7.7467   2.7539   5.1279   5.1279   7.5764   7.6000   7.6000
     7.7782   7.7782   8.0651   8.9387   8.9387  11.0568  11.0568  11.2578
    11.5026  12.8934  12.8934  15.3692

          k =-0.7500 0.2500 0.2500 (   764 PWs)   bands (ev):

    -7.7707  -7.7514   3.6509   3.9130   4.7746   5.3282   5.3837   6.0705
     7.7223   8.2474   8.6478   9.6397   9.8409  10.4292  11.7002  11.8247
    12.6015  12.6284  17.2955  17.6040

          k =-0.5000-0.5000 0.5000 (   780 PWs)   bands (ev):

    -7.7619  -7.7504   2.7898   4.0522   5.1683   5.1908   6.4322   6.4448
     7.1584   8.2357   8.5575   9.3832   9.6068  10.7264  11.7104  11.8184
    13.0244  13.0946  15.3294  16.7015

          k =-0.2500-0.2500-0.2500 (   748 PWs)   bands (ev):

    -8.4146  -8.3806   4.4378   4.8298   5.5355   5.5355   6.5044   6.5044
     7.8487   7.8487   8.2987   9.9327   9.9327  10.9602  10.9724  10.9724
    12.4961  12.4961  13.9943  14.2633

 ------ SPIN DOWN ----------


          k = 0.0000 0.0000 0.0000 (   731 PWs)   bands (ev):

    -8.9532  -7.7467   2.7539   5.1279   5.1279   7.5764   7.6000   7.6000
     7.7781   7.7781   8.0650   8.9387   8.9387  11.0568  11.0568  11.2578
    11.5026  12.8934  12.8934  15.3692

          k =-0.7500 0.2500 0.2500 (   764 PWs)   bands (ev):

    -7.7707  -7.7514   3.6509   3.9130   4.7746   5.3282   5.3837   6.0705
     7.7223   8.2473   8.6478   9.6397   9.8408  10.4292  11.7002  11.8248
    12.6016  12.6284  17.2955  17.6040

          k =-0.5000-0.5000 0.5000 (   780 PWs)   bands (ev):

    -7.7619  -7.7504   2.7897   4.0522   5.1683   5.1908   6.4322   6.4448
     7.1584   8.2357   8.5574   9.3832   9.6068  10.7264  11.7105  11.8185
    13.0244  13.0947  15.3294  16.7015

          k =-0.2500-0.2500-0.2500 (   748 PWs)   bands (ev):

    -8.4146  -8.3806   4.4378   4.8298   5.5355   5.5355   6.5045   6.5045
     7.8487   7.8487   8.2987   9.9327   9.9327  10.9602  10.9724  10.9724
    12.4961  12.4961  13.9943  14.2633

     the Fermi energy is    10.9769 ev

!    total energy              =  -174.82465792 ryd
     estimated scf accuracy    <     0.00000003 ryd

     band energy sum           =    10.14370767 ryd
     one-electron contribution =     0.56214560 ryd
     hartree contribution      =    27.86075480 ryd
     xc contribution           =   -65.73507914 ryd
     ewald contribution        =  -137.50929535 ryd
     Hubbard energy            =     0.00000000 ryd
     correction for metals     =    -0.00318384 ryd

     total magnetization       =     0.00 Bohr mag/cell
     absolute magnetization    =     7.09 Bohr mag/cell

     convergence has been achieved

     Writing output data file feo_af.save
 
     PWSCF        :  2m 2.69s CPU time

     init_run     :    10.72s CPU
     electrons    :   111.29s CPU
 
     electrons    :   111.29s CPU
     c_bands      :    62.19s CPU (       9 calls,   6.910 s avg)
     sum_band     :    31.65s CPU (       9 calls,   3.517 s avg)
     v_of_rho     :     2.16s CPU (      10 calls,   0.216 s avg)
     newd         :    12.68s CPU (      10 calls,   1.268 s avg)
     mix_rho      :     0.34s CPU (       9 calls,   0.037 s avg)
 
     c_bands      :    62.19s CPU (       9 calls,   6.910 s avg)
     init_us_2    :     0.58s CPU (     160 calls,   0.004 s avg)
     cegterg      :    61.50s CPU (      72 calls,   0.854 s avg)
 
     sum_band     :    31.65s CPU (       9 calls,   3.517 s avg)
     becsum       :     0.01s CPU (      72 calls,   0.000 s avg)
     addusdens    :    12.36s CPU (       9 calls,   1.374 s avg)
 
     wfcrot       :     2.74s CPU (       8 calls,   0.343 s avg)
     cegterg      :    61.50s CPU (      72 calls,   0.854 s avg)
     h_psi        :    57.40s CPU (     276 calls,   0.208 s avg)
     g_psi        :     0.12s CPU (     196 calls,   0.001 s avg)
     cdiaghg      :     1.12s CPU (     268 calls,   0.004 s avg)
     update       :     0.76s CPU (     196 calls,   0.004 s avg)
     last         :     0.57s CPU (      72 calls,   0.008 s avg)
 
     h_psi        :    57.40s CPU (     276 calls,   0.208 s avg)
     init         :     0.08s CPU (     276 calls,   0.000 s avg)
     firstfft     :    24.31s CPU (    3597 calls,   0.007 s avg)
     secondfft    :    23.77s CPU (    3597 calls,   0.007 s avg)
     add_vuspsi   :     1.62s CPU (     276 calls,   0.006 s avg)
     s_psi        :     1.78s CPU (     284 calls,   0.006 s avg)
 
     General routines
     ccalbec      :     2.36s CPU (     356 calls,   0.007 s avg)
     cft3         :     5.44s CPU (     136 calls,   0.040 s avg)
     cft3s        :    52.84s CPU (    8672 calls,   0.006 s avg)
     interpolate  :     2.26s CPU (      38 calls,   0.059 s avg)
     davcio       :     0.35s CPU (     456 calls,   0.001 s avg)
 
