
     Program PWSCF     v.3.1.1  starts ...
     Today is 29Jun2006 at  5:12: 7 

     Ultrasoft (Vanderbilt) Pseudopotentials

     Current dimensions of program pwscf are:

     ntypx = 10   npk = 40000  lmax =  3
     nchix =  6  ndmx =  2000  nbrx = 14  nqfx =  8
  HUBBARD L FOR TYPE Fe IS            2
  HUBBARD L FOR TYPE Fe IS            2
  MAXIMUM HUBBARD L IS            2


     bravais-lattice index     =            0
     lattice parameter (a_0)   =       8.1900  a.u.
     unit-cell volume          =     274.6766 (a.u.)^3
     number of atoms/cell      =            4
     number of atomic types    =            3
     kinetic-energy cutoff     =      30.0000  Ry
     charge density cutoff     =     240.0000  Ry
     convergence threshold     =      1.0E-06
     beta                      =       0.3000
     number of iterations used =            8  plain     mixing
     Exchange-correlation      =  SLA  PZ   NOGX NOGC (1100)
     celldm(1)=   8.190000  celldm(2)=   0.000000  celldm(3)=   0.000000
     celldm(4)=   0.000000  celldm(5)=   0.000000  celldm(6)=   0.000000

     crystal axes: (cart. coord. in units of a_0)
               a(1) = (  0.500000  0.500000  1.000000 )  
               a(2) = (  0.500000  1.000000  0.500000 )  
               a(3) = (  1.000000  0.500000  0.500000 )  

     reciprocal axes: (cart. coord. in units 2 pi/a_0)
               b(1) = ( -0.500000 -0.500000  1.500000 )  
               b(2) = ( -0.500000  1.500000 -0.500000 )  
               b(3) = (  1.500000 -0.500000 -0.500000 )  


     PSEUDO 1 is O  (US)    zval =  6.0   lmax= 2   lloc= 0
     Version   0  0  0 of US pseudo code
     Using log mesh of  1269 points
     The pseudopotential has  4 beta functions with: 
                l(1) =   0
                l(2) =   0
                l(3) =   1
                l(4) =   1
     Q(r) pseudized with  0 coefficients,  rinner =    0.000   0.000   0.000
                                                       0.000   0.000

     PSEUDO 2 is Fe (US)    zval =  8.0   lmax= 2   lloc= 0
     Version   0  0  0 of US pseudo code
     Using log mesh of   957 points
     The pseudopotential has  6 beta functions with: 
                l(1) =   0
                l(2) =   0
                l(3) =   1
                l(4) =   1
                l(5) =   2
                l(6) =   2
     Q(r) pseudized with  0 coefficients,  rinner =    0.000   0.000   0.000
                                                       0.000   0.000

     PSEUDO 3 is Fe (US)    zval =  8.0   lmax= 2   lloc= 0
     Version   0  0  0 of US pseudo code
     Using log mesh of   957 points
     The pseudopotential has  6 beta functions with: 
                l(1) =   0
                l(2) =   0
                l(3) =   1
                l(4) =   1
                l(5) =   2
                l(6) =   2
     Q(r) pseudized with  0 coefficients,  rinner =    0.000   0.000   0.000
                                                       0.000   0.000

     atomic species   valence    mass     pseudopotential
        O1             6.00     1.00000     O ( 1.00)
        Fe1            8.00     1.00000     Fe( 1.00)
        Fe2            8.00     1.00000     Fe( 1.00)

     Starting magnetic structure 
     atomic species   magnetization
        O1           0.000
        Fe1          0.500
        Fe2         -0.500

     12 Sym.Ops. (with inversion)


   Cartesian axes

     site n.     atom                  positions (a_0 units)
         1           O1  tau(  1) = (   0.5000000   0.5000000   0.5000000  )
         2           O1  tau(  2) = (   1.5000000   1.5000000   1.5000000  )
         3           Fe1 tau(  3) = (   0.0000000   0.0000000   0.0000000  )
         4           Fe2 tau(  4) = (   1.0000000   1.0000000   1.0000000  )

     number of k points=    8  gaussian broad. (ryd)=  0.0100     ngauss =   0
                       cart. coord. in units 2pi/a_0
        k(    1) = (   0.0000000   0.0000000   0.0000000), wk =   0.1250000
        k(    2) = (  -0.7500000   0.2500000   0.2500000), wk =   0.3750000
        k(    3) = (  -0.5000000  -0.5000000   0.5000000), wk =   0.3750000
        k(    4) = (  -0.2500000  -0.2500000  -0.2500000), wk =   0.1250000
        k(    5) = (   0.0000000   0.0000000   0.0000000), wk =   0.1250000
        k(    6) = (  -0.7500000   0.2500000   0.2500000), wk =   0.3750000
        k(    7) = (  -0.5000000  -0.5000000   0.5000000), wk =   0.3750000
        k(    8) = (  -0.2500000  -0.2500000  -0.2500000), wk =   0.1250000

     G cutoff =  407.7738  (  17255 G-vectors)     FFT grid: ( 50, 50, 50)
     G cutoff =  203.8869  (   6111 G-vectors)  smooth grid: ( 36, 36, 36)

     nbndx  =    80  nbnd   =    20  natomwfc =    20  npwx   =     780
     nelec  =  28.00  nkb   =    52  ngl    =     342

     Check: negative/imaginary core charge=   -0.000003    0.000000

     Initial potential from superposition of free atoms

     starting charge   27.99905, renormalised to   28.00000

     Parameters of the lda+U calculation:
     Number of iteration with fixed ns =  0
     Starting ns and Hubbard U :
 enter write_ns
U( 1) =  0.0000      U( 2) =  4.3000      U( 3) =  4.3000
alpha( 1) =  0.0000      alpha( 2) =  0.0000      alpha( 3) =  0.0000
atom  3   Tr[ns(na)]=   6.0000000
atom  3  spin  1
eigenvalues:  1.0000000 1.0000000 1.0000000 1.0000000 1.0000000
 eigenvectors
 1   1.0000000  0.0000000  0.0000000  0.0000000  0.0000000
 2   0.0000000  1.0000000  0.0000000  0.0000000  0.0000000
 3   0.0000000  0.0000000  1.0000000  0.0000000  0.0000000
 4   0.0000000  0.0000000  0.0000000  1.0000000  0.0000000
 5   0.0000000  0.0000000  0.0000000  0.0000000  1.0000000
 occupations
 1.000  0.000  0.000  0.000  0.000
 0.000  1.000  0.000  0.000  0.000
 0.000  0.000  1.000  0.000  0.000
 0.000  0.000  0.000  1.000  0.000
 0.000  0.000  0.000  0.000  1.000
atom  3  spin  2
eigenvalues:  0.2000000 0.2000000 0.2000000 0.2000000 0.2000000
 eigenvectors
 1   1.0000000  0.0000000  0.0000000  0.0000000  0.0000000
 2   0.0000000  1.0000000  0.0000000  0.0000000  0.0000000
 3   0.0000000  0.0000000  1.0000000  0.0000000  0.0000000
 4   0.0000000  0.0000000  0.0000000  1.0000000  0.0000000
 5   0.0000000  0.0000000  0.0000000  0.0000000  1.0000000
 occupations
 0.200  0.000  0.000  0.000  0.000
 0.000  0.200  0.000  0.000  0.000
 0.000  0.000  0.200  0.000  0.000
 0.000  0.000  0.000  0.200  0.000
 0.000  0.000  0.000  0.000  0.200
atom  4   Tr[ns(na)]=   6.0000000
atom  4  spin  1
eigenvalues:  0.2000000 0.2000000 0.2000000 0.2000000 0.2000000
 eigenvectors
 1   1.0000000  0.0000000  0.0000000  0.0000000  0.0000000
 2   0.0000000  1.0000000  0.0000000  0.0000000  0.0000000
 3   0.0000000  0.0000000  1.0000000  0.0000000  0.0000000
 4   0.0000000  0.0000000  0.0000000  1.0000000  0.0000000
 5   0.0000000  0.0000000  0.0000000  0.0000000  1.0000000
 occupations
 0.200  0.000  0.000  0.000  0.000
 0.000  0.200  0.000  0.000  0.000
 0.000  0.000  0.200  0.000  0.000
 0.000  0.000  0.000  0.200  0.000
 0.000  0.000  0.000  0.000  0.200
atom  4  spin  2
eigenvalues:  1.0000000 1.0000000 1.0000000 1.0000000 1.0000000
 eigenvectors
 1   1.0000000  0.0000000  0.0000000  0.0000000  0.0000000
 2   0.0000000  1.0000000  0.0000000  0.0000000  0.0000000
 3   0.0000000  0.0000000  1.0000000  0.0000000  0.0000000
 4   0.0000000  0.0000000  0.0000000  1.0000000  0.0000000
 5   0.0000000  0.0000000  0.0000000  0.0000000  1.0000000
 occupations
 1.000  0.000  0.000  0.000  0.000
 0.000  1.000  0.000  0.000  0.000
 0.000  0.000  1.000  0.000  0.000
 0.000  0.000  0.000  1.000  0.000
 0.000  0.000  0.000  0.000  1.000
nsum =  12.0000000
 exit write_ns
 LDA+U Projector read from file 
     Starting wfc are atomic

     total cpu time spent up to now is      7.33 secs

     Self-consistent Calculation

     iteration #  1     ecut=    30.00 ryd     beta=0.30
     Davidson diagonalization with overlap
     ethr =  1.00E-02,  avg # of iterations =  3.1
 enter write_ns
U( 1) =  0.0000      U( 2) =  4.3000      U( 3) =  4.3000
alpha( 1) =  0.0000      alpha( 2) =  0.0000      alpha( 3) =  0.0000
atom  3   Tr[ns(na)]=   5.7760882
atom  3  spin  1
eigenvalues:  0.9907404 0.9907404 0.9912458 0.9955846 0.9955846
 eigenvectors
 1   0.2198656 -0.2054628 -0.5624207 -0.0590090 -0.7678835
 2   0.0590090 -0.7680515  0.5619618  0.2198656 -0.2060897
 3   0.0000000  0.5773503  0.5773503  0.0000000 -0.5773503
 4  -0.5927802 -0.1842824  0.0711298 -0.7725210 -0.1131526
 5  -0.7725210  0.0242619 -0.1717242  0.5927802 -0.1474623
 occupations
 0.995  0.000  0.000  0.000  0.001
 0.000  0.991  0.000  0.001  0.000
 0.000  0.000  0.991 -0.001  0.000
 0.000  0.001 -0.001  0.995  0.000
 0.001  0.000  0.000  0.000  0.991
atom  3  spin  2
eigenvalues:  0.0511291 0.0511291 0.2194892 0.2452225 0.2452225
 eigenvectors
 1  -0.4521936 -0.0440616  0.0240793 -0.8902811 -0.0199823
 2   0.8902811  0.0023654  0.0369758 -0.4521936  0.0393412
 3   0.0000000 -0.5773503 -0.5773503  0.0000000  0.5773503
 4   0.0534471 -0.2986912 -0.5076380 -0.0079963 -0.8063292
 5   0.0079963 -0.7586193  0.6379838  0.0534471 -0.1206355
 occupations
 0.052 -0.004 -0.004  0.000 -0.009
-0.004  0.236 -0.008 -0.007  0.008
-0.004 -0.008  0.236  0.007  0.008
 0.000 -0.007  0.007  0.052  0.000
-0.009  0.008  0.008  0.000  0.236
atom  4   Tr[ns(na)]=   6.0819627
atom  4  spin  1
eigenvalues:  0.1596418 0.1596418 0.2422505 0.2568335 0.2568335
 eigenvectors
 1  -0.3633559 -0.0912835  0.0575260 -0.9247654 -0.0337575
 2  -0.9247654 -0.0137227 -0.0721924  0.3633559 -0.0859152
 3   0.0000000 -0.5773503 -0.5773503  0.0000000  0.5773503
 4  -0.1110126  0.2653549  0.5312498  0.0213934  0.7966047
 5  -0.0213934  0.7666371 -0.6131226 -0.1110126  0.1535145
 occupations
 0.161 -0.004 -0.004  0.000 -0.009
-0.004  0.251 -0.004 -0.008  0.004
-0.004 -0.004  0.251  0.008  0.004
 0.000 -0.008  0.008  0.161  0.000
-0.009  0.004  0.004  0.000  0.251
atom  4  spin  2
eigenvalues:  0.9977251 0.9977251 1.0036930 1.0038092 1.0038092
 eigenvectors
 1   0.4471851  0.2086328 -0.5605416 -0.5643148 -0.3519088
 2   0.5643148 -0.5268034  0.0827204  0.4471851 -0.4440830
 3   0.0000000 -0.5773503 -0.5773503  0.0000000  0.5773503
 4  -0.6797028 -0.3905652 -0.1852526 -0.1399230 -0.5758177
 5   0.1399230 -0.4394041  0.5579414 -0.6797028  0.1185373
 occupations
 1.001  0.001  0.001  0.000  0.002
 0.001  1.002  0.001  0.002 -0.001
 0.001  0.001  1.002 -0.002 -0.001
 0.000  0.002 -0.002  1.001  0.000
 0.002 -0.001 -0.001  0.000  1.002
nsum =  11.8580509
 exit write_ns
 Modify starting ns matrices according to input values 
 enter write_ns
U( 1) =  0.0000      U( 2) =  4.3000      U( 3) =  4.3000
alpha( 1) =  0.0000      alpha( 2) =  0.0000      alpha( 3) =  0.0000
atom  3   Tr[ns(na)]=   6.5308657
atom  3  spin  1
eigenvalues:  0.9907404 0.9907404 0.9912458 0.9955846 0.9955846
 eigenvectors
 1   0.2207634 -0.2174744 -0.5535446 -0.0555561 -0.7710190
 2   0.0555561 -0.7647372  0.5707069  0.2207634 -0.1940303
 3   0.0000000  0.5773503  0.5773503  0.0000000 -0.5773503
 4  -0.5101982 -0.1858003  0.0884114 -0.8293822 -0.0973889
 5  -0.8293822  0.0051832 -0.1634994  0.5101982 -0.1583162
 occupations
 0.995  0.000  0.000  0.000  0.001
 0.000  0.991  0.000  0.001  0.000
 0.000  0.000  0.991 -0.001  0.000
 0.000  0.001 -0.001  0.995  0.000
 0.001  0.000  0.000  0.000  0.991
atom  3  spin  2
eigenvalues:  0.0511291 0.0511291 0.2194892 0.2452225 1.0000000
 eigenvectors
 1   0.3838588  0.0437583 -0.0267957  0.9218090  0.0169626
 2  -0.9218090 -0.0056772 -0.0350572  0.3838588 -0.0407344
 3   0.0000000 -0.5773503 -0.5773503  0.0000000  0.5773503
 4  -0.0534471  0.2986912  0.5076380  0.0079963  0.8063292
 5  -0.0079963  0.7586193 -0.6379838 -0.0534471  0.1206355
 occupations
 0.052 -0.009  0.000  0.000 -0.009
-0.009  0.671 -0.374 -0.038  0.077
 0.000 -0.374  0.543  0.033 -0.050
 0.000 -0.038  0.033  0.054 -0.005
-0.009  0.077 -0.050 -0.005  0.247
atom  4   Tr[ns(na)]=   6.8251292
atom  4  spin  1
eigenvalues:  0.1596418 0.1596418 0.2422505 0.2568335 1.0000000
 eigenvectors
 1  -0.4221148 -0.0919774  0.0527609 -0.8994652 -0.0392165
 2  -0.8994652 -0.0078198 -0.0757448  0.4221148 -0.0835646
 3   0.0000000 -0.5773503 -0.5773503  0.0000000  0.5773503
 4  -0.1110126  0.2653549  0.5312498  0.0213934  0.7966047
 5  -0.0213934  0.7666371 -0.6131226 -0.1110126  0.1535145
 occupations
 0.161 -0.017  0.005  0.002 -0.011
-0.017  0.688 -0.354 -0.071  0.092
 0.005 -0.354  0.531  0.058 -0.066
 0.002 -0.071  0.058  0.170 -0.013
-0.011  0.092 -0.066 -0.013  0.269
atom  4  spin  2
eigenvalues:  0.9977251 0.9977251 1.0036930 1.0038092 1.0038092
 eigenvectors
 1   0.4681681  0.1885984 -0.5570195 -0.5470324 -0.3684211
 2   0.5470324 -0.5343034  0.1038207  0.4681681 -0.4304827
 3   0.0000000 -0.5773503 -0.5773503  0.0000000  0.5773503
 4  -0.6736724 -0.4075480 -0.1631610 -0.1665526 -0.5707090
 5   0.1665526 -0.4237001  0.5647970 -0.6736724  0.1410969
 occupations
 1.001  0.001  0.001  0.000  0.002
 0.001  1.002  0.001  0.002 -0.001
 0.001  0.001  1.002 -0.002 -0.001
 0.000  0.002 -0.002  1.001  0.000
 0.002 -0.001 -0.001  0.000  1.002
nsum =  13.3559948
 exit write_ns

     total cpu time spent up to now is     15.79 secs

     total energy              =  -173.96257860 ryd
     estimated scf accuracy    <     2.49032051 ryd

     total magnetization       =    -0.12 Bohr mag/cell
     absolute magnetization    =     8.49 Bohr mag/cell

     iteration #  2     ecut=    30.00 ryd     beta=0.30
     Davidson diagonalization with overlap
     ethr =  8.89E-03,  avg # of iterations =  2.2
 enter write_ns
U( 1) =  0.0000      U( 2) =  4.3000      U( 3) =  4.3000
alpha( 1) =  0.0000      alpha( 2) =  0.0000      alpha( 3) =  0.0000
atom  3   Tr[ns(na)]=   5.8589507
atom  3  spin  1
eigenvalues:  0.9890554 0.9890554 0.9969033 0.9982331 0.9982331
 eigenvectors
 1  -0.2166376 -0.0506990  0.0391607 -0.9740796 -0.0115383
 2  -0.9740796 -0.0159478 -0.0359328  0.2166376 -0.0518805
 3   0.0000000 -0.5773503 -0.5773503  0.0000000  0.5773503
 4  -0.0642126  0.2862231  0.5175236  0.0106688  0.8037466
 5  -0.0106688  0.7628357 -0.6292943 -0.0642126  0.1335414
 occupations
 0.989  0.000  0.000  0.000  0.000
 0.000  0.998  0.000  0.000  0.000
 0.000  0.000  0.998  0.000  0.000
 0.000  0.000  0.000  0.989  0.000
 0.000  0.000  0.000  0.000  0.998
atom  3  spin  2
eigenvalues:  0.0851362 0.0851362 0.0885735 0.3143121 0.3143121
 eigenvectors
 1  -0.6477129 -0.1259522  0.0418032 -0.7455035 -0.0841489
 2   0.7455035 -0.0244483  0.1213019 -0.6477129  0.0968536
 3   0.0000000 -0.5773503 -0.5773503  0.0000000  0.5773503
 4   0.1537871 -0.2511243 -0.5380313 -0.0322803 -0.7891555
 5   0.0322803 -0.7662517  0.6006058  0.1537871 -0.1656458
 occupations
 0.091 -0.015 -0.015  0.000 -0.029
-0.015  0.235 -0.073 -0.025  0.073
-0.015 -0.073  0.235  0.025  0.073
 0.000 -0.025  0.025  0.091  0.000
-0.029  0.073  0.073  0.000  0.235
atom  4   Tr[ns(na)]=   7.1969750
atom  4  spin  1
eigenvalues:  0.2964159 0.3211842 0.3211842 0.6316123 0.6316123
 eigenvectors
 1   0.0000000 -0.5773503 -0.5773503  0.0000000  0.5773503
 2  -0.4099357 -0.1016439  0.0594455 -0.9034970 -0.0421983
 3   0.9034970  0.0099577  0.0830474 -0.4099357  0.0930050
 4  -0.1227837  0.2636746  0.5315131  0.0238772  0.7951877
 5   0.0238772 -0.7659711  0.6113345  0.1227837 -0.1546366
 occupations
 0.326 -0.016 -0.016  0.000 -0.031
-0.016  0.517 -0.110 -0.027  0.110
-0.016 -0.110  0.517  0.027  0.110
 0.000 -0.027  0.027  0.326  0.000
-0.031  0.110  0.110  0.000  0.517
atom  4  spin  2
eigenvalues:  0.9953392 0.9953392 1.0010526 1.0010526 1.0021826
 eigenvectors
 1  -0.2862238 -0.2062410  0.3015209  0.8806518  0.0952798
 2  -0.8806518  0.2290930  0.0640635 -0.2862238  0.2931565
 3  -0.3772207 -0.4042012 -0.3512544 -0.0152639 -0.7554557
 4   0.0152639 -0.6389594  0.6695282 -0.3772207  0.0305688
 5   0.0000000 -0.5773503 -0.5773503  0.0000000  0.5773503
 occupations
 0.996  0.001  0.001  0.000  0.002
 0.001  1.001  0.001  0.001 -0.001
 0.001  0.001  1.001 -0.001 -0.001
 0.000  0.001 -0.001  0.996  0.000
 0.002 -0.001 -0.001  0.000  1.001
nsum =  13.0559257
 exit write_ns

     total cpu time spent up to now is     24.25 secs

     total energy              =  -174.47327983 ryd
     estimated scf accuracy    <     0.31347360 ryd

     total magnetization       =     0.68 Bohr mag/cell
     absolute magnetization    =     7.17 Bohr mag/cell

     iteration #  3     ecut=    30.00 ryd     beta=0.30
     Davidson diagonalization with overlap
     ethr =  1.12E-03,  avg # of iterations =  1.8
 enter write_ns
U( 1) =  0.0000      U( 2) =  4.3000      U( 3) =  4.3000
alpha( 1) =  0.0000      alpha( 2) =  0.0000      alpha( 3) =  0.0000
atom  3   Tr[ns(na)]=   7.0160712
atom  3  spin  1
eigenvalues:  0.9969055 0.9969055 0.9971718 0.9985091 0.9985091
 eigenvectors
 1  -0.8107259 -0.3032427 -0.0375032 -0.3650386 -0.3407459
 2   0.3650386 -0.2183823  0.3718070 -0.8107259  0.1534247
 3   0.0000000  0.5773503  0.5773503  0.0000000 -0.5773503
 4   0.4061749 -0.0323819 -0.6118842 -0.2109320 -0.6442661
 5  -0.2109320  0.7252387 -0.3906629 -0.4061749  0.3345758
 occupations
 0.997  0.000  0.000  0.000 -0.001
 0.000  0.998  0.000  0.000  0.000
 0.000  0.000  0.998  0.000  0.000
 0.000  0.000  0.000  0.997  0.000
-0.001  0.000  0.000  0.000  0.998
atom  3  spin  2
eigenvalues:  0.1156832 0.1156832 0.2747672 0.7609684 0.7609684
 eigenvectors
 1   0.0363294  0.0620988 -0.0595363  0.9956268  0.0025625
 2   0.9956268  0.0328939  0.0373322 -0.0363294  0.0702260
 3   0.0000000 -0.5773503 -0.5773503  0.0000000  0.5773503
 4   0.0848999 -0.2856377 -0.5168058 -0.0141208 -0.8024435
 5   0.0141208 -0.7616689  0.6282039  0.0848999 -0.1334650
 occupations
 0.120 -0.023 -0.023  0.000 -0.045
-0.023  0.596 -0.160 -0.039  0.160
-0.023 -0.160  0.596  0.039  0.160
 0.000 -0.039  0.039  0.120  0.000
-0.045  0.160  0.160  0.000  0.596
atom  4   Tr[ns(na)]=   5.9296333
atom  4  spin  1
eigenvalues:  0.1173190 0.1690576 0.1690576 0.2376884 0.2376884
 eigenvectors
 1   0.0000000  0.5773503  0.5773503  0.0000000 -0.5773503
 2  -0.0772836 -0.3394648 -0.4710173  0.0072424 -0.8104821
 3   0.0072424  0.7398740 -0.6639221  0.0772836  0.0759519
 4   0.0000000  0.0548872 -0.0548872 -0.9969828  0.0000000
 5  -0.9969828  0.0316891  0.0316891  0.0000000  0.0633783
 occupations
 0.237 -0.002 -0.002  0.000 -0.004
-0.002  0.152 -0.017 -0.004  0.017
-0.002 -0.017  0.152  0.004  0.017
 0.000 -0.004  0.004  0.237  0.000
-0.004  0.017  0.017  0.000  0.152
atom  4  spin  2
eigenvalues:  0.9947825 0.9947825 1.0028004 1.0028004 1.0036567
 eigenvectors
 1   0.2987805  0.1646621 -0.2422225 -0.9049471 -0.0775603
 2   0.9049471 -0.1846267 -0.0502883  0.2987805 -0.2349149
 3   0.3029861  0.3876393  0.3904759 -0.0006377  0.7781153
 4   0.0006377  0.6746864 -0.6730487  0.3029861  0.0016377
 5   0.0000000 -0.5773503 -0.5773503  0.0000000  0.5773503
 occupations
 0.996  0.001  0.001  0.000  0.002
 0.001  1.003  0.001  0.002 -0.001
 0.001  0.001  1.003 -0.002 -0.001
 0.000  0.002 -0.002  0.996  0.000
 0.002 -0.001 -0.001  0.000  1.003
nsum =  12.9457046
 exit write_ns

     total cpu time spent up to now is     32.35 secs

     total energy              =  -174.49893638 ryd
     estimated scf accuracy    <     1.31243446 ryd

     total magnetization       =    -1.62 Bohr mag/cell
     absolute magnetization    =     7.34 Bohr mag/cell

     iteration #  4     ecut=    30.00 ryd     beta=0.30
     Davidson diagonalization with overlap
     ethr =  1.12E-03,  avg # of iterations =  1.0
 enter write_ns
U( 1) =  0.0000      U( 2) =  4.3000      U( 3) =  4.3000
alpha( 1) =  0.0000      alpha( 2) =  0.0000      alpha( 3) =  0.0000
atom  3   Tr[ns(na)]=   5.9838014
atom  3  spin  1
eigenvalues:  0.9941021 0.9941021 0.9979202 0.9988067 0.9988067
 eigenvectors
 1  -0.2568409 -0.0806754  0.0591069 -0.9610231 -0.0215686
 2  -0.9610231 -0.0216727 -0.0590306  0.2568409 -0.0807033
 3   0.0000000 -0.5773503 -0.5773503  0.0000000  0.5773503
 4  -0.1005688  0.2699740  0.5284147  0.0187953  0.7983887
 5  -0.0187953  0.7660303 -0.6168195 -0.1005688  0.1492108
 occupations
 0.994  0.000  0.000  0.000  0.000
 0.000  0.998  0.000  0.000  0.000
 0.000  0.000  0.998  0.000  0.000
 0.000  0.000  0.000  0.994  0.000
 0.000  0.000  0.000  0.000  0.998
atom  3  spin  2
eigenvalues:  0.0691976 0.0691976 0.1135590 0.3740547 0.3740547
 eigenvectors
 1  -0.7359653 -0.1126989  0.0245240 -0.6612699 -0.0881748
 2   0.6612699 -0.0367488  0.1159745 -0.7359653  0.0792257
 3   0.0000000 -0.5773503 -0.5773503  0.0000000  0.5773503
 4   0.1428198 -0.2717150 -0.5229972 -0.0260723 -0.7947123
 5   0.0260723 -0.7607799  0.6157021  0.1428198 -0.1450779
 occupations
 0.076 -0.018 -0.018  0.000 -0.036
-0.018  0.283 -0.085 -0.031  0.085
-0.018 -0.085  0.283  0.031  0.085
 0.000 -0.031  0.031  0.076  0.000
-0.036  0.085  0.085  0.000  0.283
atom  4   Tr[ns(na)]=   6.8968999
atom  4  spin  1
eigenvalues:  0.2387231 0.2645603 0.2645603 0.5647054 0.5647054
 eigenvectors
 1   0.0000000  0.5773503  0.5773503  0.0000000 -0.5773503
 2  -0.4628256 -0.1653237  0.0871492 -0.8629915 -0.0781745
 3   0.8629915  0.0051816  0.1405837 -0.4628256  0.1457653
 4   0.1969990 -0.2273740 -0.5501705 -0.0472179 -0.7775445
 5   0.0472179 -0.7665566  0.5801899  0.1969990 -0.1863666
 occupations
 0.277 -0.024 -0.024  0.000 -0.049
-0.024  0.448 -0.105 -0.042  0.105
-0.024 -0.105  0.448  0.042  0.105
 0.000 -0.042  0.042  0.277  0.000
-0.049  0.105  0.105  0.000  0.448
atom  4  spin  2
eigenvalues:  0.9964180 0.9964180 1.0019225 1.0019225 1.0029643
 eigenvectors
 1  -0.2723590 -0.2269950  0.3271247  0.8702053  0.1001297
 2  -0.8702053  0.2466755  0.0732457 -0.2723590  0.3199212
 3  -0.4102734 -0.3962693 -0.3477100 -0.0154605 -0.7439793
 4   0.0154605 -0.6302871  0.6583228 -0.4102734  0.0280357
 5   0.0000000 -0.5773503 -0.5773503  0.0000000  0.5773503
 occupations
 0.997  0.001  0.001  0.000  0.002
 0.001  1.002  0.001  0.001 -0.001
 0.001  0.001  1.002 -0.001 -0.001
 0.000  0.001 -0.001  0.997  0.000
 0.002 -0.001 -0.001  0.000  1.002
nsum =  12.8807012
 exit write_ns

     total cpu time spent up to now is     40.28 secs

     total energy              =  -174.51689335 ryd
     estimated scf accuracy    <     0.05536323 ryd

     total magnetization       =     0.30 Bohr mag/cell
     absolute magnetization    =     7.41 Bohr mag/cell

     iteration #  5     ecut=    30.00 ryd     beta=0.30
     Davidson diagonalization with overlap
     ethr =  1.98E-04,  avg # of iterations =  1.5
 enter write_ns
U( 1) =  0.0000      U( 2) =  4.3000      U( 3) =  4.3000
alpha( 1) =  0.0000      alpha( 2) =  0.0000      alpha( 3) =  0.0000
atom  3   Tr[ns(na)]=   5.9092058
atom  3  spin  1
eigenvalues:  0.9937225 0.9937225 0.9978944 0.9989449 0.9989449
 eigenvectors
 1  -0.2575477 -0.0735780  0.0538729 -0.9617510 -0.0197050
 2  -0.9617510 -0.0197268 -0.0538570  0.2575477 -0.0735838
 3   0.0000000 -0.5773503 -0.5773503  0.0000000  0.5773503
 4  -0.0917218  0.2707895  0.5284220  0.0170707  0.7992115
 5  -0.0170707  0.7665095 -0.6177653 -0.0917218  0.1487442
 occupations
 0.994  0.000  0.000  0.000  0.000
 0.000  0.999  0.000  0.000  0.000
 0.000  0.000  0.999  0.000  0.000
 0.000  0.000  0.000  0.994  0.000
 0.000  0.000  0.000  0.000  0.999
atom  3  spin  2
eigenvalues:  0.0661442 0.0661442 0.0932829 0.3502026 0.3502026
 eigenvectors
 1   0.5064154  0.1366018 -0.0664265  0.8458997  0.0701752
 2  -0.8458997  0.0021643 -0.1193828  0.5064154 -0.1172184
 3   0.0000000  0.5773503  0.5773503  0.0000000 -0.5773503
 4  -0.1630316  0.2352892  0.5490493  0.0376535  0.7843384
 5   0.0376535 -0.7698318  0.5886823  0.1630316 -0.1811495
 occupations
 0.074 -0.019 -0.019  0.000 -0.038
-0.019  0.259 -0.083 -0.033  0.083
-0.019 -0.083  0.259  0.033  0.083
 0.000 -0.033  0.033  0.074  0.000
-0.038  0.083  0.083  0.000  0.259
atom  4   Tr[ns(na)]=   7.0403324
atom  4  spin  1
eigenvalues:  0.1990391 0.2665052 0.2665052 0.6548374 0.6548374
 eigenvectors
 1   0.0000000  0.5773503  0.5773503  0.0000000 -0.5773503
 2   0.5323247  0.1988828 -0.0895329  0.8106186  0.1093499
 3   0.8106186 -0.0114413  0.1779583 -0.5323247  0.1665169
 4  -0.2352975  0.2004724  0.5631597  0.0645216  0.7636321
 5  -0.0645216  0.7660236 -0.5566260 -0.2352975  0.2093976
 occupations
 0.290 -0.038 -0.038  0.000 -0.075
-0.038  0.487 -0.144 -0.065  0.144
-0.038 -0.144  0.487  0.065  0.144
 0.000 -0.065  0.065  0.290  0.000
-0.075  0.144  0.144  0.000  0.487
atom  4  spin  2
eigenvalues:  0.9963860 0.9963860 1.0015295 1.0015295 1.0027772
 eigenvectors
 1  -0.2691369 -0.2302444  0.3305052  0.8690609  0.1002608
 2  -0.8690609  0.2487029  0.0750460 -0.2691369  0.3237490
 3  -0.4145646 -0.4032575 -0.3386382 -0.0208474 -0.7418957
 4   0.0208474 -0.6238465  0.6611545 -0.4145646  0.0373080
 5   0.0000000 -0.5773503 -0.5773503  0.0000000  0.5773503
 occupations
 0.997  0.001  0.001  0.000  0.002
 0.001  1.001  0.001  0.001 -0.001
 0.001  0.001  1.001 -0.001 -0.001
 0.000  0.001 -0.001  0.997  0.000
 0.002 -0.001 -0.001  0.000  1.001
nsum =  12.9495382
 exit write_ns

     total cpu time spent up to now is     48.24 secs

     total energy              =  -174.52351797 ryd
     estimated scf accuracy    <     0.06676210 ryd

     total magnetization       =     0.50 Bohr mag/cell
     absolute magnetization    =     7.35 Bohr mag/cell

     iteration #  6     ecut=    30.00 ryd     beta=0.30
     Davidson diagonalization with overlap
     ethr =  1.98E-04,  avg # of iterations =  1.0
 enter write_ns
U( 1) =  0.0000      U( 2) =  4.3000      U( 3) =  4.3000
alpha( 1) =  0.0000      alpha( 2) =  0.0000      alpha( 3) =  0.0000
atom  3   Tr[ns(na)]=   5.9122257
atom  3  spin  1
eigenvalues:  0.9949202 0.9949202 0.9979669 0.9989988 0.9989988
 eigenvectors
 1  -0.2652148 -0.0835453  0.0605266 -0.9583778 -0.0230186
 2  -0.9583778 -0.0216552 -0.0615247  0.2652148 -0.0831800
 3   0.0000000 -0.5773503 -0.5773503  0.0000000  0.5773503
 4  -0.1036356  0.2596311  0.5364105  0.0208040  0.7960416
 5  -0.0208040  0.7692916 -0.6094929 -0.1036356  0.1597987
 occupations
 0.995  0.000  0.000  0.000  0.000
 0.000  0.999  0.000  0.000  0.000
 0.000  0.000  0.999  0.000  0.000
 0.000  0.000  0.000  0.995  0.000
 0.000  0.000  0.000  0.000  0.999
atom  3  spin  2
eigenvalues:  0.0656654 0.0656654 0.0840144 0.3555378 0.3555378
 eigenvectors
 1   0.6987633  0.1357362 -0.0359668  0.6943040  0.0997695
 2  -0.6943040  0.0368365 -0.1359693  0.6987633 -0.0991328
 3   0.0000000  0.5773503  0.5773503  0.0000000 -0.5773503
 4  -0.1685111  0.2489691  0.5378408  0.0357193  0.7868099
 5   0.0357193 -0.7647874  0.5980073  0.1685111 -0.1667802
 occupations
 0.074 -0.020 -0.020  0.000 -0.040
-0.020  0.259 -0.088 -0.035  0.088
-0.020 -0.088  0.259  0.035  0.088
 0.000 -0.035  0.035  0.074  0.000
-0.040  0.088  0.088  0.000  0.259
atom  4   Tr[ns(na)]=   7.0114650
atom  4  spin  1
eigenvalues:  0.1676034 0.2545693 0.2545693 0.6679355 0.6679355
 eigenvectors
 1   0.0000000  0.5773503  0.5773503  0.0000000 -0.5773503
 2  -0.5636848 -0.2123374  0.0877127 -0.7835480 -0.1246246
 3   0.7835480 -0.0213111  0.1945451 -0.5636848  0.1732340
 4  -0.2513813  0.1921585  0.5658500  0.0715503  0.7580085
 5  -0.0715503  0.7643301 -0.5485792 -0.2513813  0.2157509
 occupations
 0.283 -0.043 -0.043  0.000 -0.085
-0.043  0.482 -0.157 -0.074  0.157
-0.043 -0.157  0.482  0.074  0.157
 0.000 -0.074  0.074  0.283  0.000
-0.085  0.157  0.157  0.000  0.482
atom  4  spin  2
eigenvalues:  0.9964642 0.9964642 1.0014438 1.0014438 1.0030359
 eigenvectors
 1  -0.2974427 -0.2285733  0.3437857  0.8531235  0.1152124
 2   0.8531235 -0.2650027 -0.0654489  0.2974427 -0.3304516
 3  -0.4279193 -0.4045569 -0.3319463 -0.0243572 -0.7365033
 4  -0.0243572  0.6168697 -0.6587914  0.4279193 -0.0419218
 5   0.0000000 -0.5773503 -0.5773503  0.0000000  0.5773503
 occupations
 0.997  0.001  0.001  0.000  0.002
 0.001  1.001  0.001  0.001 -0.001
 0.001  0.001  1.001 -0.001 -0.001
 0.000  0.001 -0.001  0.997  0.000
 0.002 -0.001 -0.001  0.000  1.001
nsum =  12.9236907
 exit write_ns

     total cpu time spent up to now is     56.15 secs

     total energy              =  -174.52254281 ryd
     estimated scf accuracy    <     0.03919452 ryd

     total magnetization       =     0.49 Bohr mag/cell
     absolute magnetization    =     7.38 Bohr mag/cell

     iteration #  7     ecut=    30.00 ryd     beta=0.30
     Davidson diagonalization with overlap
     ethr =  1.40E-04,  avg # of iterations =  1.1
 enter write_ns
U( 1) =  0.0000      U( 2) =  4.3000      U( 3) =  4.3000
alpha( 1) =  0.0000      alpha( 2) =  0.0000      alpha( 3) =  0.0000
atom  3   Tr[ns(na)]=   6.1333951
atom  3  spin  1
eigenvalues:  0.9959745 0.9959745 0.9978986 0.9986521 0.9986521
 eigenvectors
 1  -0.3717977 -0.1012773  0.0629516 -0.9198248 -0.0383257
 2  -0.9198248 -0.0142177 -0.0805998  0.3717977 -0.0948176
 3   0.0000000 -0.5773503 -0.5773503  0.0000000  0.5773503
 4  -0.1228306  0.2598284  0.5345574  0.0245256  0.7943858
 5  -0.0245256  0.7672657 -0.6086508 -0.1228306  0.1586149
 occupations
 0.996  0.000  0.000  0.000  0.000
 0.000  0.998  0.000  0.000  0.000
 0.000  0.000  0.998  0.000  0.000
 0.000  0.000  0.000  0.996  0.000
 0.000  0.000  0.000  0.000  0.998
atom  3  spin  2
eigenvalues:  0.0715856 0.0715856 0.0842560 0.4594082 0.4594082
 eigenvectors
 1  -0.6046176 -0.1483684  0.0562261 -0.7750954 -0.0921423
 2   0.7750954 -0.0207362  0.1388589 -0.6046176  0.1181227
 3   0.0000000  0.5773503  0.5773503  0.0000000 -0.5773503
 4  -0.1789121  0.2371978  0.5454572  0.0406841  0.7826550
 5   0.0406841 -0.7667860  0.5888123  0.1789121 -0.1779737
 occupations
 0.085 -0.029 -0.029  0.000 -0.057
-0.029  0.326 -0.121 -0.049  0.121
-0.029 -0.121  0.326  0.049  0.121
 0.000 -0.049  0.049  0.085  0.000
-0.057  0.121  0.121  0.000  0.326
atom  4   Tr[ns(na)]=   6.7863477
atom  4  spin  1
eigenvalues:  0.1449336 0.2415234 0.2415234 0.5794976 0.5794976
 eigenvectors
 1   0.0000000  0.5773503  0.5773503  0.0000000 -0.5773503
 2  -0.6897079 -0.2259575  0.0565974 -0.6643494 -0.1693600
 3  -0.6643494  0.0651035 -0.2282367  0.6897079 -0.1631332
 4  -0.2743122  0.1661118  0.5786342  0.0877251  0.7447459
 5  -0.0877251  0.7640539 -0.5258839 -0.2743122  0.2381699
 occupations
 0.270 -0.038 -0.038  0.000 -0.076
-0.038  0.416 -0.136 -0.066  0.136
-0.038 -0.136  0.416  0.066  0.136
 0.000 -0.066  0.066  0.270  0.000
-0.076  0.136  0.136  0.000  0.416
atom  4  spin  2
eigenvalues:  0.9963954 0.9963954 1.0016143 1.0016143 1.0033527
 eigenvectors
 1  -0.2699878 -0.2186387  0.3129091  0.8789225  0.0942704
 2   0.8789225 -0.2350852 -0.0718041  0.2699878 -0.3068892
 3  -0.3930409 -0.3933837 -0.3570554 -0.0109852 -0.7504391
 4  -0.0109852  0.6394122 -0.6603864  0.3930409 -0.0209742
 5   0.0000000 -0.5773503 -0.5773503  0.0000000  0.5773503
 occupations
 0.997  0.001  0.001  0.000  0.002
 0.001  1.002  0.001  0.001 -0.001
 0.001  0.001  1.002 -0.001 -0.001
 0.000  0.001 -0.001  0.997  0.000
 0.002 -0.001 -0.001  0.000  1.002
nsum =  12.9197428
 exit write_ns

     total cpu time spent up to now is     64.07 secs

     total energy              =  -174.52422224 ryd
     estimated scf accuracy    <     0.01288150 ryd

     total magnetization       =     0.08 Bohr mag/cell
     absolute magnetization    =     7.39 Bohr mag/cell

     iteration #  8     ecut=    30.00 ryd     beta=0.30
     Davidson diagonalization with overlap
     ethr =  4.60E-05,  avg # of iterations =  1.0
 enter write_ns
U( 1) =  0.0000      U( 2) =  4.3000      U( 3) =  4.3000
alpha( 1) =  0.0000      alpha( 2) =  0.0000      alpha( 3) =  0.0000
atom  3   Tr[ns(na)]=   6.0732138
atom  3  spin  1
eigenvalues:  0.9958365 0.9958365 0.9979057 0.9987401 0.9987401
 eigenvectors
 1  -0.3302198 -0.0914218  0.0605086 -0.9370059 -0.0309133
 2  -0.9370059 -0.0170869 -0.0706302  0.3302198 -0.0877171
 3   0.0000000 -0.5773503 -0.5773503  0.0000000  0.5773503
 4  -0.1117979  0.2635089  0.5326512  0.0218200  0.7961601
 5  -0.0218200  0.7671895 -0.6118002 -0.1117979  0.1553893
 occupations
 0.996  0.000  0.000  0.000  0.000
 0.000  0.998  0.000  0.000  0.000
 0.000  0.000  0.998  0.000  0.000
 0.000  0.000  0.000  0.996  0.000
 0.000  0.000  0.000  0.000  0.998
atom  3  spin  2
eigenvalues:  0.0710007 0.0710007 0.0795586 0.4322974 0.4322974
 eigenvectors
 1  -0.5808269 -0.1516562  0.0614558 -0.7922926 -0.0902004
 2   0.7922926 -0.0165957  0.1396360 -0.5808269  0.1230403
 3   0.0000000  0.5773503  0.5773503  0.0000000 -0.5773503
 4  -0.1827865  0.2482733  0.5364040  0.0387509  0.7846774
 5   0.0387509 -0.7627267  0.5963744  0.1827865 -0.1663523
 occupations
 0.084 -0.027 -0.027  0.000 -0.054
-0.027  0.306 -0.113 -0.047  0.113
-0.027 -0.113  0.306  0.047  0.113
 0.000 -0.047  0.047  0.084  0.000
-0.054  0.113  0.113  0.000  0.306
atom  4   Tr[ns(na)]=   6.8466916
atom  4  spin  1
eigenvalues:  0.1439299 0.2424493 0.2424493 0.6095211 0.6095211
 eigenvectors
 1   0.0000000  0.5773503  0.5773503  0.0000000 -0.5773503
 2  -0.7216169 -0.2209751  0.0451272 -0.6304603 -0.1758478
 3  -0.6304603  0.0754716 -0.2291058  0.7216169 -0.1536342
 4  -0.2740167  0.1808376  0.5688072  0.0818764  0.7496448
 5  -0.0818764  0.7612086 -0.5372142 -0.2740167  0.2239943
 occupations
 0.272 -0.041 -0.041  0.000 -0.082
-0.041  0.434 -0.145 -0.071  0.145
-0.041 -0.145  0.434  0.071  0.145
 0.000 -0.071  0.071  0.272  0.000
-0.082  0.145  0.145  0.000  0.434
atom  4  spin  2
eigenvalues:  0.9963632 0.9963632 1.0014198 1.0014198 1.0032548
 eigenvectors
 1  -0.2917961 -0.2191101  0.3249405  0.8660597  0.1058304
 2   0.8660597 -0.2487057 -0.0654021  0.2917961 -0.3141078
 3  -0.4053588 -0.4074260 -0.3376789 -0.0219072 -0.7451049
 4  -0.0219072  0.6251455 -0.6654140  0.4053588 -0.0402685
 5   0.0000000 -0.5773503 -0.5773503  0.0000000  0.5773503
 occupations
 0.997  0.001  0.001  0.000  0.002
 0.001  1.001  0.001  0.001 -0.001
 0.001  0.001  1.001 -0.001 -0.001
 0.000  0.001 -0.001  0.997  0.000
 0.002 -0.001 -0.001  0.000  1.001
nsum =  12.9199054
 exit write_ns

     total cpu time spent up to now is     72.01 secs

     total energy              =  -174.52426251 ryd
     estimated scf accuracy    <     0.00214644 ryd

     total magnetization       =     0.20 Bohr mag/cell
     absolute magnetization    =     7.39 Bohr mag/cell

     iteration #  9     ecut=    30.00 ryd     beta=0.30
     Davidson diagonalization with overlap
     ethr =  7.67E-06,  avg # of iterations =  2.1
 enter write_ns
U( 1) =  0.0000      U( 2) =  4.3000      U( 3) =  4.3000
alpha( 1) =  0.0000      alpha( 2) =  0.0000      alpha( 3) =  0.0000
atom  3   Tr[ns(na)]=   6.0522423
atom  3  spin  1
eigenvalues:  0.9958805 0.9958805 0.9978856 0.9987432 0.9987432
 eigenvectors
 1  -0.1845497 -0.0671594  0.0539750 -0.9789504 -0.0131844
 2  -0.9789504 -0.0235505 -0.0463865  0.1845497 -0.0699370
 3   0.0000000 -0.5773503 -0.5773503  0.0000000  0.5773503
 4  -0.0857152  0.2720467  0.5278246  0.0158249  0.7998714
 5  -0.0158249  0.7665456 -0.6188722 -0.0857152  0.1476734
 occupations
 0.996  0.000  0.000  0.000  0.000
 0.000  0.998  0.000  0.000  0.000
 0.000  0.000  0.998  0.000  0.000
 0.000  0.000  0.000  0.996  0.000
 0.000  0.000  0.000  0.000  0.998
atom  3  spin  2
eigenvalues:  0.0681390 0.0725817 0.0725817 0.4259034 0.4259034
 eigenvectors
 1   0.0000000  0.5773503  0.5773503  0.0000000 -0.5773503
 2   0.8343590  0.1488670 -0.0043422  0.5106637  0.1445248
 3   0.5106637 -0.0809344  0.1693898 -0.8343590  0.0884554
 4  -0.2018681  0.2280321  0.5489072  0.0481344  0.7769393
 5  -0.0481344  0.7654778 -0.5802205 -0.2018681  0.1852573
 occupations
 0.088 -0.029 -0.029  0.000 -0.059
-0.029  0.297 -0.114 -0.051  0.114
-0.029 -0.114  0.297  0.051  0.114
 0.000 -0.051  0.051  0.088  0.000
-0.059  0.114  0.114  0.000  0.297
atom  4   Tr[ns(na)]=   6.8675894
atom  4  spin  1
eigenvalues:  0.1309953 0.2374584 0.2374584 0.6319641 0.6319641
 eigenvectors
 1   0.0000000  0.5773503  0.5773503  0.0000000 -0.5773503
 2   0.7625126  0.2244308 -0.0295804  0.5739022  0.1948504
 3   0.5739022 -0.0954187  0.2420721 -0.7625126  0.1466534
 4  -0.2836052  0.1582540  0.5816387  0.0936958  0.7398927
 5  -0.0936958  0.7629865 -0.5185453 -0.2836052  0.2444413
 occupations
 0.273 -0.046 -0.046  0.000 -0.092
-0.046  0.442 -0.155 -0.080  0.155
-0.046 -0.155  0.442  0.080  0.155
 0.000 -0.080  0.080  0.273  0.000
-0.092  0.155  0.155  0.000  0.442
atom  4  spin  2
eigenvalues:  0.9961587 0.9961587 1.0011217 1.0011217 1.0031885
 eigenvectors
 1  -0.3297791 -0.2158079  0.3415556  0.8439194  0.1257477
 2   0.8439194 -0.2697977 -0.0519963  0.3297791 -0.3217940
 3  -0.4224226 -0.4065146 -0.3320338 -0.0245953 -0.7385484
 4  -0.0245953  0.6181009 -0.6611024  0.4224226 -0.0430015
 5   0.0000000 -0.5773503 -0.5773503  0.0000000  0.5773503
 occupations
 0.997  0.001  0.001  0.000  0.002
 0.001  1.001  0.001  0.001 -0.001
 0.001  0.001  1.001 -0.001 -0.001
 0.000  0.001 -0.001  0.997  0.000
 0.002 -0.001 -0.001  0.000  1.001
nsum =  12.9198317
 exit write_ns

     total cpu time spent up to now is     80.25 secs

     total energy              =  -174.52428474 ryd
     estimated scf accuracy    <     0.00128717 ryd

     total magnetization       =     0.27 Bohr mag/cell
     absolute magnetization    =     7.38 Bohr mag/cell

     iteration # 10     ecut=    30.00 ryd     beta=0.30
     Davidson diagonalization with overlap
     ethr =  4.60E-06,  avg # of iterations =  1.0
 enter write_ns
U( 1) =  0.0000      U( 2) =  4.3000      U( 3) =  4.3000
alpha( 1) =  0.0000      alpha( 2) =  0.0000      alpha( 3) =  0.0000
atom  3   Tr[ns(na)]=   6.0233531
atom  3  spin  1
eigenvalues:  0.9958623 0.9958623 0.9979134 0.9988104 0.9988104
 eigenvectors
 1  -0.2956314 -0.0706085  0.0491234 -0.9511792 -0.0214851
 2  -0.9511792 -0.0159570 -0.0531702  0.2956314 -0.0691272
 3   0.0000000 -0.5773503 -0.5773503  0.0000000  0.5773503
 4  -0.0870762  0.2669250  0.5318443  0.0166737  0.7987693
 5  -0.0166737  0.7682301 -0.6152789 -0.0870762  0.1529512
 occupations
 0.996  0.000  0.000  0.000  0.000
 0.000  0.998  0.000  0.000  0.000
 0.000  0.000  0.998  0.000  0.000
 0.000  0.000  0.000  0.996  0.000
 0.000  0.000  0.000  0.000  0.998
atom  3  spin  2
eigenvalues:  0.0675304 0.0721668 0.0721668 0.4121151 0.4121151
 eigenvectors
 1   0.0000000  0.5773503  0.5773503  0.0000000 -0.5773503
 2  -0.5565996 -0.1705587  0.0731420 -0.8039072 -0.0974167
 3  -0.8039072  0.0140150 -0.1547156  0.5565996 -0.1407007
 4  -0.2031531  0.2168154  0.5570082  0.0515639  0.7738236
 5  -0.0515639  0.7683561 -0.5719457 -0.2031531  0.1964104
 occupations
 0.087 -0.028 -0.028  0.000 -0.057
-0.028  0.287 -0.110 -0.049  0.110
-0.028 -0.110  0.287  0.049  0.110
 0.000 -0.049  0.049  0.087  0.000
-0.057  0.110  0.110  0.000  0.287
atom  4   Tr[ns(na)]=   6.8940706
atom  4  spin  1
eigenvalues:  0.1320213 0.2374865 0.2374865 0.6447285 0.6447285
 eigenvectors
 1   0.0000000  0.5773503  0.5773503  0.0000000 -0.5773503
 2   0.7987758  0.2161772 -0.0136793  0.5234807  0.2024979
 3   0.5234807 -0.1090145  0.2417222 -0.7987758  0.1327077
 4  -0.2835849  0.1755849  0.5701703  0.0866298  0.7457551
 5  -0.0866298  0.7597499 -0.5319359 -0.2835849  0.2278140
 occupations
 0.273 -0.047 -0.047  0.000 -0.094
-0.047  0.450 -0.159 -0.082  0.159
-0.047 -0.159  0.450  0.082  0.159
 0.000 -0.082  0.082  0.273  0.000
-0.094  0.159  0.159  0.000  0.450
atom  4  spin  2
eigenvalues:  0.9961652 0.9961652 1.0010692 1.0010692 1.0031504
 eigenvectors
 1  -0.2961129 -0.2304888  0.3462037  0.8520242  0.1157148
 2   0.8520242 -0.2666888 -0.0662648  0.2961129 -0.3329536
 3  -0.4310897 -0.4018475 -0.3335881 -0.0231007 -0.7354356
 4  -0.0231007  0.6172011 -0.6566107  0.4310897 -0.0394096
 5   0.0000000 -0.5773503 -0.5773503  0.0000000  0.5773503
 occupations
 0.997  0.001  0.001  0.000  0.002
 0.001  1.001  0.001  0.001 -0.001
 0.001  0.001  1.001 -0.001 -0.001
 0.000  0.001 -0.001  0.997  0.000
 0.002 -0.001 -0.001  0.000  1.001
nsum =  12.9174237
 exit write_ns
