
     Program PWSCF     v.2.1    starts ...
     Today is 31Oct2004 at 17:49: 1 

     Ultrasoft (Vanderbilt) Pseudopotentials

     Current dimensions of program pwscf are:

     ntypx = 10   npk = 40000  lmax =  3
     nchix =  6  ndmx =  2000  nbrx = 14  nqfx =  8
  HUBBARD L FOR TYPE Fe IS            2
  HUBBARD L FOR TYPE Fe IS            2
  MAXIMUM HUBBARD L IS            2


     bravais-lattice index     =            0
     lattice parameter (a_0)   =       8.1900  a.u.
     unit-cell volume          =     274.6766 (a.u.)^3
     number of atoms/cell      =            4
     number of atomic types    =            3
     kinetic-energy cutoff     =      30.0000  Ry
     charge density cutoff     =     240.0000  Ry
     convergence threshold     =      1.0E-06
     beta                      =       0.3000
     number of iterations used =            8  plain     mixing
     Exchange-correlation      =  SLA  PZ   NOGX NOGC (1100)
     iswitch =  0

     celldm(1)=   8.190000  celldm(2)=   0.000000  celldm(3)=   0.000000
     celldm(4)=   0.000000  celldm(5)=   0.000000  celldm(6)=   0.000000

     crystal axes: (cart. coord. in units of a_0)
               a(1) = (  0.500000  0.500000  1.000000 )  
               a(2) = (  0.500000  1.000000  0.500000 )  
               a(3) = (  1.000000  0.500000  0.500000 )  

     reciprocal axes: (cart. coord. in units 2 pi/a_0)
               b(1) = ( -0.500000 -0.500000  1.500000 )  
               b(2) = ( -0.500000  1.500000 -0.500000 )  
               b(3) = (  1.500000 -0.500000 -0.500000 )  


     PSEUDO 1 is O  (US)    zval =  6.0   lmax= 2   lloc= 0
     Version   0  0  0 of US pseudo code
     Using log mesh of  1269 points
     The pseudopotential has  4 beta functions with: 
                l(1) =   0
                l(2) =   0
                l(3) =   1
                l(4) =   1
     Q(r) pseudized with  0 coefficients,  rinner =    0.000   0.000   0.000
                                                       0.000   0.000

     PSEUDO 2 is Fe (US)    zval =  8.0   lmax= 2   lloc= 0
     Version   0  0  0 of US pseudo code
     Using log mesh of   957 points
     The pseudopotential has  6 beta functions with: 
                l(1) =   0
                l(2) =   0
                l(3) =   1
                l(4) =   1
                l(5) =   2
                l(6) =   2
     Q(r) pseudized with  0 coefficients,  rinner =    0.000   0.000   0.000
                                                       0.000   0.000

     PSEUDO 3 is Fe (US)    zval =  8.0   lmax= 2   lloc= 0
     Version   0  0  0 of US pseudo code
     Using log mesh of   957 points
     The pseudopotential has  6 beta functions with: 
                l(1) =   0
                l(2) =   0
                l(3) =   1
                l(4) =   1
                l(5) =   2
                l(6) =   2
     Q(r) pseudized with  0 coefficients,  rinner =    0.000   0.000   0.000
                                                       0.000   0.000

     atomic species   valence    mass     pseudopotential
        O1             6.00     1.00000     O ( 1.00)
        Fe1            8.00     1.00000     Fe( 1.00)
        Fe2            8.00     1.00000     Fe( 1.00)

     Starting magnetic structure 
     atomic species   magnetization
        O1           0.000
        Fe1          0.500
        Fe2         -0.500

     12 Sym.Ops. (with inversion)


   Cartesian axes

     site n.     atom                  positions (a_0 units)
         1           O1  tau(  1) = (   0.5000000   0.5000000   0.5000000  )
         2           O1  tau(  2) = (   1.5000000   1.5000000   1.5000000  )
         3           Fe1 tau(  3) = (   0.0000000   0.0000000   0.0000000  )
         4           Fe2 tau(  4) = (   1.0000000   1.0000000   1.0000000  )

     number of k points=    8  gaussian broad. (ryd)=  0.0100     ngauss =   0
                       cart. coord. in units 2pi/a_0
        k(   1) = (   0.0000000   0.0000000   0.0000000), wk =   0.1250000
        k(   2) = (  -0.7500000   0.2500000   0.2500000), wk =   0.3750000
        k(   3) = (  -0.5000000  -0.5000000   0.5000000), wk =   0.3750000
        k(   4) = (  -0.2500000  -0.2500000  -0.2500000), wk =   0.1250000
        k(   5) = (   0.0000000   0.0000000   0.0000000), wk =   0.1250000
        k(   6) = (  -0.7500000   0.2500000   0.2500000), wk =   0.3750000
        k(   7) = (  -0.5000000  -0.5000000   0.5000000), wk =   0.3750000
        k(   8) = (  -0.2500000  -0.2500000  -0.2500000), wk =   0.1250000

     G cutoff =  407.7738  (  17255 G-vectors)     FFT grid: ( 50, 50, 50)
     G cutoff =  203.8869  (   6111 G-vectors)  smooth grid: ( 36, 36, 36)

     nbndx  =    80  nbnd   =    20  natomwfc =    20  npwx   =     780
     nelec  =   28.00 nkb   =    52  ngl    =     342
  warning: negative or imaginary core charge    -0.000003    0.000000

     Initial potential from superposition of free atoms

     Parameters of the lda+U calculation:
     Number of iteration with fixed ns =  0
     Starting ns and Hubbard U :
 enter write_ns
U( 1) =  0.0000      U( 2) =  4.3000      U( 3) =  4.3000
alpha( 1) =  0.0000      alpha( 2) =  0.0000      alpha( 3) =  0.0000
atom  3   Tr[ns(na)]=   8.0000000
atom  3  spin  1
eigenvalues:  1.0000000 1.0000000 1.0000000 1.0000000 1.0000000
 eigenvectors
 1   1.0000000  0.0000000  0.0000000  0.0000000  0.0000000
 2   0.0000000  1.0000000  0.0000000  0.0000000  0.0000000
 3   0.0000000  0.0000000  1.0000000  0.0000000  0.0000000
 4   0.0000000  0.0000000  0.0000000  1.0000000  0.0000000
 5   0.0000000  0.0000000  0.0000000  0.0000000  1.0000000
 occupations
 1.000  0.000  0.000  0.000  0.000
 0.000  1.000  0.000  0.000  0.000
 0.000  0.000  1.000  0.000  0.000
 0.000  0.000  0.000  1.000  0.000
 0.000  0.000  0.000  0.000  1.000
atom  3  spin  2
eigenvalues:  0.6000000 0.6000000 0.6000000 0.6000000 0.6000000
 eigenvectors
 1   1.0000000  0.0000000  0.0000000  0.0000000  0.0000000
 2   0.0000000  1.0000000  0.0000000  0.0000000  0.0000000
 3   0.0000000  0.0000000  1.0000000  0.0000000  0.0000000
 4   0.0000000  0.0000000  0.0000000  1.0000000  0.0000000
 5   0.0000000  0.0000000  0.0000000  0.0000000  1.0000000
 occupations
 0.600  0.000  0.000  0.000  0.000
 0.000  0.600  0.000  0.000  0.000
 0.000  0.000  0.600  0.000  0.000
 0.000  0.000  0.000  0.600  0.000
 0.000  0.000  0.000  0.000  0.600
atom  4   Tr[ns(na)]=   8.0000000
atom  4  spin  1
eigenvalues:  0.6000000 0.6000000 0.6000000 0.6000000 0.6000000
 eigenvectors
 1   1.0000000  0.0000000  0.0000000  0.0000000  0.0000000
 2   0.0000000  1.0000000  0.0000000  0.0000000  0.0000000
 3   0.0000000  0.0000000  1.0000000  0.0000000  0.0000000
 4   0.0000000  0.0000000  0.0000000  1.0000000  0.0000000
 5   0.0000000  0.0000000  0.0000000  0.0000000  1.0000000
 occupations
 0.600  0.000  0.000  0.000  0.000
 0.000  0.600  0.000  0.000  0.000
 0.000  0.000  0.600  0.000  0.000
 0.000  0.000  0.000  0.600  0.000
 0.000  0.000  0.000  0.000  0.600
atom  4  spin  2
eigenvalues:  1.0000000 1.0000000 1.0000000 1.0000000 1.0000000
 eigenvectors
 1   1.0000000  0.0000000  0.0000000  0.0000000  0.0000000
 2   0.0000000  1.0000000  0.0000000  0.0000000  0.0000000
 3   0.0000000  0.0000000  1.0000000  0.0000000  0.0000000
 4   0.0000000  0.0000000  0.0000000  1.0000000  0.0000000
 5   0.0000000  0.0000000  0.0000000  0.0000000  1.0000000
 occupations
 1.000  0.000  0.000  0.000  0.000
 0.000  1.000  0.000  0.000  0.000
 0.000  0.000  1.000  0.000  0.000
 0.000  0.000  0.000  1.000  0.000
 0.000  0.000  0.000  0.000  1.000
nsum =  16.0000000
 exit write_ns
     Starting wfc are atomic
 Atomic wfc used for LDA+U Projector are NOT orthogonalized

     total cpu time spent up to now is     13.30 secs

     Self-consistent Calculation

     iteration #  1     ecut=    30.00 ryd     beta=0.30
     Davidson diagonalization (with overlap)
     ethr =  1.00E-02,  avg # of iterations =  2.2
 enter write_ns
U( 1) =  0.0000      U( 2) =  4.3000      U( 3) =  4.3000
alpha( 1) =  0.0000      alpha( 2) =  0.0000      alpha( 3) =  0.0000
atom  3   Tr[ns(na)]=   6.4609362
atom  3  spin  1
eigenvalues:  0.9936571 0.9936571 1.0011391 1.0011391 1.0032306
 eigenvectors
 1   0.7115215  0.0524946 -0.2863989 -0.5951857 -0.2339043
 2   0.5951857 -0.3003972  0.1047369  0.7115215 -0.1956602
 3  -0.3732673 -0.4008870 -0.3560828 -0.0127556 -0.7569699
 4  -0.0127556  0.6426213 -0.6684890  0.3732673 -0.0258677
 5   0.0000000 -0.5773503 -0.5773503  0.0000000  0.5773503
 occupations
 0.995  0.001  0.001  0.000  0.002
 0.001  1.001  0.001  0.002 -0.001
 0.001  0.001  1.001 -0.002 -0.001
 0.000  0.002 -0.002  0.995  0.000
 0.002 -0.001 -0.001  0.000  1.001
atom  3  spin  2
eigenvalues:  0.2016175 0.2016175 0.3368381 0.3368381 0.3912017
 eigenvectors
 1  -0.8990269 -0.0495223 -0.0045508 -0.4316869 -0.0540731
 2   0.4316869 -0.0338465  0.0598108 -0.8990269  0.0259643
 3  -0.0732597  0.3533551  0.4586622  0.0054853  0.8120173
 4   0.0054853 -0.7336272  0.6728280  0.0732597 -0.0607991
 5   0.0000000 -0.5773503 -0.5773503  0.0000000  0.5773503
 occupations
 0.202 -0.004 -0.004  0.000 -0.008
-0.004  0.354  0.018 -0.007 -0.018
-0.004  0.018  0.354  0.007 -0.018
 0.000 -0.007  0.007  0.202  0.000
-0.008 -0.018 -0.018  0.000  0.354
atom  4   Tr[ns(na)]=   6.4609362
atom  4  spin  1
eigenvalues:  0.2016175 0.2016175 0.3368381 0.3368381 0.3912017
 eigenvectors
 1  -0.9103834 -0.0485879 -0.0061682 -0.4071915 -0.0547561
 2   0.4071915 -0.0351747  0.0596657 -0.9103834  0.0244910
 3  -0.0732523  0.3523805  0.4595553  0.0055825  0.8119358
 4   0.0055825 -0.7340958  0.6722183  0.0732523 -0.0618774
 5   0.0000000 -0.5773503 -0.5773503  0.0000000  0.5773503
 occupations
 0.202 -0.004 -0.004  0.000 -0.008
-0.004  0.354  0.018 -0.007 -0.018
-0.004  0.018  0.354  0.007 -0.018
 0.000 -0.007  0.007  0.202  0.000
-0.008 -0.018 -0.018  0.000  0.354
atom  4  spin  2
eigenvalues:  0.9936571 0.9936571 1.0011391 1.0011391 1.0032306
 eigenvectors
 1  -0.6666351 -0.0740724  0.2932208  0.6450631  0.2191484
 2  -0.6450631  0.2958165 -0.0837596 -0.6666351  0.2120569
 3  -0.3731421 -0.4064668 -0.3502491 -0.0160049 -0.7567160
 4  -0.0160049  0.6391066 -0.6715639  0.3731421 -0.0324573
 5   0.0000000 -0.5773503 -0.5773503  0.0000000  0.5773503
 occupations
 0.995  0.001  0.001  0.000  0.002
 0.001  1.001  0.001  0.002 -0.001
 0.001  0.001  1.001 -0.002 -0.001
 0.000  0.002 -0.002  0.995  0.000
 0.002 -0.001 -0.001  0.000  1.001
nsum =  12.9218724
 exit write_ns
 Modify starting ns matrices according to input values 
 enter write_ns
U( 1) =  0.0000      U( 2) =  4.3000      U( 3) =  4.3000
alpha( 1) =  0.0000      alpha( 2) =  0.0000      alpha( 3) =  0.0000
atom  3   Tr[ns(na)]=   7.0697345
atom  3  spin  1
eigenvalues:  0.9936571 0.9936571 1.0011391 1.0011391 1.0032306
 eigenvectors
 1  -0.5533376 -0.1210131  0.3029163  0.7445309  0.1819032
 2   0.7445309 -0.2799107  0.0351549  0.5533376 -0.2447557
 3  -0.3734585 -0.3865271 -0.3708304 -0.0044688 -0.7573575
 4  -0.0044688  0.6513596 -0.6604221  0.3734585 -0.0090625
 5   0.0000000 -0.5773503 -0.5773503  0.0000000  0.5773503
 occupations
 0.995  0.001  0.001  0.000  0.002
 0.001  1.001  0.001  0.002 -0.001
 0.001  0.001  1.001 -0.002 -0.001
 0.000  0.002 -0.002  0.995  0.000
 0.002 -0.001 -0.001  0.000  1.001
atom  3  spin  2
eigenvalues:  0.2016175 0.2016175 0.3368381 0.3368381 1.0000000
 eigenvectors
 1  -0.8357097 -0.0534806  0.0032158 -0.5442355 -0.0502648
 2   0.5442355 -0.0271637  0.0598974 -0.8357097  0.0327337
 3   0.0733479 -0.3667402 -0.4462550 -0.0041418 -0.8129951
 4   0.0041418 -0.7270284  0.6811205  0.0733479 -0.0459079
 5   0.0000000 -0.5773503 -0.5773503  0.0000000  0.5773503
 occupations
 0.202 -0.004 -0.004  0.000 -0.008
-0.004  0.557  0.221 -0.007 -0.221
-0.004  0.221  0.557  0.007 -0.221
 0.000 -0.007  0.007  0.202  0.000
-0.008 -0.221 -0.221  0.000  0.557
atom  4   Tr[ns(na)]=   7.0697345
atom  4  spin  1
eigenvalues:  0.2016175 0.2016175 0.3368381 0.3368381 1.0000000
 eigenvectors
 1  -0.9295051 -0.0467787 -0.0091275 -0.3614183 -0.0559062
 2   0.3614183 -0.0375472  0.0592852 -0.9295051  0.0217380
 3  -0.0732655  0.3541405  0.4579415  0.0054068  0.8120819
 4   0.0054068 -0.7332484  0.6733188  0.0732655 -0.0599295
 5   0.0000000 -0.5773503 -0.5773503  0.0000000  0.5773503
 occupations
 0.202 -0.004 -0.004  0.000 -0.008
-0.004  0.557  0.221 -0.007 -0.221
-0.004  0.221  0.557  0.007 -0.221
 0.000 -0.007  0.007  0.202  0.000
-0.008 -0.221 -0.221  0.000  0.557
atom  4  spin  2
eigenvalues:  0.9936571 0.9936571 1.0011391 1.0011391 1.0032306
 eigenvectors
 1  -0.7287208 -0.0436358  0.2831942  0.5739990  0.2395583
 2  -0.5739990  0.3018113 -0.1131159 -0.7287208  0.1886954
 3  -0.3731555 -0.4059263 -0.3508168 -0.0156894 -0.7567431
 4  -0.0156894  0.6394500 -0.6712675  0.3731555 -0.0318175
 5   0.0000000 -0.5773503 -0.5773503  0.0000000  0.5773503
 occupations
 0.995  0.001  0.001  0.000  0.002
 0.001  1.001  0.001  0.002 -0.001
 0.001  0.001  1.001 -0.002 -0.001
 0.000  0.002 -0.002  0.995  0.000
 0.002 -0.001 -0.001  0.000  1.001
nsum =  14.1394690
 exit write_ns

     total cpu time spent up to now is     28.03 secs

     total energy              =  -173.36430696 ryd
     estimated scf accuracy    <     1.91841916 ryd

     total magnetization       =     0.00 Bohr mag/cell
     absolute magnetization    =     7.88 Bohr mag/cell

     iteration #  2     ecut=    30.00 ryd     beta=0.30
     Davidson diagonalization (with overlap)
     ethr =  6.85E-03,  avg # of iterations =  2.2
 enter write_ns
U( 1) =  0.0000      U( 2) =  4.3000      U( 3) =  4.3000
alpha( 1) =  0.0000      alpha( 2) =  0.0000      alpha( 3) =  0.0000
atom  3   Tr[ns(na)]=   7.0335850
atom  3  spin  1
eigenvalues:  0.9908962 0.9908962 1.0010302 1.0010302 1.0031835
 eigenvectors
 1  -0.8330049  0.1539989 -0.0045048 -0.5099200  0.1494941
 2   0.5099200  0.0837097 -0.1752218 -0.8330049 -0.0915121
 3  -0.2146729 -0.3989725 -0.3984882 -0.0000753 -0.7974607
 4  -0.0000753  0.6904815 -0.6907611  0.2146729 -0.0002796
 5   0.0000000 -0.5773503 -0.5773503  0.0000000  0.5773503
 occupations
 0.991  0.001  0.001  0.000  0.002
 0.001  1.001  0.001  0.002 -0.001
 0.001  0.001  1.001 -0.002 -0.001
 0.000  0.002 -0.002  0.991  0.000
 0.002 -0.001 -0.001  0.000  1.001
atom  3  spin  2
eigenvalues:  0.2457267 0.2457267 0.3723882 0.3723882 0.8103185
 eigenvectors
 1   0.1388709  0.3723100  0.4354372 -0.0062660  0.8077471
 2  -0.0062660 -0.7177528  0.6813063 -0.1388709 -0.0364465
 3   0.8426545 -0.0999260  0.0033445  0.5202010 -0.0965816
 4  -0.5202010 -0.0538304  0.1134537  0.8426545  0.0596233
 5   0.0000000 -0.5773503 -0.5773503  0.0000000  0.5773503
 occupations
 0.370 -0.007 -0.007  0.000 -0.014
-0.007  0.436  0.187 -0.012 -0.187
-0.007  0.187  0.436  0.012 -0.187
 0.000 -0.012  0.012  0.370  0.000
-0.014 -0.187 -0.187  0.000  0.436
atom  4   Tr[ns(na)]=   7.0335850
atom  4  spin  1
eigenvalues:  0.2457267 0.2457267 0.3723882 0.3723882 0.8103185
 eigenvectors
 1   0.1387977  0.3647745  0.4425467 -0.0077197  0.8073212
 2  -0.0077197 -0.7216116  0.6767098 -0.1387977 -0.0449018
 3  -0.8285723  0.1013175 -0.0063500 -0.5423500  0.0949675
 4   0.5423500  0.0511633 -0.1133252 -0.8285723 -0.0621619
 5   0.0000000 -0.5773503 -0.5773503  0.0000000  0.5773503
 occupations
 0.370 -0.007 -0.007  0.000 -0.014
-0.007  0.436  0.187 -0.012 -0.187
-0.007  0.187  0.436  0.012 -0.187
 0.000 -0.012  0.012  0.370  0.000
-0.014 -0.187 -0.187  0.000  0.436
atom  4  spin  2
eigenvalues:  0.9908962 0.9908962 1.0010302 1.0010302 1.0031835
 eigenvectors
 1   0.8626115 -0.1485951 -0.0062123  0.4580579 -0.1548074
 2  -0.4580579 -0.0929648  0.1751695  0.8626115  0.0822048
 3  -0.2146726 -0.3998479 -0.3976119 -0.0003475 -0.7974597
 4  -0.0003475  0.6899749 -0.6912659  0.2146726 -0.0012909
 5   0.0000000 -0.5773503 -0.5773503  0.0000000  0.5773503
 occupations
 0.991  0.001  0.001  0.000  0.002
 0.001  1.001  0.001  0.002 -0.001
 0.001  0.001  1.001 -0.002 -0.001
 0.000  0.002 -0.002  0.991  0.000
 0.002 -0.001 -0.001  0.000  1.001
nsum =  14.0671699
 exit write_ns

     total cpu time spent up to now is     45.11 secs

     total energy              =  -174.43381063 ryd
     estimated scf accuracy    <     0.17898461 ryd

     total magnetization       =     0.00 Bohr mag/cell
     absolute magnetization    =     6.98 Bohr mag/cell

     iteration #  3     ecut=    30.00 ryd     beta=0.30
     Davidson diagonalization (with overlap)
     ethr =  6.39E-04,  avg # of iterations =  2.0
 enter write_ns
U( 1) =  0.0000      U( 2) =  4.3000      U( 3) =  4.3000
alpha( 1) =  0.0000      alpha( 2) =  0.0000      alpha( 3) =  0.0000
atom  3   Tr[ns(na)]=   6.8912328
atom  3  spin  1
eigenvalues:  0.9922659 0.9922659 1.0015000 1.0015000 1.0033346
 eigenvectors
 1   0.5127417 -0.2038440  0.0958384  0.8213972 -0.1080055
 2   0.8213972  0.0070247 -0.1800464 -0.5127417 -0.1730217
 3  -0.2497949 -0.4014545 -0.3891239 -0.0022494 -0.7905784
 4  -0.0022494  0.6811015 -0.6882206  0.2497949 -0.0071191
 5   0.0000000 -0.5773503 -0.5773503  0.0000000  0.5773503
 occupations
 0.993  0.001  0.001  0.000  0.002
 0.001  1.002  0.001  0.002 -0.001
 0.001  0.001  1.002 -0.002 -0.001
 0.000  0.002 -0.002  0.993  0.000
 0.002 -0.001 -0.001  0.000  1.002
atom  3  spin  2
eigenvalues:  0.2062123 0.2062123 0.3188575 0.3188575 0.8502268
 eigenvectors
 1  -0.0813432 -0.3672908 -0.4452461  0.0045057 -0.8125370
 2  -0.0045057 -0.7261814  0.6811739 -0.0813432 -0.0450075
 3   0.7015770 -0.0643285  0.0175052  0.7079214 -0.0468233
 4  -0.7079214 -0.0169268  0.0641735  0.7015770  0.0472467
 5   0.0000000 -0.5773503 -0.5773503  0.0000000  0.5773503
 occupations
 0.318 -0.004 -0.004  0.000 -0.007
-0.004  0.421  0.214 -0.006 -0.214
-0.004  0.214  0.421  0.006 -0.214
 0.000 -0.006  0.006  0.318  0.000
-0.007 -0.214 -0.214  0.000  0.421
atom  4   Tr[ns(na)]=   6.8912328
atom  4  spin  1
eigenvalues:  0.2062123 0.2062123 0.3188575 0.3188575 0.8502268
 eigenvectors
 1  -0.0813840 -0.3744959 -0.4384485  0.0036964 -0.8129445
 2  -0.0036964 -0.7224921  0.6855690 -0.0813840 -0.0369231
 3   0.8481583 -0.0585572  0.0019511  0.5234411 -0.0566061
 4  -0.5234411 -0.0315551  0.0664896  0.8481583  0.0349345
 5   0.0000000 -0.5773503 -0.5773503  0.0000000  0.5773503
 occupations
 0.318 -0.004 -0.004  0.000 -0.007
-0.004  0.421  0.214 -0.006 -0.214
-0.004  0.214  0.421  0.006 -0.214
 0.000 -0.006  0.006  0.318  0.000
-0.007 -0.214 -0.214  0.000  0.421
atom  4  spin  2
eigenvalues:  0.9922659 0.9922659 1.0015000 1.0015000 1.0033346
 eigenvectors
 1  -0.7392754  0.1919404 -0.0362171 -0.6253554  0.1557233
 2   0.6253554  0.0689969 -0.2007238 -0.7392754 -0.1317268
 3  -0.2498044 -0.3937243 -0.3968841  0.0005764 -0.7906084
 4   0.0005764  0.6855991 -0.6837748  0.2498044  0.0018243
 5   0.0000000 -0.5773503 -0.5773503  0.0000000  0.5773503
 occupations
 0.993  0.001  0.001  0.000  0.002
 0.001  1.002  0.001  0.002 -0.001
 0.001  0.001  1.002 -0.002 -0.001
 0.000  0.002 -0.002  0.993  0.000
 0.002 -0.001 -0.001  0.000  1.002
nsum =  13.7824657
 exit write_ns

     total cpu time spent up to now is     60.92 secs

     total energy              =  -174.50008161 ryd
     estimated scf accuracy    <     0.09457715 ryd

     total magnetization       =     0.00 Bohr mag/cell
     absolute magnetization    =     7.19 Bohr mag/cell

     iteration #  4     ecut=    30.00 ryd     beta=0.30
     Davidson diagonalization (with overlap)
     ethr =  3.38E-04,  avg # of iterations =  2.5
 enter write_ns
U( 1) =  0.0000      U( 2) =  4.3000      U( 3) =  4.3000
alpha( 1) =  0.0000      alpha( 2) =  0.0000      alpha( 3) =  0.0000
atom  3   Tr[ns(na)]=   6.7816391
atom  3  spin  1
eigenvalues:  0.9938748 0.9938748 1.0010036 1.0010036 1.0016213
 eigenvectors
 1  -0.6930860 -0.0574179  0.2394642  0.6525726  0.1820463
 2  -0.6525726  0.2433592 -0.0719542 -0.6930860  0.1714050
 3  -0.3061074 -0.4080124 -0.3689284 -0.0088905 -0.7769408
 4  -0.0088905  0.6615678 -0.6841330  0.3061074 -0.0225652
 5   0.0000000 -0.5773503 -0.5773503  0.0000000  0.5773503
 occupations
 0.995  0.001  0.001  0.000  0.002
 0.001  1.001  0.000  0.001  0.000
 0.001  0.000  1.001 -0.001  0.000
 0.000  0.001 -0.001  0.995  0.000
 0.002  0.000  0.000  0.000  1.001
atom  3  spin  2
eigenvalues:  0.1155641 0.1155641 0.2940848 0.2940848 0.9709631
 eigenvectors
 1  -0.0628004  0.2596861  0.5390142  0.0126804  0.7987003
 2  -0.0126804  0.7723298 -0.6110597 -0.0628004  0.1612701
 3   0.8949004  0.0435036  0.0034060  0.4416431  0.0469096
 4  -0.4416431  0.0290497 -0.0522001  0.8949004 -0.0231504
 5   0.0000000 -0.5773503 -0.5773503  0.0000000  0.5773503
 occupations
 0.293  0.005  0.005  0.000  0.009
 0.005  0.401  0.285  0.008 -0.285
 0.005  0.285  0.401 -0.008 -0.285
 0.000  0.008 -0.008  0.293  0.000
 0.009 -0.285 -0.285  0.000  0.401
atom  4   Tr[ns(na)]=   6.7816391
atom  4  spin  1
eigenvalues:  0.1155641 0.1155641 0.2940848 0.2940848 0.9709631
 eigenvectors
 1   0.0631740 -0.2842723 -0.5191804 -0.0106639 -0.8034527
 2   0.0106639 -0.7636226  0.6279984  0.0631740 -0.1356242
 3   0.9294332  0.0408562  0.0078636  0.3633859  0.0487198
 4  -0.3633859  0.0326684 -0.0517167  0.9294332 -0.0190483
 5   0.0000000 -0.5773503 -0.5773503  0.0000000  0.5773503
 occupations
 0.293  0.005  0.005  0.000  0.009
 0.005  0.401  0.285  0.008 -0.285
 0.005  0.285  0.401 -0.008 -0.285
 0.000  0.008 -0.008  0.293  0.000
 0.009 -0.285 -0.285  0.000  0.401
atom  4  spin  2
eigenvalues:  0.9938748 0.9938748 1.0010036 1.0010036 1.0016213
 eigenvectors
 1   0.7483662  0.0355515 -0.2321177 -0.5883598 -0.1965662
 2   0.5883598 -0.2475007  0.0929619  0.7483662 -0.1545389
 3   0.3061403  0.4053830  0.3716412  0.0076753  0.7770242
 4   0.0076753 -0.6631823  0.6826631 -0.3061403  0.0194809
 5   0.0000000  0.5773503  0.5773503  0.0000000 -0.5773503
 occupations
 0.995  0.001  0.001  0.000  0.002
 0.001  1.001  0.000  0.001  0.000
 0.001  0.000  1.001 -0.001  0.000
 0.000  0.001 -0.001  0.995  0.000
 0.002  0.000  0.000  0.000  1.001
nsum =  13.5632782
 exit write_ns

     total cpu time spent up to now is     78.39 secs

     total energy              =  -174.53580288 ryd
     estimated scf accuracy    <     0.00572833 ryd

     total magnetization       =     0.00 Bohr mag/cell
     absolute magnetization    =     7.31 Bohr mag/cell

     iteration #  5     ecut=    30.00 ryd     beta=0.30
     Davidson diagonalization (with overlap)
     ethr =  2.05E-05,  avg # of iterations =  2.5
 enter write_ns
U( 1) =  0.0000      U( 2) =  4.3000      U( 3) =  4.3000
alpha( 1) =  0.0000      alpha( 2) =  0.0000      alpha( 3) =  0.0000
atom  3   Tr[ns(na)]=   6.7894473
atom  3  spin  1
eigenvalues:  0.9938123 0.9938123 1.0011969 1.0011969 1.0020594
 eigenvectors
 1  -0.8491172  0.2047461  0.0120307 -0.4358235  0.2167768
 2   0.4358235  0.1321020 -0.2433663 -0.8491172 -0.1112643
 3  -0.2983663 -0.4030185 -0.3761179 -0.0059475 -0.7791364
 4  -0.0059475  0.6669864 -0.6825175  0.2983663 -0.0155311
 5   0.0000000 -0.5773503 -0.5773503  0.0000000  0.5773503
 occupations
 0.994  0.001  0.001  0.000  0.002
 0.001  1.001  0.001  0.001 -0.001
 0.001  0.001  1.001 -0.001 -0.001
 0.000  0.001 -0.001  0.994  0.000
 0.002 -0.001 -0.001  0.000  1.001
atom  3  spin  2
eigenvalues:  0.1180859 0.1180859 0.2956996 0.2956996 0.9697985
 eigenvectors
 1   0.0624922 -0.2972017 -0.5084805 -0.0094614 -0.8056823
 2   0.0094614 -0.7587322  0.6367504  0.0624922 -0.1219819
 3   0.9436998  0.0389402  0.0098581  0.3247090  0.0487983
 4  -0.3247090  0.0338653 -0.0506558  0.9436998 -0.0167905
 5   0.0000000 -0.5773503 -0.5773503  0.0000000  0.5773503
 occupations
 0.295  0.005  0.005  0.000  0.009
 0.005  0.402  0.284  0.008 -0.284
 0.005  0.284  0.402 -0.008 -0.284
 0.000  0.008 -0.008  0.295  0.000
 0.009 -0.284 -0.284  0.000  0.402
atom  4   Tr[ns(na)]=   6.7894473
atom  4  spin  1
eigenvalues:  0.1180859 0.1180859 0.2956996 0.2956996 0.9697985
 eigenvectors
 1   0.0626744 -0.3128273 -0.4952050 -0.0081672 -0.8080323
 2   0.0081672 -0.7524244  0.6471286  0.0626744 -0.1052958
 3   0.9341463  0.0398817  0.0084226  0.3512491  0.0483043
 4  -0.3512491  0.0327513 -0.0509142  0.9341463 -0.0181629
 5   0.0000000 -0.5773503 -0.5773503  0.0000000  0.5773503
 occupations
 0.295  0.005  0.005  0.000  0.009
 0.005  0.402  0.284  0.008 -0.284
 0.005  0.284  0.402 -0.008 -0.284
 0.000  0.008 -0.008  0.295  0.000
 0.009 -0.284 -0.284  0.000  0.402
atom  4  spin  2
eigenvalues:  0.9938123 0.9938123 1.0011969 1.0011969 1.0020594
 eigenvectors
 1   0.7333081 -0.2286719  0.0414608  0.6109021 -0.1872111
 2  -0.6109021 -0.0841489  0.2401102  0.7333081  0.1559612
 3   0.2982937  0.4095355  0.3694113  0.0088712  0.7789468
 4  -0.0088712  0.6630049 -0.6861706  0.2982937 -0.0231657
 5   0.0000000 -0.5773503 -0.5773503  0.0000000  0.5773503
 occupations
 0.994  0.001  0.001  0.000  0.002
 0.001  1.001  0.001  0.001 -0.001
 0.001  0.001  1.001 -0.001 -0.001
 0.000  0.001 -0.001  0.994  0.000
 0.002 -0.001 -0.001  0.000  1.001
nsum =  13.5788946
 exit write_ns

     total cpu time spent up to now is     94.57 secs

     total energy              =  -174.53601121 ryd
     estimated scf accuracy    <     0.00461193 ryd

     total magnetization       =     0.00 Bohr mag/cell
     absolute magnetization    =     7.30 Bohr mag/cell

     iteration #  6     ecut=    30.00 ryd     beta=0.30
     Davidson diagonalization (with overlap)
     ethr =  1.65E-05,  avg # of iterations =  2.0
 enter write_ns
U( 1) =  0.0000      U( 2) =  4.3000      U( 3) =  4.3000
alpha( 1) =  0.0000      alpha( 2) =  0.0000      alpha( 3) =  0.0000
atom  3   Tr[ns(na)]=   6.7584071
atom  3  spin  1
eigenvalues:  0.9941462 0.9941462 1.0012413 1.0012413 1.0018978
 eigenvectors
 1  -0.9198130  0.0640556  0.1759367  0.2475700  0.2399923
 2  -0.2475700  0.2401367 -0.1755422 -0.9198130  0.0645945
 3   0.3043137  0.4038389  0.3737185  0.0068060  0.7775574
 4  -0.0068060  0.6646894 -0.6820795  0.3043137 -0.0173900
 5   0.0000000 -0.5773503 -0.5773503  0.0000000  0.5773503
 occupations
 0.995  0.001  0.001  0.000  0.002
 0.001  1.001  0.000  0.001  0.000
 0.001  0.000  1.001 -0.001  0.000
 0.000  0.001 -0.001  0.995  0.000
 0.002  0.000  0.000  0.000  1.001
atom  3  spin  2
eigenvalues:  0.1003177 0.1003177 0.2901060 0.2901060 0.9848869
 eigenvectors
 1  -0.0889612  0.3635280  0.4482472  0.0053603  0.8117752
 2   0.0053603 -0.7274743  0.6785616  0.0889612 -0.0489127
 3   0.9454833  0.0543569  0.0147191  0.3132387  0.0690761
 4  -0.3132387  0.0483792 -0.0712641  0.9454833 -0.0228849
 5   0.0000000 -0.5773503 -0.5773503  0.0000000  0.5773503
 occupations
 0.289  0.007  0.007  0.000  0.014
 0.007  0.396  0.294  0.012 -0.294
 0.007  0.294  0.396 -0.012 -0.294
 0.000  0.012 -0.012  0.289  0.000
 0.014 -0.294 -0.294  0.000  0.396
atom  4   Tr[ns(na)]=   6.7584071
atom  4  spin  1
eigenvalues:  0.1003177 0.1003177 0.2901060 0.2901060 0.9848869
 eigenvectors
 1   0.0888004 -0.3453219 -0.4649856 -0.0075712 -0.8103075
 2   0.0075712 -0.7362908  0.6672030  0.0888004 -0.0690879
 3   0.9320081  0.0562734  0.0118181  0.3513090  0.0680916
 4  -0.3513090  0.0461359 -0.0718022  0.9320081 -0.0256663
 5   0.0000000 -0.5773503 -0.5773503  0.0000000  0.5773503
 occupations
 0.289  0.007  0.007  0.000  0.014
 0.007  0.396  0.294  0.012 -0.294
 0.007  0.294  0.396 -0.012 -0.294
 0.000  0.012 -0.012  0.289  0.000
 0.014 -0.294 -0.294  0.000  0.396
atom  4  spin  2
eigenvalues:  0.9941462 0.9941462 1.0012413 1.0012413 1.0018978
 eigenvectors
 1  -0.7995011  0.2213080 -0.0127067 -0.5178270  0.2086012
 2  -0.5178270 -0.1130997  0.2482082  0.7995011  0.1351084
 3  -0.3041793 -0.4136506 -0.3635635 -0.0113176 -0.7772140
 4   0.0113176 -0.6586282  0.6875460 -0.3041793  0.0289178
 5   0.0000000 -0.5773503 -0.5773503  0.0000000  0.5773503
 occupations
 0.995  0.001  0.001  0.000  0.002
 0.001  1.001  0.000  0.001  0.000
 0.001  0.000  1.001 -0.001  0.000
 0.000  0.001 -0.001  0.995  0.000
 0.002  0.000  0.000  0.000  1.001
nsum =  13.5168143
 exit write_ns

     total cpu time spent up to now is    111.35 secs

     total energy              =  -174.53730810 ryd
     estimated scf accuracy    <     0.00047689 ryd

     total magnetization       =     0.00 Bohr mag/cell
     absolute magnetization    =     7.33 Bohr mag/cell

     iteration #  7     ecut=    30.00 ryd     beta=0.30
     Davidson diagonalization (with overlap)
     ethr =  1.70E-06,  avg # of iterations =  2.7
 enter write_ns
U( 1) =  0.0000      U( 2) =  4.3000      U( 3) =  4.3000
alpha( 1) =  0.0000      alpha( 2) =  0.0000      alpha( 3) =  0.0000
atom  3   Tr[ns(na)]=   6.7684939
atom  3  spin  1
eigenvalues:  0.9940195 0.9940195 1.0012102 1.0012102 1.0019688
 eigenvectors
 1   0.7253211  0.0447656 -0.2323024 -0.6186848 -0.1875368
 2   0.6186848 -0.2423943  0.0824290  0.7253211 -0.1599653
 3  -0.3018069 -0.4050366 -0.3731463 -0.0071408 -0.7781830
 4  -0.0071408  0.6647203 -0.6831322  0.3018069 -0.0184119
 5   0.0000000 -0.5773503 -0.5773503  0.0000000  0.5773503
 occupations
 0.995  0.001  0.001  0.000  0.002
 0.001  1.001  0.000  0.001  0.000
 0.001  0.000  1.001 -0.001  0.000
 0.000  0.001 -0.001  0.995  0.000
 0.002  0.000  0.000  0.000  1.001
atom  3  spin  2
eigenvalues:  0.1042572 0.1042572 0.2925847 0.2925847 0.9823818
 eigenvectors
 1  -0.0838140  0.2803414  0.5212205  0.0145418  0.8015620
 2  -0.0145418  0.7637088 -0.6246372 -0.0838140  0.1390716
 3   0.9387203  0.0528831  0.0125540  0.3340179  0.0654371
 4  -0.3340179  0.0450282 -0.0683122  0.9387203 -0.0232840
 5   0.0000000 -0.5773503 -0.5773503  0.0000000  0.5773503
 occupations
 0.291  0.007  0.007  0.000  0.013
 0.007  0.398  0.292  0.011 -0.292
 0.007  0.292  0.398 -0.011 -0.292
 0.000  0.011 -0.011  0.291  0.000
 0.013 -0.292 -0.292  0.000  0.398
atom  4   Tr[ns(na)]=   6.7684939
atom  4  spin  1
eigenvalues:  0.1042572 0.1042572 0.2925847 0.2925847 0.9823818
 eigenvectors
 1  -0.0847102  0.3406853  0.4694480  0.0077734  0.8101333
 2  -0.0077734  0.7387666 -0.6644254 -0.0847102  0.0743412
 3   0.8956280  0.0575736  0.0048596  0.4365940  0.0624332
 4  -0.4365940  0.0388515 -0.0692860  0.8956280 -0.0304345
 5   0.0000000 -0.5773503 -0.5773503  0.0000000  0.5773503
 occupations
 0.291  0.007  0.007  0.000  0.013
 0.007  0.398  0.292  0.011 -0.292
 0.007  0.292  0.398 -0.011 -0.292
 0.000  0.011 -0.011  0.291  0.000
 0.013 -0.292 -0.292  0.000  0.398
atom  4  spin  2
eigenvalues:  0.9940195 0.9940195 1.0012102 1.0012102 1.0019688
 eigenvectors
 1  -0.4860880 -0.1207957  0.2464771  0.8201098  0.1256814
 2  -0.8201098  0.2148659 -0.0028208 -0.4860880  0.2120451
 3   0.3016691  0.4147771  0.3630505  0.0115825  0.7778276
 4  -0.0115825  0.6586863 -0.6885507  0.3016691 -0.0298644
 5   0.0000000 -0.5773503 -0.5773503  0.0000000  0.5773503
 occupations
 0.995  0.001  0.001  0.000  0.002
 0.001  1.001  0.000  0.001  0.000
 0.001  0.000  1.001 -0.001  0.000
 0.000  0.001 -0.001  0.995  0.000
 0.002  0.000  0.000  0.000  1.001
nsum =  13.5369879
 exit write_ns

     total cpu time spent up to now is    128.73 secs

     total energy              =  -174.53738481 ryd
     estimated scf accuracy    <     0.00009658 ryd

     total magnetization       =     0.00 Bohr mag/cell
     absolute magnetization    =     7.31 Bohr mag/cell

     iteration #  8     ecut=    30.00 ryd     beta=0.30
     Davidson diagonalization (with overlap)
     ethr =  3.45E-07,  avg # of iterations =  2.2
 enter write_ns
U( 1) =  0.0000      U( 2) =  4.3000      U( 3) =  4.3000
alpha( 1) =  0.0000      alpha( 2) =  0.0000      alpha( 3) =  0.0000
atom  3   Tr[ns(na)]=   6.7668309
atom  3  spin  1
eigenvalues:  0.9940206 0.9940206 1.0012105 1.0012105 1.0019782
 eigenvectors
 1   0.6408064  0.0750860 -0.2403522 -0.7061495 -0.1652662
 2   0.7061495 -0.2341839  0.0520655  0.6408064 -0.1821184
 3  -0.3011022 -0.4061366 -0.3721967 -0.0075805 -0.7783333
 4  -0.0075805  0.6642588 -0.6838540  0.3011022 -0.0195952
 5   0.0000000 -0.5773503 -0.5773503  0.0000000  0.5773503
 occupations
 0.995  0.001  0.001  0.000  0.002
 0.001  1.001  0.000  0.001  0.000
 0.001  0.000  1.001 -0.001  0.000
 0.000  0.001 -0.001  0.995  0.000
 0.002  0.000  0.000  0.000  1.001
atom  3  spin  2
eigenvalues:  0.1027620 0.1027620 0.2926039 0.2926039 0.9836587
 eigenvectors
 1   0.0887412 -0.3547122 -0.4564233 -0.0064245 -0.8111355
 2   0.0064245 -0.7318254  0.6731025  0.0887412 -0.0587229
 3   0.9271104  0.0568063  0.0108133  0.3640742  0.0676196
 4  -0.3640742  0.0452832 -0.0718373  0.9271104 -0.0265540
 5   0.0000000 -0.5773503 -0.5773503  0.0000000  0.5773503
 occupations
 0.291  0.007  0.007  0.000  0.014
 0.007  0.397  0.293  0.012 -0.293
 0.007  0.293  0.397 -0.012 -0.293
 0.000  0.012 -0.012  0.291  0.000
 0.014 -0.293 -0.293  0.000  0.397
atom  4   Tr[ns(na)]=   6.7668309
atom  4  spin  1
eigenvalues:  0.1027620 0.1027620 0.2926039 0.2926039 0.9836587
 eigenvectors
 1  -0.0886769  0.3478106  0.4627364  0.0072592  0.8105470
 2   0.0072592 -0.7351305  0.6687781  0.0886769 -0.0663524
 3   0.8947702  0.0602694  0.0049914  0.4375729  0.0652608
 4  -0.4375729  0.0405601 -0.0724749  0.8947702 -0.0319147
 5   0.0000000 -0.5773503 -0.5773503  0.0000000  0.5773503
 occupations
 0.291  0.007  0.007  0.000  0.014
 0.007  0.397  0.293  0.012 -0.293
 0.007  0.293  0.397 -0.012 -0.293
 0.000  0.012 -0.012  0.291  0.000
 0.014 -0.293 -0.293  0.000  0.397
atom  4  spin  2
eigenvalues:  0.9940206 0.9940206 1.0012105 1.0012105 1.0019782
 eigenvectors
 1  -0.7928471  0.2205672 -0.0160893 -0.5297863  0.2044780
 2  -0.5297863 -0.1087663  0.2454000  0.7928471  0.1366337
 3   0.3010992  0.4063950  0.3719306  0.0076976  0.7783256
 4  -0.0076976  0.6641007 -0.6839987  0.3010992 -0.0198980
 5   0.0000000 -0.5773503 -0.5773503  0.0000000  0.5773503
 occupations
 0.995  0.001  0.001  0.000  0.002
 0.001  1.001  0.000  0.001  0.000
 0.001  0.000  1.001 -0.001  0.000
 0.000  0.001 -0.001  0.995  0.000
 0.002  0.000  0.000  0.000  1.001
nsum =  13.5336618
 exit write_ns

     total cpu time spent up to now is    145.09 secs

     total energy              =  -174.53741314 ryd
     estimated scf accuracy    <     0.00001268 ryd

     total magnetization       =     0.00 Bohr mag/cell
     absolute magnetization    =     7.31 Bohr mag/cell

     iteration #  9     ecut=    30.00 ryd     beta=0.30
     Davidson diagonalization (with overlap)
     ethr =  4.53E-08,  avg # of iterations =  3.5
 enter write_ns
U( 1) =  0.0000      U( 2) =  4.3000      U( 3) =  4.3000
alpha( 1) =  0.0000      alpha( 2) =  0.0000      alpha( 3) =  0.0000
atom  3   Tr[ns(na)]=   6.7661339
atom  3  spin  1
eigenvalues:  0.9940234 0.9940234 1.0012168 1.0012168 1.0019644
 eigenvectors
 1  -0.7901356  0.2209553 -0.0173553 -0.5339572  0.2036001
 2  -0.5339572 -0.1075285  0.2451172  0.7901356  0.1375887
 3  -0.3008174 -0.4097199 -0.3685591 -0.0091852 -0.7782791
 4   0.0091852 -0.6621273  0.6858915 -0.3008174  0.0237642
 5   0.0000000 -0.5773503 -0.5773503  0.0000000  0.5773503
 occupations
 0.995  0.001  0.001  0.000  0.002
 0.001  1.001  0.000  0.001  0.000
 0.001  0.000  1.001 -0.001  0.000
 0.000  0.001 -0.001  0.995  0.000
 0.002  0.000  0.000  0.000  1.001
atom  3  spin  2
eigenvalues:  0.1022580 0.1022580 0.2925908 0.2925908 0.9839917
 eigenvectors
 1  -0.0904012  0.3110978  0.4950328  0.0119089  0.8061306
 2   0.0119089 -0.7512270  0.6450321  0.0904012 -0.1061949
 3   0.8881357  0.0623634  0.0040349  0.4504451  0.0663983
 4  -0.4504451  0.0406647 -0.0743406  0.8881357 -0.0336759
 5   0.0000000 -0.5773503 -0.5773503  0.0000000  0.5773503
 occupations
 0.291  0.007  0.007  0.000  0.014
 0.007  0.397  0.293  0.012 -0.293
 0.007  0.293  0.397 -0.012 -0.293
 0.000  0.012 -0.012  0.291  0.000
 0.014 -0.293 -0.293  0.000  0.397
atom  4   Tr[ns(na)]=   6.7661339
atom  4  spin  1
eigenvalues:  0.1022580 0.1022580 0.2925908 0.2925908 0.9839917
 eigenvectors
 1   0.0901731 -0.2975722 -0.5065237 -0.0135286 -0.8040959
 2   0.0135286 -0.7566866  0.6360484  0.0901731 -0.1206382
 3   0.8880954  0.0623670  0.0040283  0.4505244  0.0663953
 4  -0.4505244  0.0406591 -0.0743410  0.8880954 -0.0336819
 5   0.0000000 -0.5773503 -0.5773503  0.0000000  0.5773503
 occupations
 0.291  0.007  0.007  0.000  0.014
 0.007  0.397  0.293  0.012 -0.293
 0.007  0.293  0.397 -0.012 -0.293
 0.000  0.012 -0.012  0.291  0.000
 0.014 -0.293 -0.293  0.000  0.397
atom  4  spin  2
eigenvalues:  0.9940234 0.9940234 1.0012168 1.0012168 1.0019644
 eigenvectors
 1   0.7826530  0.0207536 -0.2224256 -0.5448658 -0.2016720
 2   0.5448658 -0.2448529  0.1044533  0.7826530 -0.1403996
 3  -0.3008234 -0.4092786 -0.3690161 -0.0089848 -0.7782947
 4  -0.0089848  0.6624002 -0.6856458  0.3008234 -0.0232456
 5   0.0000000 -0.5773503 -0.5773503  0.0000000  0.5773503
 occupations
 0.995  0.001  0.001  0.000  0.002
 0.001  1.001  0.000  0.001  0.000
 0.001  0.000  1.001 -0.001  0.000
 0.000  0.001 -0.001  0.995  0.000
 0.002  0.000  0.000  0.000  1.001
nsum =  13.5322679
 exit write_ns

     total cpu time spent up to now is    161.90 secs

     End of self-consistent calculation

 ------ SPIN UP ------------


          k = 0.0000 0.0000 0.0000 (  731 PWs)   bands (ev):

    -8.7196  -7.4691   1.4527   3.6644   3.6644   5.4892   5.4892   6.8728
     7.8269   7.8793   7.8793   8.4593   8.4593   9.8910  11.5961  12.5848
    12.5848  13.4532  13.4532  20.0152

          k =-0.7500 0.2500 0.2500 (  764 PWs)   bands (ev):

    -8.0120  -7.3321   2.4596   3.6244   4.1629   4.2245   5.5873   5.6549
     6.2710   6.5384   7.3462   8.7888   9.2125   9.4774  12.5135  12.7489
    13.3310  13.6627  17.3706  17.6639

          k =-0.5000-0.5000 0.5000 (  780 PWs)   bands (ev):

    -7.8320  -7.4847   1.8594   4.1294   4.1636   4.2149   5.6546   5.6826
     6.6612   6.6842   7.2420   8.6728   8.8890   9.7808  12.5711  12.8519
    13.7777  13.8658  15.3275  16.7000

          k =-0.2500-0.2500-0.2500 (  748 PWs)   bands (ev):

    -8.2036  -8.1505   3.4502   3.7649   3.7649   4.2970   5.5350   5.5350
     6.9736   6.9736   7.8686   9.4383   9.4383   9.5126  12.5338  12.5338
    13.1759  13.1759  14.1099  14.3869

 ------ SPIN DOWN ----------


          k = 0.0000 0.0000 0.0000 (  731 PWs)   bands (ev):

    -8.7196  -7.4691   1.4527   3.6644   3.6644   5.4892   5.4892   6.8728
     7.8269   7.8793   7.8793   8.4593   8.4593   9.8910  11.5961  12.5848
    12.5848  13.4532  13.4532  20.0152

          k =-0.7500 0.2500 0.2500 (  764 PWs)   bands (ev):

    -8.0120  -7.3321   2.4596   3.6244   4.1629   4.2245   5.5873   5.6549
     6.2710   6.5384   7.3462   8.7888   9.2125   9.4774  12.5135  12.7489
    13.3310  13.6627  17.3706  17.6639

          k =-0.5000-0.5000 0.5000 (  780 PWs)   bands (ev):

    -7.8320  -7.4847   1.8594   4.1294   4.1636   4.2149   5.6546   5.6826
     6.6612   6.6842   7.2420   8.6728   8.8890   9.7808  12.5711  12.8519
    13.7777  13.8658  15.3275  16.7000

          k =-0.2500-0.2500-0.2500 (  748 PWs)   bands (ev):

    -8.2036  -8.1505   3.4502   3.7649   3.7649   4.2970   5.5350   5.5350
     6.9736   6.9736   7.8686   9.4383   9.4383   9.5126  12.5338  12.5338
    13.1759  13.1759  14.1099  14.3869

     the Fermi energy is    10.6801 ev

!    total energy              =  -174.53741820 ryd
     estimated scf accuracy    <     0.00000034 ryd

     band energy sum           =     8.63604558 ryd
     one-electron contribution =    -1.20657943 ryd
     hartree contribution      =    28.09201395 ryd
     xc contribution           =   -65.85597372 ryd
     ewald contribution        =  -137.50929535 ryd
     Hubbard energy            =     1.94241635 ryd
     correction for metals     =     0.00000000 ryd

     total magnetization       =     0.00 Bohr mag/cell
     absolute magnetization    =     7.31 Bohr mag/cell

     convergence has been achieved

     Writing file    feo_af.save for program phonon
 
     PWSCF        :  2m41.94s CPU time

     init_run     :    12.72s CPU
