
     Program PWSCF     v.2.1cvs starts ...
     Today is 28Jul2005 at 18:20: 0 

     Ultrasoft (Vanderbilt) Pseudopotentials

     Current dimensions of program pwscf are:

     ntypx = 10   npk = 40000  lmax =  3
     nchix =  6  ndmx =  2000  nbrx = 14  nqfx =  8
  HUBBARD L FOR TYPE Fe IS            2
  HUBBARD L FOR TYPE Fe IS            2
  MAXIMUM HUBBARD L IS            2


     bravais-lattice index     =            0
     lattice parameter (a_0)   =       8.1900  a.u.
     unit-cell volume          =     274.6766 (a.u.)^3
     number of atoms/cell      =            4
     number of atomic types    =            3
     kinetic-energy cutoff     =      30.0000  Ry
     charge density cutoff     =     240.0000  Ry
     convergence threshold     =      1.0E-06
     beta                      =       0.3000
     number of iterations used =            8  plain     mixing
     Exchange-correlation      =  SLA  PZ   NOGX NOGC (1100)
     celldm(1)=   8.190000  celldm(2)=   0.000000  celldm(3)=   0.000000
     celldm(4)=   0.000000  celldm(5)=   0.000000  celldm(6)=   0.000000

     crystal axes: (cart. coord. in units of a_0)
               a(1) = (  0.500000  0.500000  1.000000 )  
               a(2) = (  0.500000  1.000000  0.500000 )  
               a(3) = (  1.000000  0.500000  0.500000 )  

     reciprocal axes: (cart. coord. in units 2 pi/a_0)
               b(1) = ( -0.500000 -0.500000  1.500000 )  
               b(2) = ( -0.500000  1.500000 -0.500000 )  
               b(3) = (  1.500000 -0.500000 -0.500000 )  


     PSEUDO 1 is O  (US)    zval =  6.0   lmax= 2   lloc= 0
     Version   0  0  0 of US pseudo code
     Using log mesh of  1269 points
     The pseudopotential has  4 beta functions with: 
                l(1) =   0
                l(2) =   0
                l(3) =   1
                l(4) =   1
     Q(r) pseudized with  0 coefficients,  rinner =    0.000   0.000   0.000
                                                       0.000   0.000

     PSEUDO 2 is Fe (US)    zval =  8.0   lmax= 2   lloc= 0
     Version   0  0  0 of US pseudo code
     Using log mesh of   957 points
     The pseudopotential has  6 beta functions with: 
                l(1) =   0
                l(2) =   0
                l(3) =   1
                l(4) =   1
                l(5) =   2
                l(6) =   2
     Q(r) pseudized with  0 coefficients,  rinner =    0.000   0.000   0.000
                                                       0.000   0.000

     PSEUDO 3 is Fe (US)    zval =  8.0   lmax= 2   lloc= 0
     Version   0  0  0 of US pseudo code
     Using log mesh of   957 points
     The pseudopotential has  6 beta functions with: 
                l(1) =   0
                l(2) =   0
                l(3) =   1
                l(4) =   1
                l(5) =   2
                l(6) =   2
     Q(r) pseudized with  0 coefficients,  rinner =    0.000   0.000   0.000
                                                       0.000   0.000

     atomic species   valence    mass     pseudopotential
        O1             6.00     1.00000     O ( 1.00)
        Fe1            8.00     1.00000     Fe( 1.00)
        Fe2            8.00     1.00000     Fe( 1.00)

     Starting magnetic structure 
     atomic species   magnetization
        O1           0.000
        Fe1          0.500
        Fe2         -0.500

     12 Sym.Ops. (with inversion)


   Cartesian axes

     site n.     atom                  positions (a_0 units)
         1           O1  tau(  1) = (   0.5000000   0.5000000   0.5000000  )
         2           O1  tau(  2) = (   1.5000000   1.5000000   1.5000000  )
         3           Fe1 tau(  3) = (   0.0000000   0.0000000   0.0000000  )
         4           Fe2 tau(  4) = (   1.0000000   1.0000000   1.0000000  )

     number of k points=    8  gaussian broad. (ryd)=  0.0100     ngauss =   0
                       cart. coord. in units 2pi/a_0
        k(    1) = (   0.0000000   0.0000000   0.0000000), wk =   0.1250000
        k(    2) = (  -0.7500000   0.2500000   0.2500000), wk =   0.3750000
        k(    3) = (  -0.5000000  -0.5000000   0.5000000), wk =   0.3750000
        k(    4) = (  -0.2500000  -0.2500000  -0.2500000), wk =   0.1250000
        k(    5) = (   0.0000000   0.0000000   0.0000000), wk =   0.1250000
        k(    6) = (  -0.7500000   0.2500000   0.2500000), wk =   0.3750000
        k(    7) = (  -0.5000000  -0.5000000   0.5000000), wk =   0.3750000
        k(    8) = (  -0.2500000  -0.2500000  -0.2500000), wk =   0.1250000

     G cutoff =  407.7738  (  17255 G-vectors)     FFT grid: ( 50, 50, 50)
     G cutoff =  203.8869  (   6111 G-vectors)  smooth grid: ( 36, 36, 36)

     nbndx  =    80  nbnd   =    20  natomwfc =    20  npwx   =     780
     nelec  =  28.00  nkb   =    52  ngl    =     342

     warning: negative or imaginary core charge    -0.000003    0.000000

     Initial potential from superposition of free atoms

     starting charge   27.99905, renormalised to   28.00000

     Parameters of the lda+U calculation:
     Number of iteration with fixed ns =  0
     Starting ns and Hubbard U :
 enter write_ns
U( 1) =  0.0000      U( 2) =  4.3000      U( 3) =  4.3000
alpha( 1) =  0.0000      alpha( 2) =  0.0000      alpha( 3) =  0.0000
atom  3   Tr[ns(na)]=   6.0000000
atom  3  spin  1
eigenvalues:  1.0000000 1.0000000 1.0000000 1.0000000 1.0000000
 eigenvectors
 1   1.0000000  0.0000000  0.0000000  0.0000000  0.0000000
 2   0.0000000  1.0000000  0.0000000  0.0000000  0.0000000
 3   0.0000000  0.0000000  1.0000000  0.0000000  0.0000000
 4   0.0000000  0.0000000  0.0000000  1.0000000  0.0000000
 5   0.0000000  0.0000000  0.0000000  0.0000000  1.0000000
 occupations
 1.000  0.000  0.000  0.000  0.000
 0.000  1.000  0.000  0.000  0.000
 0.000  0.000  1.000  0.000  0.000
 0.000  0.000  0.000  1.000  0.000
 0.000  0.000  0.000  0.000  1.000
atom  3  spin  2
eigenvalues:  0.2000000 0.2000000 0.2000000 0.2000000 0.2000000
 eigenvectors
 1   1.0000000  0.0000000  0.0000000  0.0000000  0.0000000
 2   0.0000000  1.0000000  0.0000000  0.0000000  0.0000000
 3   0.0000000  0.0000000  1.0000000  0.0000000  0.0000000
 4   0.0000000  0.0000000  0.0000000  1.0000000  0.0000000
 5   0.0000000  0.0000000  0.0000000  0.0000000  1.0000000
 occupations
 0.200  0.000  0.000  0.000  0.000
 0.000  0.200  0.000  0.000  0.000
 0.000  0.000  0.200  0.000  0.000
 0.000  0.000  0.000  0.200  0.000
 0.000  0.000  0.000  0.000  0.200
atom  4   Tr[ns(na)]=   6.0000000
atom  4  spin  1
eigenvalues:  0.2000000 0.2000000 0.2000000 0.2000000 0.2000000
 eigenvectors
 1   1.0000000  0.0000000  0.0000000  0.0000000  0.0000000
 2   0.0000000  1.0000000  0.0000000  0.0000000  0.0000000
 3   0.0000000  0.0000000  1.0000000  0.0000000  0.0000000
 4   0.0000000  0.0000000  0.0000000  1.0000000  0.0000000
 5   0.0000000  0.0000000  0.0000000  0.0000000  1.0000000
 occupations
 0.200  0.000  0.000  0.000  0.000
 0.000  0.200  0.000  0.000  0.000
 0.000  0.000  0.200  0.000  0.000
 0.000  0.000  0.000  0.200  0.000
 0.000  0.000  0.000  0.000  0.200
atom  4  spin  2
eigenvalues:  1.0000000 1.0000000 1.0000000 1.0000000 1.0000000
 eigenvectors
 1   1.0000000  0.0000000  0.0000000  0.0000000  0.0000000
 2   0.0000000  1.0000000  0.0000000  0.0000000  0.0000000
 3   0.0000000  0.0000000  1.0000000  0.0000000  0.0000000
 4   0.0000000  0.0000000  0.0000000  1.0000000  0.0000000
 5   0.0000000  0.0000000  0.0000000  0.0000000  1.0000000
 occupations
 1.000  0.000  0.000  0.000  0.000
 0.000  1.000  0.000  0.000  0.000
 0.000  0.000  1.000  0.000  0.000
 0.000  0.000  0.000  1.000  0.000
 0.000  0.000  0.000  0.000  1.000
nsum =  12.0000000
 exit write_ns
     Starting wfc are atomic
 LDA+U Projector read from file 

     total cpu time spent up to now is      7.00 secs

     Self-consistent Calculation

     iteration #  1     ecut=    30.00 ryd     beta=0.30
     Davidson diagonalization (with overlap)
     ethr =  1.00E-02,  avg # of iterations =  3.0
 enter write_ns
U( 1) =  0.0000      U( 2) =  4.3000      U( 3) =  4.3000
alpha( 1) =  0.0000      alpha( 2) =  0.0000      alpha( 3) =  0.0000
atom  3   Tr[ns(na)]=   5.6406565
atom  3  spin  1
eigenvalues:  0.9879573 0.9879573 0.9903418 0.9903418 0.9909579
 eigenvectors
 1  -0.1508997 -0.0602175  0.0504342 -0.9853750 -0.0097833
 2  -0.9853750 -0.0234698 -0.0404150  0.1508997 -0.0638848
 3  -0.0780794  0.2856456  0.5172319  0.0130029  0.8028775
 4   0.0130029 -0.7621655  0.6284591  0.0780794 -0.1337064
 5   0.0000000 -0.5773503 -0.5773503  0.0000000  0.5773503
 occupations
 0.988  0.000  0.000  0.000  0.000
 0.000  0.991  0.000  0.000  0.000
 0.000  0.000  0.991  0.000  0.000
 0.000  0.000  0.000  0.988  0.000
 0.000  0.000  0.000  0.000  0.991
atom  3  spin  2
eigenvalues:  0.0240814 0.0240814 0.2017556 0.2215910 0.2215910
 eigenvectors
 1   0.1691646  0.0496580 -0.0406859  0.9834539  0.0089721
 2   0.9834539  0.0183100  0.0338501 -0.1691646  0.0521601
 3   0.0000000 -0.5773503 -0.5773503  0.0000000  0.5773503
 4  -0.0640593  0.2947526  0.5104533  0.0099076  0.8052059
 5  -0.0099076  0.7595962 -0.6350613 -0.0640593  0.1245349
 occupations
 0.025 -0.005 -0.005  0.000 -0.010
-0.005  0.214 -0.006 -0.009  0.006
-0.005 -0.006  0.214  0.009  0.006
 0.000 -0.009  0.009  0.025  0.000
-0.010  0.006  0.006  0.000  0.214
atom  4   Tr[ns(na)]=   5.6406560
atom  4  spin  1
eigenvalues:  0.0240817 0.0240817 0.2017555 0.2215907 0.2215907
 eigenvectors
 1  -0.1512151 -0.0493161  0.0412960 -0.9863733 -0.0080201
 2   0.9863733  0.0192119  0.0331031 -0.1512151  0.0523149
 3   0.0000000 -0.5773503 -0.5773503  0.0000000  0.5773503
 4  -0.0640666  0.2953091  0.5099878  0.0098606  0.8052969
 5  -0.0098606  0.7593800 -0.6354352 -0.0640666  0.1239448
 occupations
 0.025 -0.005 -0.005  0.000 -0.010
-0.005  0.214 -0.006 -0.009  0.006
-0.005 -0.006  0.214  0.009  0.006
 0.000 -0.009  0.009  0.025  0.000
-0.010  0.006  0.006  0.000  0.214
atom  4  spin  2
eigenvalues:  0.9879572 0.9879572 0.9903417 0.9903417 0.9909578
 eigenvectors
 1  -0.2714639 -0.0626546  0.0450550 -0.9591882 -0.0175996
 2  -0.9591882 -0.0158514 -0.0463348  0.2714639 -0.0621862
 3  -0.0780023  0.2812599  0.5208359  0.0134513  0.8020957
 4   0.0134513 -0.7637949  0.6254757  0.0780023 -0.1383192
 5   0.0000000 -0.5773503 -0.5773503  0.0000000  0.5773503
 occupations
 0.988  0.000  0.000  0.000  0.000
 0.000  0.991  0.000  0.000  0.000
 0.000  0.000  0.991  0.000  0.000
 0.000  0.000  0.000  0.988  0.000
 0.000  0.000  0.000  0.000  0.991
nsum =  11.2813125
 exit write_ns
 Modify starting ns matrices according to input values 
 enter write_ns
U( 1) =  0.0000      U( 2) =  4.3000      U( 3) =  4.3000
alpha( 1) =  0.0000      alpha( 2) =  0.0000      alpha( 3) =  0.0000
atom  3   Tr[ns(na)]=   6.4190655
atom  3  spin  1
eigenvalues:  0.9879573 0.9879573 0.9903418 0.9903418 0.9909579
 eigenvectors
 1  -0.0246966 -0.0567542  0.0551531 -0.9965564 -0.0016012
 2  -0.9965564 -0.0309182 -0.0336915  0.0246966 -0.0646097
 3  -0.0780747  0.2853687  0.5174602  0.0130312  0.8028289
 4   0.0130312 -0.7622693  0.6282711  0.0780747 -0.1339981
 5   0.0000000 -0.5773503 -0.5773503  0.0000000  0.5773503
 occupations
 0.988  0.000  0.000  0.000  0.000
 0.000  0.991  0.000  0.000  0.000
 0.000  0.000  0.991  0.000  0.000
 0.000  0.000  0.000  0.988  0.000
 0.000  0.000  0.000  0.000  0.991
atom  3  spin  2
eigenvalues:  0.0240814 0.0240814 0.2017556 0.2215910 1.0000000
 eigenvectors
 1  -0.1888881 -0.0500158  0.0399976 -0.9798569 -0.0100182
 2  -0.9798569 -0.0173087 -0.0346607  0.1888881 -0.0519693
 3   0.0000000 -0.5773503 -0.5773503  0.0000000  0.5773503
 4  -0.0640593  0.2947526  0.5104533  0.0099076  0.8052059
 5  -0.0099076  0.7595962 -0.6350613 -0.0640593  0.1245349
 occupations
 0.025 -0.011  0.000  0.000 -0.011
-0.011  0.664 -0.382 -0.047  0.080
 0.000 -0.382  0.528  0.041 -0.055
 0.000 -0.047  0.041  0.028 -0.006
-0.011  0.080 -0.055 -0.006  0.226
atom  4   Tr[ns(na)]=   6.4190652
atom  4  spin  1
eigenvalues:  0.0240817 0.0240817 0.2017555 0.2215907 1.0000000
 eigenvectors
 1   0.1389511  0.0490737 -0.0417040  0.9881755  0.0073696
 2  -0.9881755 -0.0198230 -0.0325876  0.1389511 -0.0524105
 3   0.0000000 -0.5773503 -0.5773503  0.0000000  0.5773503
 4  -0.0640666  0.2953091  0.5099878  0.0098606  0.8052969
 5  -0.0098606  0.7593800 -0.6354352 -0.0640666  0.1239448
 occupations
 0.025 -0.011  0.000  0.000 -0.011
-0.011  0.663 -0.382 -0.047  0.080
 0.000 -0.382  0.529  0.041 -0.055
 0.000 -0.047  0.041  0.028 -0.006
-0.011  0.080 -0.055 -0.006  0.226
atom  4  spin  2
eigenvalues:  0.9879572 0.9879572 0.9903417 0.9903417 0.9909578
 eigenvectors
 1  -0.2553114 -0.0623795  0.0458271 -0.9636134 -0.0165524
 2  -0.9636134 -0.0169018 -0.0455713  0.2553114 -0.0624731
 3  -0.0781620  0.2906438  0.5130944  0.0124898  0.8037382
 4   0.0124898 -0.7602736  0.6318417  0.0781620 -0.1284320
 5   0.0000000 -0.5773503 -0.5773503  0.0000000  0.5773503
 occupations
 0.988  0.000  0.000  0.000  0.000
 0.000  0.991  0.000  0.000  0.000
 0.000  0.000  0.991  0.000  0.000
 0.000  0.000  0.000  0.988  0.000
 0.000  0.000  0.000  0.000  0.991
nsum =  12.8381307
 exit write_ns

     total cpu time spent up to now is     14.12 secs

     total energy              =  -174.05739770 ryd
     estimated scf accuracy    <     2.39665735 ryd

     total magnetization       =     0.00 Bohr mag/cell
     absolute magnetization    =     8.48 Bohr mag/cell

     iteration #  2     ecut=    30.00 ryd     beta=0.30
     Davidson diagonalization (with overlap)
     ethr =  8.56E-03,  avg # of iterations =  2.2
 enter write_ns
U( 1) =  0.0000      U( 2) =  4.3000      U( 3) =  4.3000
alpha( 1) =  0.0000      alpha( 2) =  0.0000      alpha( 3) =  0.0000
atom  3   Tr[ns(na)]=   5.9947551
atom  3  spin  1
eigenvalues:  0.9702259 0.9702259 0.9937456 0.9959448 0.9959448
 eigenvectors
 1  -0.2571987 -0.0836984  0.0612843 -0.9605130 -0.0224141
 2  -0.9605130 -0.0224417 -0.0612641  0.2571987 -0.0837058
 3   0.0000000  0.5773503  0.5773503  0.0000000 -0.5773503
 4   0.1044871 -0.2764221 -0.5228951 -0.0186017 -0.7993172
 5   0.0186017 -0.7633796  0.6210783  0.1044871 -0.1423013
 occupations
 0.971 -0.001 -0.001  0.000 -0.002
-0.001  0.995 -0.001 -0.002  0.001
-0.001 -0.001  0.995  0.002  0.001
 0.000 -0.002  0.002  0.971  0.000
-0.002  0.001  0.001  0.000  0.995
atom  3  spin  2
eigenvalues:  0.0322316 0.0322316 0.1503777 0.4269136 0.4269136
 eigenvectors
 1  -0.4697076 -0.0877841  0.0462900 -0.8762444 -0.0414941
 2   0.8762444  0.0027689  0.0746388 -0.4697076  0.0774077
 3   0.0000000 -0.5773503 -0.5773503  0.0000000  0.5773503
 4   0.1055018 -0.2610077 -0.5351695 -0.0209747 -0.7961772
 5   0.0209747 -0.7686533  0.6103660  0.1055018 -0.1582874
 occupations
 0.037 -0.017 -0.017  0.000 -0.034
-0.017  0.332 -0.091 -0.030  0.091
-0.017 -0.091  0.332  0.030  0.091
 0.000 -0.030  0.030  0.037  0.000
-0.034  0.091  0.091  0.000  0.332
atom  4   Tr[ns(na)]=   5.9947596
atom  4  spin  1
eigenvalues:  0.0322308 0.0322308 0.1504486 0.4268805 0.4268805
 eigenvectors
 1  -0.5859444 -0.0873425  0.0355716 -0.8031780 -0.0517709
 2   0.8031780 -0.0093527  0.0803172 -0.5859444  0.0709645
 3   0.0000000 -0.5773503 -0.5773503  0.0000000  0.5773503
 4   0.1053953 -0.2565465 -0.5386981 -0.0215895 -0.7952446
 5   0.0215895 -0.7701522  0.6072519  0.1053953 -0.1629003
 occupations
 0.037 -0.017 -0.017  0.000 -0.034
-0.017  0.332 -0.091 -0.030  0.091
-0.017 -0.091  0.332  0.030  0.091
 0.000 -0.030  0.030  0.037  0.000
-0.034  0.091  0.091  0.000  0.332
atom  4  spin  2
eigenvalues:  0.9702259 0.9702259 0.9937457 0.9959454 0.9959454
 eigenvectors
 1  -0.1660158 -0.0812256  0.0667579 -0.9803954 -0.0144677
 2  -0.9803954 -0.0301897 -0.0552486  0.1660158 -0.0854383
 3   0.0000000  0.5773503  0.5773503  0.0000000 -0.5773503
 4   0.1044898 -0.2765429 -0.5227968 -0.0185851 -0.7993397
 5   0.0185851 -0.7633359  0.6211611  0.1044898 -0.1421748
 occupations
 0.971 -0.001 -0.001  0.000 -0.002
-0.001  0.995 -0.001 -0.002  0.001
-0.001 -0.001  0.995  0.002  0.001
 0.000 -0.002  0.002  0.971  0.000
-0.002  0.001  0.001  0.000  0.995
nsum =  11.9895146
 exit write_ns

     total cpu time spent up to now is     21.28 secs

     total energy              =  -174.55882346 ryd
     estimated scf accuracy    <     0.15123839 ryd

     total magnetization       =     0.00 Bohr mag/cell
     absolute magnetization    =     7.19 Bohr mag/cell

     iteration #  3     ecut=    30.00 ryd     beta=0.30
     Davidson diagonalization (with overlap)
     ethr =  5.40E-04,  avg # of iterations =  1.8
 enter write_ns
U( 1) =  0.0000      U( 2) =  4.3000      U( 3) =  4.3000
alpha( 1) =  0.0000      alpha( 2) =  0.0000      alpha( 3) =  0.0000
atom  3   Tr[ns(na)]=   5.9395768
atom  3  spin  1
eigenvalues:  0.9774259 0.9774259 0.9952851 0.9972304 0.9972304
 eigenvectors
 1  -0.3050242 -0.0909788  0.0624093 -0.9455009 -0.0285695
 2  -0.9455009 -0.0195374 -0.0690213  0.3050242 -0.0885586
 3   0.0000000 -0.5773503 -0.5773503  0.0000000  0.5773503
 4  -0.1118708  0.2640432  0.5322199  0.0217531  0.7962631
 5  -0.0217531  0.7670000 -0.6121681 -0.1118708  0.1548319
 occupations
 0.978 -0.001 -0.001  0.000 -0.002
-0.001  0.996 -0.001 -0.002  0.001
-0.001 -0.001  0.996  0.002  0.001
 0.000 -0.002  0.002  0.978  0.000
-0.002  0.001  0.001  0.000  0.996
atom  3  spin  2
eigenvalues:  0.0209775 0.0209775 0.1344161 0.4093040 0.4093040
 eigenvectors
 1  -0.1658499 -0.0906387  0.0744883 -0.9790144 -0.0161504
 2   0.9790144  0.0336814  0.0616547 -0.1658499  0.0953361
 3   0.0000000 -0.5773503 -0.5773503  0.0000000  0.5773503
 4   0.1163243 -0.2664897 -0.5298729 -0.0222120 -0.7963625
 5   0.0222120 -0.7657024  0.6136380  0.1163243 -0.1520644
 occupations
 0.026 -0.019 -0.019  0.000 -0.037
-0.019  0.314 -0.090 -0.032  0.090
-0.019 -0.090  0.314  0.032  0.090
 0.000 -0.032  0.032  0.026  0.000
-0.037  0.090  0.090  0.000  0.314
atom  4   Tr[ns(na)]=   5.9393458
atom  4  spin  1
eigenvalues:  0.0209759 0.0209759 0.1344173 0.4091867 0.4091867
 eigenvectors
 1  -0.2597708 -0.0934954  0.0681925 -0.9583774 -0.0253029
 2   0.9583774  0.0247623  0.0685883 -0.2597708  0.0933506
 3   0.0000000 -0.5773503 -0.5773503  0.0000000  0.5773503
 4   0.1166227 -0.2760448 -0.5221545 -0.0207606 -0.7981993
 5   0.0207606 -0.7623066  0.6202151  0.1166227 -0.1420915
 occupations
 0.026 -0.019 -0.019  0.000 -0.037
-0.019  0.314 -0.090 -0.032  0.090
-0.019 -0.090  0.314  0.032  0.090
 0.000 -0.032  0.032  0.026  0.000
-0.037  0.090  0.090  0.000  0.314
atom  4  spin  2
eigenvalues:  0.9774265 0.9774265 0.9952861 0.9972321 0.9972321
 eigenvectors
 1  -0.2588040 -0.0899023  0.0656678 -0.9591864 -0.0242345
 2  -0.9591864 -0.0239216 -0.0658969  0.2588040 -0.0898184
 3   0.0000000 -0.5773503 -0.5773503  0.0000000  0.5773503
 4  -0.1119338  0.2672518  0.5296548  0.0212795  0.7969067
 5  -0.0212795  0.7658906 -0.6143922 -0.1119338  0.1514984
 occupations
 0.978 -0.001 -0.001  0.000 -0.002
-0.001  0.996 -0.001 -0.002  0.001
-0.001 -0.001  0.996  0.002  0.001
 0.000 -0.002  0.002  0.978  0.000
-0.002  0.001  0.001  0.000  0.996
nsum =  11.8789227
 exit write_ns

     total cpu time spent up to now is     28.16 secs

     total energy              =  -174.57492007 ryd
     estimated scf accuracy    <     0.04183001 ryd

     total magnetization       =     0.00 Bohr mag/cell
     absolute magnetization    =     7.46 Bohr mag/cell

     iteration #  4     ecut=    30.00 ryd     beta=0.30
     Davidson diagonalization (with overlap)
     ethr =  1.49E-04,  avg # of iterations =  1.5
 enter write_ns
U( 1) =  0.0000      U( 2) =  4.3000      U( 3) =  4.3000
alpha( 1) =  0.0000      alpha( 2) =  0.0000      alpha( 3) =  0.0000
atom  3   Tr[ns(na)]=   5.9902292
atom  3  spin  1
eigenvalues:  0.9781520 0.9781520 0.9955332 0.9977782 0.9977782
 eigenvectors
 1  -0.3218968 -0.0902435  0.0604513 -0.9400514 -0.0297922
 2  -0.9400514 -0.0177010 -0.0693027  0.3218968 -0.0870037
 3   0.0000000 -0.5773503 -0.5773503  0.0000000  0.5773503
 4  -0.1106148  0.2660278  0.5307473  0.0212179  0.7967752
 5  -0.0212179  0.7664455 -0.6136096 -0.1106148  0.1528359
 occupations
 0.978 -0.001 -0.001  0.000 -0.002
-0.001  0.997 -0.001 -0.002  0.001
-0.001 -0.001  0.997  0.002  0.001
 0.000 -0.002  0.002  0.978  0.000
-0.002  0.001  0.001  0.000  0.997
atom  3  spin  2
eigenvalues:  0.0196733 0.0196733 0.1079042 0.4477925 0.4477925
 eigenvectors
 1  -0.4639680 -0.1105615  0.0587530 -0.8754278 -0.0518085
 2   0.8754278  0.0040094  0.0937444 -0.4639680  0.0977538
 3   0.0000000 -0.5773503 -0.5773503  0.0000000  0.5773503
 4   0.1327638 -0.2562713 -0.5363670 -0.0270863 -0.7926383
 5   0.0270863 -0.7673016  0.6055883  0.1327638 -0.1617133
 occupations
 0.028 -0.023 -0.023  0.000 -0.047
-0.023  0.329 -0.111 -0.041  0.111
-0.023 -0.111  0.329  0.041  0.111
 0.000 -0.041  0.041  0.028  0.000
-0.047  0.111  0.111  0.000  0.329
atom  4   Tr[ns(na)]=   5.9915740
atom  4  spin  1
eigenvalues:  0.0196890 0.0196890 0.1079861 0.4484022 0.4484022
 eigenvectors
 1  -0.2478551 -0.1066278  0.0789450 -0.9592704 -0.0276828
 2   0.9592704  0.0295962  0.0775443 -0.2478551  0.1071405
 3   0.0000000  0.5773503  0.5773503  0.0000000 -0.5773503
 4  -0.1329788  0.2616002  0.5321403  0.0261683  0.7937405
 5   0.0261683 -0.7654976  0.6093012  0.1329788 -0.1561964
 occupations
 0.028 -0.024 -0.024  0.000 -0.047
-0.024  0.330 -0.111 -0.041  0.111
-0.024 -0.111  0.330  0.041  0.111
 0.000 -0.041  0.041  0.028  0.000
-0.047  0.111  0.111  0.000  0.330
atom  4  spin  2
eigenvalues:  0.9781647 0.9781647 0.9955317 0.9977722 0.9977722
 eigenvectors
 1  -0.2895939 -0.0897277  0.0628823 -0.9504785 -0.0268454
 2  -0.9504785 -0.0208059 -0.0673035  0.2895939 -0.0881094
 3   0.0000000 -0.5773503 -0.5773503  0.0000000  0.5773503
 4  -0.1106638  0.2615552  0.5343004  0.0218962  0.7958556
 5  -0.0218962  0.7679659 -0.6104964 -0.1106638  0.1574695
 occupations
 0.978 -0.001 -0.001  0.000 -0.002
-0.001  0.997 -0.001 -0.002  0.001
-0.001 -0.001  0.997  0.002  0.001
 0.000 -0.002  0.002  0.978  0.000
-0.002  0.001  0.001  0.000  0.997
nsum =  11.9818032
 exit write_ns

     total cpu time spent up to now is     34.90 secs

     total energy              =  -174.57574563 ryd
     estimated scf accuracy    <     0.01337845 ryd

     total magnetization       =     0.00 Bohr mag/cell
     absolute magnetization    =     7.39 Bohr mag/cell

     iteration #  5     ecut=    30.00 ryd     beta=0.30
     Davidson diagonalization (with overlap)
     ethr =  4.78E-05,  avg # of iterations =  1.5
 enter write_ns
U( 1) =  0.0000      U( 2) =  4.3000      U( 3) =  4.3000
alpha( 1) =  0.0000      alpha( 2) =  0.0000      alpha( 3) =  0.0000
atom  3   Tr[ns(na)]=   5.9977230
atom  3  spin  1
eigenvalues:  0.9797308 0.9797308 0.9957015 0.9979095 0.9979095
 eigenvectors
 1  -0.2352879 -0.0960337  0.0723148 -0.9641707 -0.0237189
 2  -0.9641707 -0.0280569 -0.0691392  0.2352879 -0.0971960
 3   0.0000000  0.5773503  0.5773503  0.0000000 -0.5773503
 4   0.1203383 -0.2656657 -0.5301597 -0.0230909 -0.7958253
 5   0.0230909 -0.7655578  0.6128521  0.1203383 -0.1527057
 occupations
 0.980 -0.001 -0.001  0.000 -0.002
-0.001  0.997 -0.001 -0.002  0.001
-0.001 -0.001  0.997  0.002  0.001
 0.000 -0.002  0.002  0.980  0.000
-0.002  0.001  0.001  0.000  0.997
atom  3  spin  2
eigenvalues:  0.0177720 0.0177720 0.0780529 0.4665721 0.4665721
 eigenvectors
 1  -0.5014006 -0.1177083  0.0580644 -0.8531198 -0.0596438
 2   0.8531198 -0.0009119  0.1023943 -0.5014006  0.1014824
 3   0.0000000  0.5773503  0.5773503  0.0000000 -0.5773503
 4  -0.1407581  0.2431692  0.5456931  0.0311653  0.7888623
 5   0.0311653 -0.7705059  0.5958436  0.1407581 -0.1746623
 occupations
 0.027 -0.026 -0.026  0.000 -0.052
-0.026  0.331 -0.126 -0.045  0.126
-0.026 -0.126  0.331  0.045  0.126
 0.000 -0.045  0.045  0.027  0.000
-0.052  0.126  0.126  0.000  0.331
atom  4   Tr[ns(na)]=   5.9849523
atom  4  spin  1
eigenvalues:  0.0177159 0.0177159 0.0780011 0.4602914 0.4602914
 eigenvectors
 1   0.2067888 -0.0872381  0.1117922 -0.9677435  0.0245542
 2   0.9677435  0.0787196  0.0361906  0.2067888  0.1149102
 3   0.0000000  0.5773503  0.5773503  0.0000000 -0.5773503
 4  -0.1406440  0.2465295  0.5431150  0.0304985  0.7896445
 5   0.0304985 -0.7694690  0.5982353  0.1406440 -0.1712337
 occupations
 0.027 -0.026 -0.026  0.000 -0.051
-0.026  0.327 -0.124 -0.045  0.124
-0.026 -0.124  0.327  0.045  0.124
 0.000 -0.045  0.045  0.027  0.000
-0.051  0.124  0.124  0.000  0.327
atom  4  spin  2
eigenvalues:  0.9796857 0.9796857 0.9956997 0.9979328 0.9979328
 eigenvectors
 1  -0.3162376 -0.0974137  0.0657500 -0.9408394 -0.0316637
 2  -0.9408394 -0.0196798 -0.0745228  0.3162376 -0.0942026
 3   0.0000000 -0.5773503 -0.5773503  0.0000000  0.5773503
 4  -0.1194365  0.2623905  0.5328499  0.0234520  0.7952403
 5  -0.0234520  0.7667732 -0.6106234 -0.1194365  0.1561498
 occupations
 0.980 -0.001 -0.001  0.000 -0.002
-0.001  0.997 -0.001 -0.002  0.001
-0.001 -0.001  0.997  0.002  0.001
 0.000 -0.002  0.002  0.980  0.000
-0.002  0.001  0.001  0.000  0.997
nsum =  11.9826752
 exit write_ns

     total cpu time spent up to now is     41.66 secs

     total energy              =  -174.58074482 ryd
     estimated scf accuracy    <     0.00199590 ryd

     total magnetization       =    -0.01 Bohr mag/cell
     absolute magnetization    =     7.43 Bohr mag/cell

     iteration #  6     ecut=    30.00 ryd     beta=0.30
     Davidson diagonalization (with overlap)
     ethr =  7.13E-06,  avg # of iterations =  2.1
 enter write_ns
U( 1) =  0.0000      U( 2) =  4.3000      U( 3) =  4.3000
alpha( 1) =  0.0000      alpha( 2) =  0.0000      alpha( 3) =  0.0000
atom  3   Tr[ns(na)]=   5.9165773
atom  3  spin  1
eigenvalues:  0.9791539 0.9791539 0.9956292 0.9979883 0.9979883
 eigenvectors
 1  -0.2856707 -0.0938707  0.0661234 -0.9510196 -0.0277472
 2  -0.9510196 -0.0221565 -0.0702161  0.2856707 -0.0923726
 3   0.0000000 -0.5773503 -0.5773503  0.0000000  0.5773503
 4  -0.1161119  0.2693451  0.5276061  0.0217242  0.7969512
 5  -0.0217242  0.7647335 -0.6156264 -0.1161119  0.1491070
 occupations
 0.979 -0.001 -0.001  0.000 -0.002
-0.001  0.997 -0.001 -0.002  0.001
-0.001 -0.001  0.997  0.002  0.001
 0.000 -0.002  0.002  0.979  0.000
-0.002  0.001  0.001  0.000  0.997
atom  3  spin  2
eigenvalues:  0.0176034 0.0176034 0.0697683 0.4308443 0.4308443
 eigenvectors
 1   0.6439906  0.1177351 -0.0397497  0.7508347  0.0779854
 2   0.7508347 -0.0220754  0.1129993 -0.6439906  0.0909239
 3   0.0000000 -0.5773503 -0.5773503  0.0000000  0.5773503
 4   0.1433146 -0.2449153 -0.5440637 -0.0313727 -0.7889790
 5   0.0313727 -0.7696326  0.5969191  0.1433146 -0.1727134
 occupations
 0.026 -0.024 -0.024  0.000 -0.049
-0.024  0.305 -0.117 -0.042  0.117
-0.024 -0.117  0.305  0.042  0.117
 0.000 -0.042  0.042  0.026  0.000
-0.049  0.117  0.117  0.000  0.305
atom  4   Tr[ns(na)]=   6.0662236
atom  4  spin  1
eigenvalues:  0.0182782 0.0182782 0.0709167 0.5042049 0.5042049
 eigenvectors
 1   0.3754827  0.1210513 -0.0746651  0.9146763  0.0463862
 2   0.9146763  0.0163268  0.0966701 -0.3754827  0.1129969
 3   0.0000000  0.5773503  0.5773503  0.0000000 -0.5773503
 4  -0.1465180  0.2541680  0.5365115  0.0302070  0.7906795
 5   0.0302070 -0.7662541  0.6032430  0.1465180 -0.1630111
 occupations
 0.029 -0.029 -0.029  0.000 -0.059
-0.029  0.353 -0.141 -0.051  0.141
-0.029 -0.141  0.353  0.051  0.141
 0.000 -0.051  0.051  0.029  0.000
-0.059  0.141  0.141  0.000  0.353
atom  4  spin  2
eigenvalues:  0.9796974 0.9796974 0.9956353 0.9976552 0.9976552
 eigenvectors
 1  -0.3399585 -0.1030770  0.0672037 -0.9316652 -0.0358733
 2  -0.9316652 -0.0180887 -0.0802230  0.3399585 -0.0983116
 3   0.0000000  0.5773503  0.5773503  0.0000000 -0.5773503
 4   0.1257424 -0.2613072 -0.5331045 -0.0248382 -0.7944117
 5  -0.0248382  0.7664419 -0.6095196 -0.1257424  0.1569223
 occupations
 0.980 -0.001 -0.001  0.000 -0.002
-0.001  0.997 -0.001 -0.002  0.001
-0.001 -0.001  0.997  0.002  0.001
 0.000 -0.002  0.002  0.980  0.000
-0.002  0.001  0.001  0.000  0.997
nsum =  11.9828009
 exit write_ns

     total cpu time spent up to now is     48.64 secs

     total energy              =  -174.58114155 ryd
     estimated scf accuracy    <     0.00967067 ryd

     total magnetization       =     0.15 Bohr mag/cell
     absolute magnetization    =     7.42 Bohr mag/cell

     iteration #  7     ecut=    30.00 ryd     beta=0.30
     Davidson diagonalization (with overlap)
     ethr =  7.13E-06,  avg # of iterations =  1.0
 enter write_ns
U( 1) =  0.0000      U( 2) =  4.3000      U( 3) =  4.3000
alpha( 1) =  0.0000      alpha( 2) =  0.0000      alpha( 3) =  0.0000
atom  3   Tr[ns(na)]=   6.0042231
atom  3  spin  1
eigenvalues:  0.9794525 0.9794525 0.9956341 0.9977804 0.9977804
 eigenvectors
 1  -0.3334769 -0.0998272  0.0657208 -0.9345294 -0.0341064
 2  -0.9345294 -0.0182526 -0.0773266  0.3334769 -0.0955792
 3   0.0000000 -0.5773503 -0.5773503  0.0000000  0.5773503
 4  -0.1218317  0.2582212  0.5359213  0.0245967  0.7941425
 5  -0.0245967  0.7679127 -0.6075824 -0.1218317  0.1603302
 occupations
 0.980 -0.001 -0.001  0.000 -0.002
-0.001  0.997 -0.001 -0.002  0.001
-0.001 -0.001  0.997  0.002  0.001
 0.000 -0.002  0.002  0.980  0.000
-0.002  0.001  0.001  0.000  0.997
atom  3  spin  2
eigenvalues:  0.0179946 0.0179946 0.0689573 0.4745884 0.4745884
 eigenvectors
 1  -0.1706154 -0.1145187  0.0934818 -0.9739581 -0.0210369
 2   0.9739581  0.0418261  0.0782631 -0.1706154  0.1200892
 3   0.0000000  0.5773503  0.5773503  0.0000000 -0.5773503
 4  -0.1462136  0.2534438  0.5371129  0.0302905  0.7905568
 5   0.0302905 -0.7665305  0.6027540  0.1462136 -0.1637764
 occupations
 0.028 -0.028 -0.028  0.000 -0.055
-0.028  0.333 -0.132 -0.048  0.132
-0.028 -0.132  0.333  0.048  0.132
 0.000 -0.048  0.048  0.028  0.000
-0.055  0.132  0.132  0.000  0.333
atom  4   Tr[ns(na)]=   5.9785829
atom  4  spin  1
eigenvalues:  0.0178829 0.0178829 0.0687818 0.4620057 0.4620057
 eigenvectors
 1   0.8772533  0.1024866  0.0053345  0.4563653  0.1078211
 2  -0.4563653  0.0653304 -0.1214212  0.8772533 -0.0560908
 3   0.0000000  0.5773503  0.5773503  0.0000000 -0.5773503
 4  -0.1458328  0.2553603  0.5356559  0.0298350  0.7910162
 5   0.0298350 -0.7659545  0.6041257  0.1458328 -0.1618287
 occupations
 0.028 -0.027 -0.027  0.000 -0.053
-0.027  0.324 -0.128 -0.046  0.128
-0.027 -0.128  0.324  0.046  0.128
 0.000 -0.046  0.046  0.028  0.000
-0.053  0.128  0.128  0.000  0.324
atom  4  spin  2
eigenvalues:  0.9793620 0.9793620 0.9956308 0.9978344 0.9978344
 eigenvectors
 1  -0.2786215 -0.0971832  0.0691019 -0.9525554 -0.0280813
 2  -0.9525554 -0.0236833 -0.0723215  0.2786215 -0.0960047
 3   0.0000000 -0.5773503 -0.5773503  0.0000000  0.5773503
 4  -0.1202559  0.2637841  0.5316660  0.0233817  0.7954502
 5  -0.0233817  0.7662109 -0.6115492 -0.1202559  0.1546617
 occupations
 0.980 -0.001 -0.001  0.000 -0.002
-0.001  0.997 -0.001 -0.002  0.001
-0.001 -0.001  0.997  0.002  0.001
 0.000 -0.002  0.002  0.980  0.000
-0.002  0.001  0.001  0.000  0.997
nsum =  11.9828059
 exit write_ns

     total cpu time spent up to now is     55.43 secs

     total energy              =  -174.58057601 ryd
     estimated scf accuracy    <     0.00116632 ryd

     total magnetization       =    -0.03 Bohr mag/cell
     absolute magnetization    =     7.42 Bohr mag/cell

     iteration #  8     ecut=    30.00 ryd     beta=0.30
     Davidson diagonalization (with overlap)
     ethr =  4.17E-06,  avg # of iterations =  1.8
 enter write_ns
U( 1) =  0.0000      U( 2) =  4.3000      U( 3) =  4.3000
alpha( 1) =  0.0000      alpha( 2) =  0.0000      alpha( 3) =  0.0000
atom  3   Tr[ns(na)]=   5.9933575
atom  3  spin  1
eigenvalues:  0.9795502 0.9795502 0.9956549 0.9976376 0.9976376
 eigenvectors
 1  -0.3744404 -0.1027992  0.0636280 -0.9185008 -0.0391712
 2  -0.9185008 -0.0141201 -0.0819666  0.3744404 -0.0960868
 3   0.0000000 -0.5773503 -0.5773503  0.0000000  0.5773503
 4  -0.1244497  0.2544507  0.5386319  0.0257460  0.7930826
 5  -0.0257460  0.7688657 -0.6047936 -0.1244497  0.1640721
 occupations
 0.980 -0.001 -0.001  0.000 -0.002
-0.001  0.997 -0.001 -0.002  0.001
-0.001 -0.001  0.997  0.002  0.001
 0.000 -0.002  0.002  0.980  0.000
-0.002  0.001  0.001  0.000  0.997
atom  3  spin  2
eigenvalues:  0.0175577 0.0175577 0.0524361 0.4778878 0.4778878
 eigenvectors
 1   0.4230999  0.1297324 -0.0739502  0.8919505  0.0557822
 2   0.8919505  0.0104893  0.1071069 -0.4230999  0.1175962
 3   0.0000000  0.5773503  0.5773503  0.0000000 -0.5773503
 4  -0.1557947  0.2461141  0.5416726  0.0337464  0.7877867
 5   0.0337464 -0.7675637  0.5969229  0.1557947 -0.1706408
 occupations
 0.029 -0.030 -0.030  0.000 -0.059
-0.030  0.328 -0.138 -0.051  0.138
-0.030 -0.138  0.328  0.051  0.138
 0.000 -0.051  0.051  0.029  0.000
-0.059  0.138  0.138  0.000  0.328
atom  4   Tr[ns(na)]=   5.9896251
atom  4  spin  1
eigenvalues:  0.0175552 0.0175552 0.0524598 0.4760003 0.4760003
 eigenvectors
 1   0.2435005  0.1252486 -0.0931553  0.9567196  0.0320933
 2   0.9567196  0.0352541  0.0908414 -0.2435005  0.1260955
 3   0.0000000  0.5773503  0.5773503  0.0000000 -0.5773503
 4  -0.1560589  0.2533711  0.5360020  0.0322601  0.7893731
 5   0.0322601 -0.7652057  0.6020286  0.1560589 -0.1631770
 occupations
 0.029 -0.029 -0.029  0.000 -0.059
-0.029  0.327 -0.137 -0.051  0.137
-0.029 -0.137  0.327  0.051  0.137
 0.000 -0.051  0.051  0.029  0.000
-0.059  0.137  0.137  0.000  0.327
atom  4  spin  2
eigenvalues:  0.9795480 0.9795480 0.9956572 0.9976505 0.9976505
 eigenvectors
 1  -0.3908155 -0.1028855  0.0620617 -0.9116795 -0.0408239
 2  -0.9116795 -0.0122617 -0.0829707  0.3908155 -0.0952323
 3   0.0000000 -0.5773503 -0.5773503  0.0000000  0.5773503
 4  -0.1242643  0.2543207  0.5387517  0.0257306  0.7930724
 5  -0.0257306  0.7689290 -0.6047127 -0.1242643  0.1642163
 occupations
 0.980 -0.001 -0.001  0.000 -0.002
-0.001  0.997 -0.001 -0.002  0.001
-0.001 -0.001  0.997  0.002  0.001
 0.000 -0.002  0.002  0.980  0.000
-0.002  0.001  0.001  0.000  0.997
nsum =  11.9829826
 exit write_ns

     total cpu time spent up to now is     62.32 secs

     total energy              =  -174.58105863 ryd
     estimated scf accuracy    <     0.00009230 ryd

     total magnetization       =     0.00 Bohr mag/cell
     absolute magnetization    =     7.43 Bohr mag/cell

     iteration #  9     ecut=    30.00 ryd     beta=0.30
     Davidson diagonalization (with overlap)
     ethr =  3.30E-07,  avg # of iterations =  3.0
 enter write_ns
U( 1) =  0.0000      U( 2) =  4.3000      U( 3) =  4.3000
alpha( 1) =  0.0000      alpha( 2) =  0.0000      alpha( 3) =  0.0000
atom  3   Tr[ns(na)]=   5.9894620
atom  3  spin  1
eigenvalues:  0.9794349 0.9794349 0.9956482 0.9976676 0.9976676
 eigenvectors
 1  -0.2634078 -0.0995044  0.0722020 -0.9564291 -0.0273025
 2  -0.9564291 -0.0259228 -0.0732120  0.2634078 -0.0991347
 3   0.0000000  0.5773503  0.5773503  0.0000000 -0.5773503
 4   0.1237218 -0.2669413 -0.5288185 -0.0235072 -0.7957598
 5   0.0235072 -0.7647456  0.6135508  0.1237218 -0.1511949
 occupations
 0.980 -0.001 -0.001  0.000 -0.002
-0.001  0.997 -0.001 -0.002  0.001
-0.001 -0.001  0.997  0.002  0.001
 0.000 -0.002  0.002  0.980  0.000
-0.002  0.001  0.001  0.000  0.997
atom  3  spin  2
eigenvalues:  0.0177109 0.0177109 0.0563183 0.4739344 0.4739344
 eigenvectors
 1  -0.3928759 -0.1282921  0.0769110 -0.9058887 -0.0513811
 2   0.9058887  0.0147397  0.1037344 -0.3928759  0.1184741
 3   0.0000000 -0.5773503 -0.5773503  0.0000000  0.5773503
 4   0.1543085 -0.2401747 -0.5464185 -0.0346854 -0.7865932
 5   0.0346854 -0.7696146  0.5928047  0.1543085 -0.1768099
 occupations
 0.029 -0.029 -0.029  0.000 -0.058
-0.029  0.327 -0.135 -0.050  0.135
-0.029 -0.135  0.327  0.050  0.135
 0.000 -0.050  0.050  0.029  0.000
-0.058  0.135  0.135  0.000  0.327
atom  4   Tr[ns(na)]=   5.9935121
atom  4  spin  1
eigenvalues:  0.0177358 0.0177358 0.0563907 0.4758889 0.4758889
 eigenvectors
 1  -0.8933318 -0.1061119 -0.0107824 -0.4206163 -0.1168943
 2   0.4206163 -0.0737142  0.1287526 -0.8933318  0.0550385
 3   0.0000000  0.5773503  0.5773503  0.0000000 -0.5773503
 4  -0.1546705  0.2465261  0.5414915  0.0334258  0.7880175
 5   0.0334258 -0.7675924  0.5972940  0.1546705 -0.1702983
 occupations
 0.029 -0.029 -0.029  0.000 -0.058
-0.029  0.328 -0.136 -0.051  0.136
-0.029 -0.136  0.328  0.051  0.136
 0.000 -0.051  0.051  0.029  0.000
-0.058  0.136  0.136  0.000  0.328
atom  4  spin  2
eigenvalues:  0.9794558 0.9794558 0.9956472 0.9976566 0.9976566
 eigenvectors
 1  -0.3421922 -0.1015702  0.0660122 -0.9311101 -0.0355580
 2  -0.9311101 -0.0175828 -0.0791710  0.3421922 -0.0967537
 3   0.0000000  0.5773503  0.5773503  0.0000000 -0.5773503
 4   0.1237339 -0.2576375 -0.5361985 -0.0250679 -0.7938360
 5  -0.0250679  0.7678958 -0.6070685 -0.1237339  0.1608272
 occupations
 0.980 -0.001 -0.001  0.000 -0.002
-0.001  0.997 -0.001 -0.002  0.001
-0.001 -0.001  0.997  0.002  0.001
 0.000 -0.002  0.002  0.980  0.000
-0.002  0.001  0.001  0.000  0.997
nsum =  11.9829741
 exit write_ns

     total cpu time spent up to now is     70.07 secs

     total energy              =  -174.58064432 ryd
     estimated scf accuracy    <     0.00005324 ryd

     total magnetization       =     0.00 Bohr mag/cell
     absolute magnetization    =     7.42 Bohr mag/cell

     iteration # 10     ecut=    30.00 ryd     beta=0.30
     Davidson diagonalization (with overlap)
     ethr =  1.90E-07,  avg # of iterations =  1.4
 enter write_ns
U( 1) =  0.0000      U( 2) =  4.3000      U( 3) =  4.3000
alpha( 1) =  0.0000      alpha( 2) =  0.0000      alpha( 3) =  0.0000
atom  3   Tr[ns(na)]=   5.9921218
atom  3  spin  1
eigenvalues:  0.9793529 0.9793529 0.9956293 0.9975982 0.9975982
 eigenvectors
 1  -0.2106934 -0.0982987  0.0763783 -0.9693459 -0.0219203
 2  -0.9693459 -0.0314413 -0.0694085  0.2106934 -0.1008498
 3   0.0000000  0.5773503  0.5773503  0.0000000 -0.5773503
 4   0.1241205 -0.2650818 -0.5302640 -0.0238930 -0.7953458
 5   0.0238930 -0.7653412  0.6122381  0.1241205 -0.1531031
 occupations
 0.980 -0.001 -0.001  0.000 -0.002
-0.001  0.997 -0.001 -0.002  0.001
-0.001 -0.001  0.997  0.002  0.001
 0.000 -0.002  0.002  0.980  0.000
-0.002  0.001  0.001  0.000  0.997
atom  3  spin  2
eigenvalues:  0.0177353 0.0177353 0.0529207 0.4770995 0.4770995
 eigenvectors
 1   0.2759085  0.1290602 -0.0919037  0.9473073  0.0371565
 2  -0.9473073 -0.0316083 -0.0959653  0.2759085 -0.1275736
 3   0.0000000  0.5773503  0.5773503  0.0000000 -0.5773503
 4  -0.1590013  0.2449217  0.5421956  0.0346703  0.7871174
 5   0.0346703 -0.7674792  0.5958481  0.1590013 -0.1716312
 occupations
 0.030 -0.030 -0.030  0.000 -0.060
-0.030  0.328 -0.137 -0.052  0.137
-0.030 -0.137  0.328  0.052  0.137
 0.000 -0.052  0.052  0.030  0.000
-0.060  0.137  0.137  0.000  0.328
atom  4   Tr[ns(na)]=   5.9908989
atom  4  spin  1
eigenvalues:  0.0177359 0.0177359 0.0529299 0.4764773 0.4764773
 eigenvectors
 1  -0.6086372 -0.1315542  0.0495885 -0.7765802 -0.0819657
 2   0.7765802 -0.0186930  0.1232757 -0.6086372  0.1045827
 3   0.0000000  0.5773503  0.5773503  0.0000000 -0.5773503
 4  -0.1589640  0.2440690  0.5428570  0.0348472  0.7869261
 5   0.0348472 -0.7677506  0.5952453  0.1589640 -0.1725053
 occupations
 0.030 -0.030 -0.030  0.000 -0.060
-0.030  0.327 -0.137 -0.052  0.137
-0.030 -0.137  0.327  0.052  0.137
 0.000 -0.052  0.052  0.030  0.000
-0.060  0.137  0.137  0.000  0.327
atom  4  spin  2
eigenvalues:  0.9793536 0.9793536 0.9956295 0.9976030 0.9976030
 eigenvectors
 1  -0.3790954 -0.1022439  0.0628306 -0.9166961 -0.0394133
 2  -0.9166961 -0.0135200 -0.0817858  0.3790954 -0.0953058
 3   0.0000000 -0.5773503 -0.5773503  0.0000000  0.5773503
 4  -0.1237839  0.2572151  0.5365261  0.0251485  0.7937413
 5  -0.0251485  0.7680302 -0.6067700 -0.1237839  0.1612603
 occupations
 0.980 -0.001 -0.001  0.000 -0.002
-0.001  0.997 -0.001 -0.002  0.001
-0.001 -0.001  0.997  0.002  0.001
 0.000 -0.002  0.002  0.980  0.000
-0.002  0.001  0.001  0.000  0.997
