
     Program PWSCF     v.3.0    starts ...
     Today is  2Nov2005 at  4:47: 9 

     Ultrasoft (Vanderbilt) Pseudopotentials

     Current dimensions of program pwscf are:

     ntypx = 10   npk = 40000  lmax =  3
     nchix =  6  ndmx =  2000  nbrx = 14  nqfx =  8
  HUBBARD L FOR TYPE Fe IS            2
  HUBBARD L FOR TYPE Fe IS            2
  MAXIMUM HUBBARD L IS            2


     bravais-lattice index     =            0
     lattice parameter (a_0)   =       8.1900  a.u.
     unit-cell volume          =     274.6766 (a.u.)^3
     number of atoms/cell      =            4
     number of atomic types    =            3
     kinetic-energy cutoff     =      30.0000  Ry
     charge density cutoff     =     240.0000  Ry
     convergence threshold     =      1.0E-06
     beta                      =       0.3000
     number of iterations used =            8  plain     mixing
     Exchange-correlation      =  SLA  PZ   NOGX NOGC (1100)
     celldm(1)=   8.190000  celldm(2)=   0.000000  celldm(3)=   0.000000
     celldm(4)=   0.000000  celldm(5)=   0.000000  celldm(6)=   0.000000

     crystal axes: (cart. coord. in units of a_0)
               a(1) = (  0.500000  0.500000  1.000000 )  
               a(2) = (  0.500000  1.000000  0.500000 )  
               a(3) = (  1.000000  0.500000  0.500000 )  

     reciprocal axes: (cart. coord. in units 2 pi/a_0)
               b(1) = ( -0.500000 -0.500000  1.500000 )  
               b(2) = ( -0.500000  1.500000 -0.500000 )  
               b(3) = (  1.500000 -0.500000 -0.500000 )  


     PSEUDO 1 is O  (US)    zval =  6.0   lmax= 2   lloc= 0
     Version   0  0  0 of US pseudo code
     Using log mesh of  1269 points
     The pseudopotential has  4 beta functions with: 
                l(1) =   0
                l(2) =   0
                l(3) =   1
                l(4) =   1
     Q(r) pseudized with  0 coefficients,  rinner =    0.000   0.000   0.000
                                                       0.000   0.000

     PSEUDO 2 is Fe (US)    zval =  8.0   lmax= 2   lloc= 0
     Version   0  0  0 of US pseudo code
     Using log mesh of   957 points
     The pseudopotential has  6 beta functions with: 
                l(1) =   0
                l(2) =   0
                l(3) =   1
                l(4) =   1
                l(5) =   2
                l(6) =   2
     Q(r) pseudized with  0 coefficients,  rinner =    0.000   0.000   0.000
                                                       0.000   0.000

     PSEUDO 3 is Fe (US)    zval =  8.0   lmax= 2   lloc= 0
     Version   0  0  0 of US pseudo code
     Using log mesh of   957 points
     The pseudopotential has  6 beta functions with: 
                l(1) =   0
                l(2) =   0
                l(3) =   1
                l(4) =   1
                l(5) =   2
                l(6) =   2
     Q(r) pseudized with  0 coefficients,  rinner =    0.000   0.000   0.000
                                                       0.000   0.000

     atomic species   valence    mass     pseudopotential
        O1             6.00     1.00000     O ( 1.00)
        Fe1            8.00     1.00000     Fe( 1.00)
        Fe2            8.00     1.00000     Fe( 1.00)

     Starting magnetic structure 
     atomic species   magnetization
        O1           0.000
        Fe1          0.500
        Fe2         -0.500

     12 Sym.Ops. (with inversion)


   Cartesian axes

     site n.     atom                  positions (a_0 units)
         1           O1  tau(  1) = (   0.5000000   0.5000000   0.5000000  )
         2           O1  tau(  2) = (   1.5000000   1.5000000   1.5000000  )
         3           Fe1 tau(  3) = (   0.0000000   0.0000000   0.0000000  )
         4           Fe2 tau(  4) = (   1.0000000   1.0000000   1.0000000  )

     number of k points=    8  gaussian broad. (ryd)=  0.0100     ngauss =   0
                       cart. coord. in units 2pi/a_0
        k(    1) = (   0.0000000   0.0000000   0.0000000), wk =   0.1250000
        k(    2) = (  -0.7500000   0.2500000   0.2500000), wk =   0.3750000
        k(    3) = (  -0.5000000  -0.5000000   0.5000000), wk =   0.3750000
        k(    4) = (  -0.2500000  -0.2500000  -0.2500000), wk =   0.1250000
        k(    5) = (   0.0000000   0.0000000   0.0000000), wk =   0.1250000
        k(    6) = (  -0.7500000   0.2500000   0.2500000), wk =   0.3750000
        k(    7) = (  -0.5000000  -0.5000000   0.5000000), wk =   0.3750000
        k(    8) = (  -0.2500000  -0.2500000  -0.2500000), wk =   0.1250000

     G cutoff =  407.7738  (  17255 G-vectors)     FFT grid: ( 50, 50, 50)
     G cutoff =  203.8869  (   6111 G-vectors)  smooth grid: ( 36, 36, 36)

     nbndx  =    80  nbnd   =    20  natomwfc =    20  npwx   =     780
     nelec  =  28.00  nkb   =    52  ngl    =     342

     Check: negative/imaginary core charge=   -0.000003    0.000000

     Initial potential from superposition of free atoms

     starting charge   27.99905, renormalised to   28.00000

     Parameters of the lda+U calculation:
     Number of iteration with fixed ns =  0
     Starting ns and Hubbard U :
 enter write_ns
U( 1) =  0.0000      U( 2) =  4.3000      U( 3) =  4.3000
alpha( 1) =  0.0000      alpha( 2) =  0.0000      alpha( 3) =  0.0000
atom  3   Tr[ns(na)]=   6.0000000
atom  3  spin  1
eigenvalues:  1.0000000 1.0000000 1.0000000 1.0000000 1.0000000
 eigenvectors
 1   1.0000000  0.0000000  0.0000000  0.0000000  0.0000000
 2   0.0000000  1.0000000  0.0000000  0.0000000  0.0000000
 3   0.0000000  0.0000000  1.0000000  0.0000000  0.0000000
 4   0.0000000  0.0000000  0.0000000  1.0000000  0.0000000
 5   0.0000000  0.0000000  0.0000000  0.0000000  1.0000000
 occupations
 1.000  0.000  0.000  0.000  0.000
 0.000  1.000  0.000  0.000  0.000
 0.000  0.000  1.000  0.000  0.000
 0.000  0.000  0.000  1.000  0.000
 0.000  0.000  0.000  0.000  1.000
atom  3  spin  2
eigenvalues:  0.2000000 0.2000000 0.2000000 0.2000000 0.2000000
 eigenvectors
 1   1.0000000  0.0000000  0.0000000  0.0000000  0.0000000
 2   0.0000000  1.0000000  0.0000000  0.0000000  0.0000000
 3   0.0000000  0.0000000  1.0000000  0.0000000  0.0000000
 4   0.0000000  0.0000000  0.0000000  1.0000000  0.0000000
 5   0.0000000  0.0000000  0.0000000  0.0000000  1.0000000
 occupations
 0.200  0.000  0.000  0.000  0.000
 0.000  0.200  0.000  0.000  0.000
 0.000  0.000  0.200  0.000  0.000
 0.000  0.000  0.000  0.200  0.000
 0.000  0.000  0.000  0.000  0.200
atom  4   Tr[ns(na)]=   6.0000000
atom  4  spin  1
eigenvalues:  0.2000000 0.2000000 0.2000000 0.2000000 0.2000000
 eigenvectors
 1   1.0000000  0.0000000  0.0000000  0.0000000  0.0000000
 2   0.0000000  1.0000000  0.0000000  0.0000000  0.0000000
 3   0.0000000  0.0000000  1.0000000  0.0000000  0.0000000
 4   0.0000000  0.0000000  0.0000000  1.0000000  0.0000000
 5   0.0000000  0.0000000  0.0000000  0.0000000  1.0000000
 occupations
 0.200  0.000  0.000  0.000  0.000
 0.000  0.200  0.000  0.000  0.000
 0.000  0.000  0.200  0.000  0.000
 0.000  0.000  0.000  0.200  0.000
 0.000  0.000  0.000  0.000  0.200
atom  4  spin  2
eigenvalues:  1.0000000 1.0000000 1.0000000 1.0000000 1.0000000
 eigenvectors
 1   1.0000000  0.0000000  0.0000000  0.0000000  0.0000000
 2   0.0000000  1.0000000  0.0000000  0.0000000  0.0000000
 3   0.0000000  0.0000000  1.0000000  0.0000000  0.0000000
 4   0.0000000  0.0000000  0.0000000  1.0000000  0.0000000
 5   0.0000000  0.0000000  0.0000000  0.0000000  1.0000000
 occupations
 1.000  0.000  0.000  0.000  0.000
 0.000  1.000  0.000  0.000  0.000
 0.000  0.000  1.000  0.000  0.000
 0.000  0.000  0.000  1.000  0.000
 0.000  0.000  0.000  0.000  1.000
nsum =  12.0000000
 exit write_ns
 Atomic wfc used for LDA+U Projector are NOT orthogonalized
     Starting wfc are atomic

     total cpu time spent up to now is      7.24 secs

     Self-consistent Calculation

     iteration #  1     ecut=    30.00 ryd     beta=0.30
     Davidson diagonalization with overlap
     ethr =  1.00E-02,  avg # of iterations =  3.2
 enter write_ns
U( 1) =  0.0000      U( 2) =  4.3000      U( 3) =  4.3000
alpha( 1) =  0.0000      alpha( 2) =  0.0000      alpha( 3) =  0.0000
atom  3   Tr[ns(na)]=   6.1226801
atom  3  spin  1
eigenvalues:  0.9969552 0.9969552 1.0025536 1.0025536 1.0030281
 eigenvectors
 1  -0.3907656 -0.2500664  0.4878181  0.7001976  0.2377516
 2  -0.7001976  0.4189078  0.0071100 -0.3907656  0.4260178
 3   0.5921999  0.3999108  0.2489775  0.0795285  0.6488883
 4   0.0795285 -0.5183831  0.6055245 -0.5921999  0.0871414
 5   0.0000000  0.5773503  0.5773503  0.0000000 -0.5773503
 occupations
 0.999  0.001  0.001  0.000  0.002
 0.001  1.001  0.001  0.002 -0.001
 0.001  0.001  1.001 -0.002 -0.001
 0.000  0.002 -0.002  0.999  0.000
 0.002 -0.001 -0.001  0.000  1.001
atom  3  spin  2
eigenvalues:  0.1553853 0.1553853 0.2567874 0.2765382 0.2765382
 eigenvectors
 1  -0.1647525 -0.0672785  0.0554003 -0.9824052 -0.0118782
 2  -0.9824052 -0.0251275 -0.0457011  0.1647525 -0.0708286
 3   0.0000000 -0.5773503 -0.5773503  0.0000000  0.5773503
 4  -0.0867971  0.2872212  0.5153732  0.0142453  0.8025944
 5  -0.0142453  0.7609290 -0.6292053 -0.0867971  0.1317237
 occupations
 0.156 -0.004 -0.004  0.000 -0.009
-0.004  0.269 -0.006 -0.008  0.006
-0.004 -0.006  0.269  0.008  0.006
 0.000 -0.008  0.008  0.156  0.000
-0.009  0.006  0.006  0.000  0.269
atom  4   Tr[ns(na)]=   6.1226801
atom  4  spin  1
eigenvalues:  0.1553853 0.1553853 0.2567874 0.2765382 0.2765382
 eigenvectors
 1  -0.4443660 -0.0716832  0.0396457 -0.8915168 -0.0320375
 2  -0.8915168 -0.0043926 -0.0598832  0.4443660 -0.0642758
 3   0.0000000 -0.5773503 -0.5773503  0.0000000  0.5773503
 4  -0.0866787  0.2810391  0.5204603  0.0149490  0.8014995
 5  -0.0149490  0.7632338 -0.6250040 -0.0866787  0.1382299
 occupations
 0.156 -0.004 -0.004  0.000 -0.009
-0.004  0.269 -0.006 -0.008  0.006
-0.004 -0.006  0.269  0.008  0.006
 0.000 -0.008  0.008  0.156  0.000
-0.009  0.006  0.006  0.000  0.269
atom  4  spin  2
eigenvalues:  0.9969552 0.9969552 1.0025536 1.0025536 1.0030281
 eigenvectors
 1  -0.4256493 -0.2285784  0.4875541  0.6795566  0.2589757
 2  -0.6795566  0.4310092 -0.0175499 -0.4256493  0.4134593
 3   0.5929465  0.3948421  0.2548643  0.0737560  0.6497064
 4   0.0737560 -0.5222541  0.6030704 -0.5929465  0.0808163
 5   0.0000000  0.5773503  0.5773503  0.0000000 -0.5773503
 occupations
 0.999  0.001  0.001  0.000  0.002
 0.001  1.001  0.001  0.002 -0.001
 0.001  0.001  1.001 -0.002 -0.001
 0.000  0.002 -0.002  0.999  0.000
 0.002 -0.001 -0.001  0.000  1.001
nsum =  12.2453603
 exit write_ns
 Modify starting ns matrices according to input values 
 enter write_ns
U( 1) =  0.0000      U( 2) =  4.3000      U( 3) =  4.3000
alpha( 1) =  0.0000      alpha( 2) =  0.0000      alpha( 3) =  0.0000
atom  3   Tr[ns(na)]=   6.8461419
atom  3  spin  1
eigenvalues:  0.9969552 0.9969552 1.0025536 1.0025536 1.0030281
 eigenvectors
 1  -0.4440752 -0.2167053  0.4868918  0.6676614  0.2701865
 2  -0.6676614  0.4370993 -0.0308774 -0.4440752  0.4062219
 3   0.5899341  0.4132424  0.2331632  0.0948858  0.6464056
 4   0.0948858 -0.5078193  0.6117880 -0.5899341  0.1039688
 5   0.0000000  0.5773503  0.5773503  0.0000000 -0.5773503
 occupations
 0.999  0.001  0.001  0.000  0.002
 0.001  1.001  0.001  0.002 -0.001
 0.001  0.001  1.001 -0.002 -0.001
 0.000  0.002 -0.002  0.999  0.000
 0.002 -0.001 -0.001  0.000  1.001
atom  3  spin  2
eigenvalues:  0.1553853 0.1553853 0.2567874 0.2765382 1.0000000
 eigenvectors
 1  -0.1829544 -0.0677332  0.0545427 -0.9791787 -0.0131905
 2  -0.9791787 -0.0238747 -0.0467213  0.1829544 -0.0705960
 3   0.0000000 -0.5773503 -0.5773503  0.0000000  0.5773503
 4  -0.0867971  0.2872212  0.5153732  0.0142453  0.8025944
 5  -0.0142453  0.7609290 -0.6292053 -0.0867971  0.1317237
 occupations
 0.156 -0.012  0.002  0.001 -0.010
-0.012  0.688 -0.353 -0.055  0.079
 0.002 -0.353  0.556  0.047 -0.054
 0.001 -0.055  0.047  0.162 -0.008
-0.010  0.079 -0.054 -0.008  0.282
atom  4   Tr[ns(na)]=   6.8461419
atom  4  spin  1
eigenvalues:  0.1553853 0.1553853 0.2567874 0.2765382 1.0000000
 eigenvectors
 1  -0.4122653 -0.0714808  0.0417577 -0.9068079 -0.0297232
 2  -0.9068079 -0.0069481 -0.0584301  0.4122653 -0.0653783
 3   0.0000000 -0.5773503 -0.5773503  0.0000000  0.5773503
 4  -0.0866787  0.2810391  0.5204603  0.0149490  0.8014995
 5  -0.0149490  0.7632338 -0.6250040 -0.0866787  0.1382299
 occupations
 0.156 -0.013  0.002  0.001 -0.010
-0.013  0.691 -0.351 -0.055  0.083
 0.002 -0.351  0.552  0.047 -0.056
 0.001 -0.055  0.047  0.162 -0.009
-0.010  0.083 -0.056 -0.009  0.283
atom  4  spin  2
eigenvalues:  0.9969552 0.9969552 1.0025536 1.0025536 1.0030281
 eigenvectors
 1  -0.4346934 -0.2227976  0.4872760  0.6738072  0.2644784
 2  -0.6738072  0.4340256 -0.0240644 -0.4346934  0.4099612
 3   0.5938040  0.3884268  0.2622192  0.0665003  0.6506460
 4   0.0665003 -0.5270430  0.5999090 -0.5938040  0.0728660
 5   0.0000000  0.5773503  0.5773503  0.0000000 -0.5773503
 occupations
 0.999  0.001  0.001  0.000  0.002
 0.001  1.001  0.001  0.002 -0.001
 0.001  0.001  1.001 -0.002 -0.001
 0.000  0.002 -0.002  0.999  0.000
 0.002 -0.001 -0.001  0.000  1.001
nsum =  13.6922838
 exit write_ns

     total cpu time spent up to now is     14.84 secs

     total energy              =  -173.87440401 ryd
     estimated scf accuracy    <     2.60384704 ryd

     total magnetization       =     0.00 Bohr mag/cell
     absolute magnetization    =     8.54 Bohr mag/cell

     iteration #  2     ecut=    30.00 ryd     beta=0.30
     Davidson diagonalization with overlap
     ethr =  9.30E-03,  avg # of iterations =  2.2
 enter write_ns
U( 1) =  0.0000      U( 2) =  4.3000      U( 3) =  4.3000
alpha( 1) =  0.0000      alpha( 2) =  0.0000      alpha( 3) =  0.0000
atom  3   Tr[ns(na)]=   6.9107193
atom  3  spin  1
eigenvalues:  0.9929383 0.9929383 1.0010871 1.0010871 1.0024150
 eigenvectors
 1  -0.2045858 -0.1605712  0.2066068  0.9421019  0.0460356
 2   0.9421019 -0.1458631 -0.0661272  0.2045858 -0.2119903
 3  -0.2656794 -0.3889892 -0.3981445  0.0017841 -0.7871338
 4   0.0017841  0.6843207 -0.6790349  0.2656794  0.0052858
 5   0.0000000 -0.5773503 -0.5773503  0.0000000  0.5773503
 occupations
 0.994  0.001  0.001  0.000  0.002
 0.001  1.001  0.001  0.001 -0.001
 0.001  0.001  1.001 -0.001 -0.001
 0.000  0.001 -0.001  0.994  0.000
 0.002 -0.001 -0.001  0.000  1.001
atom  3  spin  2
eigenvalues:  0.2582348 0.3218556 0.3218556 0.5091538 0.5091538
 eigenvectors
 1   0.0000000  0.5773503  0.5773503  0.0000000 -0.5773503
 2   0.4600204  0.1819907 -0.0960641  0.8594469  0.0859266
 3   0.8594469  0.0058529  0.1546821 -0.4600204  0.1605350
 4   0.2157869 -0.2111011 -0.5590630 -0.0562876 -0.7701640
 5   0.0562876 -0.7674296  0.5665337  0.2157869 -0.2008959
 occupations
 0.331 -0.017 -0.017  0.000 -0.033
-0.017  0.419 -0.081 -0.029  0.081
-0.017 -0.081  0.419  0.029  0.081
 0.000 -0.029  0.029  0.331  0.000
-0.033  0.081  0.081  0.000  0.419
atom  4   Tr[ns(na)]=   6.9106321
atom  4  spin  1
eigenvalues:  0.2577221 0.3218747 0.3218747 0.5093534 0.5093534
 eigenvectors
 1   0.0000000  0.5773503  0.5773503  0.0000000 -0.5773503
 2  -0.4791119 -0.1818029  0.0924514 -0.8490398 -0.0893515
 3   0.8490398  0.0017898  0.1565510 -0.4791119  0.1583408
 4   0.2156535 -0.2137308 -0.5571735 -0.0554689 -0.7709044
 5   0.0554689 -0.7667661  0.5684794  0.2156535 -0.1982867
 occupations
 0.331 -0.017 -0.017  0.000 -0.033
-0.017  0.419 -0.081 -0.029  0.081
-0.017 -0.081  0.419  0.029  0.081
 0.000 -0.029  0.029  0.331  0.000
-0.033  0.081  0.081  0.000  0.419
atom  4  spin  2
eigenvalues:  0.9929371 0.9929371 1.0010838 1.0010838 1.0024122
 eigenvectors
 1  -0.1594986 -0.1672860  0.2031650  0.9507956  0.0358790
 2   0.9507956 -0.1380121 -0.0758679  0.1594986 -0.2138800
 3  -0.2655437 -0.3784174 -0.4085591  0.0058719 -0.7869764
 4   0.0058719  0.6902427 -0.6728404  0.2655437  0.0174023
 5   0.0000000 -0.5773503 -0.5773503  0.0000000  0.5773503
 occupations
 0.994  0.001  0.001  0.000  0.002
 0.001  1.001  0.001  0.001 -0.001
 0.001  0.001  1.001 -0.001 -0.001
 0.000  0.001 -0.001  0.994  0.000
 0.002 -0.001 -0.001  0.000  1.001
nsum =  13.8213514
 exit write_ns

     total cpu time spent up to now is     22.20 secs

     total energy              =  -174.44376307 ryd
     estimated scf accuracy    <     0.18267524 ryd

     total magnetization       =     0.00 Bohr mag/cell
     absolute magnetization    =     7.15 Bohr mag/cell

     iteration #  3     ecut=    30.00 ryd     beta=0.30
     Davidson diagonalization with overlap
     ethr =  6.52E-04,  avg # of iterations =  1.8
 enter write_ns
U( 1) =  0.0000      U( 2) =  4.3000      U( 3) =  4.3000
alpha( 1) =  0.0000      alpha( 2) =  0.0000      alpha( 3) =  0.0000
atom  3   Tr[ns(na)]=   6.8117096
atom  3  spin  1
eigenvalues:  0.9938248 0.9938248 1.0016756 1.0016756 1.0028758
 eigenvectors
 1  -0.1299116 -0.1823055  0.2135447  0.9504265  0.0312392
 2  -0.9504265  0.1413260  0.0872182 -0.1299116  0.2285442
 3  -0.2825106 -0.3928902 -0.3903443 -0.0005302 -0.7832344
 4  -0.0005302  0.6775660 -0.6790359  0.2825106 -0.0014699
 5   0.0000000  0.5773503  0.5773503  0.0000000 -0.5773503
 occupations
 0.994  0.001  0.001  0.000  0.002
 0.001  1.002  0.001  0.002 -0.001
 0.001  0.001  1.002 -0.002 -0.001
 0.000  0.002 -0.002  0.994  0.000
 0.002 -0.001 -0.001  0.000  1.002
atom  3  spin  2
eigenvalues:  0.2439243 0.2767730 0.2767730 0.5101813 0.5101813
 eigenvectors
 1   0.0000000  0.5773503  0.5773503  0.0000000 -0.5773503
 2  -0.5435028 -0.1903861  0.0837047 -0.8062075 -0.1066814
 3  -0.8062075  0.0132656 -0.1715120  0.5435028 -0.1582464
 4   0.2250012 -0.1958672 -0.5683320 -0.0633144 -0.7641992
 5   0.0633144 -0.7693373  0.5542946  0.2250012 -0.2150427
 occupations
 0.290 -0.022 -0.022  0.000 -0.043
-0.022  0.413 -0.085 -0.038  0.085
-0.022 -0.085  0.413  0.038  0.085
 0.000 -0.038  0.038  0.290  0.000
-0.043  0.085  0.085  0.000  0.413
atom  4   Tr[ns(na)]=   6.8124656
atom  4  spin  1
eigenvalues:  0.2436027 0.2768309 0.2768309 0.5106649 0.5106649
 eigenvectors
 1   0.0000000  0.5773503  0.5773503  0.0000000 -0.5773503
 2  -0.5663569 -0.1893336  0.0785359 -0.7905369 -0.1107977
 3  -0.7905369  0.0186264 -0.1732809  0.5663569 -0.1546545
 4   0.2249926 -0.2045846 -0.5621347 -0.0605770 -0.7667193
 5   0.0605770 -0.7672142  0.5607826  0.2249926 -0.2064316
 occupations
 0.290 -0.022 -0.022  0.000 -0.043
-0.022  0.413 -0.085 -0.037  0.085
-0.022 -0.085  0.413  0.037  0.085
 0.000 -0.037  0.037  0.290  0.000
-0.043  0.085  0.085  0.000  0.413
atom  4  spin  2
eigenvalues:  0.9938237 0.9938237 1.0016747 1.0016747 1.0028746
 eigenvectors
 1   0.1600385  0.1776789 -0.2161518 -0.9458415 -0.0384729
 2   0.9458415 -0.1470077 -0.0803706  0.1600385 -0.2273783
 3  -0.2824323 -0.3870908 -0.3961450  0.0018850 -0.7832358
 4  -0.0018850 -0.6809158  0.6756884 -0.2824323 -0.0052274
 5   0.0000000 -0.5773503 -0.5773503  0.0000000  0.5773503
 occupations
 0.994  0.001  0.001  0.000  0.002
 0.001  1.002  0.001  0.002 -0.001
 0.001  0.001  1.002 -0.002 -0.001
 0.000  0.002 -0.002  0.994  0.000
 0.002 -0.001 -0.001  0.000  1.002
nsum =  13.6241752
 exit write_ns

     total cpu time spent up to now is     29.30 secs

     total energy              =  -174.45859804 ryd
     estimated scf accuracy    <     0.04587898 ryd

     total magnetization       =     0.00 Bohr mag/cell
     absolute magnetization    =     7.34 Bohr mag/cell

     iteration #  4     ecut=    30.00 ryd     beta=0.30
     Davidson diagonalization with overlap
     ethr =  1.64E-04,  avg # of iterations =  1.8
 enter write_ns
U( 1) =  0.0000      U( 2) =  4.3000      U( 3) =  4.3000
alpha( 1) =  0.0000      alpha( 2) =  0.0000      alpha( 3) =  0.0000
atom  3   Tr[ns(na)]=   6.8348874
atom  3  spin  1
eigenvalues:  0.9938136 0.9938136 1.0013424 1.0013424 1.0026695
 eigenvectors
 1  -0.2118589 -0.1645969  0.2139627  0.9379801  0.0493659
 2   0.9379801 -0.1520328 -0.0665286  0.2118589 -0.2185615
 3  -0.2744123 -0.3859818 -0.3991315  0.0026536 -0.7851133
 4   0.0026536  0.6837241 -0.6761321  0.2744123  0.0075920
 5   0.0000000 -0.5773503 -0.5773503  0.0000000  0.5773503
 occupations
 0.994  0.001  0.001  0.000  0.002
 0.001  1.001  0.001  0.001 -0.001
 0.001  0.001  1.001 -0.001 -0.001
 0.000  0.001 -0.001  0.994  0.000
 0.002 -0.001 -0.001  0.000  1.001
atom  3  spin  2
eigenvalues:  0.2018946 0.2744745 0.2744745 0.5455311 0.5455311
 eigenvectors
 1   0.0000000  0.5773503  0.5773503  0.0000000 -0.5773503
 2   0.6918175  0.2184081 -0.0546865  0.6662515  0.1637216
 3   0.6662515 -0.0629514  0.2206227 -0.6918175  0.1576713
 4   0.2681718 -0.1954652 -0.5599879 -0.0747084 -0.7554531
 5   0.0747084 -0.7594702  0.5490130  0.2681718 -0.2104573
 occupations
 0.295 -0.030 -0.030  0.000 -0.059
-0.030  0.417 -0.108 -0.051  0.108
-0.030 -0.108  0.417  0.051  0.108
 0.000 -0.051  0.051  0.295  0.000
-0.059  0.108  0.108  0.000  0.417
atom  4   Tr[ns(na)]=   6.8206023
atom  4  spin  1
eigenvalues:  0.2009534 0.2739740 0.2739740 0.5393333 0.5393333
 eigenvectors
 1   0.0000000  0.5773503  0.5773503  0.0000000 -0.5773503
 2  -0.6596724 -0.2220793  0.0652244 -0.6976069 -0.1568549
 3  -0.6976069  0.0529029 -0.2187777  0.6596724 -0.1658748
 4   0.2678468 -0.1807083 -0.5702667 -0.0802182 -0.7509750
 5   0.0802182 -0.7628193  0.5379076  0.2678468 -0.2249117
 occupations
 0.295 -0.029 -0.029  0.000 -0.058
-0.029  0.413 -0.106 -0.050  0.106
-0.029 -0.106  0.413  0.050  0.106
 0.000 -0.050  0.050  0.295  0.000
-0.058  0.106  0.106  0.000  0.413
atom  4  spin  2
eigenvalues:  0.9937895 0.9937895 1.0013803 1.0013803 1.0026945
 eigenvectors
 1  -0.2090439 -0.1636490  0.2119040  0.9393018  0.0482551
 2   0.9393018 -0.1502029 -0.0666227  0.2090439 -0.2168256
 3  -0.2720511 -0.3902696 -0.3954249  0.0010306 -0.7856945
 4   0.0010306  0.6819196 -0.6789432  0.2720511  0.0029764
 5   0.0000000 -0.5773503 -0.5773503  0.0000000  0.5773503
 occupations
 0.994  0.001  0.001  0.000  0.002
 0.001  1.001  0.001  0.001 -0.001
 0.001  0.001  1.001 -0.001 -0.001
 0.000  0.001 -0.001  0.994  0.000
 0.002 -0.001 -0.001  0.000  1.001
nsum =  13.6554896
 exit write_ns

     total cpu time spent up to now is     36.37 secs

     total energy              =  -174.46418940 ryd
     estimated scf accuracy    <     0.00985472 ryd

     total magnetization       =    -0.01 Bohr mag/cell
     absolute magnetization    =     7.32 Bohr mag/cell

     iteration #  5     ecut=    30.00 ryd     beta=0.30
     Davidson diagonalization with overlap
     ethr =  3.52E-05,  avg # of iterations =  2.0
 enter write_ns
U( 1) =  0.0000      U( 2) =  4.3000      U( 3) =  4.3000
alpha( 1) =  0.0000      alpha( 2) =  0.0000      alpha( 3) =  0.0000
atom  3   Tr[ns(na)]=   6.7518849
atom  3  spin  1
eigenvalues:  0.9936991 0.9936991 1.0015063 1.0015063 1.0027887
 eigenvectors
 1  -0.1891472 -0.1603255  0.2021452  0.9465239  0.0418197
 2   0.9465239 -0.1408531 -0.0684194  0.1891472 -0.2092725
 3  -0.2613017 -0.3780174 -0.4098813  0.0061011 -0.7878987
 4   0.0061011  0.6915386 -0.6731419  0.2613017  0.0183967
 5   0.0000000 -0.5773503 -0.5773503  0.0000000  0.5773503
 occupations
 0.994  0.001  0.001  0.000  0.002
 0.001  1.002  0.001  0.001 -0.001
 0.001  0.001  1.002 -0.001 -0.001
 0.000  0.001 -0.001  0.994  0.000
 0.002 -0.001 -0.001  0.000  1.002
atom  3  spin  2
eigenvalues:  0.1743177 0.2709900 0.2709900 0.5211939 0.5211939
 eigenvectors
 1   0.0000000  0.5773503  0.5773503  0.0000000 -0.5773503
 2   0.7352637  0.2433346 -0.0412959  0.5980389  0.2020387
 3   0.5980389 -0.0928049  0.2571364 -0.7352637  0.1643315
 4  -0.3021751  0.1520117  0.5811098  0.1021124  0.7331215
 5  -0.1021124  0.7587718 -0.5110319 -0.3021751  0.2477399
 occupations
 0.296 -0.031 -0.031  0.000 -0.062
-0.031  0.389 -0.107 -0.053  0.107
-0.031 -0.107  0.389  0.053  0.107
 0.000 -0.053  0.053  0.296  0.000
-0.062  0.107  0.107  0.000  0.389
atom  4   Tr[ns(na)]=   6.9183274
atom  4  spin  1
eigenvalues:  0.1793756 0.2754917 0.2754917 0.5976579 0.5976579
 eigenvectors
 1   0.0000000  0.5773503  0.5773503  0.0000000 -0.5773503
 2   0.6847895  0.2345664 -0.0596041  0.6647387  0.1749623
 3   0.6647387 -0.0666021  0.2364415 -0.6847895  0.1698394
 4  -0.2859169  0.1781413  0.5678969  0.0862403  0.7460382
 5  -0.0862403  0.7586008 -0.5335753 -0.2859169  0.2250255
 occupations
 0.304 -0.037 -0.037  0.000 -0.075
-0.037  0.439 -0.130 -0.065  0.130
-0.037 -0.130  0.439  0.065  0.130
 0.000 -0.065  0.065  0.304  0.000
-0.075  0.130  0.130  0.000  0.439
atom  4  spin  2
eigenvalues:  0.9939058 0.9939058 1.0011299 1.0011299 1.0025811
 eigenvectors
 1  -0.2076861 -0.1721578  0.2227830  0.9354320  0.0506252
 2   0.9354320 -0.1578523 -0.0701669  0.2076861 -0.2280192
 3  -0.2860651 -0.3923836 -0.3899904 -0.0005052 -0.7823740
 4  -0.0005052  0.6768649 -0.6782466  0.2860651 -0.0013817
 5   0.0000000 -0.5773503 -0.5773503  0.0000000  0.5773503
 occupations
 0.994  0.001  0.001  0.000  0.002
 0.001  1.001  0.001  0.001 -0.001
 0.001  0.001  1.001 -0.001 -0.001
 0.000  0.001 -0.001  0.994  0.000
 0.002 -0.001 -0.001  0.000  1.001
nsum =  13.6702123
 exit write_ns

     total cpu time spent up to now is     43.45 secs

     total energy              =  -174.46958540 ryd
     estimated scf accuracy    <     0.01290428 ryd

     total magnetization       =     0.17 Bohr mag/cell
     absolute magnetization    =     7.30 Bohr mag/cell

     iteration #  6     ecut=    30.00 ryd     beta=0.30
     Davidson diagonalization with overlap
     ethr =  3.52E-05,  avg # of iterations =  1.0
 enter write_ns
U( 1) =  0.0000      U( 2) =  4.3000      U( 3) =  4.3000
alpha( 1) =  0.0000      alpha( 2) =  0.0000      alpha( 3) =  0.0000
atom  3   Tr[ns(na)]=   6.9092363
atom  3  spin  1
eigenvalues:  0.9938744 0.9938744 1.0011345 1.0011345 1.0026075
 eigenvectors
 1  -0.2085103 -0.1704374  0.2207460  0.9360635  0.0503086
 2   0.9360635 -0.1564934 -0.0693564  0.2085103 -0.2258498
 3  -0.2833868 -0.3933252 -0.3896966 -0.0007582 -0.7830218
 4  -0.0007582  0.6770693 -0.6791643  0.2833868 -0.0020950
 5   0.0000000 -0.5773503 -0.5773503  0.0000000  0.5773503
 occupations
 0.994  0.001  0.001  0.000  0.002
 0.001  1.001  0.001  0.001 -0.001
 0.001  0.001  1.001 -0.001 -0.001
 0.000  0.001 -0.001  0.994  0.000
 0.002 -0.001 -0.001  0.000  1.001
atom  3  spin  2
eigenvalues:  0.1773532 0.2751827 0.2751827 0.5944461 0.5944461
 eigenvectors
 1   0.0000000  0.5773503  0.5773503  0.0000000 -0.5773503
 2   0.7362084  0.2307884 -0.0404475  0.6056965  0.1903409
 3   0.6056965 -0.0865410  0.2431391 -0.7362084  0.1565981
 4  -0.2859605  0.1526890  0.5846775  0.0967240  0.7373665
 5  -0.0967240  0.7632825 -0.5138738 -0.2859605  0.2494087
 occupations
 0.304 -0.038 -0.038  0.000 -0.075
-0.038  0.436 -0.129 -0.065  0.129
-0.038 -0.129  0.436  0.065  0.129
 0.000 -0.065  0.065  0.304  0.000
-0.075  0.129  0.129  0.000  0.436
atom  4   Tr[ns(na)]=   6.7614488
atom  4  spin  1
eigenvalues:  0.1724979 0.2711035 0.2711035 0.5268398 0.5268398
 eigenvectors
 1   0.0000000  0.5773503  0.5773503  0.0000000 -0.5773503
 2   0.7419486  0.2429211 -0.0384033  0.5892362  0.2045178
 3   0.5892362 -0.0959063  0.2583290 -0.7419486  0.1624227
 4  -0.3024187  0.1474738  0.5839348  0.1041918  0.7314086
 5  -0.1041918  0.7594139 -0.5074230 -0.3024187  0.2519909
 occupations
 0.297 -0.032 -0.032  0.000 -0.063
-0.032  0.391 -0.109 -0.055  0.109
-0.032 -0.109  0.391  0.055  0.109
 0.000 -0.055  0.055  0.297  0.000
-0.063  0.109  0.109  0.000  0.391
atom  4  spin  2
eigenvalues:  0.9936941 0.9936941 1.0014576 1.0014576 1.0027608
 eigenvectors
 1  -0.1794128 -0.1619525  0.2016701  0.9483323  0.0397176
 2   0.9483323 -0.1393653 -0.0705723  0.1794128 -0.2099376
 3  -0.2616784 -0.3909749 -0.3970625  0.0011671 -0.7880374
 4   0.0011671  0.6842178 -0.6807031  0.2616784  0.0035147
 5   0.0000000 -0.5773503 -0.5773503  0.0000000  0.5773503
 occupations
 0.994  0.001  0.001  0.000  0.002
 0.001  1.002  0.001  0.001 -0.001
 0.001  0.001  1.002 -0.001 -0.001
 0.000  0.001 -0.001  0.994  0.000
 0.002 -0.001 -0.001  0.000  1.002
nsum =  13.6706851
 exit write_ns

     total cpu time spent up to now is     50.42 secs

     total energy              =  -174.47022515 ryd
     estimated scf accuracy    <     0.01040363 ryd

     total magnetization       =    -0.15 Bohr mag/cell
     absolute magnetization    =     7.30 Bohr mag/cell

     iteration #  7     ecut=    30.00 ryd     beta=0.30
     Davidson diagonalization with overlap
     ethr =  3.52E-05,  avg # of iterations =  1.0
 enter write_ns
U( 1) =  0.0000      U( 2) =  4.3000      U( 3) =  4.3000
alpha( 1) =  0.0000      alpha( 2) =  0.0000      alpha( 3) =  0.0000
atom  3   Tr[ns(na)]=   6.8355886
atom  3  spin  1
eigenvalues:  0.9936334 0.9936334 1.0011286 1.0011286 1.0026094
 eigenvectors
 1  -0.1923865 -0.1699396  0.2154235  0.9410802  0.0454839
 2   0.9410802 -0.1506350 -0.0718546  0.1923865 -0.2224895
 3  -0.2781100 -0.3842359 -0.3999921  0.0032260 -0.7842280
 4   0.0032260  0.6837098 -0.6746129  0.2781100  0.0090969
 5   0.0000000 -0.5773503 -0.5773503  0.0000000  0.5773503
 occupations
 0.994  0.001  0.001  0.000  0.002
 0.001  1.001  0.001  0.001 -0.001
 0.001  0.001  1.001 -0.001 -0.001
 0.000  0.001 -0.001  0.994  0.000
 0.002 -0.001 -0.001  0.000  1.001
atom  3  spin  2
eigenvalues:  0.1557203 0.2714186 0.2714186 0.5724489 0.5724489
 eigenvectors
 1   0.0000000  0.5773503  0.5773503  0.0000000 -0.5773503
 2   0.7988093  0.2419643 -0.0095920  0.4992676  0.2323723
 3   0.4992676 -0.1286223  0.2738584 -0.7988093  0.1452361
 4  -0.3186326  0.1559269  0.5742998  0.1053987  0.7302267
 5  -0.1053987  0.7531687 -0.5116210 -0.3186326  0.2415477
 occupations
 0.305 -0.039 -0.039  0.000 -0.078
-0.039  0.411 -0.128 -0.067  0.128
-0.039 -0.128  0.411  0.067  0.128
 0.000 -0.067  0.067  0.305  0.000
-0.078  0.128  0.128  0.000  0.411
atom  4   Tr[ns(na)]=   6.8408391
atom  4  spin  1
eigenvalues:  0.1558068 0.2716129 0.2716129 0.5748433 0.5748433
 eigenvectors
 1   0.0000000  0.5773503  0.5773503  0.0000000 -0.5773503
 2  -0.8203311 -0.2353614 -0.0024702 -0.4637800 -0.2378316
 3  -0.4637800  0.1387383 -0.2731981  0.8203311 -0.1344598
 4  -0.3141972  0.1320590  0.5904290  0.1150872  0.7224881
 5  -0.1150872  0.7580130 -0.4933730 -0.3141972  0.2646400
 occupations
 0.306 -0.039 -0.039  0.000 -0.078
-0.039  0.413 -0.128 -0.068  0.128
-0.039 -0.128  0.413  0.068  0.128
 0.000 -0.068  0.068  0.306  0.000
-0.078  0.128  0.128  0.000  0.413
atom  4  spin  2
eigenvalues:  0.9936422 0.9936422 1.0011202 1.0011202 1.0025951
 eigenvectors
 1  -0.2231069 -0.1651001  0.2179124  0.9341790  0.0528123
 2   0.9341790 -0.1563030 -0.0648294  0.2231069 -0.2211324
 3  -0.2784447 -0.3890610 -0.3951364  0.0012455 -0.7841975
 4   0.0012455  0.6808888 -0.6773811  0.2784447  0.0035076
 5   0.0000000 -0.5773503 -0.5773503  0.0000000  0.5773503
 occupations
 0.994  0.001  0.001  0.000  0.002
 0.001  1.001  0.001  0.001 -0.001
 0.001  0.001  1.001 -0.001 -0.001
 0.000  0.001 -0.001  0.994  0.000
 0.002 -0.001 -0.001  0.000  1.001
nsum =  13.6764278
 exit write_ns

     total cpu time spent up to now is     57.40 secs

     total energy              =  -174.47023791 ryd
     estimated scf accuracy    <     0.00122012 ryd

     total magnetization       =     0.01 Bohr mag/cell
     absolute magnetization    =     7.28 Bohr mag/cell

     iteration #  8     ecut=    30.00 ryd     beta=0.30
     Davidson diagonalization with overlap
     ethr =  4.36E-06,  avg # of iterations =  2.1
 enter write_ns
U( 1) =  0.0000      U( 2) =  4.3000      U( 3) =  4.3000
alpha( 1) =  0.0000      alpha( 2) =  0.0000      alpha( 3) =  0.0000
atom  3   Tr[ns(na)]=   6.8349211
atom  3  spin  1
eigenvalues:  0.9933552 0.9933552 1.0009651 1.0009651 1.0025466
 eigenvectors
 1  -0.2405334 -0.1716902  0.2323761  0.9246538  0.0606860
 2   0.9246538 -0.1691995 -0.0640883  0.2405334 -0.2332878
 3  -0.2952253 -0.3923311 -0.3877675 -0.0009971 -0.7800985
 4  -0.0009971  0.6742678 -0.6769026  0.2952253 -0.0026348
 5   0.0000000 -0.5773503 -0.5773503  0.0000000  0.5773503
 occupations
 0.994  0.001  0.001  0.000  0.002
 0.001  1.001  0.001  0.002 -0.001
 0.001  0.001  1.001 -0.002 -0.001
 0.000  0.002 -0.002  0.994  0.000
 0.002 -0.001 -0.001  0.000  1.001
atom  3  spin  2
eigenvalues:  0.1310521 0.2645124 0.2645124 0.5918286 0.5918286
 eigenvectors
 1   0.0000000 -0.5773503 -0.5773503  0.0000000  0.5773503
 2  -0.7904868 -0.2679872  0.0083123 -0.4856062 -0.2596748
 3  -0.4856062  0.1451242 -0.3046458  0.7904868 -0.1595216
 4   0.3438498 -0.0937061 -0.6041122 -0.1452051 -0.6978183
 5  -0.1452051  0.7516699 -0.4569868 -0.3438498  0.2946831
 occupations
 0.310 -0.046 -0.046  0.000 -0.093
-0.046  0.408 -0.138 -0.080  0.138
-0.046 -0.138  0.408  0.080  0.138
 0.000 -0.080  0.080  0.310  0.000
-0.093  0.138  0.138  0.000  0.408
atom  4   Tr[ns(na)]=   6.8359663
atom  4  spin  1
eigenvalues:  0.1310985 0.2646773 0.2646773 0.5921832 0.5921832
 eigenvectors
 1   0.0000000 -0.5773503 -0.5773503  0.0000000  0.5773503
 2  -0.7911071 -0.2676152  0.0079816 -0.4848283 -0.2596336
 3  -0.4848283  0.1452913 -0.3044072  0.7911071 -0.1591159
 4   0.3457780 -0.1053576 -0.5970359 -0.1397453 -0.7023936
 5  -0.1397453  0.7502260 -0.4663554 -0.3457780  0.2838706
 occupations
 0.310 -0.046 -0.046  0.000 -0.093
-0.046  0.408 -0.139 -0.080  0.139
-0.046 -0.139  0.408  0.080  0.139
 0.000 -0.080  0.080  0.310  0.000
-0.093  0.139  0.139  0.000  0.408
atom  4  spin  2
eigenvalues:  0.9933460 0.9933460 1.0009567 1.0009567 1.0025413
 eigenvectors
 1  -0.2189524 -0.1763318  0.2318375  0.9295899  0.0555058
 2   0.9295899 -0.1658977 -0.0697589  0.2189524 -0.2356566
 3  -0.2964978 -0.3975728 -0.3821531 -0.0033853 -0.7797259
 4  -0.0033853  0.6708112 -0.6797137  0.2964978 -0.0089025
 5   0.0000000 -0.5773503 -0.5773503  0.0000000  0.5773503
 occupations
 0.994  0.001  0.001  0.000  0.002
 0.001  1.001  0.001  0.002 -0.001
 0.001  0.001  1.001 -0.002 -0.001
 0.000  0.002 -0.002  0.994  0.000
 0.002 -0.001 -0.001  0.000  1.001
nsum =  13.6708874
 exit write_ns

     total cpu time spent up to now is     64.65 secs

     total energy              =  -174.47145762 ryd
     estimated scf accuracy    <     0.00018747 ryd

     total magnetization       =     0.00 Bohr mag/cell
     absolute magnetization    =     7.25 Bohr mag/cell

     iteration #  9     ecut=    30.00 ryd     beta=0.30
     Davidson diagonalization with overlap
     ethr =  6.70E-07,  avg # of iterations =  2.1
 enter write_ns
U( 1) =  0.0000      U( 2) =  4.3000      U( 3) =  4.3000
alpha( 1) =  0.0000      alpha( 2) =  0.0000      alpha( 3) =  0.0000
atom  3   Tr[ns(na)]=   6.8359345
atom  3  spin  1
eigenvalues:  0.9934802 0.9934802 1.0010420 1.0010420 1.0025801
 eigenvectors
 1  -0.1881083 -0.1772450  0.2236278  0.9386366  0.0463827
 2   0.9386366 -0.1558906 -0.0755534  0.1881083 -0.2314440
 3  -0.2890954 -0.3922589 -0.3893716 -0.0006166 -0.7816305
 4  -0.0006166  0.6760783 -0.6777453  0.2890954 -0.0016670
 5   0.0000000 -0.5773503 -0.5773503  0.0000000  0.5773503
 occupations
 0.994  0.001  0.001  0.000  0.002
 0.001  1.001  0.001  0.001 -0.001
 0.001  0.001  1.001 -0.001 -0.001
 0.000  0.001 -0.001  0.994  0.000
 0.002 -0.001 -0.001  0.000  1.001
atom  3  spin  2
eigenvalues:  0.1398936 0.2661853 0.2661853 0.5860229 0.5860229
 eigenvectors
 1   0.0000000 -0.5773503 -0.5773503  0.0000000  0.5773503
 2  -0.8283654 -0.2494791 -0.0143135 -0.4263561 -0.2637926
 3  -0.4263561  0.1605646 -0.2963375  0.8283654 -0.1357729
 4   0.3417959 -0.1341992 -0.5813426 -0.1233156 -0.7155418
 5  -0.1233156  0.7487566 -0.4905982 -0.3417959  0.2581583
 occupations
 0.308 -0.044 -0.044  0.000 -0.088
-0.044  0.409 -0.135 -0.077  0.135
-0.044 -0.135  0.409  0.077  0.135
 0.000 -0.077  0.077  0.308  0.000
-0.088  0.135  0.135  0.000  0.409
atom  4   Tr[ns(na)]=   6.8330399
atom  4  spin  1
eigenvalues:  0.1398009 0.2661874 0.2661874 0.5846030 0.5846030
 eigenvectors
 1   0.0000000 -0.5773503 -0.5773503  0.0000000  0.5773503
 2  -0.8043730 -0.2579844  0.0014639 -0.4697056 -0.2565204
 3  -0.4697056  0.1472569 -0.2970495  0.8043730 -0.1497925
 4   0.3391873 -0.1163215 -0.5927399 -0.1315781 -0.7090613
 5  -0.1315781  0.7515953 -0.4765350 -0.3391873  0.2750603
 occupations
 0.308 -0.044 -0.044  0.000 -0.088
-0.044  0.408 -0.134 -0.076  0.134
-0.044 -0.134  0.408  0.076  0.134
 0.000 -0.076  0.076  0.308  0.000
-0.088  0.134  0.134  0.000  0.408
atom  4  spin  2
eigenvalues:  0.9934842 0.9934842 1.0010523 1.0010523 1.0025851
 eigenvectors
 1  -0.2043409 -0.1740440  0.2242773  0.9354837  0.0502333
 2   0.9354837 -0.1584888 -0.0714821  0.2043409 -0.2299709
 3  -0.2882957 -0.3927620 -0.3890641 -0.0007873 -0.7818261
 4  -0.0007873  0.6760138 -0.6781488  0.2882957 -0.0021350
 5   0.0000000 -0.5773503 -0.5773503  0.0000000  0.5773503
 occupations
 0.994  0.001  0.001  0.000  0.002
 0.001  1.001  0.001  0.001 -0.001
 0.001  0.001  1.001 -0.001 -0.001
 0.000  0.001 -0.001  0.994  0.000
 0.002 -0.001 -0.001  0.000  1.001
nsum =  13.6689744
 exit write_ns

     total cpu time spent up to now is     72.08 secs

     total energy              =  -174.47121653 ryd
     estimated scf accuracy    <     0.00018484 ryd

     total magnetization       =     0.00 Bohr mag/cell
     absolute magnetization    =     7.27 Bohr mag/cell

     iteration # 10     ecut=    30.00 ryd     beta=0.30
     Davidson diagonalization with overlap
     ethr =  6.60E-07,  avg # of iterations =  2.0
 enter write_ns
U( 1) =  0.0000      U( 2) =  4.3000      U( 3) =  4.3000
alpha( 1) =  0.0000      alpha( 2) =  0.0000      alpha( 3) =  0.0000
atom  3   Tr[ns(na)]=   6.8352499
atom  3  spin  1
eigenvalues:  0.9931830 0.9931830 1.0009765 1.0009765 1.0025650
 eigenvectors
 1  -0.2545162 -0.1733189  0.2393419  0.9184435  0.0660230
 2   0.9184435 -0.1763025 -0.0619473  0.2545162 -0.2382498
 3  -0.3027918 -0.3882647 -0.3899022  0.0003679 -0.7781669
 4   0.0003679  0.6743850 -0.6734396  0.3027918  0.0009454
 5   0.0000000 -0.5773503 -0.5773503  0.0000000  0.5773503
 occupations
 0.994  0.001  0.001  0.000  0.002
 0.001  1.001  0.001  0.002 -0.001
 0.001  0.001  1.001 -0.002 -0.001
 0.000  0.002 -0.002  0.994  0.000
 0.002 -0.001 -0.001  0.000  1.001
atom  3  spin  2
eigenvalues:  0.1282800 0.2617360 0.2617360 0.5963070 0.5963070
 eigenvectors
 1   0.0000000 -0.5773503 -0.5773503  0.0000000  0.5773503
 2  -0.8185676 -0.2700590 -0.0166226 -0.4177949 -0.2866816
 3  -0.4177949  0.1751127 -0.3214343  0.8185676 -0.1463216
 4   0.3590150 -0.0733274 -0.6100743 -0.1627967 -0.6834017
 5  -0.1627967  0.7467887 -0.4368977 -0.3590150  0.3098910
 occupations
 0.314 -0.049 -0.049  0.000 -0.099
-0.049  0.406 -0.139 -0.086  0.139
-0.049 -0.139  0.406  0.086  0.139
 0.000 -0.086  0.086  0.314  0.000
-0.099  0.139  0.139  0.000  0.406
atom  4   Tr[ns(na)]=   6.8401645
atom  4  spin  1
eigenvalues:  0.1285098 0.2620140 0.2620140 0.5983796 0.5983796
 eigenvectors
 1   0.0000000 -0.5773503 -0.5773503  0.0000000  0.5773503
 2  -0.8380365 -0.2608199 -0.0320329 -0.3779934 -0.2928528
 3  -0.3779934  0.1875729 -0.3196631  0.8380365 -0.1320902
 4   0.3690303 -0.1264878 -0.5775312 -0.1365009 -0.7040190
 5  -0.1365009  0.7399033 -0.4794933 -0.3690303  0.2604101
 occupations
 0.314 -0.050 -0.050  0.000 -0.099
-0.050  0.407 -0.139 -0.086  0.139
-0.050 -0.139  0.407  0.086  0.139
 0.000 -0.086  0.086  0.314  0.000
-0.099  0.139  0.139  0.000  0.407
atom  4  spin  2
eigenvalues:  0.9931915 0.9931915 1.0009645 1.0009645 1.0025556
 eigenvectors
 1  -0.2080660 -0.1829209  0.2372170  0.9295313  0.0542961
 2   0.9295313 -0.1683051 -0.0742616  0.2080660 -0.2425667
 3  -0.3044309 -0.3918876 -0.3858449 -0.0013656 -0.7777325
 4  -0.0013656  0.6717917 -0.6752804  0.3044309 -0.0034887
 5   0.0000000 -0.5773503 -0.5773503  0.0000000  0.5773503
 occupations
 0.994  0.001  0.001  0.000  0.002
 0.001  1.001  0.001  0.002 -0.001
 0.001  0.001  1.001 -0.002 -0.001
 0.000  0.002 -0.002  0.994  0.000
 0.002 -0.001 -0.001  0.000  1.001
