
     Program PWSCF     v.3.0    starts ...
     Today is  2Nov2005 at  4:44:59 

     Ultrasoft (Vanderbilt) Pseudopotentials

     Current dimensions of program pwscf are:

     ntypx = 10   npk = 40000  lmax =  3
     nchix =  6  ndmx =  2000  nbrx = 14  nqfx =  8
  HUBBARD L FOR TYPE Fe IS            2
  HUBBARD L FOR TYPE Fe IS            2
  MAXIMUM HUBBARD L IS            2


     bravais-lattice index     =            0
     lattice parameter (a_0)   =       8.1900  a.u.
     unit-cell volume          =     274.6766 (a.u.)^3
     number of atoms/cell      =            4
     number of atomic types    =            3
     kinetic-energy cutoff     =      30.0000  Ry
     charge density cutoff     =     240.0000  Ry
     convergence threshold     =      1.0E-06
     beta                      =       0.3000
     number of iterations used =            8  plain     mixing
     Exchange-correlation      =  SLA  PZ   NOGX NOGC (1100)
     celldm(1)=   8.190000  celldm(2)=   0.000000  celldm(3)=   0.000000
     celldm(4)=   0.000000  celldm(5)=   0.000000  celldm(6)=   0.000000

     crystal axes: (cart. coord. in units of a_0)
               a(1) = (  0.500000  0.500000  1.000000 )  
               a(2) = (  0.500000  1.000000  0.500000 )  
               a(3) = (  1.000000  0.500000  0.500000 )  

     reciprocal axes: (cart. coord. in units 2 pi/a_0)
               b(1) = ( -0.500000 -0.500000  1.500000 )  
               b(2) = ( -0.500000  1.500000 -0.500000 )  
               b(3) = (  1.500000 -0.500000 -0.500000 )  


     PSEUDO 1 is O  (US)    zval =  6.0   lmax= 2   lloc= 0
     Version   0  0  0 of US pseudo code
     Using log mesh of  1269 points
     The pseudopotential has  4 beta functions with: 
                l(1) =   0
                l(2) =   0
                l(3) =   1
                l(4) =   1
     Q(r) pseudized with  0 coefficients,  rinner =    0.000   0.000   0.000
                                                       0.000   0.000

     PSEUDO 2 is Fe (US)    zval =  8.0   lmax= 2   lloc= 0
     Version   0  0  0 of US pseudo code
     Using log mesh of   957 points
     The pseudopotential has  6 beta functions with: 
                l(1) =   0
                l(2) =   0
                l(3) =   1
                l(4) =   1
                l(5) =   2
                l(6) =   2
     Q(r) pseudized with  0 coefficients,  rinner =    0.000   0.000   0.000
                                                       0.000   0.000

     PSEUDO 3 is Fe (US)    zval =  8.0   lmax= 2   lloc= 0
     Version   0  0  0 of US pseudo code
     Using log mesh of   957 points
     The pseudopotential has  6 beta functions with: 
                l(1) =   0
                l(2) =   0
                l(3) =   1
                l(4) =   1
                l(5) =   2
                l(6) =   2
     Q(r) pseudized with  0 coefficients,  rinner =    0.000   0.000   0.000
                                                       0.000   0.000

     atomic species   valence    mass     pseudopotential
        O1             6.00     1.00000     O ( 1.00)
        Fe1            8.00     1.00000     Fe( 1.00)
        Fe2            8.00     1.00000     Fe( 1.00)

     Starting magnetic structure 
     atomic species   magnetization
        O1           0.000
        Fe1          0.500
        Fe2         -0.500

     12 Sym.Ops. (with inversion)


   Cartesian axes

     site n.     atom                  positions (a_0 units)
         1           O1  tau(  1) = (   0.5000000   0.5000000   0.5000000  )
         2           O1  tau(  2) = (   1.5000000   1.5000000   1.5000000  )
         3           Fe1 tau(  3) = (   0.0000000   0.0000000   0.0000000  )
         4           Fe2 tau(  4) = (   1.0000000   1.0000000   1.0000000  )

     number of k points=    8  gaussian broad. (ryd)=  0.0100     ngauss =   0
                       cart. coord. in units 2pi/a_0
        k(    1) = (   0.0000000   0.0000000   0.0000000), wk =   0.1250000
        k(    2) = (  -0.7500000   0.2500000   0.2500000), wk =   0.3750000
        k(    3) = (  -0.5000000  -0.5000000   0.5000000), wk =   0.3750000
        k(    4) = (  -0.2500000  -0.2500000  -0.2500000), wk =   0.1250000
        k(    5) = (   0.0000000   0.0000000   0.0000000), wk =   0.1250000
        k(    6) = (  -0.7500000   0.2500000   0.2500000), wk =   0.3750000
        k(    7) = (  -0.5000000  -0.5000000   0.5000000), wk =   0.3750000
        k(    8) = (  -0.2500000  -0.2500000  -0.2500000), wk =   0.1250000

     G cutoff =  407.7738  (  17255 G-vectors)     FFT grid: ( 50, 50, 50)
     G cutoff =  203.8869  (   6111 G-vectors)  smooth grid: ( 36, 36, 36)

     nbndx  =    80  nbnd   =    20  natomwfc =    20  npwx   =     780
     nelec  =  28.00  nkb   =    52  ngl    =     342

     Check: negative/imaginary core charge=   -0.000003    0.000000

     Initial potential from superposition of free atoms

     starting charge   27.99905, renormalised to   28.00000

     Parameters of the lda+U calculation:
     Number of iteration with fixed ns =  0
     Starting ns and Hubbard U :
 enter write_ns
U( 1) =  0.0000      U( 2) =  4.3000      U( 3) =  4.3000
alpha( 1) =  0.0000      alpha( 2) =  0.0000      alpha( 3) =  0.0000
atom  3   Tr[ns(na)]=   6.0000000
atom  3  spin  1
eigenvalues:  1.0000000 1.0000000 1.0000000 1.0000000 1.0000000
 eigenvectors
 1   1.0000000  0.0000000  0.0000000  0.0000000  0.0000000
 2   0.0000000  1.0000000  0.0000000  0.0000000  0.0000000
 3   0.0000000  0.0000000  1.0000000  0.0000000  0.0000000
 4   0.0000000  0.0000000  0.0000000  1.0000000  0.0000000
 5   0.0000000  0.0000000  0.0000000  0.0000000  1.0000000
 occupations
 1.000  0.000  0.000  0.000  0.000
 0.000  1.000  0.000  0.000  0.000
 0.000  0.000  1.000  0.000  0.000
 0.000  0.000  0.000  1.000  0.000
 0.000  0.000  0.000  0.000  1.000
atom  3  spin  2
eigenvalues:  0.2000000 0.2000000 0.2000000 0.2000000 0.2000000
 eigenvectors
 1   1.0000000  0.0000000  0.0000000  0.0000000  0.0000000
 2   0.0000000  1.0000000  0.0000000  0.0000000  0.0000000
 3   0.0000000  0.0000000  1.0000000  0.0000000  0.0000000
 4   0.0000000  0.0000000  0.0000000  1.0000000  0.0000000
 5   0.0000000  0.0000000  0.0000000  0.0000000  1.0000000
 occupations
 0.200  0.000  0.000  0.000  0.000
 0.000  0.200  0.000  0.000  0.000
 0.000  0.000  0.200  0.000  0.000
 0.000  0.000  0.000  0.200  0.000
 0.000  0.000  0.000  0.000  0.200
atom  4   Tr[ns(na)]=   6.0000000
atom  4  spin  1
eigenvalues:  0.2000000 0.2000000 0.2000000 0.2000000 0.2000000
 eigenvectors
 1   1.0000000  0.0000000  0.0000000  0.0000000  0.0000000
 2   0.0000000  1.0000000  0.0000000  0.0000000  0.0000000
 3   0.0000000  0.0000000  1.0000000  0.0000000  0.0000000
 4   0.0000000  0.0000000  0.0000000  1.0000000  0.0000000
 5   0.0000000  0.0000000  0.0000000  0.0000000  1.0000000
 occupations
 0.200  0.000  0.000  0.000  0.000
 0.000  0.200  0.000  0.000  0.000
 0.000  0.000  0.200  0.000  0.000
 0.000  0.000  0.000  0.200  0.000
 0.000  0.000  0.000  0.000  0.200
atom  4  spin  2
eigenvalues:  1.0000000 1.0000000 1.0000000 1.0000000 1.0000000
 eigenvectors
 1   1.0000000  0.0000000  0.0000000  0.0000000  0.0000000
 2   0.0000000  1.0000000  0.0000000  0.0000000  0.0000000
 3   0.0000000  0.0000000  1.0000000  0.0000000  0.0000000
 4   0.0000000  0.0000000  0.0000000  1.0000000  0.0000000
 5   0.0000000  0.0000000  0.0000000  0.0000000  1.0000000
 occupations
 1.000  0.000  0.000  0.000  0.000
 0.000  1.000  0.000  0.000  0.000
 0.000  0.000  1.000  0.000  0.000
 0.000  0.000  0.000  1.000  0.000
 0.000  0.000  0.000  0.000  1.000
nsum =  12.0000000
 exit write_ns
 Atomic wfc used for LDA+U Projector are NOT orthogonalized
     Starting wfc are atomic

     total cpu time spent up to now is      7.21 secs

     Self-consistent Calculation

     iteration #  1     ecut=    30.00 ryd     beta=0.30
     Davidson diagonalization with overlap
     ethr =  1.00E-02,  avg # of iterations =  3.2
 enter write_ns
U( 1) =  0.0000      U( 2) =  4.3000      U( 3) =  4.3000
alpha( 1) =  0.0000      alpha( 2) =  0.0000      alpha( 3) =  0.0000
atom  3   Tr[ns(na)]=   6.1226801
atom  3  spin  1
eigenvalues:  0.9969552 0.9969552 1.0025536 1.0025536 1.0030281
 eigenvectors
 1  -0.3907656 -0.2500664  0.4878181  0.7001976  0.2377516
 2  -0.7001976  0.4189078  0.0071100 -0.3907656  0.4260178
 3   0.5921999  0.3999108  0.2489775  0.0795285  0.6488883
 4   0.0795285 -0.5183831  0.6055245 -0.5921999  0.0871414
 5   0.0000000  0.5773503  0.5773503  0.0000000 -0.5773503
 occupations
 0.999  0.001  0.001  0.000  0.002
 0.001  1.001  0.001  0.002 -0.001
 0.001  0.001  1.001 -0.002 -0.001
 0.000  0.002 -0.002  0.999  0.000
 0.002 -0.001 -0.001  0.000  1.001
atom  3  spin  2
eigenvalues:  0.1553853 0.1553853 0.2567874 0.2765382 0.2765382
 eigenvectors
 1  -0.1647525 -0.0672785  0.0554003 -0.9824052 -0.0118782
 2  -0.9824052 -0.0251275 -0.0457011  0.1647525 -0.0708286
 3   0.0000000 -0.5773503 -0.5773503  0.0000000  0.5773503
 4  -0.0867971  0.2872212  0.5153732  0.0142453  0.8025944
 5  -0.0142453  0.7609290 -0.6292053 -0.0867971  0.1317237
 occupations
 0.156 -0.004 -0.004  0.000 -0.009
-0.004  0.269 -0.006 -0.008  0.006
-0.004 -0.006  0.269  0.008  0.006
 0.000 -0.008  0.008  0.156  0.000
-0.009  0.006  0.006  0.000  0.269
atom  4   Tr[ns(na)]=   6.1226801
atom  4  spin  1
eigenvalues:  0.1553853 0.1553853 0.2567874 0.2765382 0.2765382
 eigenvectors
 1  -0.4443660 -0.0716832  0.0396457 -0.8915168 -0.0320375
 2  -0.8915168 -0.0043926 -0.0598832  0.4443660 -0.0642758
 3   0.0000000 -0.5773503 -0.5773503  0.0000000  0.5773503
 4  -0.0866787  0.2810391  0.5204603  0.0149490  0.8014995
 5  -0.0149490  0.7632338 -0.6250040 -0.0866787  0.1382299
 occupations
 0.156 -0.004 -0.004  0.000 -0.009
-0.004  0.269 -0.006 -0.008  0.006
-0.004 -0.006  0.269  0.008  0.006
 0.000 -0.008  0.008  0.156  0.000
-0.009  0.006  0.006  0.000  0.269
atom  4  spin  2
eigenvalues:  0.9969552 0.9969552 1.0025536 1.0025536 1.0030281
 eigenvectors
 1  -0.4256493 -0.2285784  0.4875541  0.6795566  0.2589757
 2  -0.6795566  0.4310092 -0.0175499 -0.4256493  0.4134593
 3   0.5929465  0.3948421  0.2548643  0.0737560  0.6497064
 4   0.0737560 -0.5222541  0.6030704 -0.5929465  0.0808163
 5   0.0000000  0.5773503  0.5773503  0.0000000 -0.5773503
 occupations
 0.999  0.001  0.001  0.000  0.002
 0.001  1.001  0.001  0.002 -0.001
 0.001  0.001  1.001 -0.002 -0.001
 0.000  0.002 -0.002  0.999  0.000
 0.002 -0.001 -0.001  0.000  1.001
nsum =  12.2453603
 exit write_ns

     total cpu time spent up to now is     14.82 secs

     total energy              =  -173.87440401 ryd
     estimated scf accuracy    <     2.40343176 ryd

     total magnetization       =     0.00 Bohr mag/cell
     absolute magnetization    =     8.54 Bohr mag/cell

     iteration #  2     ecut=    30.00 ryd     beta=0.30
     Davidson diagonalization with overlap
     ethr =  8.58E-03,  avg # of iterations =  2.2
 enter write_ns
U( 1) =  0.0000      U( 2) =  4.3000      U( 3) =  4.3000
alpha( 1) =  0.0000      alpha( 2) =  0.0000      alpha( 3) =  0.0000
atom  3   Tr[ns(na)]=   6.9138793
atom  3  spin  1
eigenvalues:  0.9930388 0.9930388 1.0013931 1.0013931 1.0026209
 eigenvectors
 1   0.1700384  0.1734121 -0.2136002 -0.9453968 -0.0401881
 2   0.9453968 -0.1465247 -0.0769170  0.1700384 -0.2234417
 3  -0.2780496 -0.3907868 -0.3935109  0.0005576 -0.7842977
 4  -0.0005576 -0.6800082  0.6784354 -0.2780496 -0.0015728
 5   0.0000000 -0.5773503 -0.5773503  0.0000000  0.5773503
 occupations
 0.994  0.001  0.001  0.000  0.002
 0.001  1.001  0.001  0.002 -0.001
 0.001  0.001  1.001 -0.002 -0.001
 0.000  0.002 -0.002  0.994  0.000
 0.002 -0.001 -0.001  0.000  1.001
atom  3  spin  2
eigenvalues:  0.3123236 0.3123236 0.4063957 0.4456758 0.4456758
 eigenvectors
 1  -0.8081579 -0.2775798 -0.0106873 -0.4319932 -0.2882671
 2   0.4319932 -0.1726014  0.3266918 -0.8081579  0.1540905
 3   0.0000000  0.5773503  0.5773503  0.0000000 -0.5773503
 4   0.3682817 -0.0901304 -0.5981891 -0.1569435 -0.6883195
 5  -0.1569435  0.7427661 -0.4494382 -0.3682817  0.2933278
 occupations
 0.334 -0.020 -0.020  0.000 -0.040
-0.020  0.418 -0.006 -0.035  0.006
-0.020 -0.006  0.418  0.035  0.006
 0.000 -0.035  0.035  0.334  0.000
-0.040  0.006  0.006  0.000  0.418
atom  4   Tr[ns(na)]=   6.9138793
atom  4  spin  1
eigenvalues:  0.3123236 0.3123236 0.4063957 0.4456758 0.4456758
 eigenvectors
 1  -0.8079087 -0.2776792 -0.0104989 -0.4324591 -0.2881782
 2   0.4324591 -0.1724413  0.3266979 -0.8079087  0.1542566
 3   0.0000000  0.5773503  0.5773503  0.0000000 -0.5773503
 4   0.3698846 -0.0978048 -0.5935105 -0.1531276 -0.6913153
 5  -0.1531276  0.7417945 -0.4555987 -0.3698846  0.2861958
 occupations
 0.334 -0.020 -0.020  0.000 -0.040
-0.020  0.418 -0.006 -0.035  0.006
-0.020 -0.006  0.418  0.035  0.006
 0.000 -0.035  0.035  0.334  0.000
-0.040  0.006  0.006  0.000  0.418
atom  4  spin  2
eigenvalues:  0.9930388 0.9930388 1.0013931 1.0013931 1.0026209
 eigenvectors
 1   0.2102809  0.1669926 -0.2166918 -0.9372673 -0.0496993
 2   0.9372673 -0.1538010 -0.0677193  0.2102809 -0.2215203
 3  -0.2780374 -0.3856296 -0.3986337  0.0026617 -0.7842634
 4  -0.0026617 -0.6829460  0.6754380 -0.2780374 -0.0075079
 5   0.0000000 -0.5773503 -0.5773503  0.0000000  0.5773503
 occupations
 0.994  0.001  0.001  0.000  0.002
 0.001  1.001  0.001  0.002 -0.001
 0.001  0.001  1.001 -0.002 -0.001
 0.000  0.002 -0.002  0.994  0.000
 0.002 -0.001 -0.001  0.000  1.001
nsum =  13.8277586
 exit write_ns

     total cpu time spent up to now is     22.24 secs

     total energy              =  -174.43468878 ryd
     estimated scf accuracy    <     0.17790704 ryd

     total magnetization       =     0.00 Bohr mag/cell
     absolute magnetization    =     7.22 Bohr mag/cell

     iteration #  3     ecut=    30.00 ryd     beta=0.30
     Davidson diagonalization with overlap
     ethr =  6.35E-04,  avg # of iterations =  1.8
 enter write_ns
U( 1) =  0.0000      U( 2) =  4.3000      U( 3) =  4.3000
alpha( 1) =  0.0000      alpha( 2) =  0.0000      alpha( 3) =  0.0000
atom  3   Tr[ns(na)]=   6.7995774
atom  3  spin  1
eigenvalues:  0.9937851 0.9937851 1.0016949 1.0016949 1.0028991
 eigenvectors
 1  -0.2150456 -0.1748674  0.2286398  0.9316701  0.0537724
 2  -0.9316701  0.1630507  0.0699143 -0.2150456  0.2329650
 3  -0.2928088 -0.3973403 -0.3833242 -0.0030352 -0.7806645
 4  -0.0030352  0.6720292 -0.6801214  0.2928088 -0.0080922
 5   0.0000000  0.5773503  0.5773503  0.0000000 -0.5773503
 occupations
 0.994  0.001  0.001  0.000  0.002
 0.001  1.002  0.001  0.002 -0.001
 0.001  0.001  1.002 -0.002 -0.001
 0.000  0.002 -0.002  0.994  0.000
 0.002 -0.001 -0.001  0.000  1.002
atom  3  spin  2
eigenvalues:  0.2786363 0.2786363 0.3999961 0.4242248 0.4242248
 eigenvectors
 1   0.7563857  0.2411043 -0.0319399  0.5700697  0.2091644
 2  -0.5700697  0.1023206 -0.2599627  0.7563857 -0.1576422
 3   0.0000000  0.5773503  0.5773503  0.0000000 -0.5773503
 4   0.3030521 -0.1457256 -0.5848776 -0.1051695 -0.7306032
 5  -0.1051695  0.7594932 -0.5059487 -0.3030521  0.2535445
 occupations
 0.294 -0.018 -0.018  0.000 -0.036
-0.018  0.406 -0.003 -0.031  0.003
-0.018 -0.003  0.406  0.031  0.003
 0.000 -0.031  0.031  0.294  0.000
-0.036  0.003  0.003  0.000  0.406
atom  4   Tr[ns(na)]=   6.7995774
atom  4  spin  1
eigenvalues:  0.2786363 0.2786363 0.3999961 0.4242248 0.4242248
 eigenvectors
 1   0.7719601  0.2381629 -0.0246917  0.5487954  0.2134712
 2  -0.5487954  0.1089919 -0.2607510  0.7719601 -0.1517592
 3   0.0000000  0.5773503  0.5773503  0.0000000 -0.5773503
 4   0.3032349 -0.1470493 -0.5839947 -0.1046411 -0.7310441
 5  -0.1046411  0.7592380 -0.5069675 -0.3032349  0.2522705
 occupations
 0.294 -0.018 -0.018  0.000 -0.036
-0.018  0.406 -0.003 -0.031  0.003
-0.018 -0.003  0.406  0.031  0.003
 0.000 -0.031  0.031  0.294  0.000
-0.036  0.003  0.003  0.000  0.406
atom  4  spin  2
eigenvalues:  0.9937851 0.9937851 1.0016949 1.0016949 1.0028991
 eigenvectors
 1  -0.2001889 -0.1774405  0.2274980  0.9349750  0.0500574
 2  -0.9349750  0.1602467  0.0735447 -0.2001889  0.2337914
 3  -0.2928162 -0.3954502 -0.3852339 -0.0022124 -0.7806841
 4  -0.0022124  0.6731431 -0.6790415  0.2928162 -0.0058984
 5   0.0000000  0.5773503  0.5773503  0.0000000 -0.5773503
 occupations
 0.994  0.001  0.001  0.000  0.002
 0.001  1.002  0.001  0.002 -0.001
 0.001  0.001  1.002 -0.002 -0.001
 0.000  0.002 -0.002  0.994  0.000
 0.002 -0.001 -0.001  0.000  1.002
nsum =  13.5991548
 exit write_ns

     total cpu time spent up to now is     29.33 secs

     total energy              =  -174.44744783 ryd
     estimated scf accuracy    <     0.04567934 ryd

     total magnetization       =     0.00 Bohr mag/cell
     absolute magnetization    =     7.41 Bohr mag/cell

     iteration #  4     ecut=    30.00 ryd     beta=0.30
     Davidson diagonalization with overlap
     ethr =  1.63E-04,  avg # of iterations =  2.0
 enter write_ns
U( 1) =  0.0000      U( 2) =  4.3000      U( 3) =  4.3000
alpha( 1) =  0.0000      alpha( 2) =  0.0000      alpha( 3) =  0.0000
atom  3   Tr[ns(na)]=   6.8652721
atom  3  spin  1
eigenvalues:  0.9935730 0.9935730 1.0013235 1.0013235 1.0025796
 eigenvectors
 1   0.1916009  0.1742738 -0.2208103 -0.9391458 -0.0465365
 2   0.9391458 -0.1543527 -0.0737492  0.1916009 -0.2281019
 3  -0.2851213 -0.3908792 -0.3917256  0.0001780 -0.7826048
 4  -0.0001780 -0.6780000  0.6775113 -0.2851213 -0.0004887
 5   0.0000000 -0.5773503 -0.5773503  0.0000000  0.5773503
 occupations
 0.994  0.001  0.001  0.000  0.002
 0.001  1.001  0.001  0.001 -0.001
 0.001  0.001  1.001 -0.001 -0.001
 0.000  0.001 -0.001  0.994  0.000
 0.002 -0.001 -0.001  0.000  1.001
atom  3  spin  2
eigenvalues:  0.2817807 0.2817807 0.3685989 0.4703695 0.4703695
 eigenvectors
 1   0.7749530  0.2478858 -0.0221708  0.5353146  0.2257150
 2  -0.5353146  0.1175163 -0.2734335  0.7749530 -0.1559172
 3   0.0000000  0.5773503  0.5773503  0.0000000 -0.5773503
 4   0.3143839 -0.1248434 -0.5947445 -0.1185283 -0.7195880
 5  -0.1185283  0.7588302 -0.4875327 -0.3143839  0.2712975
 occupations
 0.303 -0.024 -0.024  0.000 -0.049
-0.024  0.422 -0.027 -0.042  0.027
-0.024 -0.027  0.422  0.042  0.027
 0.000 -0.042  0.042  0.303  0.000
-0.049  0.027  0.027  0.000  0.422
atom  4   Tr[ns(na)]=   6.8652721
atom  4  spin  1
eigenvalues:  0.2817807 0.2817807 0.3685989 0.4703695 0.4703695
 eigenvectors
 1  -0.8341661 -0.2318000 -0.0111616 -0.4373565 -0.2429616
 2   0.4373565 -0.1467181  0.2741038 -0.8341661  0.1273857
 3   0.0000000  0.5773503  0.5773503  0.0000000 -0.5773503
 4   0.3158871 -0.1346245 -0.5884043 -0.1144619 -0.7230287
 5  -0.1144619  0.7571562 -0.4951663 -0.3158871  0.2619899
 occupations
 0.303 -0.024 -0.024  0.000 -0.049
-0.024  0.422 -0.027 -0.042  0.027
-0.024 -0.027  0.422  0.042  0.027
 0.000 -0.042  0.042  0.303  0.000
-0.049  0.027  0.027  0.000  0.422
atom  4  spin  2
eigenvalues:  0.9935730 0.9935730 1.0013235 1.0013235 1.0025796
 eigenvectors
 1  -0.2063263 -0.1718283  0.2219413  0.9360210  0.0501130
 2   0.9360210 -0.1570706 -0.0702723  0.2063263 -0.2273430
 3  -0.2850934 -0.4007686 -0.3817594 -0.0039984 -0.7825280
 4  -0.0039984  0.6722016 -0.6831766  0.2850934 -0.0109750
 5   0.0000000 -0.5773503 -0.5773503  0.0000000  0.5773503
 occupations
 0.994  0.001  0.001  0.000  0.002
 0.001  1.001  0.001  0.001 -0.001
 0.001  0.001  1.001 -0.001 -0.001
 0.000  0.001 -0.001  0.994  0.000
 0.002 -0.001 -0.001  0.000  1.001
nsum =  13.7305441
 exit write_ns

     total cpu time spent up to now is     36.48 secs

     total energy              =  -174.45455569 ryd
     estimated scf accuracy    <     0.00599716 ryd

     total magnetization       =     0.00 Bohr mag/cell
     absolute magnetization    =     7.30 Bohr mag/cell

     iteration #  5     ecut=    30.00 ryd     beta=0.30
     Davidson diagonalization with overlap
     ethr =  2.14E-05,  avg # of iterations =  2.2
 enter write_ns
U( 1) =  0.0000      U( 2) =  4.3000      U( 3) =  4.3000
alpha( 1) =  0.0000      alpha( 2) =  0.0000      alpha( 3) =  0.0000
atom  3   Tr[ns(na)]=   6.8574089
atom  3  spin  1
eigenvalues:  0.9937624 0.9937624 1.0015003 1.0015003 1.0028045
 eigenvectors
 1  -0.2123024 -0.1685972  0.2194187  0.9358286  0.0508215
 2   0.9358286 -0.1560233 -0.0679978  0.2123024 -0.2240211
 3  -0.2813404 -0.3918523 -0.3916643 -0.0000390 -0.7835167
 4  -0.0000390  0.6784911 -0.6785996  0.2813404 -0.0001085
 5   0.0000000 -0.5773503 -0.5773503  0.0000000  0.5773503
 occupations
 0.994  0.001  0.001  0.000  0.002
 0.001  1.002  0.001  0.001 -0.001
 0.001  0.001  1.002 -0.001 -0.001
 0.000  0.001 -0.001  0.994  0.000
 0.002 -0.001 -0.001  0.000  1.002
atom  3  spin  2
eigenvalues:  0.2778345 0.2778345 0.3370564 0.4856769 0.4856769
 eigenvectors
 1   0.7983852  0.2352028 -0.0111662  0.5068961  0.2240366
 2  -0.5068961  0.1229008 -0.2651420  0.7983852 -0.1422412
 3   0.0000000  0.5773503  0.5773503  0.0000000 -0.5773503
 4   0.3067317 -0.1432130 -0.5855075 -0.1074852 -0.7287205
 5  -0.1074852  0.7587699 -0.5034111 -0.3067317  0.2553588
 occupations
 0.300 -0.026 -0.026  0.000 -0.052
-0.026  0.421 -0.042 -0.045  0.042
-0.026 -0.042  0.421  0.045  0.042
 0.000 -0.045  0.045  0.300  0.000
-0.052  0.042  0.042  0.000  0.421
atom  4   Tr[ns(na)]=   6.8574089
atom  4  spin  1
eigenvalues:  0.2778345 0.2778345 0.3370564 0.4856769 0.4856769
 eigenvectors
 1  -0.8192256 -0.2297617 -0.0001229 -0.4724743 -0.2298846
 2   0.4724743 -0.1327949  0.2653770 -0.8192256  0.1325820
 3   0.0000000  0.5773503  0.5773503  0.0000000 -0.5773503
 4   0.3067604 -0.1434154 -0.5853732 -0.1074034 -0.7287886
 5  -0.1074034  0.7587317 -0.5035672 -0.3067604  0.2551645
 occupations
 0.300 -0.026 -0.026  0.000 -0.052
-0.026  0.421 -0.042 -0.045  0.042
-0.026 -0.042  0.421  0.045  0.042
 0.000 -0.045  0.045  0.300  0.000
-0.052  0.042  0.042  0.000  0.421
atom  4  spin  2
eigenvalues:  0.9937624 0.9937624 1.0015003 1.0015003 1.0028045
 eigenvectors
 1  -0.2236593 -0.1666887  0.2202289  0.9331795  0.0535402
 2   0.9331795 -0.1580606 -0.0653263  0.2236593 -0.2233870
 3  -0.2813358 -0.3956606 -0.3878431 -0.0016207 -0.7835037
 4  -0.0016207  0.6762773 -0.6807908  0.2813358 -0.0045135
 5   0.0000000 -0.5773503 -0.5773503  0.0000000  0.5773503
 occupations
 0.994  0.001  0.001  0.000  0.002
 0.001  1.002  0.001  0.001 -0.001
 0.001  0.001  1.002 -0.001 -0.001
 0.000  0.001 -0.001  0.994  0.000
 0.002 -0.001 -0.001  0.000  1.002
nsum =  13.7148178
 exit write_ns

     total cpu time spent up to now is     43.72 secs

     total energy              =  -174.45689774 ryd
     estimated scf accuracy    <     0.00472078 ryd

     total magnetization       =     0.00 Bohr mag/cell
     absolute magnetization    =     7.31 Bohr mag/cell

     iteration #  6     ecut=    30.00 ryd     beta=0.30
     Davidson diagonalization with overlap
     ethr =  1.69E-05,  avg # of iterations =  1.0
 enter write_ns
U( 1) =  0.0000      U( 2) =  4.3000      U( 3) =  4.3000
alpha( 1) =  0.0000      alpha( 2) =  0.0000      alpha( 3) =  0.0000
atom  3   Tr[ns(na)]=   6.8591761
atom  3  spin  1
eigenvalues:  0.9937425 0.9937425 1.0014862 1.0014862 1.0027970
 eigenvectors
 1  -0.1724003 -0.1746313  0.2157881  0.9442053  0.0411569
 2   0.9442053 -0.1483473 -0.0770615  0.1724003 -0.2254088
 3  -0.2806284 -0.3882711 -0.3954041  0.0014747 -0.7836751
 4   0.0014747  0.6807417 -0.6766235  0.2806284  0.0041182
 5   0.0000000 -0.5773503 -0.5773503  0.0000000  0.5773503
 occupations
 0.994  0.001  0.001  0.000  0.002
 0.001  1.002  0.001  0.001 -0.001
 0.001  0.001  1.002 -0.001 -0.001
 0.000  0.001 -0.001  0.994  0.000
 0.002 -0.001 -0.001  0.000  1.002
atom  3  spin  2
eigenvalues:  0.2781109 0.2781109 0.3183478 0.4956760 0.4956760
 eigenvectors
 1  -0.7487259 -0.2450670  0.0353555 -0.5780335 -0.2097115
 2   0.5780335 -0.1006645  0.2625665 -0.7487259  0.1619020
 3   0.0000000  0.5773503  0.5773503  0.0000000 -0.5773503
 4   0.3075522 -0.1528084 -0.5792206 -0.1034331 -0.7320289
 5  -0.1034331  0.7570503 -0.5108611 -0.3075522  0.2461892
 occupations
 0.301 -0.027 -0.027  0.000 -0.055
-0.027  0.421 -0.051 -0.047  0.051
-0.027 -0.051  0.421  0.047  0.051
 0.000 -0.047  0.047  0.301  0.000
-0.055  0.051  0.051  0.000  0.421
atom  4   Tr[ns(na)]=   6.8591761
atom  4  spin  1
eigenvalues:  0.2781109 0.2781109 0.3183478 0.4956760 0.4956760
 eigenvectors
 1   0.7059053  0.2515813 -0.0538635  0.6296118  0.1977178
 2  -0.6296118  0.0830543 -0.2594030  0.7059053 -0.1763487
 3   0.0000000  0.5773503  0.5773503  0.0000000 -0.5773503
 4   0.3052144 -0.1362003 -0.5902643 -0.1101405 -0.7264646
 5  -0.1101405  0.7602138 -0.4980598 -0.3052144  0.2621540
 occupations
 0.301 -0.027 -0.027  0.000 -0.055
-0.027  0.421 -0.051 -0.047  0.051
-0.027 -0.051  0.421  0.047  0.051
 0.000 -0.047  0.047  0.301  0.000
-0.055  0.051  0.051  0.000  0.421
atom  4  spin  2
eigenvalues:  0.9937425 0.9937425 1.0014862 1.0014862 1.0027970
 eigenvectors
 1  -0.1943123 -0.1711340  0.2175219  0.9399405  0.0463879
 2   0.9399405 -0.1523684 -0.0720222  0.1943123 -0.2243906
 3  -0.2806297 -0.3947578 -0.3889209 -0.0012068 -0.7836787
 4  -0.0012068  0.6770007 -0.6803707  0.2806297 -0.0033700
 5   0.0000000 -0.5773503 -0.5773503  0.0000000  0.5773503
 occupations
 0.994  0.001  0.001  0.000  0.002
 0.001  1.002  0.001  0.001 -0.001
 0.001  0.001  1.002 -0.001 -0.001
 0.000  0.001 -0.001  0.994  0.000
 0.002 -0.001 -0.001  0.000  1.002
nsum =  13.7183522
 exit write_ns

     total cpu time spent up to now is     50.68 secs

     total energy              =  -174.45788620 ryd
     estimated scf accuracy    <     0.00558921 ryd

     total magnetization       =     0.00 Bohr mag/cell
     absolute magnetization    =     7.31 Bohr mag/cell

     iteration #  7     ecut=    30.00 ryd     beta=0.30
     Davidson diagonalization with overlap
     ethr =  1.69E-05,  avg # of iterations =  1.5
 enter write_ns
U( 1) =  0.0000      U( 2) =  4.3000      U( 3) =  4.3000
alpha( 1) =  0.0000      alpha( 2) =  0.0000      alpha( 3) =  0.0000
atom  3   Tr[ns(na)]=   6.8430281
atom  3  spin  1
eigenvalues:  0.9938403 0.9938403 1.0014146 1.0014146 1.0029958
 eigenvectors
 1  -0.1948510 -0.1803643  0.2297001  0.9350431  0.0493358
 2   0.9350431 -0.1611015 -0.0756493  0.1948510 -0.2367508
 3  -0.2961879 -0.3890846 -0.3907748  0.0003706 -0.7798594
 4   0.0003706  0.6758660 -0.6748902  0.2961879  0.0009758
 5   0.0000000 -0.5773503 -0.5773503  0.0000000  0.5773503
 occupations
 0.995  0.001  0.001  0.000  0.002
 0.001  1.001  0.001  0.002 -0.001
 0.001  0.001  1.001 -0.002 -0.001
 0.000  0.002 -0.002  0.995  0.000
 0.002 -0.001 -0.001  0.000  1.001
atom  3  spin  2
eigenvalues:  0.2716438 0.2716438 0.3425319 0.3425319 0.6211711
 eigenvectors
 1  -0.7899094 -0.3371040 -0.1005173 -0.2465520 -0.4376213
 2   0.2465520 -0.3106944  0.4472878 -0.7899094  0.1365934
 3   0.4460573  0.0869953 -0.6237530 -0.3410104 -0.5367577
 4   0.3410104 -0.6700211  0.2596704  0.4460573 -0.4103507
 5   0.0000000 -0.5773503 -0.5773503  0.0000000  0.5773503
 occupations
 0.294 -0.013 -0.013  0.000 -0.027
-0.013  0.421  0.100 -0.023 -0.100
-0.013  0.100  0.421  0.023 -0.100
 0.000 -0.023  0.023  0.294  0.000
-0.027 -0.100 -0.100  0.000  0.421
atom  4   Tr[ns(na)]=   6.8430284
atom  4  spin  1
eigenvalues:  0.2716438 0.2716438 0.3425320 0.3425320 0.6211712
 eigenvectors
 1  -0.7874339 -0.3401585 -0.0960909 -0.2543482 -0.4362494
 2   0.2543482 -0.3073468  0.4482593 -0.7874339  0.1409125
 3   0.4337315  0.1106114 -0.6325374 -0.3565555 -0.5219260
 4   0.3565555 -0.6665297  0.2374726  0.4337315 -0.4290571
 5   0.0000000 -0.5773503 -0.5773503  0.0000000  0.5773503
 occupations
 0.294 -0.013 -0.013  0.000 -0.027
-0.013  0.421  0.100 -0.023 -0.100
-0.013  0.100  0.421  0.023 -0.100
 0.000 -0.023  0.023  0.294  0.000
-0.027 -0.100 -0.100  0.000  0.421
atom  4  spin  2
eigenvalues:  0.9938403 0.9938403 1.0014146 1.0014146 1.0029958
 eigenvectors
 1  -0.2281004 -0.1744993  0.2322538  0.9274927  0.0577545
 2   0.9274927 -0.1674364 -0.0674027  0.2281004 -0.2348391
 3  -0.2961850 -0.3868074 -0.3930443  0.0013676 -0.7798517
 4   0.0013676  0.6771719 -0.6735710  0.2961850  0.0036009
 5   0.0000000 -0.5773503 -0.5773503  0.0000000  0.5773503
 occupations
 0.995  0.001  0.001  0.000  0.002
 0.001  1.001  0.001  0.002 -0.001
 0.001  0.001  1.001 -0.002 -0.001
 0.000  0.002 -0.002  0.995  0.000
 0.002 -0.001 -0.001  0.000  1.001
nsum =  13.6860564
 exit write_ns

     total cpu time spent up to now is     57.73 secs

     total energy              =  -174.46401257 ryd
     estimated scf accuracy    <     0.01364157 ryd

     total magnetization       =     0.00 Bohr mag/cell
     absolute magnetization    =     7.34 Bohr mag/cell

     iteration #  8     ecut=    30.00 ryd     beta=0.30
     Davidson diagonalization with overlap
     ethr =  1.69E-05,  avg # of iterations =  1.0
 enter write_ns
U( 1) =  0.0000      U( 2) =  4.3000      U( 3) =  4.3000
alpha( 1) =  0.0000      alpha( 2) =  0.0000      alpha( 3) =  0.0000
atom  3   Tr[ns(na)]=   6.8620470
atom  3  spin  1
eigenvalues:  0.9937988 0.9937988 1.0015345 1.0015345 1.0028726
 eigenvectors
 1  -0.1988732 -0.1693419  0.2164960  0.9395099  0.0471541
 2   0.9395099 -0.1522184 -0.0705452  0.1988732 -0.2227636
 3  -0.2788656 -0.3867845 -0.3972963  0.0021585 -0.7840808
 4   0.0021585  0.6820684 -0.6759994  0.2788656  0.0060690
 5   0.0000000 -0.5773503 -0.5773503  0.0000000  0.5773503
 occupations
 0.994  0.001  0.001  0.000  0.002
 0.001  1.002  0.001  0.001 -0.001
 0.001  0.001  1.002 -0.001 -0.001
 0.000  0.001 -0.001  0.994  0.000
 0.002 -0.001 -0.001  0.000  1.002
atom  3  spin  2
eigenvalues:  0.2766469 0.2766469 0.3236466 0.4957838 0.4957838
 eigenvectors
 1  -0.7674643 -0.2500561  0.0258987 -0.5454844 -0.2241574
 2   0.5454844 -0.1144647  0.2737873 -0.7674643  0.1593225
 3   0.0000000  0.5773503  0.5773503  0.0000000 -0.5773503
 4   0.3167917 -0.1353960 -0.5876861 -0.1144044 -0.7230821
 5  -0.1144044  0.7567723 -0.4956425 -0.3167917  0.2611298
 occupations
 0.302 -0.028 -0.028  0.000 -0.057
-0.028  0.422 -0.049 -0.049  0.049
-0.028 -0.049  0.422  0.049  0.049
 0.000 -0.049  0.049  0.302  0.000
-0.057  0.049  0.049  0.000  0.422
atom  4   Tr[ns(na)]=   6.8620456
atom  4  spin  1
eigenvalues:  0.2766468 0.2766468 0.3236466 0.4957832 0.4957832
 eigenvectors
 1  -0.8296943 -0.2337661 -0.0085674 -0.4451537 -0.2423335
 2   0.4451537 -0.1448577  0.2748762 -0.8296943  0.1300186
 3   0.0000000  0.5773503  0.5773503  0.0000000 -0.5773503
 4   0.3163815 -0.1326937 -0.5894516 -0.1155346 -0.7221452
 5  -0.1155346  0.7572508 -0.4935415 -0.3163815  0.2637093
 occupations
 0.302 -0.028 -0.028  0.000 -0.057
-0.028  0.422 -0.049 -0.049  0.049
-0.028 -0.049  0.422  0.049  0.049
 0.000 -0.049  0.049  0.302  0.000
-0.057  0.049  0.049  0.000  0.422
atom  4  spin  2
eigenvalues:  0.9937988 0.9937988 1.0015345 1.0015345 1.0028726
 eigenvectors
 1  -0.2280791 -0.1645118  0.2185908  0.9328501  0.0540789
 2   0.9328501 -0.1574259 -0.0637585  0.2280791 -0.2211844
 3  -0.2788732 -0.3906623 -0.3934404  0.0005705 -0.7841027
 4   0.0005705  0.6798548 -0.6782509  0.2788732  0.0016039
 5   0.0000000 -0.5773503 -0.5773503  0.0000000  0.5773503
 occupations
 0.994  0.001  0.001  0.000  0.002
 0.001  1.002  0.001  0.001 -0.001
 0.001  0.001  1.002 -0.001 -0.001
 0.000  0.001 -0.001  0.994  0.000
 0.002 -0.001 -0.001  0.000  1.002
nsum =  13.7240926
 exit write_ns

     total cpu time spent up to now is     64.74 secs

     total energy              =  -174.45792680 ryd
     estimated scf accuracy    <     0.00464198 ryd

     total magnetization       =     0.00 Bohr mag/cell
     absolute magnetization    =     7.30 Bohr mag/cell

     iteration #  9     ecut=    30.00 ryd     beta=0.30
     Davidson diagonalization with overlap
     ethr =  1.66E-05,  avg # of iterations =  1.0
 enter write_ns
U( 1) =  0.0000      U( 2) =  4.3000      U( 3) =  4.3000
alpha( 1) =  0.0000      alpha( 2) =  0.0000      alpha( 3) =  0.0000
atom  3   Tr[ns(na)]=   6.8513683
atom  3  spin  1
eigenvalues:  0.9938240 0.9938240 1.0015025 1.0015025 1.0027654
 eigenvectors
 1  -0.2554694 -0.1653992  0.2283433  0.9226461  0.0629442
 2   0.9226461 -0.1681749 -0.0591524  0.2554694 -0.2273273
 3  -0.2888303 -0.3765804 -0.4049303  0.0060492 -0.7815108
 4   0.0060492  0.6849921 -0.6686243  0.2888303  0.0163678
 5   0.0000000 -0.5773503 -0.5773503  0.0000000  0.5773503
 occupations
 0.994  0.001  0.001  0.000  0.002
 0.001  1.001  0.001  0.002 -0.001
 0.001  0.001  1.001 -0.002 -0.001
 0.000  0.002 -0.002  0.994  0.000
 0.002 -0.001 -0.001  0.000  1.001
atom  3  spin  2
eigenvalues:  0.2730680 0.2730680 0.4124640 0.4124640 0.4868860
 eigenvectors
 1   0.7877764  0.2901543 -0.0018026  0.4605093  0.2883517
 2  -0.4605093  0.1654392 -0.3340006  0.7877764 -0.1685614
 3   0.3709248 -0.0657101 -0.6098672 -0.1724942 -0.6755773
 4   0.1724942 -0.7421517  0.4279824  0.3709248 -0.3141693
 5   0.0000000 -0.5773503 -0.5773503  0.0000000  0.5773503
 occupations
 0.296 -0.021 -0.021  0.000 -0.042
-0.021  0.422  0.033 -0.037 -0.033
-0.021  0.033  0.422  0.037 -0.033
 0.000 -0.037  0.037  0.296  0.000
-0.042 -0.033 -0.033  0.000  0.422
atom  4   Tr[ns(na)]=   6.8513903
atom  4  spin  1
eigenvalues:  0.2730689 0.2730689 0.4124718 0.4124718 0.4868904
 eigenvectors
 1   0.7791651  0.2931452 -0.0079535  0.4749422  0.2851918
 2  -0.4749422  0.1600636 -0.3339030  0.7791651 -0.1738394
 3   0.3737777 -0.0782405 -0.6025518 -0.1661986 -0.6807922
 4   0.1661986 -0.7409390  0.4382277  0.3737777 -0.3027113
 5   0.0000000 -0.5773503 -0.5773503  0.0000000  0.5773503
 occupations
 0.296 -0.021 -0.021  0.000 -0.042
-0.021  0.422  0.033 -0.037 -0.033
-0.021  0.033  0.422  0.037 -0.033
 0.000 -0.037  0.037  0.296  0.000
-0.042 -0.033 -0.033  0.000  0.422
atom  4  spin  2
eigenvalues:  0.9938240 0.9938240 1.0015025 1.0015025 1.0027654
 eigenvectors
 1  -0.2385035 -0.1684571  0.2272215  0.9271761  0.0587644
 2   0.9271761 -0.1651140 -0.0633311  0.2385035 -0.2284451
 3  -0.2888891 -0.3863050 -0.3953592  0.0019320 -0.7816642
 4   0.0019320  0.6795548 -0.6743274  0.2888891  0.0052274
 5   0.0000000 -0.5773503 -0.5773503  0.0000000  0.5773503
 occupations
 0.994  0.001  0.001  0.000  0.002
 0.001  1.001  0.001  0.002 -0.001
 0.001  0.001  1.001 -0.002 -0.001
 0.000  0.002 -0.002  0.994  0.000
 0.002 -0.001 -0.001  0.000  1.001
nsum =  13.7027586
 exit write_ns

     total cpu time spent up to now is     71.74 secs

     total energy              =  -174.45394006 ryd
     estimated scf accuracy    <     0.00092261 ryd

     total magnetization       =     0.00 Bohr mag/cell
     absolute magnetization    =     7.32 Bohr mag/cell

     iteration # 10     ecut=    30.00 ryd     beta=0.30
     Davidson diagonalization with overlap
     ethr =  3.30E-06,  avg # of iterations =  1.0
 enter write_ns
U( 1) =  0.0000      U( 2) =  4.3000      U( 3) =  4.3000
alpha( 1) =  0.0000      alpha( 2) =  0.0000      alpha( 3) =  0.0000
atom  3   Tr[ns(na)]=   6.8612265
atom  3  spin  1
eigenvalues:  0.9937644 0.9937644 1.0015140 1.0015140 1.0027779
 eigenvectors
 1  -0.2213300 -0.1683122  0.2217270  0.9330959  0.0534148
 2   0.9330959 -0.1588532 -0.0663360  0.2213300 -0.2251893
 3  -0.2834517 -0.3924992 -0.3905091 -0.0004159 -0.7830083
 4  -0.0004159  0.6775306 -0.6786796  0.2834517 -0.0011489
 5   0.0000000 -0.5773503 -0.5773503  0.0000000  0.5773503
 occupations
 0.994  0.001  0.001  0.000  0.002
 0.001  1.002  0.001  0.001 -0.001
 0.001  0.001  1.002 -0.001 -0.001
 0.000  0.001 -0.001  0.994  0.000
 0.002 -0.001 -0.001  0.000  1.002
atom  3  spin  2
eigenvalues:  0.2741615 0.2741615 0.4140499 0.4527594 0.4527594
 eigenvectors
 1   0.7973383  0.2710392 -0.0020517  0.4673659  0.2689875
 2  -0.4673659  0.1541155 -0.3117846  0.7973383 -0.1576691
 3   0.0000000  0.5773503  0.5773503  0.0000000 -0.5773503
 4   0.3525820 -0.0973983 -0.5993555 -0.1466516 -0.6967538
 5  -0.1466516  0.7483090 -0.4585039 -0.3525820  0.2898051
 occupations
 0.300 -0.026 -0.026  0.000 -0.051
-0.026  0.422 -0.004 -0.045  0.004
-0.026 -0.004  0.422  0.045  0.004
 0.000 -0.045  0.045  0.300  0.000
-0.051  0.004  0.004  0.000  0.422
atom  4   Tr[ns(na)]=   6.8609039
atom  4  spin  1
eigenvalues:  0.2741507 0.2741507 0.4139941 0.4526371 0.4526371
 eigenvectors
 1   0.8079441  0.2674530  0.0051918  0.4487015  0.2726448
 2  -0.4487015  0.1604090 -0.3118256  0.8079441 -0.1514166
 3   0.0000000  0.5773503  0.5773503  0.0000000 -0.5773503
 4   0.3548079 -0.1084894 -0.5924592 -0.1414375 -0.7009486
 5  -0.1414375  0.7467493 -0.4673293 -0.3548079  0.2794201
 occupations
 0.300 -0.026 -0.026  0.000 -0.051
-0.026  0.422 -0.004 -0.045  0.004
-0.026 -0.004  0.422  0.045  0.004
 0.000 -0.045  0.045  0.300  0.000
-0.051  0.004  0.004  0.000  0.422
atom  4  spin  2
eigenvalues:  0.9937640 0.9937640 1.0015142 1.0015142 1.0027779
 eigenvectors
 1  -0.2181522 -0.1688358  0.2214781  0.9338524  0.0526423
 2   0.9338524 -0.1582635 -0.0670844  0.2181522 -0.2253479
 3  -0.2834202 -0.3878513 -0.3951532  0.0015259 -0.7830045
 4   0.0015259  0.6802096 -0.6759939  0.2834202  0.0042157
 5   0.0000000 -0.5773503 -0.5773503  0.0000000  0.5773503
 occupations
 0.994  0.001  0.001  0.000  0.002
 0.001  1.002  0.001  0.001 -0.001
 0.001  0.001  1.002 -0.001 -0.001
 0.000  0.001 -0.001  0.994  0.000
 0.002 -0.001 -0.001  0.000  1.002
nsum =  13.7221304
 exit write_ns

     total cpu time spent up to now is     78.73 secs

     total energy              =  -174.45370354 ryd
     estimated scf accuracy    <     0.00042622 ryd

     total magnetization       =     0.00 Bohr mag/cell
     absolute magnetization    =     7.31 Bohr mag/cell

     iteration # 11     ecut=    30.00 ryd     beta=0.30
     Davidson diagonalization with overlap
     ethr =  1.52E-06,  avg # of iterations =  1.1
 enter write_ns
U( 1) =  0.0000      U( 2) =  4.3000      U( 3) =  4.3000
alpha( 1) =  0.0000      alpha( 2) =  0.0000      alpha( 3) =  0.0000
atom  3   Tr[ns(na)]=   6.8536653
atom  3  spin  1
eigenvalues:  0.9937693 0.9937693 1.0014948 1.0014948 1.0027338
 eigenvectors
 1  -0.1739520 -0.1788919  0.2216042  0.9417036  0.0427123
 2  -0.9417036  0.1526032  0.0786233 -0.1739520  0.2312265
 3  -0.2879823 -0.3935780 -0.3883219 -0.0011177 -0.7818999
 4  -0.0011177  0.6756279 -0.6786624  0.2879823 -0.0030346
 5   0.0000000  0.5773503  0.5773503  0.0000000 -0.5773503
 occupations
 0.994  0.001  0.001  0.000  0.002
 0.001  1.001  0.001  0.002 -0.001
 0.001  0.001  1.001 -0.002 -0.001
 0.000  0.002 -0.002  0.994  0.000
 0.002 -0.001 -0.001  0.000  1.001
atom  3  spin  2
eigenvalues:  0.2717841 0.2717841 0.4137900 0.4137900 0.4892554
 eigenvectors
 1   0.7927407  0.2996270  0.0086238  0.4320798  0.3082508
 2  -0.4320798  0.1829477 -0.3509584  0.7927407 -0.1680107
 3   0.3896444 -0.0641049 -0.6039376 -0.1817870 -0.6680425
 4   0.1817870 -0.7343780  0.4227055  0.3896444 -0.3116725
 5   0.0000000 -0.5773503 -0.5773503  0.0000000  0.5773503
 occupations
 0.298 -0.023 -0.023  0.000 -0.045
-0.023  0.421  0.034 -0.039 -0.034
-0.023  0.034  0.421  0.039 -0.034
 0.000 -0.039  0.039  0.298  0.000
-0.045 -0.034 -0.034  0.000  0.421
atom  4   Tr[ns(na)]=   6.8565137
atom  4  spin  1
eigenvalues:  0.2719068 0.2719068 0.4148311 0.4148311 0.4897695
 eigenvectors
 1  -0.8213550 -0.2853505 -0.0328344 -0.3763395 -0.3181849
 2   0.3763395 -0.2026611  0.3484513 -0.8213550  0.1457902
 3   0.3885300 -0.0644439 -0.6041843 -0.1810774 -0.6686282
 4   0.1810774 -0.7348587  0.4232393  0.3885300 -0.3116193
 5   0.0000000 -0.5773503 -0.5773503  0.0000000  0.5773503
 occupations
 0.298 -0.023 -0.023  0.000 -0.045
-0.023  0.422  0.034 -0.039 -0.034
-0.023  0.034  0.422  0.039 -0.034
 0.000 -0.039  0.039  0.298  0.000
-0.045 -0.034 -0.034  0.000  0.422
atom  4  spin  2
eigenvalues:  0.9937734 0.9937734 1.0014939 1.0014939 1.0027337
 eigenvectors
 1   0.1886063  0.1766365 -0.2229891 -0.9388048 -0.0463525
 2   0.9388048 -0.1555044 -0.0752195  0.1886063 -0.2307239
