
     Program PWSCF     v.3.2    starts ...
     Today is  8Nov2006 at  5:20: 0 

     Ultrasoft (Vanderbilt) Pseudopotentials

     Current dimensions of program pwscf are:

     ntypx = 10   npk = 40000  lmax =  3
     nchix =  6  ndmx =  2000  nbrx = 14  nqfx =  8
  HUBBARD L FOR TYPE Fe IS            2
  HUBBARD L FOR TYPE Fe IS            2
  MAXIMUM HUBBARD L IS            2


     bravais-lattice index     =            0
     lattice parameter (a_0)   =       8.1900  a.u.
     unit-cell volume          =     274.6766 (a.u.)^3
     number of atoms/cell      =            4
     number of atomic types    =            3
     kinetic-energy cutoff     =      30.0000  Ry
     charge density cutoff     =     240.0000  Ry
     convergence threshold     =      1.0E-06
     beta                      =       0.3000
     number of iterations used =            8  plain     mixing
     Exchange-correlation      =  SLA  PZ   NOGX NOGC (1100)
     celldm(1)=   8.190000  celldm(2)=   0.000000  celldm(3)=   0.000000
     celldm(4)=   0.000000  celldm(5)=   0.000000  celldm(6)=   0.000000

     crystal axes: (cart. coord. in units of a_0)
               a(1) = (  0.500000  0.500000  1.000000 )  
               a(2) = (  0.500000  1.000000  0.500000 )  
               a(3) = (  1.000000  0.500000  0.500000 )  

     reciprocal axes: (cart. coord. in units 2 pi/a_0)
               b(1) = ( -0.500000 -0.500000  1.500000 )  
               b(2) = ( -0.500000  1.500000 -0.500000 )  
               b(3) = (  1.500000 -0.500000 -0.500000 )  


     PSEUDO 1 is O  (US)    zval =  6.0   lmax= 2   lloc= 0
     Version   0  0  0 of US pseudo code
     Using log mesh of  1269 points
     The pseudopotential has  4 beta functions with: 
                l(1) =   0
                l(2) =   0
                l(3) =   1
                l(4) =   1
     Q(r) pseudized with  0 coefficients,  rinner =    0.000   0.000   0.000
                                                       0.000   0.000

     PSEUDO 2 is Fe (US)    zval =  8.0   lmax= 2   lloc= 0
     Version   0  0  0 of US pseudo code
     Using log mesh of   957 points
     The pseudopotential has  6 beta functions with: 
                l(1) =   0
                l(2) =   0
                l(3) =   1
                l(4) =   1
                l(5) =   2
                l(6) =   2
     Q(r) pseudized with  0 coefficients,  rinner =    0.000   0.000   0.000
                                                       0.000   0.000

     PSEUDO 3 is Fe (US)    zval =  8.0   lmax= 2   lloc= 0
     Version   0  0  0 of US pseudo code
     Using log mesh of   957 points
     The pseudopotential has  6 beta functions with: 
                l(1) =   0
                l(2) =   0
                l(3) =   1
                l(4) =   1
                l(5) =   2
                l(6) =   2
     Q(r) pseudized with  0 coefficients,  rinner =    0.000   0.000   0.000
                                                       0.000   0.000

     atomic species   valence    mass     pseudopotential
        O1             6.00     1.00000     O ( 1.00)
        Fe1            8.00     1.00000     Fe( 1.00)
        Fe2            8.00     1.00000     Fe( 1.00)

     Starting magnetic structure 
     atomic species   magnetization
        O1           0.000
        Fe1          0.500
        Fe2         -0.500

     12 Sym.Ops. (with inversion)


   Cartesian axes

     site n.     atom                  positions (a_0 units)
         1           O1  tau(  1) = (   0.5000000   0.5000000   0.5000000  )
         2           O1  tau(  2) = (   1.5000000   1.5000000   1.5000000  )
         3           Fe1 tau(  3) = (   0.0000000   0.0000000   0.0000000  )
         4           Fe2 tau(  4) = (   1.0000000   1.0000000   1.0000000  )

     number of k points=    8  gaussian broad. (Ry)=  0.0100     ngauss =   0
                       cart. coord. in units 2pi/a_0
        k(    1) = (   0.0000000   0.0000000   0.0000000), wk =   0.1250000
        k(    2) = (  -0.7500000   0.2500000   0.2500000), wk =   0.3750000
        k(    3) = (  -0.5000000  -0.5000000   0.5000000), wk =   0.3750000
        k(    4) = (  -0.2500000  -0.2500000  -0.2500000), wk =   0.1250000
        k(    5) = (   0.0000000   0.0000000   0.0000000), wk =   0.1250000
        k(    6) = (  -0.7500000   0.2500000   0.2500000), wk =   0.3750000
        k(    7) = (  -0.5000000  -0.5000000   0.5000000), wk =   0.3750000
        k(    8) = (  -0.2500000  -0.2500000  -0.2500000), wk =   0.1250000

     G cutoff =  407.7738  (  17255 G-vectors)     FFT grid: ( 50, 50, 50)
     G cutoff =  203.8869  (   6111 G-vectors)  smooth grid: ( 36, 36, 36)

     nbndx  =    80  nbnd   =    20  natomwfc =    20  npwx   =     780
     nelec  =  28.00  nkb   =    52  ngl    =     342

     Check: negative/imaginary core charge=   -0.000003    0.000000

     Initial potential from superposition of free atoms

     starting charge   27.99905, renormalised to   28.00000

     Parameters of the lda+U calculation:
     Number of iteration with fixed ns =  0
     Starting ns and Hubbard U :
 enter write_ns
U( 1) =  0.0000      U( 2) =  0.0000      U( 3) =  0.0000
alpha( 1) =  0.0000      alpha( 2) =  0.0000      alpha( 3) =  0.0000
atom  3   Tr[ns(na)]=   6.0000000
atom  3  spin  1
eigenvalues:  1.0000000 1.0000000 1.0000000 1.0000000 1.0000000
 eigenvectors
 1   1.0000000  0.0000000  0.0000000  0.0000000  0.0000000
 2   0.0000000  1.0000000  0.0000000  0.0000000  0.0000000
 3   0.0000000  0.0000000  1.0000000  0.0000000  0.0000000
 4   0.0000000  0.0000000  0.0000000  1.0000000  0.0000000
 5   0.0000000  0.0000000  0.0000000  0.0000000  1.0000000
 occupations
 1.000  0.000  0.000  0.000  0.000
 0.000  1.000  0.000  0.000  0.000
 0.000  0.000  1.000  0.000  0.000
 0.000  0.000  0.000  1.000  0.000
 0.000  0.000  0.000  0.000  1.000
atom  3  spin  2
eigenvalues:  0.2000000 0.2000000 0.2000000 0.2000000 0.2000000
 eigenvectors
 1   1.0000000  0.0000000  0.0000000  0.0000000  0.0000000
 2   0.0000000  1.0000000  0.0000000  0.0000000  0.0000000
 3   0.0000000  0.0000000  1.0000000  0.0000000  0.0000000
 4   0.0000000  0.0000000  0.0000000  1.0000000  0.0000000
 5   0.0000000  0.0000000  0.0000000  0.0000000  1.0000000
 occupations
 0.200  0.000  0.000  0.000  0.000
 0.000  0.200  0.000  0.000  0.000
 0.000  0.000  0.200  0.000  0.000
 0.000  0.000  0.000  0.200  0.000
 0.000  0.000  0.000  0.000  0.200
atom  4   Tr[ns(na)]=   6.0000000
atom  4  spin  1
eigenvalues:  0.2000000 0.2000000 0.2000000 0.2000000 0.2000000
 eigenvectors
 1   1.0000000  0.0000000  0.0000000  0.0000000  0.0000000
 2   0.0000000  1.0000000  0.0000000  0.0000000  0.0000000
 3   0.0000000  0.0000000  1.0000000  0.0000000  0.0000000
 4   0.0000000  0.0000000  0.0000000  1.0000000  0.0000000
 5   0.0000000  0.0000000  0.0000000  0.0000000  1.0000000
 occupations
 0.200  0.000  0.000  0.000  0.000
 0.000  0.200  0.000  0.000  0.000
 0.000  0.000  0.200  0.000  0.000
 0.000  0.000  0.000  0.200  0.000
 0.000  0.000  0.000  0.000  0.200
atom  4  spin  2
eigenvalues:  1.0000000 1.0000000 1.0000000 1.0000000 1.0000000
 eigenvectors
 1   1.0000000  0.0000000  0.0000000  0.0000000  0.0000000
 2   0.0000000  1.0000000  0.0000000  0.0000000  0.0000000
 3   0.0000000  0.0000000  1.0000000  0.0000000  0.0000000
 4   0.0000000  0.0000000  0.0000000  1.0000000  0.0000000
 5   0.0000000  0.0000000  0.0000000  0.0000000  1.0000000
 occupations
 1.000  0.000  0.000  0.000  0.000
 0.000  1.000  0.000  0.000  0.000
 0.000  0.000  1.000  0.000  0.000
 0.000  0.000  0.000  1.000  0.000
 0.000  0.000  0.000  0.000  1.000
nsum =  12.0000000
 exit write_ns
 Atomic wfc used for LDA+U Projector are NOT orthogonalized
     Starting wfc are atomic

     total cpu time spent up to now is      7.97 secs

     Self-consistent Calculation

     iteration #  1     ecut=    30.00 Ry     beta=0.30
     Davidson diagonalization with overlap
     ethr =  1.00E-02,  avg # of iterations =  3.2
 enter write_ns
U( 1) =  0.0000      U( 2) =  0.0000      U( 3) =  0.0000
alpha( 1) =  0.0000      alpha( 2) =  0.0000      alpha( 3) =  0.0000
atom  3   Tr[ns(na)]=   6.4251862
atom  3  spin  1
eigenvalues:  0.9871648 0.9871648 0.9966670 0.9966670 0.9980445
 eigenvectors
 1  -0.3204529 -0.1546680  0.2345913  0.9010921  0.0799233
 2   0.9010921 -0.1815851 -0.0431539  0.3204529 -0.2247390
 3  -0.2920649 -0.4051905 -0.3754998 -0.0064130 -0.7806904
 4  -0.0064130  0.6675267 -0.6846687  0.2920649 -0.0171419
 5   0.0000000 -0.5773503 -0.5773503  0.0000000  0.5773503
 occupations
 0.988  0.001  0.001  0.000  0.002
 0.001  0.997  0.001  0.002 -0.001
 0.001  0.001  0.997 -0.002 -0.001
 0.000  0.002 -0.002  0.988  0.000
 0.002 -0.001 -0.001  0.000  0.997
atom  3  spin  2
eigenvalues:  0.2000722 0.2000722 0.3336994 0.3336994 0.3919349
 eigenvectors
 1  -0.5653403 -0.0583060  0.0251550 -0.8217414 -0.0331511
 2  -0.8217414  0.0046166 -0.0528028  0.5653403 -0.0481862
 3  -0.0709198  0.3038344  0.5024511  0.0100863  0.8062855
 4   0.0100863 -0.7555994  0.6409280  0.0709198 -0.1146714
 5   0.0000000 -0.5773503 -0.5773503  0.0000000  0.5773503
 occupations
 0.201 -0.004 -0.004  0.000 -0.008
-0.004  0.353  0.020 -0.007 -0.020
-0.004  0.020  0.353  0.007 -0.020
 0.000 -0.007  0.007  0.201  0.000
-0.008 -0.020 -0.020  0.000  0.353
atom  4   Tr[ns(na)]=   6.4251862
atom  4  spin  1
eigenvalues:  0.2000722 0.2000722 0.3336994 0.3336994 0.3919349
 eigenvectors
 1  -0.6226624 -0.0578265  0.0213142 -0.7792048 -0.0365124
 2  -0.7792048  0.0087747 -0.0544666  0.6226624 -0.0456919
 3  -0.0709154  0.3034989  0.5027356  0.0101178  0.8062345
 4   0.0101178 -0.7557342  0.6407048  0.0709154 -0.1150294
 5   0.0000000 -0.5773503 -0.5773503  0.0000000  0.5773503
 occupations
 0.201 -0.004 -0.004  0.000 -0.008
-0.004  0.353  0.020 -0.007 -0.020
-0.004  0.020  0.353  0.007 -0.020
 0.000 -0.007  0.007  0.201  0.000
-0.008 -0.020 -0.020  0.000  0.353
atom  4  spin  2
eigenvalues:  0.9871648 0.9871648 0.9966670 0.9966670 0.9980445
 eigenvectors
 1  -0.2507651 -0.1680722  0.2306148  0.9229159  0.0625427
 2   0.9229159 -0.1692545 -0.0609275  0.2507651 -0.2301820
 3  -0.2921018 -0.4006328 -0.3801562 -0.0044228 -0.7807891
 4  -0.0044228  0.6702721 -0.6820942  0.2921018 -0.0118221
 5   0.0000000 -0.5773503 -0.5773503  0.0000000  0.5773503
 occupations
 0.988  0.001  0.001  0.000  0.002
 0.001  0.997  0.001  0.002 -0.001
 0.001  0.001  0.997 -0.002 -0.001
 0.000  0.002 -0.002  0.988  0.000
 0.002 -0.001 -0.001  0.000  0.997
nsum =  12.8503725
 exit write_ns

     total cpu time spent up to now is     16.12 secs

     total energy              =  -174.41116749 Ry
     Harris-Foulkes estimate   =  -175.24062365 Ry
     estimated scf accuracy    <     1.83910576 Ry

     total magnetization       =     0.00 Bohr mag/cell
     absolute magnetization    =     7.80 Bohr mag/cell

     iteration #  2     ecut=    30.00 Ry     beta=0.30
     Davidson diagonalization with overlap
     ethr =  6.57E-03,  avg # of iterations =  2.0
 enter write_ns
U( 1) =  0.0000      U( 2) =  0.0000      U( 3) =  0.0000
alpha( 1) =  0.0000      alpha( 2) =  0.0000      alpha( 3) =  0.0000
atom  3   Tr[ns(na)]=   7.0687930
atom  3  spin  1
eigenvalues:  0.9820319 0.9820319 0.9992047 0.9992047 0.9994259
 eigenvectors
 1   0.1262377 -0.0794093  0.0684817  0.9863818 -0.0109276
 2   0.9863818 -0.0332289 -0.0521560 -0.1262377 -0.0853849
 3   0.1053155  0.3731161  0.4379664 -0.0048616  0.8110825
 4   0.0048616  0.7211387 -0.6836974  0.1053155  0.0374414
 5   0.0000000 -0.5773503 -0.5773503  0.0000000  0.5773503
 occupations
 0.982  0.001  0.001  0.000  0.001
 0.001  0.999  0.000  0.001  0.000
 0.001  0.000  0.999 -0.001  0.000
 0.000  0.001 -0.001  0.982  0.000
 0.001  0.000  0.000  0.000  0.999
atom  3  spin  2
eigenvalues:  0.3618358 0.3618358 0.4568035 0.4568035 0.4696153
 eigenvectors
 1   0.7408888  0.3734012  0.1280532  0.2092876  0.5014544
 2   0.2092876 -0.3634464  0.5050981 -0.7408888  0.1416517
 3  -0.5296876 -0.0427819  0.5645171  0.3559685  0.5217352
 4   0.3559685 -0.6271481  0.2765238  0.5296876 -0.3506242
 5   0.0000000 -0.5773503 -0.5773503  0.0000000  0.5773503
 occupations
 0.401 -0.019 -0.019  0.000 -0.038
-0.019  0.435  0.017 -0.033 -0.017
-0.019  0.017  0.435  0.033 -0.017
 0.000 -0.033  0.033  0.401  0.000
-0.038 -0.017 -0.017  0.000  0.435
atom  4   Tr[ns(na)]=   7.0687930
atom  4  spin  1
eigenvalues:  0.3618358 0.3618358 0.4568035 0.4568035 0.4696153
 eigenvectors
 1   0.7370478  0.3798086  0.1190460  0.2224366  0.4988547
 2   0.2224366 -0.3567451  0.5072965 -0.7370478  0.1505514
 3  -0.5239466 -0.0527724  0.5688528  0.3643659  0.5160804
 4   0.3643659 -0.6263865  0.2674910  0.5239466 -0.3588955
 5   0.0000000 -0.5773503 -0.5773503  0.0000000  0.5773503
 occupations
 0.401 -0.019 -0.019  0.000 -0.038
-0.019  0.435  0.017 -0.033 -0.017
-0.019  0.017  0.435  0.033 -0.017
 0.000 -0.033  0.033  0.401  0.000
-0.038 -0.017 -0.017  0.000  0.435
atom  4  spin  2
eigenvalues:  0.9820319 0.9820319 0.9992047 0.9992047 0.9994259
 eigenvectors
 1   0.0371897 -0.0761061  0.0728868  0.9937313 -0.0032193
 2   0.9937313 -0.0402226 -0.0457985 -0.0371897 -0.0860211
 3   0.1052758  0.3676553  0.4431210 -0.0056574  0.8107764
 4  -0.0056574 -0.7239380  0.6803678 -0.1052758 -0.0435702
 5   0.0000000 -0.5773503 -0.5773503  0.0000000  0.5773503
 occupations
 0.982  0.001  0.001  0.000  0.001
 0.001  0.999  0.000  0.001  0.000
 0.001  0.000  0.999 -0.001  0.000
 0.000  0.001 -0.001  0.982  0.000
 0.001  0.000  0.000  0.000  0.999
nsum =  14.1375860
 exit write_ns

     total cpu time spent up to now is     24.23 secs

     total energy              =  -174.80132266 Ry
     Harris-Foulkes estimate   =  -174.82982858 Ry
     estimated scf accuracy    <     0.10916791 Ry

     total magnetization       =     0.00 Bohr mag/cell
     absolute magnetization    =     6.81 Bohr mag/cell

     iteration #  3     ecut=    30.00 Ry     beta=0.30
     Davidson diagonalization with overlap
     ethr =  3.90E-04,  avg # of iterations =  2.0
 enter write_ns
U( 1) =  0.0000      U( 2) =  0.0000      U( 3) =  0.0000
alpha( 1) =  0.0000      alpha( 2) =  0.0000      alpha( 3) =  0.0000
atom  3   Tr[ns(na)]=   6.9350768
atom  3  spin  1
eigenvalues:  0.9835257 0.9835257 0.9994319 0.9994319 0.9997363
 eigenvectors
 1   0.0972319  0.0820104 -0.0918959 -0.9875615 -0.0098855
 2   0.9875615 -0.0587636 -0.0416413  0.0972319 -0.1004049
 3   0.1234346  0.3724726  0.4369121 -0.0056738  0.8093847
 4  -0.0056738 -0.7195498  0.6823457 -0.1234346 -0.0372042
 5   0.0000000 -0.5773503 -0.5773503  0.0000000  0.5773503
 occupations
 0.984  0.001  0.001  0.000  0.002
 0.001  0.999  0.000  0.001  0.000
 0.001  0.000  0.999 -0.001  0.000
 0.000  0.001 -0.001  0.984  0.000
 0.002  0.000  0.000  0.000  0.999
atom  3  spin  2
eigenvalues:  0.3303616 0.3303616 0.4289372 0.4289372 0.4508279
 eigenvectors
 1   0.8246655  0.2723716  0.0251089  0.3957468  0.2974805
 2  -0.3957468  0.1862470 -0.3290042  0.8246655 -0.1427572
 3  -0.3791410  0.1264847  0.5742100  0.1398695  0.7006947
 4  -0.1398695  0.7360666 -0.4775723 -0.3791410  0.2584943
 5   0.0000000 -0.5773503 -0.5773503  0.0000000  0.5773503
 occupations
 0.346 -0.015 -0.015  0.000 -0.030
-0.015  0.426  0.013 -0.026 -0.013
-0.015  0.013  0.426  0.026 -0.013
 0.000 -0.026  0.026  0.346  0.000
-0.030 -0.013 -0.013  0.000  0.426
atom  4   Tr[ns(na)]=   6.9350768
atom  4  spin  1
eigenvalues:  0.3303616 0.3303616 0.4289372 0.4289372 0.4508279
 eigenvectors
 1   0.8404446  0.2643715  0.0388009  0.3610283  0.3031725
 2  -0.3610283  0.1974384 -0.3276717  0.8404446 -0.1302333
 3  -0.3814267  0.1387743  0.5661446  0.1335105  0.7049189
 4  -0.1335105  0.7338488 -0.4871065 -0.3814267  0.2467423
 5   0.0000000 -0.5773503 -0.5773503  0.0000000  0.5773503
 occupations
 0.346 -0.015 -0.015  0.000 -0.030
-0.015  0.426  0.013 -0.026 -0.013
-0.015  0.013  0.426  0.026 -0.013
 0.000 -0.026  0.026  0.346  0.000
-0.030 -0.013 -0.013  0.000  0.426
atom  4  spin  2
eigenvalues:  0.9835257 0.9835257 0.9994319 0.9994319 0.9997363
 eigenvectors
 1   0.0956814 -0.0918305  0.0821026  0.9877129 -0.0097279
 2   0.9877129 -0.0417855 -0.0586347 -0.0956814 -0.1004203
 3   0.1234337  0.3723551  0.4370236 -0.0056940  0.8093786
 4   0.0056940  0.7196107 -0.6822743  0.1234337  0.0373364
 5   0.0000000 -0.5773503 -0.5773503  0.0000000  0.5773503
 occupations
 0.984  0.001  0.001  0.000  0.002
 0.001  0.999  0.000  0.001  0.000
 0.001  0.000  0.999 -0.001  0.000
 0.000  0.001 -0.001  0.984  0.000
 0.002  0.000  0.000  0.000  0.999
nsum =  13.8701537
 exit write_ns

     total cpu time spent up to now is     32.28 secs

     total energy              =  -174.82215071 Ry
     Harris-Foulkes estimate   =  -174.81940173 Ry
     estimated scf accuracy    <     0.01926277 Ry

     total magnetization       =     0.00 Bohr mag/cell
     absolute magnetization    =     7.04 Bohr mag/cell

     iteration #  4     ecut=    30.00 Ry     beta=0.30
     Davidson diagonalization with overlap
     ethr =  6.88E-05,  avg # of iterations =  1.8
 enter write_ns
U( 1) =  0.0000      U( 2) =  0.0000      U( 3) =  0.0000
alpha( 1) =  0.0000      alpha( 2) =  0.0000      alpha( 3) =  0.0000
atom  3   Tr[ns(na)]=   6.9529134
atom  3  spin  1
eigenvalues:  0.9850293 0.9850293 0.9995017 0.9995017 0.9997975
 eigenvectors
 1  -0.0247121 -0.0996106  0.1025254  0.9894175  0.0029148
 2   0.9894175 -0.0608760 -0.0558273  0.0247121 -0.1167033
 3   0.1429069  0.3820513  0.4256643 -0.0044550  0.8077156
 4  -0.0044550 -0.7120922  0.6869122 -0.1429069 -0.0251800
 5   0.0000000 -0.5773503 -0.5773503  0.0000000  0.5773503
 occupations
 0.985  0.001  0.001  0.000  0.002
 0.001  0.999  0.000  0.001  0.000
 0.001  0.000  0.999 -0.001  0.000
 0.000  0.001 -0.001  0.985  0.000
 0.002  0.000  0.000  0.000  0.999
atom  3  spin  2
eigenvalues:  0.3363624 0.3363624 0.4214616 0.4449338 0.4449338
 eigenvectors
 1   0.8394792  0.2418472  0.0203578  0.4094126  0.2622050
 2  -0.4094126  0.1631377 -0.2910147  0.8394792 -0.1278769
 3   0.0000000  0.5773503  0.5773503  0.0000000 -0.5773503
 4   0.3393392 -0.1554412 -0.5688477 -0.1118250 -0.7242889
 5  -0.1118250  0.7465927 -0.5079124 -0.3393392  0.2386803
 occupations
 0.350 -0.015 -0.015  0.000 -0.030
-0.015  0.428 -0.003 -0.026  0.003
-0.015 -0.003  0.428  0.026  0.003
 0.000 -0.026  0.026  0.350  0.000
-0.030  0.003  0.003  0.000  0.428
atom  4   Tr[ns(na)]=   6.9529134
atom  4  spin  1
eigenvalues:  0.3363624 0.3363624 0.4214616 0.4449338 0.4449338
 eigenvectors
 1   0.8394260  0.2418684  0.0203200  0.4095218  0.2621884
 2  -0.4095218  0.1631063 -0.2910173  0.8394260 -0.1279110
 3   0.0000000  0.5773503  0.5773503  0.0000000 -0.5773503
 4   0.3404021 -0.1626356 -0.5639219 -0.1085465 -0.7265575
 5  -0.1085465  0.7450586 -0.5133759 -0.3404021  0.2316828
 occupations
 0.350 -0.015 -0.015  0.000 -0.030
-0.015  0.428 -0.003 -0.026  0.003
-0.015 -0.003  0.428  0.026  0.003
 0.000 -0.026  0.026  0.350  0.000
-0.030  0.003  0.003  0.000  0.428
atom  4  spin  2
eigenvalues:  0.9850293 0.9850293 0.9995017 0.9995017 0.9997975
 eigenvectors
 1   0.0566358  0.0975937 -0.1042740 -0.9881043 -0.0066803
 2   0.9881043 -0.0640595 -0.0524889  0.0566358 -0.1165484
 3   0.1428947  0.3801822  0.4274645 -0.0048298  0.8076468
 4  -0.0048298 -0.7130919  0.6857934 -0.1428947 -0.0272985
 5   0.0000000 -0.5773503 -0.5773503  0.0000000  0.5773503
 occupations
 0.985  0.001  0.001  0.000  0.002
 0.001  0.999  0.000  0.001  0.000
 0.001  0.000  0.999 -0.001  0.000
 0.000  0.001 -0.001  0.985  0.000
 0.002  0.000  0.000  0.000  0.999
nsum =  13.9058269
 exit write_ns

     total cpu time spent up to now is     40.03 secs

     total energy              =  -174.82396919 Ry
     Harris-Foulkes estimate   =  -174.82416263 Ry
     estimated scf accuracy    <     0.00166596 Ry

     total magnetization       =     0.00 Bohr mag/cell
     absolute magnetization    =     7.05 Bohr mag/cell

     iteration #  5     ecut=    30.00 Ry     beta=0.30
     Davidson diagonalization with overlap
     ethr =  5.95E-06,  avg # of iterations =  2.8
 enter write_ns
U( 1) =  0.0000      U( 2) =  0.0000      U( 3) =  0.0000
alpha( 1) =  0.0000      alpha( 2) =  0.0000      alpha( 3) =  0.0000
atom  3   Tr[ns(na)]=   6.9362947
atom  3  spin  1
eigenvalues:  0.9853496 0.9853496 0.9995282 0.9995282 0.9999360
 eigenvectors
 1   0.0113630 -0.1005506  0.0992266  0.9899054 -0.0013240
 2  -0.9899054  0.0565241  0.0588173  0.0113630  0.1153415
 3   0.1411397  0.3733457  0.4341981 -0.0061404  0.8075438
 4  -0.0061404 -0.7169200  0.6817868 -0.1411397 -0.0351331
 5   0.0000000 -0.5773503 -0.5773503  0.0000000  0.5773503
 occupations
 0.986  0.001  0.001  0.000  0.002
 0.001  0.999  0.000  0.001  0.000
 0.001  0.000  0.999 -0.001  0.000
 0.000  0.001 -0.001  0.986  0.000
 0.002  0.000  0.000  0.000  0.999
atom  3  spin  2
eigenvalues:  0.3301177 0.3301177 0.4284854 0.4389412 0.4389412
 eigenvectors
 1   0.8310447  0.2436389  0.0137823  0.4284264  0.2574213
 2   0.4284264 -0.1565795  0.2892872 -0.8310447  0.1327078
 3   0.0000000  0.5773503  0.5773503  0.0000000 -0.5773503
 4   0.3369098 -0.1557770 -0.5693304 -0.1109385 -0.7251074
 5   0.1109385 -0.7473440  0.5085789  0.3369098 -0.2387652
 occupations
 0.344 -0.015 -0.015  0.000 -0.029
-0.015  0.426  0.001 -0.026 -0.001
-0.015  0.001  0.426  0.026 -0.001
 0.000 -0.026  0.026  0.344  0.000
-0.029 -0.001 -0.001  0.000  0.426
atom  4   Tr[ns(na)]=   6.9362947
atom  4  spin  1
eigenvalues:  0.3301177 0.3301177 0.4284854 0.4389412 0.4389412
 eigenvectors
 1   0.8593745  0.2319027  0.0342939  0.3683204  0.2661966
 2   0.3683204 -0.1734883  0.2875778 -0.8593745  0.1140895
 3   0.0000000  0.5773503  0.5773503  0.0000000 -0.5773503
 4   0.3352930 -0.1451004 -0.5765273 -0.1157332 -0.7216277
 5   0.1157332 -0.7494901  0.5004057  0.3352930 -0.2490844
 occupations
 0.344 -0.015 -0.015  0.000 -0.029
-0.015  0.426  0.001 -0.026 -0.001
-0.015  0.001  0.426  0.026 -0.001
 0.000 -0.026  0.026  0.344  0.000
-0.029 -0.001 -0.001  0.000  0.426
atom  4  spin  2
eigenvalues:  0.9853496 0.9853496 0.9995282 0.9995282 0.9999360
 eigenvectors
 1   0.0155372 -0.1007881  0.0989777  0.9898487 -0.0018104
 2  -0.9898487  0.0560996  0.0592352  0.0155372  0.1153349
 3   0.1410857  0.3675686  0.4396665 -0.0072752  0.8072351
 4  -0.0072752 -0.7198990  0.6782733 -0.1410857 -0.0416257
 5   0.0000000 -0.5773503 -0.5773503  0.0000000  0.5773503
 occupations
 0.986  0.001  0.001  0.000  0.002
 0.001  0.999  0.000  0.001  0.000
 0.001  0.000  0.999 -0.001  0.000
 0.000  0.001 -0.001  0.986  0.000
 0.002  0.000  0.000  0.000  0.999
nsum =  13.8725894
 exit write_ns

     total cpu time spent up to now is     48.76 secs

     total energy              =  -174.82455719 Ry
     Harris-Foulkes estimate   =  -174.82440480 Ry
     estimated scf accuracy    <     0.00042692 Ry

     total magnetization       =     0.00 Bohr mag/cell
     absolute magnetization    =     7.08 Bohr mag/cell

     iteration #  6     ecut=    30.00 Ry     beta=0.30
     Davidson diagonalization with overlap
     ethr =  1.52E-06,  avg # of iterations =  2.0
 enter write_ns
U( 1) =  0.0000      U( 2) =  0.0000      U( 3) =  0.0000
alpha( 1) =  0.0000      alpha( 2) =  0.0000      alpha( 3) =  0.0000
atom  3   Tr[ns(na)]=   6.9410784
atom  3  spin  1
eigenvalues:  0.9855445 0.9855445 0.9995114 0.9995114 0.9999556
 eigenvectors
 1   0.1734987 -0.1088515  0.0885609  0.9745742 -0.0202906
 2   0.9745742 -0.0394159 -0.0745603 -0.1734987 -0.1139761
 3  -0.1416766 -0.3762551 -0.4313661  0.0055817 -0.8076212
 4   0.0055817  0.7153296 -0.6835113  0.1416766  0.0318183
 5   0.0000000 -0.5773503 -0.5773503  0.0000000  0.5773503
 occupations
 0.986  0.001  0.001  0.000  0.002
 0.001  0.999  0.000  0.001  0.000
 0.001  0.000  0.999 -0.001  0.000
 0.000  0.001 -0.001  0.986  0.000
 0.002  0.000  0.000  0.000  0.999
atom  3  spin  2
eigenvalues:  0.3307659 0.3307659 0.4308235 0.4393278 0.4393278
 eigenvectors
 1  -0.8557679 -0.2401223 -0.0365745 -0.3634609 -0.2766968
 2  -0.3634609  0.1808673 -0.2983857  0.8557679 -0.1175184
 3   0.0000000  0.5773503  0.5773503  0.0000000 -0.5773503
 4   0.3497039 -0.1548660 -0.5661768 -0.1151725 -0.7210428
 5   0.1151725 -0.7431766  0.5057062  0.3497039 -0.2374704
 occupations
 0.345 -0.015 -0.015  0.000 -0.030
-0.015  0.427  0.002 -0.026 -0.002
-0.015  0.002  0.427  0.026 -0.002
 0.000 -0.026  0.026  0.345  0.000
-0.030 -0.002 -0.002  0.000  0.427
atom  4   Tr[ns(na)]=   6.9410784
atom  4  spin  1
eigenvalues:  0.3307659 0.3307659 0.4308235 0.4393278 0.4393278
 eigenvectors
 1  -0.8270680 -0.2526405 -0.0147768 -0.4247363 -0.2674173
 2  -0.4247363  0.1629248 -0.3002555  0.8270680 -0.1373307
 3   0.0000000  0.5773503  0.5773503  0.0000000 -0.5773503
 4   0.3494191 -0.1530342 -0.5674213 -0.1160340 -0.7204555
 5   0.1160340 -0.7435560  0.5043095  0.3494191 -0.2392465
 occupations
 0.345 -0.015 -0.015  0.000 -0.030
-0.015  0.427  0.002 -0.026 -0.002
-0.015  0.002  0.427  0.026 -0.002
 0.000 -0.026  0.026  0.345  0.000
-0.030 -0.002 -0.002  0.000  0.427
atom  4  spin  2
eigenvalues:  0.9855445 0.9855445 0.9995114 0.9995114 0.9999556
 eigenvectors
 1   0.1363110 -0.1072739  0.0913323  0.9804672 -0.0159415
 2   0.9804672 -0.0435269 -0.0711384 -0.1363110 -0.1146653
 3  -0.1417016 -0.3796691 -0.4280949  0.0049046 -0.8077640
 4   0.0049046  0.7135235 -0.6855648  0.1417016  0.0279586
 5   0.0000000 -0.5773503 -0.5773503  0.0000000  0.5773503
 occupations
 0.986  0.001  0.001  0.000  0.002
 0.001  0.999  0.000  0.001  0.000
 0.001  0.000  0.999 -0.001  0.000
 0.000  0.001 -0.001  0.986  0.000
 0.002  0.000  0.000  0.000  0.999
nsum =  13.8821567
 exit write_ns

     total cpu time spent up to now is     56.90 secs

     total energy              =  -174.82463763 Ry
     Harris-Foulkes estimate   =  -174.82463501 Ry
     estimated scf accuracy    <     0.00003529 Ry

     total magnetization       =     0.00 Bohr mag/cell
     absolute magnetization    =     7.08 Bohr mag/cell

     iteration #  7     ecut=    30.00 Ry     beta=0.30
     Davidson diagonalization with overlap
     ethr =  1.26E-07,  avg # of iterations =  3.2
 enter write_ns
U( 1) =  0.0000      U( 2) =  0.0000      U( 3) =  0.0000
alpha( 1) =  0.0000      alpha( 2) =  0.0000      alpha( 3) =  0.0000
atom  3   Tr[ns(na)]=   6.9370164
atom  3  spin  1
eigenvalues:  0.9856189 0.9856189 0.9995056 0.9995056 0.9999715
 eigenvectors
 1   0.0476988 -0.1033814  0.0977781  0.9886583 -0.0056033
 2  -0.9886583  0.0532172  0.0629223  0.0476988  0.1161395
 3   0.1422647  0.3724389  0.4349304 -0.0063575  0.8073693
 4  -0.0063575 -0.7172421  0.6811626 -0.1422647 -0.0360795
 5   0.0000000 -0.5773503 -0.5773503  0.0000000  0.5773503
 occupations
 0.986  0.001  0.001  0.000  0.002
 0.001  0.999  0.000  0.001  0.000
 0.001  0.000  0.999 -0.001  0.000
 0.000  0.001 -0.001  0.986  0.000
 0.002  0.000  0.000  0.000  0.999
atom  3  spin  2
eigenvalues:  0.3294719 0.3294719 0.4306837 0.4385842 0.4385842
 eigenvectors
 1  -0.8303761 -0.2488335 -0.0157788 -0.4222425 -0.2646123
 2  -0.4222425  0.1618839 -0.2964381  0.8303761 -0.1345542
 3   0.0000000  0.5773503  0.5773503  0.0000000 -0.5773503
 4   0.3435413 -0.1437139 -0.5749942 -0.1190215 -0.7187080
 5   0.1190215 -0.7469193  0.4979195  0.3435413 -0.2489998
 occupations
 0.344 -0.015 -0.015  0.000 -0.030
-0.015  0.426  0.002 -0.026 -0.002
-0.015  0.002  0.426  0.026 -0.002
 0.000 -0.026  0.026  0.344  0.000
-0.030 -0.002 -0.002  0.000  0.426
atom  4   Tr[ns(na)]=   6.9370167
atom  4  spin  1
eigenvalues:  0.3294719 0.3294719 0.4306837 0.4385843 0.4385843
 eigenvectors
 1   0.8530808  0.2392076  0.0326398  0.3742545  0.2718475
 2   0.3742545 -0.1757958  0.2950578 -0.8530808  0.1192620
 3   0.0000000  0.5773503  0.5773503  0.0000000 -0.5773503
 4   0.3452711 -0.1547913 -0.5675356 -0.1139060 -0.7223270
 5   0.1139060 -0.7447025  0.5064045  0.3452711 -0.2382980
 occupations
 0.344 -0.015 -0.015  0.000 -0.030
-0.015  0.426  0.002 -0.026 -0.002
-0.015  0.002  0.426  0.026 -0.002
 0.000 -0.026  0.026  0.344  0.000
-0.030 -0.002 -0.002  0.000  0.426
atom  4  spin  2
eigenvalues:  0.9856189 0.9856189 0.9995056 0.9995056 0.9999715
 eigenvectors
 1   0.0552664  0.0972935 -0.1037858 -0.9882641 -0.0064922
 2   0.9882641 -0.0636690 -0.0524241  0.0552664 -0.1160932
 3  -0.1423216 -0.3796486 -0.4280433  0.0049234 -0.8076919
 4  -0.0049234 -0.7134520  0.6855114 -0.1423216 -0.0279407
 5   0.0000000 -0.5773503 -0.5773503  0.0000000  0.5773503
 occupations
 0.986  0.001  0.001  0.000  0.002
 0.001  0.999  0.000  0.001  0.000
 0.001  0.000  0.999 -0.001  0.000
 0.000  0.001 -0.001  0.986  0.000
 0.002  0.000  0.000  0.000  0.999
nsum =  13.8740331
 exit write_ns

     total cpu time spent up to now is     66.16 secs

     total energy              =  -174.82465013 Ry
     Harris-Foulkes estimate   =  -174.82465973 Ry
     estimated scf accuracy    <     0.00003565 Ry

     total magnetization       =     0.00 Bohr mag/cell
     absolute magnetization    =     7.09 Bohr mag/cell

     iteration #  8     ecut=    30.00 Ry     beta=0.30
     Davidson diagonalization with overlap
     ethr =  1.26E-07,  avg # of iterations =  3.5
 enter write_ns
U( 1) =  0.0000      U( 2) =  0.0000      U( 3) =  0.0000
alpha( 1) =  0.0000      alpha( 2) =  0.0000      alpha( 3) =  0.0000
atom  3   Tr[ns(na)]=   6.9393409
atom  3  spin  1
eigenvalues:  0.9856256 0.9856256 0.9995006 0.9995006 0.9999692
 eigenvectors
 1   0.0716479  0.0961959 -0.1046100 -0.9872178 -0.0084141
 2   0.9872178 -0.0652545 -0.0506809  0.0716479 -0.1159353
 3  -0.1422995 -0.3827318 -0.4250782  0.0043068 -0.8078101
 4  -0.0043068 -0.7118084  0.6873597 -0.1422995 -0.0244487
 5   0.0000000 -0.5773503 -0.5773503  0.0000000  0.5773503
 occupations
 0.986  0.001  0.001  0.000  0.002
 0.001  0.999  0.000  0.001  0.000
 0.001  0.000  0.999 -0.001  0.000
 0.000  0.001 -0.001  0.986  0.000
 0.002  0.000  0.000  0.000  0.999
atom  3  spin  2
eigenvalues:  0.3301215 0.3301215 0.4307611 0.4390576 0.4390576
 eigenvectors
 1   0.8711110  0.2312680  0.0491958  0.3264975  0.2804638
 2   0.3264975 -0.1903290  0.2954485 -0.8711110  0.1051195
 3   0.0000000  0.5773503  0.5773503  0.0000000 -0.5773503
 4   0.3464035 -0.1421875 -0.5750908 -0.1207049 -0.7172783
 5   0.1207049 -0.7461497  0.4962129  0.3464035 -0.2499368
 occupations
 0.345 -0.015 -0.015  0.000 -0.030
-0.015  0.427  0.002 -0.026 -0.002
-0.015  0.002  0.427  0.026 -0.002
 0.000 -0.026  0.026  0.345  0.000
-0.030 -0.002 -0.002  0.000  0.427
atom  4   Tr[ns(na)]=   6.9393384
atom  4  spin  1
eigenvalues:  0.3301213 0.3301213 0.4307607 0.4390567 0.4390567
 eigenvectors
 1   0.8467959  0.2437195  0.0289168  0.3851893  0.2726363
 2   0.3851893 -0.1741017  0.2981181 -0.8467959  0.1240164
 3   0.0000000  0.5773503  0.5773503  0.0000000 -0.5773503
 4   0.3487740 -0.1572429 -0.5649414 -0.1136775 -0.7221842
 5   0.1136775 -0.7431223  0.5077375  0.3487740 -0.2353848
 occupations
 0.345 -0.015 -0.015  0.000 -0.030
-0.015  0.427  0.002 -0.026 -0.002
-0.015  0.002  0.427  0.026 -0.002
 0.000 -0.026  0.026  0.345  0.000
-0.030 -0.002 -0.002  0.000  0.427
atom  4  spin  2
eigenvalues:  0.9856256 0.9856256 0.9995007 0.9995007 0.9999692
 eigenvectors
 1   0.1258816  0.0924580 -0.1072410 -0.9817771 -0.0147831
 2   0.9817771 -0.0704506 -0.0448456  0.1258816 -0.1152963
 3  -0.1422094 -0.3709855 -0.4363139  0.0066441 -0.8072994
 4  -0.0066441 -0.7180005  0.6802831 -0.1422094 -0.0377173
 5   0.0000000 -0.5773503 -0.5773503  0.0000000  0.5773503
 occupations
 0.986  0.001  0.001  0.000  0.002
 0.001  0.999  0.000  0.001  0.000
 0.001  0.000  0.999 -0.001  0.000
 0.000  0.001 -0.001  0.986  0.000
 0.002  0.000  0.000  0.000  0.999
nsum =  13.8786793
 exit write_ns

     total cpu time spent up to now is     74.47 secs

     total energy              =  -174.82465723 Ry
     Harris-Foulkes estimate   =  -174.82465697 Ry
     estimated scf accuracy    <     0.00000111 Ry

     total magnetization       =     0.00 Bohr mag/cell
     absolute magnetization    =     7.09 Bohr mag/cell

     iteration #  9     ecut=    30.00 Ry     beta=0.30
     Davidson diagonalization with overlap
     ethr =  3.97E-09,  avg # of iterations =  3.8
 enter write_ns
U( 1) =  0.0000      U( 2) =  0.0000      U( 3) =  0.0000
alpha( 1) =  0.0000      alpha( 2) =  0.0000      alpha( 3) =  0.0000
atom  3   Tr[ns(na)]=   6.9389511
atom  3  spin  1
eigenvalues:  0.9856387 0.9856387 0.9995006 0.9995006 0.9999703
 eigenvectors
 1   0.0418250 -0.1031639  0.0982457  0.9889042 -0.0049181
 2   0.9889042 -0.0538827 -0.0624012 -0.0418250 -0.1162839
 3  -0.1424645 -0.3802656 -0.4274342  0.0048034 -0.8076998
 4   0.0048034  0.7131049 -0.6858721  0.1424645  0.0272328
 5   0.0000000 -0.5773503 -0.5773503  0.0000000  0.5773503
 occupations
 0.986  0.001  0.001  0.000  0.002
 0.001  0.999  0.000  0.001  0.000
 0.001  0.000  0.999 -0.001  0.000
 0.000  0.001 -0.001  0.986  0.000
 0.002  0.000  0.000  0.000  0.999
atom  3  spin  2
eigenvalues:  0.3300312 0.3300312 0.4304578 0.4390909 0.4390909
 eigenvectors
 1   0.8481641  0.2425439  0.0295805  0.3832275  0.2721245
 2   0.3832275 -0.1741895  0.2971439 -0.8481641  0.1229545
 3   0.0000000 -0.5773503 -0.5773503  0.0000000  0.5773503
 4   0.3461109 -0.1469619 -0.5722159 -0.1181590 -0.7191779
 5  -0.1181590  0.7455866 -0.5000661 -0.3461109  0.2455205
 occupations
 0.345 -0.015 -0.015  0.000 -0.030
-0.015  0.426  0.002 -0.026 -0.002
-0.015  0.002  0.426  0.026 -0.002
 0.000 -0.026  0.026  0.345  0.000
-0.030 -0.002 -0.002  0.000  0.426
atom  4   Tr[ns(na)]=   6.9389849
atom  4  spin  1
eigenvalues:  0.3300327 0.3300327 0.4304637 0.4391032 0.4391032
 eigenvectors
 1  -0.8208226 -0.2535741 -0.0097648 -0.4387570 -0.2633389
 2  -0.4387570  0.1576765 -0.2984398  0.8208226 -0.1407634
 3   0.0000000  0.5773503  0.5773503  0.0000000 -0.5773503
 4   0.3461018 -0.1470020 -0.5721936 -0.1181357 -0.7191956
 5   0.1181357 -0.7455839  0.5000994  0.3461018 -0.2454845
 occupations
 0.345 -0.015 -0.015  0.000 -0.030
-0.015  0.426  0.002 -0.026 -0.002
-0.015  0.002  0.426  0.026 -0.002
 0.000 -0.026  0.026  0.345  0.000
-0.030 -0.002 -0.002  0.000  0.426
atom  4  spin  2
eigenvalues:  0.9856389 0.9856389 0.9995006 0.9995006 0.9999704
 eigenvectors
 1   0.0426623  0.0981942 -0.1032109 -0.9888681 -0.0050167
 2   0.9888681 -0.0624852 -0.0537961  0.0426623 -0.1162813
 3  -0.1424755 -0.3816454 -0.4261054  0.0045276 -0.8077507
 4  -0.0045276 -0.7123672  0.6866982 -0.1424755 -0.0256690
 5   0.0000000 -0.5773503 -0.5773503  0.0000000  0.5773503
 occupations
 0.986  0.001  0.001  0.000  0.002
 0.001  0.999  0.000  0.001  0.000
 0.001  0.000  0.999 -0.001  0.000
 0.000  0.001 -0.001  0.986  0.000
 0.002  0.000  0.000  0.000  0.999
nsum =  13.8779360
 exit write_ns

     total cpu time spent up to now is     83.30 secs

     End of self-consistent calculation

 ------ SPIN UP ------------


          k = 0.0000 0.0000 0.0000 (   731 PWs)   bands (ev):

    -8.9530  -7.7466   2.7539   5.1279   5.1279   7.5764   7.5999   7.5999
     7.7781   7.7781   8.0650   8.9386   8.9386  11.0567  11.0567  11.2577
    11.5025  12.8933  12.8933  15.3690

          k =-0.7500 0.2500 0.2500 (   764 PWs)   bands (ev):

    -7.7706  -7.7513   3.6509   3.9130   4.7745   5.3282   5.3837   6.0705
     7.7223   8.2473   8.6477   9.6396   9.8408  10.4291  11.7001  11.8246
    12.6014  12.6283  17.2954  17.6038

          k =-0.5000-0.5000 0.5000 (   780 PWs)   bands (ev):

    -7.7618  -7.7503   2.7897   4.0522   5.1682   5.1907   6.4321   6.4448
     7.1583   8.2356   8.5574   9.3832   9.6067  10.7263  11.7103  11.8183
    13.0243  13.0945  15.3293  16.7013

          k =-0.2500-0.2500-0.2500 (   748 PWs)   bands (ev):

    -8.4145  -8.3805   4.4377   4.8298   5.5355   5.5355   6.5044   6.5044
     7.8487   7.8487   8.2987   9.9327   9.9327  10.9601  10.9723  10.9723
    12.4960  12.4960  13.9941  14.2632

 ------ SPIN DOWN ----------


          k = 0.0000 0.0000 0.0000 (   731 PWs)   bands (ev):

    -8.9530  -7.7466   2.7539   5.1279   5.1279   7.5764   7.5999   7.5999
     7.7781   7.7781   8.0650   8.9386   8.9386  11.0567  11.0567  11.2577
    11.5025  12.8933  12.8933  15.3690

          k =-0.7500 0.2500 0.2500 (   764 PWs)   bands (ev):

    -7.7706  -7.7513   3.6509   3.9130   4.7745   5.3282   5.3837   6.0705
     7.7222   8.2473   8.6477   9.6396   9.8408  10.4291  11.7001  11.8247
    12.6014  12.6283  17.2954  17.6038

          k =-0.5000-0.5000 0.5000 (   780 PWs)   bands (ev):

    -7.7618  -7.7503   2.7897   4.0522   5.1682   5.1907   6.4321   6.4448
     7.1583   8.2356   8.5574   9.3832   9.6067  10.7263  11.7104  11.8184
    13.0243  13.0945  15.3293  16.7013

          k =-0.2500-0.2500-0.2500 (   748 PWs)   bands (ev):

    -8.4145  -8.3805   4.4377   4.8298   5.5355   5.5355   6.5044   6.5044
     7.8486   7.8486   8.2986   9.9326   9.9326  10.9601  10.9723  10.9723
    12.4960  12.4960  13.9941  14.2632

     the Fermi energy is    10.9768 ev

!    total energy              =  -174.82465792 Ry
     Harris-Foulkes estimate   =  -174.82465764 Ry
     estimated scf accuracy    <     0.00000014 Ry

     The total energy is the sum of the following terms:

     one-electron contribution =     0.56217880 Ry
     hartree contribution      =    27.86070570 Ry
     xc contribution           =   -65.73506326 Ry
     ewald contribution        =  -137.50929535 Ry
     Hubbard energy            =     0.00000000 Ry
     smearing contrib. (-TS)   =    -0.00318382 Ry

     total magnetization       =     0.00 Bohr mag/cell
     absolute magnetization    =     7.09 Bohr mag/cell

     convergence has been achieved

     Writing output data file feo_af.save
 
     PWSCF        :  1m23.38s CPU time,     1m26.10s wall time

     init_run     :     7.79s CPU
     electrons    :    75.33s CPU
 
 
     electrons    :    75.33s CPU
     c_bands      :    42.84s CPU (       9 calls,   4.760 s avg)
     sum_band     :    21.34s CPU (       9 calls,   2.371 s avg)
     v_of_rho     :     1.20s CPU (      10 calls,   0.120 s avg)
     v_h          :     0.44s CPU (      10 calls,   0.044 s avg)
     v_xc         :     0.76s CPU (      10 calls,   0.076 s avg)
     newd         :     8.39s CPU (      10 calls,   0.839 s avg)
     mix_rho      :     0.07s CPU (       9 calls,   0.008 s avg)
 
     c_bands      :    42.84s CPU (       9 calls,   4.760 s avg)
     init_us_2    :     0.28s CPU (     160 calls,   0.002 s avg)
     cegterg      :    42.51s CPU (      72 calls,   0.590 s avg)
 
     sum_band     :    21.34s CPU (       9 calls,   2.371 s avg)
     becsum       :     0.00s CPU (      72 calls,   0.000 s avg)
     addusdens    :     8.37s CPU (       9 calls,   0.930 s avg)
 
     wfcrot       :     1.99s CPU (       8 calls,   0.249 s avg)
     cegterg      :    42.51s CPU (      72 calls,   0.590 s avg)
     h_psi        :    41.78s CPU (     274 calls,   0.152 s avg)
     g_psi        :     0.07s CPU (     194 calls,   0.000 s avg)
     diagh        :     0.00s CPU (      40 calls,   0.000 s avg)
     diaghg       :     0.82s CPU (     266 calls,   0.003 s avg)
     update       :     0.37s CPU (     194 calls,   0.002 s avg)
     last         :     0.16s CPU (      72 calls,   0.002 s avg)
 
     h_psi        :    41.78s CPU (     274 calls,   0.152 s avg)
     init         :     0.05s CPU (     274 calls,   0.000 s avg)
     firstfft     :    18.32s CPU (    3582 calls,   0.005 s avg)
     secondfft    :    18.28s CPU (    3582 calls,   0.005 s avg)
     add_vuspsi   :     0.54s CPU (     274 calls,   0.002 s avg)
     s_psi        :     0.65s CPU (     282 calls,   0.002 s avg)
 
     General routines
     ccalbec      :     0.69s CPU (     354 calls,   0.002 s avg)
     cft3         :     4.00s CPU (     126 calls,   0.032 s avg)
     cft3s        :    40.85s CPU (    8642 calls,   0.005 s avg)
     interpolate  :     1.72s CPU (      38 calls,   0.045 s avg)
