
     Program PWSCF     v.4.0cvs starts ...
     Today is 21Dec2007 at  5:49: 7 

     Ultrasoft (Vanderbilt) Pseudopotentials and PAW

     Current dimensions of program pwscf are:
     Max number of different atomic species (ntypx) = 10
     Max number of k-points (npk) =  40000
     Max angular momentum in pseudopotentials (lmaxx) =  3


     bravais-lattice index     =            0
     lattice parameter (a_0)   =       8.1900  a.u.
     unit-cell volume          =     274.6766 (a.u.)^3
     number of atoms/cell      =            4
     number of atomic types    =            3
     number of electrons       =        28.00
     number of Kohn-Sham states=           20
     kinetic-energy cutoff     =      30.0000  Ry
     charge density cutoff     =     240.0000  Ry
     convergence threshold     =      1.0E-06
     mixing beta               =       0.3000
     number of iterations used =            8  plain     mixing
     Exchange-correlation      =  SLA  PZ   NOGX NOGC (1100)

     celldm(1)=   8.190000  celldm(2)=   0.000000  celldm(3)=   0.000000
     celldm(4)=   0.000000  celldm(5)=   0.000000  celldm(6)=   0.000000

     crystal axes: (cart. coord. in units of a_0)
               a(1) = (  0.500000  0.500000  1.000000 )  
               a(2) = (  0.500000  1.000000  0.500000 )  
               a(3) = (  1.000000  0.500000  0.500000 )  

     reciprocal axes: (cart. coord. in units 2 pi/a_0)
               b(1) = ( -0.500000 -0.500000  1.500000 )  
               b(2) = ( -0.500000  1.500000 -0.500000 )  
               b(3) = (  1.500000 -0.500000 -0.500000 )  


     PseudoPot. # 1 for O  read from file O.pz-rrkjus.UPF
     Pseudo is Ultrasoft, Zval =  6.0
     Generated by new atomic code, or converted to UPF format
     Using radial grid of 1269 points,  4 beta functions with: 
                l(1) =   0
                l(2) =   0
                l(3) =   1
                l(4) =   1
     Q(r) pseudized with 0 coefficients 


     PseudoPot. # 2 for Fe read from file Fe.pz-nd-rrkjus.UPF
     Pseudo is Ultrasoft + core correction, Zval =  8.0
     Generated by new atomic code, or converted to UPF format
     Using radial grid of  957 points,  6 beta functions with: 
                l(1) =   0
                l(2) =   0
                l(3) =   1
                l(4) =   1
                l(5) =   2
                l(6) =   2
     Q(r) pseudized with 0 coefficients 


     PseudoPot. # 3 for Fe read from file Fe.pz-nd-rrkjus.UPF
     Pseudo is Ultrasoft + core correction, Zval =  8.0
     Generated by new atomic code, or converted to UPF format
     Using radial grid of  957 points,  6 beta functions with: 
                l(1) =   0
                l(2) =   0
                l(3) =   1
                l(4) =   1
                l(5) =   2
                l(6) =   2
     Q(r) pseudized with 0 coefficients 


     atomic species   valence    mass     pseudopotential
        O1             6.00     1.00000     O ( 1.00)
        Fe1            8.00     1.00000     Fe( 1.00)
        Fe2            8.00     1.00000     Fe( 1.00)

     Starting magnetic structure 
     atomic species   magnetization
        O1           0.000
        Fe1          0.500
        Fe2         -0.500

     LDA+U calculation, Hubbard_lmax = 2
     atomic species  L   Hubbard U  Hubbard alpha
        Fe1          2    0.316044    0.000000
        Fe2          2    0.316044    0.000000

     12 Sym.Ops. (with inversion)


   Cartesian axes

     site n.     atom                  positions (a_0 units)
         1           O1  tau(  1) = (   0.5000000   0.5000000   0.5000000  )
         2           O1  tau(  2) = (   1.5000000   1.5000000   1.5000000  )
         3           Fe1 tau(  3) = (   0.0000000   0.0000000   0.0000000  )
         4           Fe2 tau(  4) = (   1.0000000   1.0000000   1.0000000  )

     number of k points=    8  gaussian broad. (Ry)=  0.0100     ngauss =   0
                       cart. coord. in units 2pi/a_0
        k(    1) = (   0.0000000   0.0000000   0.0000000), wk =   0.1250000
        k(    2) = (  -0.7500000   0.2500000   0.2500000), wk =   0.3750000
        k(    3) = (  -0.5000000  -0.5000000   0.5000000), wk =   0.3750000
        k(    4) = (  -0.2500000  -0.2500000  -0.2500000), wk =   0.1250000
        k(    5) = (   0.0000000   0.0000000   0.0000000), wk =   0.1250000
        k(    6) = (  -0.7500000   0.2500000   0.2500000), wk =   0.3750000
        k(    7) = (  -0.5000000  -0.5000000   0.5000000), wk =   0.3750000
        k(    8) = (  -0.2500000  -0.2500000  -0.2500000), wk =   0.1250000

     G cutoff =  407.7738  (  17255 G-vectors)     FFT grid: ( 50, 50, 50)
     G cutoff =  203.8869  (   6111 G-vectors)  smooth grid: ( 36, 36, 36)

     Largest allocated arrays     est. size (Mb)     dimensions
        Kohn-Sham Wavefunctions         0.24 Mb     (    780,  20)
        Atomic wavefunctions            0.24 Mb     (    780,  20)
        NL pseudopotentials             0.62 Mb     (    780,  52)
        Each V/rho on FFT grid          3.81 Mb     ( 125000,   2)
        Each G-vector array             0.13 Mb     (  17255)
        G-vector shells                 0.00 Mb     (    342)
     Largest temporary arrays     est. size (Mb)     dimensions
        Auxiliary wavefunctions         0.95 Mb     (    780,  80)
        Each subspace H/S matrix        0.10 Mb     (     80,  80)
        Each <psi_i|beta_j> matrix      0.02 Mb     (     52,  20)
        Arrays for rho mixing          15.26 Mb     ( 125000,   8)

     Check: negative/imaginary core charge=   -0.000003    0.000000

     Initial potential from superposition of free atoms

     starting charge   27.99905, renormalised to   28.00000

     Parameters of the lda+U calculation:
     Number of iteration with fixed ns =  0
     Starting ns and Hubbard U :
 enter write_ns
U( 1) =  0.0000      U( 2) =  4.3000      U( 3) =  4.3000
alpha( 1) =  0.0000      alpha( 2) =  0.0000      alpha( 3) =  0.0000
atom  3   Tr[ns(na)]=   6.0000000
atom  3  spin  1
eigenvalues:  1.0000000 1.0000000 1.0000000 1.0000000 1.0000000
 eigenvectors
 1   1.0000000  0.0000000  0.0000000  0.0000000  0.0000000
 2   0.0000000  1.0000000  0.0000000  0.0000000  0.0000000
 3   0.0000000  0.0000000  1.0000000  0.0000000  0.0000000
 4   0.0000000  0.0000000  0.0000000  1.0000000  0.0000000
 5   0.0000000  0.0000000  0.0000000  0.0000000  1.0000000
 occupations
 1.000  0.000  0.000  0.000  0.000
 0.000  1.000  0.000  0.000  0.000
 0.000  0.000  1.000  0.000  0.000
 0.000  0.000  0.000  1.000  0.000
 0.000  0.000  0.000  0.000  1.000
atom  3  spin  2
eigenvalues:  0.2000000 0.2000000 0.2000000 0.2000000 0.2000000
 eigenvectors
 1   1.0000000  0.0000000  0.0000000  0.0000000  0.0000000
 2   0.0000000  1.0000000  0.0000000  0.0000000  0.0000000
 3   0.0000000  0.0000000  1.0000000  0.0000000  0.0000000
 4   0.0000000  0.0000000  0.0000000  1.0000000  0.0000000
 5   0.0000000  0.0000000  0.0000000  0.0000000  1.0000000
 occupations
 0.200  0.000  0.000  0.000  0.000
 0.000  0.200  0.000  0.000  0.000
 0.000  0.000  0.200  0.000  0.000
 0.000  0.000  0.000  0.200  0.000
 0.000  0.000  0.000  0.000  0.200
atom  4   Tr[ns(na)]=   6.0000000
atom  4  spin  1
eigenvalues:  0.2000000 0.2000000 0.2000000 0.2000000 0.2000000
 eigenvectors
 1   1.0000000  0.0000000  0.0000000  0.0000000  0.0000000
 2   0.0000000  1.0000000  0.0000000  0.0000000  0.0000000
 3   0.0000000  0.0000000  1.0000000  0.0000000  0.0000000
 4   0.0000000  0.0000000  0.0000000  1.0000000  0.0000000
 5   0.0000000  0.0000000  0.0000000  0.0000000  1.0000000
 occupations
 0.200  0.000  0.000  0.000  0.000
 0.000  0.200  0.000  0.000  0.000
 0.000  0.000  0.200  0.000  0.000
 0.000  0.000  0.000  0.200  0.000
 0.000  0.000  0.000  0.000  0.200
atom  4  spin  2
eigenvalues:  1.0000000 1.0000000 1.0000000 1.0000000 1.0000000
 eigenvectors
 1   1.0000000  0.0000000  0.0000000  0.0000000  0.0000000
 2   0.0000000  1.0000000  0.0000000  0.0000000  0.0000000
 3   0.0000000  0.0000000  1.0000000  0.0000000  0.0000000
 4   0.0000000  0.0000000  0.0000000  1.0000000  0.0000000
 5   0.0000000  0.0000000  0.0000000  0.0000000  1.0000000
 occupations
 1.000  0.000  0.000  0.000  0.000
 0.000  1.000  0.000  0.000  0.000
 0.000  0.000  1.000  0.000  0.000
 0.000  0.000  0.000  1.000  0.000
 0.000  0.000  0.000  0.000  1.000
nsum =  12.0000000
 exit write_ns
 Atomic wfc used for LDA+U Projector are NOT orthogonalized
     Starting wfc are   20 atomic wfcs

     total cpu time spent up to now is      8.48 secs

     per-process dynamical memory:    25.1 Mb

     Self-consistent Calculation

     iteration #  1     ecut=    30.00 Ry     beta=0.30
     Davidson diagonalization with overlap
     ethr =  1.00E-02,  avg # of iterations =  3.2
 enter write_ns
U( 1) =  0.0000      U( 2) =  4.3000      U( 3) =  4.3000
alpha( 1) =  0.0000      alpha( 2) =  0.0000      alpha( 3) =  0.0000
atom  3   Tr[ns(na)]=   6.1226789
atom  3  spin  1
eigenvalues:  0.9969552 0.9969552 1.0025536 1.0025536 1.0030281
 eigenvectors
 1  -0.7774829  0.3399003  0.1331404 -0.1961996  0.4730406
 2  -0.1961996 -0.3499788  0.4693517  0.7774829  0.1193729
 3  -0.5016106  0.0332773 -0.5829040  0.3246734 -0.5496267
 4   0.3246734  0.6538669 -0.2981145  0.5016106  0.3557524
 5   0.0000000 -0.5773503 -0.5773503  0.0000000  0.5773503
 occupations
 0.999  0.001  0.001  0.000  0.002
 0.001  1.001  0.001  0.002 -0.001
 0.001  0.001  1.001 -0.002 -0.001
 0.000  0.002 -0.002  0.999  0.000
 0.002 -0.001 -0.001  0.000  1.001
atom  3  spin  2
eigenvalues:  0.1553851 0.1553851 0.2567868 0.2765381 0.2765381
 eigenvectors
 1   0.9946672  0.0392190  0.0324937  0.0538552  0.0717127
 2   0.0538552 -0.0601636  0.0640464 -0.9946672  0.0038828
 3   0.0000000 -0.5773503 -0.5773503  0.0000000  0.5773503
 4  -0.0020599  0.7136968 -0.6946491 -0.0879343  0.0190477
 5   0.0879343 -0.3900586 -0.4230502 -0.0020599 -0.8131089
 occupations
 0.156 -0.004 -0.004  0.000 -0.009
-0.004  0.269 -0.006 -0.008  0.006
-0.004 -0.006  0.269  0.008  0.006
 0.000 -0.008  0.008  0.156  0.000
-0.009  0.006  0.006  0.000  0.269
atom  4   Tr[ns(na)]=   6.1226789
atom  4  spin  1
eigenvalues:  0.1553851 0.1553851 0.2567868 0.2765381 0.2765381
 eigenvectors
 1   0.9862178  0.0443015  0.0268020  0.1401349  0.0711035
 2   0.1401349 -0.0565258  0.0666291 -0.9862178  0.0101033
 3   0.0000000 -0.5773503 -0.5773503  0.0000000  0.5773503
 4  -0.0048765  0.7258287 -0.6807370 -0.0878232  0.0450917
 5   0.0878232 -0.3669900 -0.4450911 -0.0048765 -0.8120810
 occupations
 0.156 -0.004 -0.004  0.000 -0.009
-0.004  0.269 -0.006 -0.008  0.006
-0.004 -0.006  0.269  0.008  0.006
 0.000 -0.008  0.008  0.156  0.000
-0.009  0.006  0.006  0.000  0.269
atom  4  spin  2
eigenvalues:  0.9969552 0.9969552 1.0025536 1.0025536 1.0030281
 eigenvectors
 1  -0.7793850  0.3364229  0.1377750 -0.1885020  0.4741979
 2  -0.1885020 -0.3533227  0.4680122  0.7793850  0.1146895
 3   0.5908223  0.2390538  0.4083243 -0.0891907  0.6473782
 4   0.0891907  0.6095101 -0.5117817  0.5908223  0.0977284
 5   0.0000000  0.5773503  0.5773503  0.0000000 -0.5773503
 occupations
 0.999  0.001  0.001  0.000  0.002
 0.001  1.001  0.001  0.002 -0.001
 0.001  0.001  1.001 -0.002 -0.001
 0.000  0.002 -0.002  0.999  0.000
 0.002 -0.001 -0.001  0.000  1.001
nsum =  12.2453578
 exit write_ns

     total cpu time spent up to now is     16.90 secs

     total energy              =  -173.87146423 Ry
     Harris-Foulkes estimate   =  -174.94035764 Ry
     estimated scf accuracy    <     2.40339611 Ry

     total magnetization       =     0.00 Bohr mag/cell
     absolute magnetization    =     8.54 Bohr mag/cell

     iteration #  2     ecut=    30.00 Ry     beta=0.30
     Davidson diagonalization with overlap
     ethr =  8.58E-03,  avg # of iterations =  2.2

     total cpu time spent up to now is     25.07 secs

     total energy              =  -174.40473745 Ry
     Harris-Foulkes estimate   =  -174.41164210 Ry
     estimated scf accuracy    <     0.17789218 Ry

     total magnetization       =     0.00 Bohr mag/cell
     absolute magnetization    =     7.22 Bohr mag/cell

     iteration #  3     ecut=    30.00 Ry     beta=0.30
     Davidson diagonalization with overlap
     ethr =  6.35E-04,  avg # of iterations =  2.0

     total cpu time spent up to now is     32.96 secs

     total energy              =  -174.44733059 Ry
     Harris-Foulkes estimate   =  -174.42204285 Ry
     estimated scf accuracy    <     0.04586806 Ry

     total magnetization       =     0.00 Bohr mag/cell
     absolute magnetization    =     7.40 Bohr mag/cell

     iteration #  4     ecut=    30.00 Ry     beta=0.30
     Davidson diagonalization with overlap
     ethr =  1.64E-04,  avg # of iterations =  1.8

     total cpu time spent up to now is     40.71 secs

     total energy              =  -174.45275293 Ry
     Harris-Foulkes estimate   =  -174.45200667 Ry
     estimated scf accuracy    <     0.00422680 Ry

     total magnetization       =     0.00 Bohr mag/cell
     absolute magnetization    =     7.31 Bohr mag/cell

     iteration #  5     ecut=    30.00 Ry     beta=0.30
     Davidson diagonalization with overlap
     ethr =  1.51E-05,  avg # of iterations =  2.2

     total cpu time spent up to now is     48.93 secs

     total energy              =  -174.45424805 Ry
     Harris-Foulkes estimate   =  -174.45343862 Ry
     estimated scf accuracy    <     0.00252776 Ry

     total magnetization       =     0.00 Bohr mag/cell
     absolute magnetization    =     7.32 Bohr mag/cell

     iteration #  6     ecut=    30.00 Ry     beta=0.30
     Davidson diagonalization with overlap
     ethr =  9.03E-06,  avg # of iterations =  1.0

     total cpu time spent up to now is     56.54 secs

     total energy              =  -174.44861199 Ry
     Harris-Foulkes estimate   =  -174.45466714 Ry
     estimated scf accuracy    <     0.00457152 Ry

     total magnetization       =     0.00 Bohr mag/cell
     absolute magnetization    =     7.31 Bohr mag/cell

     iteration #  7     ecut=    30.00 Ry     beta=0.30
     Davidson diagonalization with overlap
     ethr =  9.03E-06,  avg # of iterations =  1.2

     total cpu time spent up to now is     64.12 secs

     total energy              =  -174.45108354 Ry
     Harris-Foulkes estimate   =  -174.45358873 Ry
     estimated scf accuracy    <     0.00220458 Ry

     total magnetization       =     0.00 Bohr mag/cell
     absolute magnetization    =     7.32 Bohr mag/cell

     iteration #  8     ecut=    30.00 Ry     beta=0.30
     Davidson diagonalization with overlap
     ethr =  7.87E-06,  avg # of iterations =  1.0

     total cpu time spent up to now is     71.68 secs

     total energy              =  -174.45110897 Ry
     Harris-Foulkes estimate   =  -174.45363300 Ry
     estimated scf accuracy    <     0.00142704 Ry

     total magnetization       =     0.00 Bohr mag/cell
     absolute magnetization    =     7.31 Bohr mag/cell

     iteration #  9     ecut=    30.00 Ry     beta=0.30
     Davidson diagonalization with overlap
     ethr =  5.10E-06,  avg # of iterations =  1.5

     total cpu time spent up to now is     79.43 secs

     total energy              =  -174.45319431 Ry
     Harris-Foulkes estimate   =  -174.45398205 Ry
     estimated scf accuracy    <     0.00240700 Ry

     total magnetization       =     0.00 Bohr mag/cell
     absolute magnetization    =     7.33 Bohr mag/cell

     iteration # 10     ecut=    30.00 Ry     beta=0.30
     Davidson diagonalization with overlap
     ethr =  5.10E-06,  avg # of iterations =  1.0

     total cpu time spent up to now is     87.02 secs

     total energy              =  -174.45333041 Ry
     Harris-Foulkes estimate   =  -174.45347731 Ry
     estimated scf accuracy    <     0.00052586 Ry

     total magnetization       =     0.00 Bohr mag/cell
     absolute magnetization    =     7.32 Bohr mag/cell

     iteration # 11     ecut=    30.00 Ry     beta=0.30
     Davidson diagonalization with overlap
     ethr =  1.88E-06,  avg # of iterations =  1.0

     total cpu time spent up to now is     94.13 secs

     total energy              =  -174.45337307 Ry
     Harris-Foulkes estimate   =  -174.45339436 Ry
     estimated scf accuracy    <     0.00010919 Ry

     total magnetization       =    -0.01 Bohr mag/cell
     absolute magnetization    =     7.31 Bohr mag/cell

     iteration # 12     ecut=    30.00 Ry     beta=0.30
     Davidson diagonalization with overlap
     ethr =  3.90E-07,  avg # of iterations =  1.0

     total cpu time spent up to now is    101.85 secs

     total energy              =  -174.45338407 Ry
     Harris-Foulkes estimate   =  -174.45338311 Ry
     estimated scf accuracy    <     0.00007958 Ry

     total magnetization       =     0.01 Bohr mag/cell
     absolute magnetization    =     7.31 Bohr mag/cell

     iteration # 13     ecut=    30.00 Ry     beta=0.30
     Davidson diagonalization with overlap
     ethr =  2.84E-07,  avg # of iterations =  1.0

     total cpu time spent up to now is    109.57 secs

     total energy              =  -174.45333994 Ry
     Harris-Foulkes estimate   =  -174.45338744 Ry
     estimated scf accuracy    <     0.00004824 Ry

     total magnetization       =     0.00 Bohr mag/cell
     absolute magnetization    =     7.31 Bohr mag/cell

     iteration # 14     ecut=    30.00 Ry     beta=0.30
     Davidson diagonalization with overlap
     ethr =  1.72E-07,  avg # of iterations =  1.0

     total cpu time spent up to now is    117.22 secs

     total energy              =  -174.45337271 Ry
     Harris-Foulkes estimate   =  -174.45337774 Ry
     estimated scf accuracy    <     0.00000996 Ry

     total magnetization       =     0.00 Bohr mag/cell
     absolute magnetization    =     7.31 Bohr mag/cell

     iteration # 15     ecut=    30.00 Ry     beta=0.30
     Davidson diagonalization with overlap
     ethr =  3.56E-08,  avg # of iterations =  1.1

     total cpu time spent up to now is    124.69 secs

     End of self-consistent calculation
 enter write_ns
U( 1) =  0.0000      U( 2) =  4.3000      U( 3) =  4.3000
alpha( 1) =  0.0000      alpha( 2) =  0.0000      alpha( 3) =  0.0000
atom  3   Tr[ns(na)]=   6.8580633
atom  3  spin  1
eigenvalues:  0.9937591 0.9937591 1.0015197 1.0015197 1.0027589
 eigenvectors
 1  -0.9481130  0.1447728  0.0858211 -0.1399421  0.2305938
 2  -0.1399421 -0.1826822  0.2167180  0.9481130  0.0340358
 3  -0.0538052  0.5917934 -0.7392774  0.2803621 -0.1474841
 4  -0.2803621 -0.5119720 -0.2565221 -0.0538052 -0.7684941
 5   0.0000000  0.5773503  0.5773503  0.0000000 -0.5773503
 occupations
 0.994  0.001  0.001  0.000  0.002
 0.001  1.002  0.001  0.002 -0.001
 0.001  0.001  1.002 -0.002 -0.001
 0.000  0.002 -0.002  0.994  0.000
 0.002 -0.001 -0.001  0.000  1.002
atom  3  spin  2
eigenvalues:  0.2723476 0.2723476 0.4372382 0.4372382 0.4455752
 eigenvectors
 1  -0.9050076 -0.2033018 -0.1266203 -0.1214425 -0.3299221
 2  -0.1214425  0.2635849 -0.3078570  0.9050076 -0.0442721
 3   0.1577969 -0.7396325  0.4510647  0.3759163 -0.2885679
 4   0.3759163 -0.0938176 -0.5936318 -0.1577969 -0.6874494
 5   0.0000000  0.5773503  0.5773503  0.0000000 -0.5773503
 occupations
 0.300 -0.025 -0.025  0.000 -0.050
-0.025  0.422  0.012 -0.043 -0.012
-0.025  0.012  0.422  0.043 -0.012
 0.000 -0.043  0.043  0.300  0.000
-0.050 -0.012 -0.012  0.000  0.422
atom  4   Tr[ns(na)]=   6.8581895
atom  4  spin  1
eigenvalues:  0.2723552 0.2723552 0.4372598 0.4372598 0.4456466
 eigenvectors
 1  -0.9088583 -0.1934914 -0.1378229 -0.0881667 -0.3313143
 2  -0.0881667  0.2708565 -0.3029967  0.9088583 -0.0321402
 3   0.1315815 -0.7314391  0.4908036  0.3858621 -0.2406355
 4   0.3858621 -0.1444346 -0.5612275 -0.1315815 -0.7056621
 5   0.0000000  0.5773503  0.5773503  0.0000000 -0.5773503
 occupations
 0.300 -0.025 -0.025  0.000 -0.050
-0.025  0.422  0.012 -0.043 -0.012
-0.025  0.012  0.422  0.043 -0.012
 0.000 -0.043  0.043  0.300  0.000
-0.050 -0.012 -0.012  0.000  0.422
atom  4  spin  2
eigenvalues:  0.9937589 0.9937589 1.0015184 1.0015184 1.0027584
 eigenvectors
 1   0.9556512 -0.1314375 -0.1010235  0.0721876 -0.2324610
 2   0.0721876  0.1925373 -0.2100969 -0.9556512 -0.0175596
 3  -0.0011425 -0.6792328  0.6761015 -0.2855142 -0.0031313
 4  -0.2855142 -0.3885396 -0.3939631  0.0011425 -0.7825027
 5   0.0000000  0.5773503  0.5773503  0.0000000 -0.5773503
 occupations
 0.994  0.001  0.001  0.000  0.002
 0.001  1.002  0.001  0.002 -0.001
 0.001  0.001  1.002 -0.002 -0.001
 0.000  0.002 -0.002  0.994  0.000
 0.002 -0.001 -0.001  0.000  1.002
nsum =  13.7162528
 exit write_ns

 ------ SPIN UP ------------


          k = 0.0000 0.0000 0.0000 (   731 PWs)   bands (ev):

    -8.7976  -7.5655   1.8226   3.7243   3.7243   5.5499   5.5499   6.5360
     7.7486   7.7837   7.7837   8.3999   8.3999  11.1454  11.1454  11.3104
    11.5446  13.3094  13.3094  19.8687

          k =-0.7500 0.2500 0.2500 (   764 PWs)   bands (ev):

    -8.0998  -7.4150   2.5435   3.4616   4.0290   4.0787   5.6303   5.6999
     5.9726   6.3430   7.1844   8.6047   9.0762  10.5667  11.8905  11.9314
    13.1103  13.1712  17.3130  17.6374

          k =-0.5000-0.5000 0.5000 (   780 PWs)   bands (ev):

    -7.9281  -7.5715   1.8789   3.9566   3.9891   4.1598   5.2659   5.9687
     6.5842   6.6029   6.8418   8.6640   8.8356  10.7408  11.9111  11.9237
    13.4121  13.5645  15.3388  16.6481

          k =-0.2500-0.2500-0.2500 (   748 PWs)   bands (ev):

    -8.2818  -8.2103   3.1791   3.8385   3.8385   4.9855   5.5910   5.5910
     6.9046   6.9046   7.1507   9.3459   9.3459  11.0527  11.0837  11.0837
    13.0457  13.0457  14.0474  14.3388

 ------ SPIN DOWN ----------


          k = 0.0000 0.0000 0.0000 (   731 PWs)   bands (ev):

    -8.7976  -7.5655   1.8226   3.7242   3.7242   5.5497   5.5497   6.5359
     7.7486   7.7837   7.7837   8.3998   8.3998  11.1455  11.1455  11.3105
    11.5446  13.3095  13.3095  19.8687

          k =-0.7500 0.2500 0.2500 (   764 PWs)   bands (ev):

    -8.0998  -7.4150   2.5434   3.4615   4.0289   4.0787   5.6303   5.6997
     5.9724   6.3430   7.1842   8.6046   9.0761  10.5667  11.8905  11.9316
    13.1105  13.1713  17.3130  17.6374

          k =-0.5000-0.5000 0.5000 (   780 PWs)   bands (ev):

    -7.9281  -7.5714   1.8789   3.9565   3.9890   4.1598   5.2657   5.9685
     6.5842   6.6029   6.8417   8.6640   8.8356  10.7409  11.9112  11.9238
    13.4122  13.5647  15.3388  16.6481

          k =-0.2500-0.2500-0.2500 (   748 PWs)   bands (ev):

    -8.2818  -8.2102   3.1790   3.8383   3.8383   4.9855   5.5908   5.5908
     6.9046   6.9046   7.1506   9.3459   9.3459  11.0528  11.0837  11.0837
    13.0459  13.0459  14.0473  14.3388

     the Fermi energy is    11.0756 ev

!    total energy              =  -174.45337586 Ry
     Harris-Foulkes estimate   =  -174.45337576 Ry
     estimated scf accuracy    <     0.00000015 Ry

     The total energy is the sum of the following terms:

     one-electron contribution =     0.61684618 Ry
     hartree contribution      =    27.82007606 Ry
     xc contribution           =   -65.73874607 Ry
     ewald contribution        =  -137.50929535 Ry
     Hubbard energy            =     0.36095843 Ry
     smearing contrib. (-TS)   =    -0.00321512 Ry

     total magnetization       =     0.00 Bohr mag/cell
     absolute magnetization    =     7.31 Bohr mag/cell

     convergence has been achieved in  15 iterations

     Forces acting on atoms (Ry/au):

     atom   1 type  1   force =     0.00001274    0.00001274    0.00001274
     atom   2 type  1   force =    -0.00001274   -0.00001274   -0.00001274
     atom   3 type  2   force =     0.00000000    0.00000000    0.00000000
     atom   4 type  3   force =     0.00000000    0.00000000    0.00000000

     Total force =     0.000031     Total SCF correction =     0.000177


     entering subroutine stress ...

          total   stress  (Ry/bohr**3)                   (kbar)     P= -171.66
  -0.00116690   0.00010095   0.00010095       -171.66     14.85     14.85
   0.00010095  -0.00116690   0.00010095         14.85   -171.66     14.85
   0.00010095   0.00010095  -0.00116690         14.85     14.85   -171.66


     Writing output data file feo_af.save
 
     PWSCF        :  2m20.64s CPU time,     2m33.30s wall time

     init_run     :     8.27s CPU
     electrons    :   116.21s CPU
     forces       :     3.31s CPU
     stress       :    12.46s CPU

     Called by init_run:
     wfcinit      :     2.01s CPU
     potinit      :     0.41s CPU

     Called by electrons:
     c_bands      :    60.78s CPU (      15 calls,   4.052 s avg)
     sum_band     :    37.00s CPU (      15 calls,   2.467 s avg)
     v_of_rho     :     1.88s CPU (      16 calls,   0.117 s avg)
     newd         :    13.03s CPU (      16 calls,   0.814 s avg)
     mix_rho      :     2.38s CPU (      15 calls,   0.159 s avg)

     Called by c_bands:
     init_us_2    :     0.77s CPU (     352 calls,   0.002 s avg)
     cegterg      :    59.74s CPU (     120 calls,   0.498 s avg)

     Called by *egterg:
     h_psi        :    58.49s CPU (     307 calls,   0.191 s avg)
     s_psi        :     1.06s CPU (     395 calls,   0.003 s avg)
     g_psi        :     0.13s CPU (     179 calls,   0.001 s avg)
     cdiaghg      :     0.64s CPU (     299 calls,   0.002 s avg)

     Called by h_psi:
     add_vuspsi   :     0.67s CPU (     307 calls,   0.002 s avg)

     General routines
     calbec       :     1.20s CPU (     531 calls,   0.002 s avg)
     cft3         :     7.36s CPU (     242 calls,   0.030 s avg)
     cft3s        :    59.45s CPU (   12704 calls,   0.005 s avg)
     interpolate  :     2.49s CPU (      62 calls,   0.040 s avg)
     davcio       :     0.02s CPU (    1008 calls,   0.000 s avg)
 
