
     Program PWSCF     v.3.0    starts ...
     Today is 17Oct2005 at  4:51:23 

     Ultrasoft (Vanderbilt) Pseudopotentials

     Current dimensions of program pwscf are:

     ntypx = 10   npk = 40000  lmax =  3
     nchix =  6  ndmx =  2000  nbrx = 14  nqfx =  8
  HUBBARD L FOR TYPE Fe IS            2
  HUBBARD L FOR TYPE Fe IS            2
  MAXIMUM HUBBARD L IS            2


     bravais-lattice index     =            0
     lattice parameter (a_0)   =       8.1900  a.u.
     unit-cell volume          =     274.6766 (a.u.)^3
     number of atoms/cell      =            4
     number of atomic types    =            3
     kinetic-energy cutoff     =      30.0000  Ry
     charge density cutoff     =     240.0000  Ry
     convergence threshold     =      1.0E-06
     beta                      =       0.3000
     number of iterations used =            8  plain     mixing
     Exchange-correlation      =  SLA  PZ   NOGX NOGC (1100)
     celldm(1)=   8.190000  celldm(2)=   0.000000  celldm(3)=   0.000000
     celldm(4)=   0.000000  celldm(5)=   0.000000  celldm(6)=   0.000000

     crystal axes: (cart. coord. in units of a_0)
               a(1) = (  0.500000  0.500000  1.000000 )  
               a(2) = (  0.500000  1.000000  0.500000 )  
               a(3) = (  1.000000  0.500000  0.500000 )  

     reciprocal axes: (cart. coord. in units 2 pi/a_0)
               b(1) = ( -0.500000 -0.500000  1.500000 )  
               b(2) = ( -0.500000  1.500000 -0.500000 )  
               b(3) = (  1.500000 -0.500000 -0.500000 )  


     PSEUDO 1 is O  (US)    zval =  6.0   lmax= 2   lloc= 0
     Version   0  0  0 of US pseudo code
     Using log mesh of  1269 points
     The pseudopotential has  4 beta functions with: 
                l(1) =   0
                l(2) =   0
                l(3) =   1
                l(4) =   1
     Q(r) pseudized with  0 coefficients,  rinner =    0.000   0.000   0.000
                                                       0.000   0.000

     PSEUDO 2 is Fe (US)    zval =  8.0   lmax= 2   lloc= 0
     Version   0  0  0 of US pseudo code
     Using log mesh of   957 points
     The pseudopotential has  6 beta functions with: 
                l(1) =   0
                l(2) =   0
                l(3) =   1
                l(4) =   1
                l(5) =   2
                l(6) =   2
     Q(r) pseudized with  0 coefficients,  rinner =    0.000   0.000   0.000
                                                       0.000   0.000

     PSEUDO 3 is Fe (US)    zval =  8.0   lmax= 2   lloc= 0
     Version   0  0  0 of US pseudo code
     Using log mesh of   957 points
     The pseudopotential has  6 beta functions with: 
                l(1) =   0
                l(2) =   0
                l(3) =   1
                l(4) =   1
                l(5) =   2
                l(6) =   2
     Q(r) pseudized with  0 coefficients,  rinner =    0.000   0.000   0.000
                                                       0.000   0.000

     atomic species   valence    mass     pseudopotential
        O1             6.00     1.00000     O ( 1.00)
        Fe1            8.00     1.00000     Fe( 1.00)
        Fe2            8.00     1.00000     Fe( 1.00)

     Starting magnetic structure 
     atomic species   magnetization
        O1           0.000
        Fe1          0.500
        Fe2         -0.500

     12 Sym.Ops. (with inversion)


   Cartesian axes

     site n.     atom                  positions (a_0 units)
         1           O1  tau(  1) = (   0.5000000   0.5000000   0.5000000  )
         2           O1  tau(  2) = (   1.5000000   1.5000000   1.5000000  )
         3           Fe1 tau(  3) = (   0.0000000   0.0000000   0.0000000  )
         4           Fe2 tau(  4) = (   1.0000000   1.0000000   1.0000000  )

     number of k points=    8  gaussian broad. (ryd)=  0.0100     ngauss =   0
                       cart. coord. in units 2pi/a_0
        k(    1) = (   0.0000000   0.0000000   0.0000000), wk =   0.1250000
        k(    2) = (  -0.7500000   0.2500000   0.2500000), wk =   0.3750000
        k(    3) = (  -0.5000000  -0.5000000   0.5000000), wk =   0.3750000
        k(    4) = (  -0.2500000  -0.2500000  -0.2500000), wk =   0.1250000
        k(    5) = (   0.0000000   0.0000000   0.0000000), wk =   0.1250000
        k(    6) = (  -0.7500000   0.2500000   0.2500000), wk =   0.3750000
        k(    7) = (  -0.5000000  -0.5000000   0.5000000), wk =   0.3750000
        k(    8) = (  -0.2500000  -0.2500000  -0.2500000), wk =   0.1250000

     G cutoff =  407.7738  (  17255 G-vectors)     FFT grid: ( 50, 50, 50)
     G cutoff =  203.8869  (   6111 G-vectors)  smooth grid: ( 36, 36, 36)

     nbndx  =    80  nbnd   =    20  natomwfc =    20  npwx   =     780
     nelec  =  28.00  nkb   =    52  ngl    =     342

     Check: negative/imaginary core charge=   -0.000003    0.000000

     Initial potential from superposition of free atoms

     starting charge   27.99905, renormalised to   28.00000

     Parameters of the lda+U calculation:
     Number of iteration with fixed ns =  0
     Starting ns and Hubbard U :
 enter write_ns
U( 1) =  0.0000      U( 2) =  4.3000      U( 3) =  4.3000
alpha( 1) =  0.0000      alpha( 2) =  0.0000      alpha( 3) =  0.0000
atom  3   Tr[ns(na)]=   6.0000000
atom  3  spin  1
eigenvalues:  1.0000000 1.0000000 1.0000000 1.0000000 1.0000000
 eigenvectors
 1   1.0000000  0.0000000  0.0000000  0.0000000  0.0000000
 2   0.0000000  1.0000000  0.0000000  0.0000000  0.0000000
 3   0.0000000  0.0000000  1.0000000  0.0000000  0.0000000
 4   0.0000000  0.0000000  0.0000000  1.0000000  0.0000000
 5   0.0000000  0.0000000  0.0000000  0.0000000  1.0000000
 occupations
 1.000  0.000  0.000  0.000  0.000
 0.000  1.000  0.000  0.000  0.000
 0.000  0.000  1.000  0.000  0.000
 0.000  0.000  0.000  1.000  0.000
 0.000  0.000  0.000  0.000  1.000
atom  3  spin  2
eigenvalues:  0.2000000 0.2000000 0.2000000 0.2000000 0.2000000
 eigenvectors
 1   1.0000000  0.0000000  0.0000000  0.0000000  0.0000000
 2   0.0000000  1.0000000  0.0000000  0.0000000  0.0000000
 3   0.0000000  0.0000000  1.0000000  0.0000000  0.0000000
 4   0.0000000  0.0000000  0.0000000  1.0000000  0.0000000
 5   0.0000000  0.0000000  0.0000000  0.0000000  1.0000000
 occupations
 0.200  0.000  0.000  0.000  0.000
 0.000  0.200  0.000  0.000  0.000
 0.000  0.000  0.200  0.000  0.000
 0.000  0.000  0.000  0.200  0.000
 0.000  0.000  0.000  0.000  0.200
atom  4   Tr[ns(na)]=   6.0000000
atom  4  spin  1
eigenvalues:  0.2000000 0.2000000 0.2000000 0.2000000 0.2000000
 eigenvectors
 1   1.0000000  0.0000000  0.0000000  0.0000000  0.0000000
 2   0.0000000  1.0000000  0.0000000  0.0000000  0.0000000
 3   0.0000000  0.0000000  1.0000000  0.0000000  0.0000000
 4   0.0000000  0.0000000  0.0000000  1.0000000  0.0000000
 5   0.0000000  0.0000000  0.0000000  0.0000000  1.0000000
 occupations
 0.200  0.000  0.000  0.000  0.000
 0.000  0.200  0.000  0.000  0.000
 0.000  0.000  0.200  0.000  0.000
 0.000  0.000  0.000  0.200  0.000
 0.000  0.000  0.000  0.000  0.200
atom  4  spin  2
eigenvalues:  1.0000000 1.0000000 1.0000000 1.0000000 1.0000000
 eigenvectors
 1   1.0000000  0.0000000  0.0000000  0.0000000  0.0000000
 2   0.0000000  1.0000000  0.0000000  0.0000000  0.0000000
 3   0.0000000  0.0000000  1.0000000  0.0000000  0.0000000
 4   0.0000000  0.0000000  0.0000000  1.0000000  0.0000000
 5   0.0000000  0.0000000  0.0000000  0.0000000  1.0000000
 occupations
 1.000  0.000  0.000  0.000  0.000
 0.000  1.000  0.000  0.000  0.000
 0.000  0.000  1.000  0.000  0.000
 0.000  0.000  0.000  1.000  0.000
 0.000  0.000  0.000  0.000  1.000
nsum =  12.0000000
 exit write_ns
 LDA+U Projector read from file 
     Starting wfc are atomic

     total cpu time spent up to now is      7.06 secs

     Self-consistent Calculation

     iteration #  1     ecut=    30.00 ryd     beta=0.30
     Davidson diagonalization with overlap
     ethr =  1.00E-02,  avg # of iterations =  3.0
 enter write_ns
U( 1) =  0.0000      U( 2) =  4.3000      U( 3) =  4.3000
alpha( 1) =  0.0000      alpha( 2) =  0.0000      alpha( 3) =  0.0000
atom  3   Tr[ns(na)]=   5.6406562
atom  3  spin  1
eigenvalues:  0.9879573 0.9879573 0.9903417 0.9903417 0.9909578
 eigenvectors
 1  -0.2372830 -0.0620535  0.0466699 -0.9682104 -0.0153836
 2  -0.9682104 -0.0180631 -0.0447084  0.2372830 -0.0627715
 3  -0.0779613  0.2789227  0.5227463  0.0136899  0.8016690
 4   0.0136899 -0.7646515  0.6238799  0.0779613 -0.1407716
 5   0.0000000 -0.5773503 -0.5773503  0.0000000  0.5773503
 occupations
 0.988  0.000  0.000  0.000  0.000
 0.000  0.991  0.000  0.000  0.000
 0.000  0.000  0.991  0.000  0.000
 0.000  0.000  0.000  0.988  0.000
 0.000  0.000  0.000  0.000  0.991
atom  3  spin  2
eigenvalues:  0.0240816 0.0240816 0.2017555 0.2215908 0.2215908
 eigenvectors
 1  -0.3186375 -0.0518858  0.0349860 -0.9456577 -0.0168998
 2   0.9456577  0.0104421  0.0397134 -0.3186375  0.0501555
 3   0.0000000 -0.5773503 -0.5773503  0.0000000  0.5773503
 4  -0.0640777  0.2961694  0.5092674  0.0097880  0.8054369
 5  -0.0097880  0.7590449 -0.6360127 -0.0640777  0.1230322
 occupations
 0.025 -0.005 -0.005  0.000 -0.010
-0.005  0.214 -0.006 -0.009  0.006
-0.005 -0.006  0.214  0.009  0.006
 0.000 -0.009  0.009  0.025  0.000
-0.010  0.006  0.006  0.000  0.214
atom  4   Tr[ns(na)]=   5.6406563
atom  4  spin  1
eigenvalues:  0.0240815 0.0240815 0.2017556 0.2215909 0.2215909
 eigenvectors
 1   0.1342363  0.0489785 -0.0418590  0.9888270  0.0071196
 2   0.9888270  0.0200568  0.0323883 -0.1342363  0.0524451
 3   0.0000000 -0.5773503 -0.5773503  0.0000000  0.5773503
 4  -0.0640016  0.2904003  0.5140796  0.0102740  0.8044800
 5  -0.0102740  0.7612707 -0.6321294 -0.0640016  0.1291413
 occupations
 0.025 -0.005 -0.005  0.000 -0.010
-0.005  0.214 -0.006 -0.009  0.006
-0.005 -0.006  0.214  0.009  0.006
 0.000 -0.009  0.009  0.025  0.000
-0.010  0.006  0.006  0.000  0.214
atom  4  spin  2
eigenvalues:  0.9879573 0.9879573 0.9903417 0.9903417 0.9909579
 eigenvectors
 1  -0.2705086 -0.0626393  0.0451016 -0.9594580 -0.0175378
 2  -0.9594580 -0.0159139 -0.0462903  0.2705086 -0.0622042
 3  -0.0779138  0.2762802  0.5248977  0.0139591  0.8011780
 4   0.0139591 -0.7656102  0.6220708  0.0779138 -0.1435394
 5   0.0000000 -0.5773503 -0.5773503  0.0000000  0.5773503
 occupations
 0.988  0.000  0.000  0.000  0.000
 0.000  0.991  0.000  0.000  0.000
 0.000  0.000  0.991  0.000  0.000
 0.000  0.000  0.000  0.988  0.000
 0.000  0.000  0.000  0.000  0.991
nsum =  11.2813125
 exit write_ns
 Modify starting ns matrices according to input values 
 enter write_ns
U( 1) =  0.0000      U( 2) =  4.3000      U( 3) =  4.3000
alpha( 1) =  0.0000      alpha( 2) =  0.0000      alpha( 3) =  0.0000
atom  3   Tr[ns(na)]=   6.4190653
atom  3  spin  1
eigenvalues:  0.9879573 0.9879573 0.9903417 0.9903417 0.9909578
 eigenvectors
 1  -0.3089522 -0.0632295  0.0431994 -0.9477780 -0.0200301
 2  -0.9477780 -0.0133768 -0.0480700  0.3089522 -0.0614468
 3  -0.0779331  0.2773569  0.5240222  0.0138494  0.8013791
 4   0.0138494 -0.7652208  0.6228085  0.0779331 -0.1424123
 5   0.0000000 -0.5773503 -0.5773503  0.0000000  0.5773503
 occupations
 0.988  0.000  0.000  0.000  0.000
 0.000  0.991  0.000  0.000  0.000
 0.000  0.000  0.991  0.000  0.000
 0.000  0.000  0.000  0.988  0.000
 0.000  0.000  0.000  0.000  0.991
atom  3  spin  2
eigenvalues:  0.0240816 0.0240816 0.2017555 0.2215908 1.0000000
 eigenvectors
 1   0.9841160  0.0336887  0.0185065  0.1652690  0.0521952
 2  -0.1652690  0.0408196 -0.0495851  0.9841160 -0.0087655
 3   0.0000000 -0.5773503 -0.5773503  0.0000000  0.5773503
 4  -0.0640777  0.2961694  0.5092674  0.0097880  0.8054369
 5  -0.0097880  0.7590449 -0.6360127 -0.0640777  0.1230322
 occupations
 0.025 -0.011  0.000  0.000 -0.011
-0.011  0.663 -0.382 -0.047  0.079
 0.000 -0.382  0.529  0.041 -0.055
 0.000 -0.047  0.041  0.028 -0.006
-0.011  0.079 -0.055 -0.006  0.226
atom  4   Tr[ns(na)]=   6.4190654
atom  4  spin  1
eigenvalues:  0.0240815 0.0240815 0.2017556 0.2215909 1.0000000
 eigenvectors
 1   0.0000000 -0.0458354  0.0458354 -0.9978969  0.0000000
 2  -0.9978969 -0.0264631 -0.0264631  0.0000000 -0.0529261
 3   0.0000000 -0.5773503 -0.5773503  0.0000000  0.5773503
 4   0.0640016 -0.2904003 -0.5140796 -0.0102740 -0.8044800
 5  -0.0102740  0.7612707 -0.6321294 -0.0640016  0.1291413
 occupations
 0.025 -0.011  0.000  0.001 -0.011
-0.011  0.666 -0.381 -0.047  0.083
 0.000 -0.381  0.525  0.041 -0.057
 0.001 -0.047  0.041  0.028 -0.006
-0.011  0.083 -0.057 -0.006  0.227
atom  4  spin  2
eigenvalues:  0.9879573 0.9879573 0.9903417 0.9903417 0.9909579
 eigenvectors
 1  -0.3797882 -0.0640607  0.0394380 -0.9216808 -0.0246227
 2  -0.9216808 -0.0085536 -0.0512014  0.3797882 -0.0597550
 3   0.0775335 -0.2567173 -0.5405505 -0.0159363 -0.7972678
 4   0.0159363 -0.7723898  0.6085186  0.0775335 -0.1638711
 5   0.0000000 -0.5773503 -0.5773503  0.0000000  0.5773503
 occupations
 0.988  0.000  0.000  0.000  0.000
 0.000  0.991  0.000  0.000  0.000
 0.000  0.000  0.991  0.000  0.000
 0.000  0.000  0.000  0.988  0.000
 0.000  0.000  0.000  0.000  0.991
nsum =  12.8381307
 exit write_ns

     total cpu time spent up to now is     14.53 secs

     total energy              =  -174.05739770 ryd
     estimated scf accuracy    <     2.39665735 ryd

     total magnetization       =     0.00 Bohr mag/cell
     absolute magnetization    =     8.48 Bohr mag/cell

     iteration #  2     ecut=    30.00 ryd     beta=0.30
     Davidson diagonalization with overlap
     ethr =  8.56E-03,  avg # of iterations =  2.2
 enter write_ns
U( 1) =  0.0000      U( 2) =  4.3000      U( 3) =  4.3000
alpha( 1) =  0.0000      alpha( 2) =  0.0000      alpha( 3) =  0.0000
atom  3   Tr[ns(na)]=   5.9947960
atom  3  spin  1
eigenvalues:  0.9702282 0.9702282 0.9937463 0.9959506 0.9959506
 eigenvectors
 1  -0.3178740 -0.0849522  0.0572524 -0.9421752 -0.0276998
 2  -0.9421752 -0.0170622 -0.0650397  0.3178740 -0.0821019
 3   0.0000000 -0.5773503 -0.5773503  0.0000000  0.5773503
 4  -0.1041143  0.2621203  0.5344011  0.0205480  0.7965214
 5  -0.0205480  0.7684085 -0.6112071 -0.1041143  0.1572014
 occupations
 0.971 -0.001 -0.001  0.000 -0.002
-0.001  0.995 -0.001 -0.002  0.001
-0.001 -0.001  0.995  0.002  0.001
 0.000 -0.002  0.002  0.971  0.000
-0.002  0.001  0.001  0.000  0.995
atom  3  spin  2
eigenvalues:  0.0322305 0.0322305 0.1505614 0.4268349 0.4268349
 eigenvectors
 1  -0.9332881 -0.0674630 -0.0150167 -0.3426276 -0.0824797
 2   0.3426276 -0.0562896  0.0865695 -0.9332881  0.0302799
 3   0.0000000  0.5773503  0.5773503  0.0000000 -0.5773503
 4  -0.1055343  0.2606794  0.5354267  0.0210279  0.7961061
 5   0.0210279 -0.7687608  0.6101354  0.1055343 -0.1586254
 occupations
 0.037 -0.017 -0.017  0.000 -0.034
-0.017  0.332 -0.091 -0.030  0.091
-0.017 -0.091  0.332  0.030  0.091
 0.000 -0.030  0.030  0.037  0.000
-0.034  0.091  0.091  0.000  0.332
atom  4   Tr[ns(na)]=   5.9947210
atom  4  spin  1
eigenvalues:  0.0322344 0.0322344 0.1498244 0.4271719 0.4271719
 eigenvectors
 1  -0.4864369 -0.0877114  0.0447937 -0.8670856 -0.0429177
 2   0.8670856  0.0010831  0.0754187 -0.4864369  0.0765018
 3   0.0000000 -0.5773503 -0.5773503  0.0000000  0.5773503
 4   0.1055882 -0.2692240 -0.5286135 -0.0198195 -0.7978374
 5   0.0198195 -0.7658268  0.6160682  0.1055882 -0.1497586
 occupations
 0.037 -0.017 -0.017  0.000 -0.034
-0.017  0.332 -0.091 -0.030  0.091
-0.017 -0.091  0.332  0.030  0.091
 0.000 -0.030  0.030  0.037  0.000
-0.034  0.091  0.091  0.000  0.332
atom  4  spin  2
eigenvalues:  0.9702254 0.9702254 0.9937455 0.9959438 0.9959438
 eigenvectors
 1  -0.2781508 -0.0841692  0.0599293 -0.9546563 -0.0242400
 2  -0.9546563 -0.0206052 -0.0625901  0.2781508 -0.0831953
 3   0.0000000 -0.5773503 -0.5773503  0.0000000  0.5773503
 4  -0.1040973  0.2612197  0.5351164  0.0206714  0.7963361
 5  -0.0206714  0.7687144 -0.6105801 -0.1040973  0.1581343
 occupations
 0.971 -0.001 -0.001  0.000 -0.002
-0.001  0.995 -0.001 -0.002  0.001
-0.001 -0.001  0.995  0.002  0.001
 0.000 -0.002  0.002  0.971  0.000
-0.002  0.001  0.001  0.000  0.995
nsum =  11.9895170
 exit write_ns

     total cpu time spent up to now is     21.89 secs

     total energy              =  -174.55885521 ryd
     estimated scf accuracy    <     0.15129629 ryd

     total magnetization       =     0.00 Bohr mag/cell
     absolute magnetization    =     7.19 Bohr mag/cell

     iteration #  3     ecut=    30.00 ryd     beta=0.30
     Davidson diagonalization with overlap
     ethr =  5.40E-04,  avg # of iterations =  1.8
 enter write_ns
U( 1) =  0.0000      U( 2) =  4.3000      U( 3) =  4.3000
alpha( 1) =  0.0000      alpha( 2) =  0.0000      alpha( 3) =  0.0000
atom  3   Tr[ns(na)]=   5.9385842
atom  3  spin  1
eigenvalues:  0.9774317 0.9774317 0.9952906 0.9972402 0.9972402
 eigenvectors
 1  -0.2885943 -0.0905207  0.0635220 -0.9506605 -0.0269987
 2  -0.9506605 -0.0210867 -0.0678499  0.2885943 -0.0889366
 3   0.0000000 -0.5773503 -0.5773503  0.0000000  0.5773503
 4  -0.1117596  0.2647322  0.5316811  0.0216279  0.7964133
 5  -0.0216279  0.7667756 -0.6126526 -0.1117596  0.1541230
 occupations
 0.978 -0.001 -0.001  0.000 -0.002
-0.001  0.996 -0.001 -0.002  0.001
-0.001 -0.001  0.996  0.002  0.001
 0.000 -0.002  0.002  0.978  0.000
-0.002  0.001  0.001  0.000  0.996
atom  3  spin  2
eigenvalues:  0.0209741 0.0209741 0.1342929 0.4088544 0.4088544
 eigenvectors
 1   0.4431882  0.0965811 -0.0533936  0.8885608  0.0431875
 2  -0.8885608 -0.0058925 -0.0806954  0.4431882 -0.0865879
 3   0.0000000 -0.5773503 -0.5773503  0.0000000  0.5773503
 4   0.1166120 -0.2738240 -0.5239536 -0.0211089 -0.7977776
 5   0.0211089 -0.7631019  0.6186895  0.1166120 -0.1444124
 occupations
 0.026 -0.019 -0.019  0.000 -0.037
-0.019  0.314 -0.090 -0.032  0.090
-0.019 -0.090  0.314  0.032  0.090
 0.000 -0.032  0.032  0.026  0.000
-0.037  0.090  0.090  0.000  0.314
atom  4   Tr[ns(na)]=   5.9409239
atom  4  spin  1
eigenvalues:  0.0209879 0.0209879 0.1342918 0.4100418 0.4100418
 eigenvectors
 1  -0.9699155 -0.0650505 -0.0292226 -0.2128169 -0.0942731
 2   0.2128169 -0.0713003  0.0919855 -0.9699155  0.0206852
 3   0.0000000 -0.5773503 -0.5773503  0.0000000  0.5773503
 4   0.1163553 -0.2752332 -0.5228367 -0.0208421 -0.7980699
 5   0.0208421 -0.7626258  0.6196718  0.1163553 -0.1429540
 occupations
 0.026 -0.019 -0.019  0.000 -0.037
-0.019  0.315 -0.090 -0.032  0.090
-0.019 -0.090  0.315  0.032  0.090
 0.000 -0.032  0.032  0.026  0.000
-0.037  0.090  0.090  0.000  0.315
atom  4  spin  2
eigenvalues:  0.9774231 0.9774231 0.9952805 0.9972230 0.9972230
 eigenvectors
 1  -0.3223988 -0.0915032  0.0612461 -0.9396912 -0.0302571
 2  -0.9396912 -0.0178915 -0.0702984  0.3223988 -0.0881899
 3   0.0000000 -0.5773503 -0.5773503  0.0000000  0.5773503
 4  -0.1120375  0.2621681  0.5336950  0.0220687  0.7958631
 5  -0.0220687  0.7676207 -0.6108546 -0.1120375  0.1567661
 occupations
 0.978 -0.001 -0.001  0.000 -0.002
-0.001  0.996 -0.001 -0.002  0.001
-0.001 -0.001  0.996  0.002  0.001
 0.000 -0.002  0.002  0.978  0.000
-0.002  0.001  0.001  0.000  0.996
nsum =  11.8795081
 exit write_ns

     total cpu time spent up to now is     29.00 secs

     total energy              =  -174.57493654 ryd
     estimated scf accuracy    <     0.04185219 ryd

     total magnetization       =     0.00 Bohr mag/cell
     absolute magnetization    =     7.46 Bohr mag/cell

     iteration #  4     ecut=    30.00 ryd     beta=0.30
     Davidson diagonalization with overlap
     ethr =  1.49E-04,  avg # of iterations =  1.5
 enter write_ns
U( 1) =  0.0000      U( 2) =  4.3000      U( 3) =  4.3000
alpha( 1) =  0.0000      alpha( 2) =  0.0000      alpha( 3) =  0.0000
atom  3   Tr[ns(na)]=   5.9985492
atom  3  spin  1
eigenvalues:  0.9782362 0.9782362 0.9955243 0.9977403 0.9977403
 eigenvectors
 1  -0.2010489 -0.0881947  0.0693939 -0.9729502 -0.0188008
 2  -0.9729502 -0.0292100 -0.0617738  0.2010489 -0.0909838
 3   0.0000000  0.5773503  0.5773503  0.0000000 -0.5773503
 4   0.1119794 -0.2744655 -0.5238481 -0.0201962 -0.7983136
 5   0.0201962 -0.7633504  0.6193693  0.1119794 -0.1439812
 occupations
 0.978 -0.001 -0.001  0.000 -0.002
-0.001  0.997 -0.001 -0.002  0.001
-0.001 -0.001  0.997  0.002  0.001
 0.000 -0.002  0.002  0.978  0.000
-0.002  0.001  0.001  0.000  0.997
atom  3  spin  2
eigenvalues:  0.0197625 0.0197625 0.1082643 0.4516413 0.4516413
 eigenvectors
 1  -0.9785444 -0.0697190 -0.0396900 -0.1550629 -0.1094091
 2   0.1550629 -0.0860824  0.1034197 -0.9785444  0.0173373
 3   0.0000000 -0.5773503 -0.5773503  0.0000000  0.5773503
 4   0.1326435 -0.2482985 -0.5426024 -0.0284970 -0.7909008
 5   0.0284970 -0.7698984  0.5999820  0.1326435 -0.1699165
 occupations
 0.028 -0.024 -0.024  0.000 -0.047
-0.024  0.332 -0.112 -0.041  0.112
-0.024 -0.112  0.332  0.041  0.112
 0.000 -0.041  0.041  0.028  0.000
-0.047  0.112  0.112  0.000  0.332
atom  4   Tr[ns(na)]=   5.9832527
atom  4  spin  1
eigenvalues:  0.0195860 0.0195860 0.1073766 0.4446794 0.4446794
 eigenvectors
 1  -0.4648653 -0.1104402  0.0585914 -0.8749754 -0.0518488
 2   0.8749754  0.0038929  0.0936976 -0.4648653  0.0975904
 3   0.0000000 -0.5773503 -0.5773503  0.0000000  0.5773503
 4   0.1327465 -0.2600982 -0.5333531 -0.0263943 -0.7934514
 5   0.0263943 -0.7660309  0.6082671  0.1327465 -0.1577638
 occupations
 0.027 -0.023 -0.023  0.000 -0.047
-0.023  0.327 -0.110 -0.040  0.110
-0.023 -0.110  0.327  0.040  0.110
 0.000 -0.040  0.040  0.027  0.000
-0.047  0.110  0.110  0.000  0.327
atom  4  spin  2
eigenvalues:  0.9780930 0.9780930 0.9955414 0.9978089 0.9978089
 eigenvectors
 1  -0.2492666 -0.0879779  0.0650797 -0.9619596 -0.0228982
 2  -0.9619596 -0.0243535 -0.0640144  0.2492666 -0.0883679
 3   0.0000000  0.5773503  0.5773503  0.0000000 -0.5773503
 4   0.1099652 -0.2721544 -0.5258888 -0.0201859 -0.7980433
 5   0.0201859 -0.7643726  0.6178789  0.1099652 -0.1464936
 occupations
 0.978 -0.001 -0.001  0.000 -0.002
-0.001  0.997 -0.001 -0.002  0.001
-0.001 -0.001  0.997  0.002  0.001
 0.000 -0.002  0.002  0.978  0.000
-0.002  0.001  0.001  0.000  0.997
nsum =  11.9818018
 exit write_ns

     total cpu time spent up to now is     35.95 secs

     total energy              =  -174.57570268 ryd
     estimated scf accuracy    <     0.01342739 ryd

     total magnetization       =    -0.01 Bohr mag/cell
     absolute magnetization    =     7.39 Bohr mag/cell

     iteration #  5     ecut=    30.00 ryd     beta=0.30
     Davidson diagonalization with overlap
     ethr =  4.80E-05,  avg # of iterations =  1.8
 enter write_ns
U( 1) =  0.0000      U( 2) =  4.3000      U( 3) =  4.3000
alpha( 1) =  0.0000      alpha( 2) =  0.0000      alpha( 3) =  0.0000
atom  3   Tr[ns(na)]=   5.9209386
atom  3  spin  1
eigenvalues:  0.9794392 0.9794392 0.9956825 0.9980529 0.9980529
 eigenvectors
 1  -0.2939512 -0.0935779  0.0651747 -0.9485681 -0.0284032
 2  -0.9485681 -0.0212301 -0.0704258  0.2939512 -0.0916559
 3   0.0000000  0.5773503  0.5773503  0.0000000 -0.5773503
 4   0.1151580 -0.2571446 -0.5373870 -0.0234507 -0.7945316
 5  -0.0234507  0.7689836 -0.6071856 -0.1151580  0.1617980
 occupations
 0.980 -0.001 -0.001  0.000 -0.002
-0.001  0.997 -0.001 -0.002  0.001
-0.001 -0.001  0.997  0.002  0.001
 0.000 -0.002  0.002  0.980  0.000
-0.002  0.001  0.001  0.000  0.997
atom  3  spin  2
eigenvalues:  0.0174476 0.0174476 0.0777536 0.4288116 0.4288116
 eigenvectors
 1  -0.8613499 -0.1002706 -0.0009861 -0.4876149 -0.1012567
 2   0.4876149 -0.0590299  0.1163519 -0.8613499  0.0573220
 3   0.0000000  0.5773503  0.5773503  0.0000000 -0.5773503
 4  -0.1398965  0.2633459  0.5300163  0.0271487  0.7933622
 5   0.0271487 -0.7640529  0.6100907  0.1398965 -0.1539622
 occupations
 0.026 -0.024 -0.024  0.000 -0.047
-0.024  0.306 -0.114 -0.041  0.114
-0.024 -0.114  0.306  0.041  0.114
 0.000 -0.041  0.041  0.026  0.000
-0.047  0.114  0.114  0.000  0.306
atom  4   Tr[ns(na)]=   6.0617197
atom  4  spin  1
eigenvalues:  0.0180764 0.0180764 0.0784143 0.4979903 0.4979903
 eigenvectors
 1   0.4648194  0.1185876 -0.0628411  0.8733975  0.0557465
 2  -0.8733975 -0.0040961 -0.1006518  0.4648194 -0.1047479
 3   0.0000000  0.5773503  0.5773503  0.0000000 -0.5773503
 4  -0.1426290  0.2622589  0.5305769  0.0278685  0.7928359
 5   0.0278685 -0.7640727  0.6091592  0.1426290 -0.1549135
 occupations
 0.028 -0.028 -0.028  0.000 -0.056
-0.028  0.351 -0.136 -0.049  0.136
-0.028 -0.136  0.351  0.049  0.136
 0.000 -0.049  0.049  0.028  0.000
-0.056  0.136  0.136  0.000  0.351
atom  4  spin  2
eigenvalues:  0.9799453 0.9799453 0.9957028 0.9977894 0.9977894
 eigenvectors
 1  -0.3618194 -0.1022346  0.0645191 -0.9236069 -0.0377155
 2  -0.9236069 -0.0154751 -0.0808002  0.3618194 -0.0962753
 3   0.0000000  0.5773503  0.5773503  0.0000000 -0.5773503
 4   0.1243216 -0.2640211 -0.5310891 -0.0241091 -0.7951102
 5  -0.0241091  0.7656815 -0.6114897 -0.1243216  0.1541917
 occupations
 0.980 -0.001 -0.001  0.000 -0.002
-0.001  0.997 -0.001 -0.002  0.001
-0.001 -0.001  0.997  0.002  0.001
 0.000 -0.002  0.002  0.980  0.000
-0.002  0.001  0.001  0.000  0.997
nsum =  11.9826584
 exit write_ns

     total cpu time spent up to now is     42.95 secs

     total energy              =  -174.58077682 ryd
     estimated scf accuracy    <     0.00967627 ryd

     total magnetization       =     0.14 Bohr mag/cell
     absolute magnetization    =     7.42 Bohr mag/cell

     iteration #  6     ecut=    30.00 ryd     beta=0.30
     Davidson diagonalization with overlap
     ethr =  3.46E-05,  avg # of iterations =  1.0
 enter write_ns
U( 1) =  0.0000      U( 2) =  4.3000      U( 3) =  4.3000
alpha( 1) =  0.0000      alpha( 2) =  0.0000      alpha( 3) =  0.0000
atom  3   Tr[ns(na)]=   6.0672879
atom  3  spin  1
eigenvalues:  0.9799635 0.9799635 0.9957013 0.9977689 0.9977689
 eigenvectors
 1  -0.2472394 -0.1001846  0.0742609 -0.9605462 -0.0259238
 2  -0.9605462 -0.0279074 -0.0728087  0.2472394 -0.1007162
 3   0.0000000  0.5773503  0.5773503  0.0000000 -0.5773503
 4   0.1251185 -0.2664078 -0.5291089 -0.0238547 -0.7955168
 5   0.0238547 -0.7647730  0.6131025  0.1251185 -0.1516705
 occupations
 0.980 -0.001 -0.001  0.000 -0.002
-0.001  0.997 -0.001 -0.002  0.001
-0.001 -0.001  0.997  0.002  0.001
 0.000 -0.002  0.002  0.980  0.000
-0.002  0.001  0.001  0.000  0.997
atom  3  spin  2
eigenvalues:  0.0181244 0.0181244 0.0768791 0.5014969 0.5014969
 eigenvectors
 1  -0.7379575 -0.1134350  0.0243359 -0.6588022 -0.0890991
 2   0.6588022 -0.0373910  0.1169331 -0.7379575  0.0795421
 3   0.0000000  0.5773503  0.5773503  0.0000000 -0.5773503
 4  -0.1435255  0.2610943  0.5313993  0.0282635  0.7924936
 5   0.0282635 -0.7643499  0.6082893  0.1435255 -0.1560606
 occupations
 0.028 -0.029 -0.029  0.000 -0.057
-0.029  0.353 -0.138 -0.049  0.138
-0.029 -0.138  0.353  0.049  0.138
 0.000 -0.049  0.049  0.028  0.000
-0.057  0.138  0.138  0.000  0.353
atom  4   Tr[ns(na)]=   5.9154471
atom  4  spin  1
eigenvalues:  0.0174035 0.0174035 0.0757183 0.4271942 0.4271942
 eigenvectors
 1  -0.0056128  0.1008591 -0.1015217  0.9896913 -0.0006627
 2   0.9896913  0.0589962  0.0578484  0.0056128  0.1168446
 3   0.0000000 -0.5773503 -0.5773503  0.0000000  0.5773503
 4   0.1402297 -0.2562889 -0.5355552 -0.0285534 -0.7918441
 5   0.0285534 -0.7663743  0.6051398  0.1402297 -0.1612345
 occupations
 0.026 -0.024 -0.024  0.000 -0.047
-0.024  0.304 -0.114 -0.041  0.114
-0.024 -0.114  0.304  0.041  0.114
 0.000 -0.041  0.041  0.026  0.000
-0.047  0.114  0.114  0.000  0.304
atom  4  spin  2
eigenvalues:  0.9793793 0.9793793 0.9956684 0.9980532 0.9980532
 eigenvectors
 1  -0.3054014 -0.0937464  0.0642628 -0.9449564 -0.0294836
 2  -0.9449564 -0.0200797 -0.0711469  0.3054014 -0.0912266
 3   0.0000000 -0.5773503 -0.5773503  0.0000000  0.5773503
 4  -0.1153765  0.2679440  0.5287955  0.0218089  0.7967396
 5  -0.0218089  0.7652980 -0.6146953 -0.1153765  0.1506027
 occupations
 0.980 -0.001 -0.001  0.000 -0.002
-0.001  0.997 -0.001 -0.002  0.001
-0.001 -0.001  0.997  0.002  0.001
 0.000 -0.002  0.002  0.980  0.000
-0.002  0.001  0.001  0.000  0.997
nsum =  11.9827350
 exit write_ns

     total cpu time spent up to now is     49.87 secs

     total energy              =  -174.58149427 ryd
     estimated scf accuracy    <     0.01065650 ryd

     total magnetization       =    -0.15 Bohr mag/cell
     absolute magnetization    =     7.42 Bohr mag/cell

     iteration #  7     ecut=    30.00 ryd     beta=0.30
     Davidson diagonalization with overlap
     ethr =  3.46E-05,  avg # of iterations =  1.0
 enter write_ns
U( 1) =  0.0000      U( 2) =  4.3000      U( 3) =  4.3000
alpha( 1) =  0.0000      alpha( 2) =  0.0000      alpha( 3) =  0.0000
atom  3   Tr[ns(na)]=   5.9847371
atom  3  spin  1
eigenvalues:  0.9793961 0.9793961 0.9956337 0.9978212 0.9978212
 eigenvectors
 1  -0.2382654 -0.0964958  0.0723815 -0.9633782 -0.0241143
 2  -0.9633782 -0.0278671 -0.0696343  0.2382654 -0.0975014
 3   0.0000000  0.5773503  0.5773503  0.0000000 -0.5773503
 4   0.1208019 -0.2654361 -0.5302991 -0.0232148 -0.7957352
 5   0.0232148 -0.7655863  0.6126676  0.1208019 -0.1529187
 occupations
 0.980 -0.001 -0.001  0.000 -0.002
-0.001  0.997 -0.001 -0.002  0.001
-0.001 -0.001  0.997  0.002  0.001
 0.000 -0.002  0.002  0.980  0.000
-0.002  0.001  0.001  0.000  0.997
atom  3  spin  2
eigenvalues:  0.0179021 0.0179021 0.0686881 0.4650884 0.4650884
 eigenvectors
 1  -0.1625977 -0.1139785  0.0939646 -0.9753671 -0.0200138
 2   0.9753671  0.0426955  0.0773605 -0.1625977  0.1200560
 3   0.0000000  0.5773503  0.5773503  0.0000000 -0.5773503
 4  -0.1456373  0.2452751  0.5435228  0.0317924  0.7887979
 5   0.0317924 -0.7692157  0.5970223  0.1456373 -0.1721933
 occupations
 0.028 -0.027 -0.027  0.000 -0.054
-0.027  0.326 -0.129 -0.047  0.129
-0.027 -0.129  0.326  0.047  0.129
 0.000 -0.047  0.047  0.028  0.000
-0.054  0.129  0.129  0.000  0.326
atom  4   Tr[ns(na)]=   5.9980742
atom  4  spin  1
eigenvalues:  0.0179546 0.0179546 0.0686872 0.4716922 0.4716922
 eigenvectors
 1   0.1327773 -0.0963519  0.1127077 -0.9798551  0.0163558
 2   0.9798551  0.0745148  0.0461858  0.1327773  0.1207006
 3   0.0000000  0.5773503  0.5773503  0.0000000 -0.5773503
 4  -0.1458189  0.2470378  0.5421403  0.0314812  0.7891781
 5   0.0314812 -0.7686370  0.5982595  0.1458189 -0.1703775
 occupations
 0.028 -0.027 -0.027  0.000 -0.055
-0.027  0.331 -0.131 -0.047  0.131
-0.027 -0.131  0.331  0.047  0.131
 0.000 -0.047  0.047  0.028  0.000
-0.055  0.131  0.131  0.000  0.331
atom  4  spin  2
eigenvalues:  0.9794366 0.9794366 0.9956351 0.9977926 0.9977926
 eigenvectors
 1  -0.2962196 -0.0987258  0.0685231 -0.9470478 -0.0302026
 2  -0.9470478 -0.0221244 -0.0744368  0.2962196 -0.0965612
 3   0.0000000  0.5773503  0.5773503  0.0000000 -0.5773503
 4   0.1216481 -0.2641612 -0.5312345 -0.0235826 -0.7953957
 5   0.0235826 -0.7659303  0.6117355  0.1216481 -0.1541949
 occupations
 0.980 -0.001 -0.001  0.000 -0.002
-0.001  0.997 -0.001 -0.002  0.001
-0.001 -0.001  0.997  0.002  0.001
 0.000 -0.002  0.002  0.980  0.000
-0.002  0.001  0.001  0.000  0.997
nsum =  11.9828113
 exit write_ns

     total cpu time spent up to now is     56.76 secs

     total energy              =  -174.58059882 ryd
     estimated scf accuracy    <     0.00096460 ryd

     total magnetization       =     0.01 Bohr mag/cell
     absolute magnetization    =     7.42 Bohr mag/cell

     iteration #  8     ecut=    30.00 ryd     beta=0.30
     Davidson diagonalization with overlap
     ethr =  3.45E-06,  avg # of iterations =  2.1
 enter write_ns
U( 1) =  0.0000      U( 2) =  4.3000      U( 3) =  4.3000
alpha( 1) =  0.0000      alpha( 2) =  0.0000      alpha( 3) =  0.0000
atom  3   Tr[ns(na)]=   5.9940413
atom  3  spin  1
eigenvalues:  0.9795465 0.9795465 0.9956525 0.9976365 0.9976365
 eigenvectors
 1  -0.3448173 -0.1023456  0.0662549 -0.9300184 -0.0360907
 2  -0.9300184 -0.0174153 -0.0799263  0.3448173 -0.0973415
 3   0.0000000 -0.5773503 -0.5773503  0.0000000  0.5773503
 4  -0.1243724  0.2503169  0.5418667  0.0264271  0.7921837
 5  -0.0264271  0.7702144 -0.6018880 -0.1243724  0.1683264
 occupations
 0.980 -0.001 -0.001  0.000 -0.002
-0.001  0.997 -0.001 -0.002  0.001
-0.001 -0.001  0.997  0.002  0.001
 0.000 -0.002  0.002  0.980  0.000
-0.002  0.001  0.001  0.000  0.997
atom  3  spin  2
eigenvalues:  0.0175741 0.0175741 0.0526636 0.4781056 0.4781056
 eigenvectors
 1  -0.5679663 -0.1296292  0.0547516 -0.8074690 -0.0748776
 2   0.8074690 -0.0116197  0.1180720 -0.5679663  0.1064523
 3   0.0000000  0.5773503  0.5773503  0.0000000 -0.5773503
 4  -0.1561309  0.2541315  0.5353985  0.0321128  0.7895300
 5   0.0321128 -0.7649478  0.6025582  0.1561309 -0.1623895
 occupations
 0.029 -0.030 -0.030  0.000 -0.059
-0.030  0.328 -0.138 -0.051  0.138
-0.030 -0.138  0.328  0.051  0.138
 0.000 -0.051  0.051  0.029  0.000
-0.059  0.138  0.138  0.000  0.328
atom  4   Tr[ns(na)]=   5.9889390
atom  4  spin  1
eigenvalues:  0.0175618 0.0175618 0.0526435 0.4755725 0.4755725
 eigenvectors
 1   0.0072931  0.1130624 -0.1121020  0.9872162  0.0009604
 2   0.9872162  0.0641677  0.0658311 -0.0072931  0.1299988
 3   0.0000000  0.5773503  0.5773503  0.0000000 -0.5773503
 4  -0.1556914  0.2479629  0.5402552  0.0333330  0.7882181
 5   0.0333330 -0.7669944  0.5982394  0.1556914 -0.1687551
 occupations
 0.029 -0.029 -0.029  0.000 -0.059
-0.029  0.327 -0.137 -0.051  0.137
-0.029 -0.137  0.327  0.051  0.137
 0.000 -0.051  0.051  0.029  0.000
-0.059  0.137  0.137  0.000  0.327
atom  4  spin  2
eigenvalues:  0.9795349 0.9795349 0.9956522 0.9976524 0.9976524
 eigenvectors
 1  -0.3752986 -0.1025594  0.0633965 -0.9181937 -0.0391629
 2  -0.9181937 -0.0139913 -0.0818234  0.3752986 -0.0958147
 3   0.0000000 -0.5773503 -0.5773503  0.0000000  0.5773503
 4  -0.1242074  0.2563739  0.5371465  0.0253737  0.7935205
 5  -0.0253737  0.7682609 -0.6061568 -0.1242074  0.1621041
 occupations
 0.980 -0.001 -0.001  0.000 -0.002
-0.001  0.997 -0.001 -0.002  0.001
-0.001 -0.001  0.997  0.002  0.001
 0.000 -0.002  0.002  0.980  0.000
-0.002  0.001  0.001  0.000  0.997
nsum =  11.9829803
 exit write_ns

     total cpu time spent up to now is     63.94 secs

     total energy              =  -174.58102923 ryd
     estimated scf accuracy    <     0.00008432 ryd

     total magnetization       =    -0.01 Bohr mag/cell
     absolute magnetization    =     7.43 Bohr mag/cell

     iteration #  9     ecut=    30.00 ryd     beta=0.30
     Davidson diagonalization with overlap
     ethr =  3.01E-07,  avg # of iterations =  3.0
 enter write_ns
U( 1) =  0.0000      U( 2) =  4.3000      U( 3) =  4.3000
alpha( 1) =  0.0000      alpha( 2) =  0.0000      alpha( 3) =  0.0000
atom  3   Tr[ns(na)]=   5.9913587
atom  3  spin  1
eigenvalues:  0.9794395 0.9794395 0.9956457 0.9976568 0.9976568
 eigenvectors
 1  -0.2768733 -0.1000208  0.0712758 -0.9525915 -0.0287450
 2  -0.9525915 -0.0245552 -0.0743430  0.2768733 -0.0988981
 3   0.0000000 -0.5773503 -0.5773503  0.0000000  0.5773503
 4  -0.1236064  0.2570440  0.5366779  0.0251421  0.7937219
 5  -0.0251421  0.7681067 -0.6066600 -0.1236064  0.1614467
 occupations
 0.980 -0.001 -0.001  0.000 -0.002
-0.001  0.997 -0.001 -0.002  0.001
-0.001 -0.001  0.997  0.002  0.001
 0.000 -0.002  0.002  0.980  0.000
-0.002  0.001  0.001  0.000  0.997
atom  3  spin  2
eigenvalues:  0.0177176 0.0177176 0.0560143 0.4750354 0.4750354
 eigenvectors
 1   0.9870583  0.0618645  0.0674685 -0.0246928  0.1293329
 2   0.0246928  0.1136233 -0.1103879  0.9870583  0.0032355
 3   0.0000000  0.5773503  0.5773503  0.0000000 -0.5773503
 4  -0.1543343  0.2345383  0.5507060  0.0358769  0.7852442
 5   0.0358769 -0.7713112  0.5887717  0.1543343 -0.1825395
 occupations
 0.029 -0.029 -0.029  0.000 -0.058
-0.029  0.328 -0.136 -0.051  0.136
-0.029 -0.136  0.328  0.051  0.136
 0.000 -0.051  0.051  0.029  0.000
-0.058  0.136  0.136  0.000  0.328
atom  4   Tr[ns(na)]=   5.9916189
atom  4  spin  1
eigenvalues:  0.0177245 0.0177245 0.0560326 0.4751446 0.4751446
 eigenvectors
 1  -0.4379877 -0.1290383  0.0716814 -0.8849225 -0.0573569
 2   0.8849225  0.0082702  0.1076153 -0.4379877  0.1158855
 3   0.0000000  0.5773503  0.5773503  0.0000000 -0.5773503
 4  -0.1550280  0.2520719  0.5371423  0.0323301  0.7892142
 5   0.0323301 -0.7657722  0.6011868  0.1550280 -0.1645854
 occupations
 0.029 -0.029 -0.029  0.000 -0.058
-0.029  0.328 -0.136 -0.051  0.136
-0.029 -0.136  0.328  0.051  0.136
 0.000 -0.051  0.051  0.029  0.000
-0.058  0.136  0.136  0.000  0.328
atom  4  spin  2
eigenvalues:  0.9794445 0.9794445 0.9956458 0.9976568 0.9976568
 eigenvectors
 1  -0.3696752 -0.1019847  0.0635948 -0.9205549 -0.0383899
 2  -0.9205549 -0.0145521 -0.0810453  0.3696752 -0.0955974
 3   0.0000000 -0.5773503 -0.5773503  0.0000000  0.5773503
 4  -0.1237558  0.2606616  0.5338094  0.0245655  0.7944710
 5  -0.0245655  0.7668830 -0.6091810 -0.1237558  0.1577020
 occupations
 0.980 -0.001 -0.001  0.000 -0.002
-0.001  0.997 -0.001 -0.002  0.001
-0.001 -0.001  0.997  0.002  0.001
 0.000 -0.002  0.002  0.980  0.000
-0.002  0.001  0.001  0.000  0.997
nsum =  11.9829775
 exit write_ns

     total cpu time spent up to now is     71.94 secs

     total energy              =  -174.58064257 ryd
     estimated scf accuracy    <     0.00003696 ryd

     total magnetization       =     0.00 Bohr mag/cell
     absolute magnetization    =     7.42 Bohr mag/cell

     iteration # 10     ecut=    30.00 ryd     beta=0.30
     Davidson diagonalization with overlap
     ethr =  1.32E-07,  avg # of iterations =  1.5
 enter write_ns
U( 1) =  0.0000      U( 2) =  4.3000      U( 3) =  4.3000
alpha( 1) =  0.0000      alpha( 2) =  0.0000      alpha( 3) =  0.0000
atom  3   Tr[ns(na)]=   5.9888169
atom  3  spin  1
eigenvalues:  0.9793374 0.9793374 0.9956293 0.9976025 0.9976025
 eigenvectors
 1  -0.3739330 -0.1020687  0.0632298 -0.9188306 -0.0388389
 2  -0.9188306 -0.0140821 -0.0813531  0.3739330 -0.0954352
 3   0.0000000 -0.5773503 -0.5773503  0.0000000  0.5773503
 4  -0.1237636  0.2602334  0.5341473  0.0246387  0.7943807
 5  -0.0246387  0.7670260 -0.6088818 -0.1237636  0.1581442
 occupations
 0.980 -0.001 -0.001  0.000 -0.002
-0.001  0.997 -0.001 -0.002  0.001
-0.001 -0.001  0.997  0.002  0.001
 0.000 -0.002  0.002  0.980  0.000
-0.002  0.001  0.001  0.000  0.997
atom  3  spin  2
eigenvalues:  0.0177143 0.0177143 0.0524324 0.4757235 0.4757235
 eigenvectors
 1  -0.3893783 -0.1324079  0.0797844 -0.9064866 -0.0526235
 2   0.9064866  0.0156814  0.1068279 -0.3893783  0.1225093
 3   0.0000000  0.5773503  0.5773503  0.0000000 -0.5773503
 4  -0.1593493  0.2405179  0.5455339  0.0356994  0.7860517
 5   0.0356994 -0.7687913  0.5926902  0.1593493 -0.1761011
 occupations
 0.030 -0.030 -0.030  0.000 -0.060
-0.030  0.326 -0.137 -0.052  0.137
-0.030 -0.137  0.326  0.052  0.137
 0.000 -0.052  0.052  0.030  0.000
-0.060  0.137  0.137  0.000  0.326
atom  4   Tr[ns(na)]=   5.9942092
atom  4  spin  1
eigenvalues:  0.0177434 0.0177434 0.0525152 0.4783413 0.4783413
 eigenvectors
 1  -0.3737813 -0.1321485  0.0816216 -0.9130220 -0.0505269
 2   0.9130220  0.0179525  0.1054677 -0.3737813  0.1234202
 3   0.0000000 -0.5773503 -0.5773503  0.0000000  0.5773503
 4   0.1594811 -0.2426177 -0.5439079 -0.0352712 -0.7865256
 5   0.0352712 -0.7681262  0.5941762  0.1594811 -0.1739500
 occupations
 0.030 -0.030 -0.030  0.000 -0.061
-0.030  0.328 -0.138 -0.052  0.138
-0.030 -0.138  0.328  0.052  0.138
 0.000 -0.052  0.052  0.030  0.000
-0.061  0.138  0.138  0.000  0.328
atom  4  spin  2
eigenvalues:  0.9793616 0.9793616 0.9956284 0.9975865 0.9975865
 eigenvectors
 1  -0.2444846 -0.0994899  0.0740147 -0.9613542 -0.0254752
 2  -0.9613542 -0.0280242 -0.0721487  0.2444846 -0.1001729
 3   0.0000000  0.5773503  0.5773503  0.0000000 -0.5773503
 4   0.1242680 -0.2637627 -0.5312998 -0.0241425 -0.7950625
 5   0.0241425 -0.7657756  0.6113130  0.1242680 -0.1544626
 occupations
 0.980 -0.001 -0.001  0.000 -0.002
-0.001  0.997 -0.001 -0.002  0.001
-0.001 -0.001  0.997  0.002  0.001
 0.000 -0.002  0.002  0.980  0.000
-0.002  0.001  0.001  0.000  0.997
nsum =  11.9830261
 exit write_ns
