
     Program PWSCF     v.2.1cvs starts ...
     Today is  3Jun2005 at 14:57:16 

     Ultrasoft (Vanderbilt) Pseudopotentials

     Current dimensions of program pwscf are:

     ntypx = 10   npk = 40000  lmax =  3
     nchix =  6  ndmx =  2000  nbrx = 14  nqfx =  8
  HUBBARD L FOR TYPE Fe IS            2
  HUBBARD L FOR TYPE Fe IS            2
  MAXIMUM HUBBARD L IS            2


     bravais-lattice index     =            0
     lattice parameter (a_0)   =       8.1900  a.u.
     unit-cell volume          =     274.6766 (a.u.)^3
     number of atoms/cell      =            4
     number of atomic types    =            3
     kinetic-energy cutoff     =      30.0000  Ry
     charge density cutoff     =     240.0000  Ry
     convergence threshold     =      1.0E-06
     beta                      =       0.3000
     number of iterations used =            8  plain     mixing
     Exchange-correlation      =  SLA  PZ   NOGX NOGC (1100)
     celldm(1)=   8.190000  celldm(2)=   0.000000  celldm(3)=   0.000000
     celldm(4)=   0.000000  celldm(5)=   0.000000  celldm(6)=   0.000000

     crystal axes: (cart. coord. in units of a_0)
               a(1) = (  0.500000  0.500000  1.000000 )  
               a(2) = (  0.500000  1.000000  0.500000 )  
               a(3) = (  1.000000  0.500000  0.500000 )  

     reciprocal axes: (cart. coord. in units 2 pi/a_0)
               b(1) = ( -0.500000 -0.500000  1.500000 )  
               b(2) = ( -0.500000  1.500000 -0.500000 )  
               b(3) = (  1.500000 -0.500000 -0.500000 )  


     PSEUDO 1 is O  (US)    zval =  6.0   lmax= 2   lloc= 0
     Version   0  0  0 of US pseudo code
     Using log mesh of  1269 points
     The pseudopotential has  4 beta functions with: 
                l(1) =   0
                l(2) =   0
                l(3) =   1
                l(4) =   1
     Q(r) pseudized with  0 coefficients,  rinner =    0.000   0.000   0.000
                                                       0.000   0.000

     PSEUDO 2 is Fe (US)    zval =  8.0   lmax= 2   lloc= 0
     Version   0  0  0 of US pseudo code
     Using log mesh of   957 points
     The pseudopotential has  6 beta functions with: 
                l(1) =   0
                l(2) =   0
                l(3) =   1
                l(4) =   1
                l(5) =   2
                l(6) =   2
     Q(r) pseudized with  0 coefficients,  rinner =    0.000   0.000   0.000
                                                       0.000   0.000

     PSEUDO 3 is Fe (US)    zval =  8.0   lmax= 2   lloc= 0
     Version   0  0  0 of US pseudo code
     Using log mesh of   957 points
     The pseudopotential has  6 beta functions with: 
                l(1) =   0
                l(2) =   0
                l(3) =   1
                l(4) =   1
                l(5) =   2
                l(6) =   2
     Q(r) pseudized with  0 coefficients,  rinner =    0.000   0.000   0.000
                                                       0.000   0.000

     atomic species   valence    mass     pseudopotential
        O1             6.00     1.00000     O ( 1.00)
        Fe1            8.00     1.00000     Fe( 1.00)
        Fe2            8.00     1.00000     Fe( 1.00)

     Starting magnetic structure 
     atomic species   magnetization
        O1           0.000
        Fe1          0.500
        Fe2         -0.500

     12 Sym.Ops. (with inversion)


   Cartesian axes

     site n.     atom                  positions (a_0 units)
         1           O1  tau(  1) = (   0.5000000   0.5000000   0.5000000  )
         2           O1  tau(  2) = (   1.5000000   1.5000000   1.5000000  )
         3           Fe1 tau(  3) = (   0.0000000   0.0000000   0.0000000  )
         4           Fe2 tau(  4) = (   1.0000000   1.0000000   1.0000000  )

     number of k points=    8  gaussian broad. (ryd)=  0.0100     ngauss =   0
                       cart. coord. in units 2pi/a_0
        k(    1) = (   0.0000000   0.0000000   0.0000000), wk =   0.1250000
        k(    2) = (  -0.7500000   0.2500000   0.2500000), wk =   0.3750000
        k(    3) = (  -0.5000000  -0.5000000   0.5000000), wk =   0.3750000
        k(    4) = (  -0.2500000  -0.2500000  -0.2500000), wk =   0.1250000
        k(    5) = (   0.0000000   0.0000000   0.0000000), wk =   0.1250000
        k(    6) = (  -0.7500000   0.2500000   0.2500000), wk =   0.3750000
        k(    7) = (  -0.5000000  -0.5000000   0.5000000), wk =   0.3750000
        k(    8) = (  -0.2500000  -0.2500000  -0.2500000), wk =   0.1250000

     G cutoff =  407.7738  (  17255 G-vectors)     FFT grid: ( 50, 50, 50)
     G cutoff =  203.8869  (   6111 G-vectors)  smooth grid: ( 36, 36, 36)

     nbndx  =    80  nbnd   =    20  natomwfc =    20  npwx   =     780
     nelec  =  28.00  nkb   =    52  ngl    =     342

     warning: negative or imaginary core charge    -0.000003    0.000000

     Initial potential from superposition of free atoms

     starting charge   27.99905, renormalised to   28.00000

     Parameters of the lda+U calculation:
     Number of iteration with fixed ns =  0
     Starting ns and Hubbard U :
 enter write_ns
U( 1) =  0.0000      U( 2) =  0.0000      U( 3) =  0.0000
alpha( 1) =  0.0000      alpha( 2) =  0.0000      alpha( 3) =  0.0000
atom  3   Tr[ns(na)]=   6.0000000
atom  3  spin  1
eigenvalues:  1.0000000 1.0000000 1.0000000 1.0000000 1.0000000
 eigenvectors
 1   1.0000000  0.0000000  0.0000000  0.0000000  0.0000000
 2   0.0000000  1.0000000  0.0000000  0.0000000  0.0000000
 3   0.0000000  0.0000000  1.0000000  0.0000000  0.0000000
 4   0.0000000  0.0000000  0.0000000  1.0000000  0.0000000
 5   0.0000000  0.0000000  0.0000000  0.0000000  1.0000000
 occupations
 1.000  0.000  0.000  0.000  0.000
 0.000  1.000  0.000  0.000  0.000
 0.000  0.000  1.000  0.000  0.000
 0.000  0.000  0.000  1.000  0.000
 0.000  0.000  0.000  0.000  1.000
atom  3  spin  2
eigenvalues:  0.2000000 0.2000000 0.2000000 0.2000000 0.2000000
 eigenvectors
 1   1.0000000  0.0000000  0.0000000  0.0000000  0.0000000
 2   0.0000000  1.0000000  0.0000000  0.0000000  0.0000000
 3   0.0000000  0.0000000  1.0000000  0.0000000  0.0000000
 4   0.0000000  0.0000000  0.0000000  1.0000000  0.0000000
 5   0.0000000  0.0000000  0.0000000  0.0000000  1.0000000
 occupations
 0.200  0.000  0.000  0.000  0.000
 0.000  0.200  0.000  0.000  0.000
 0.000  0.000  0.200  0.000  0.000
 0.000  0.000  0.000  0.200  0.000
 0.000  0.000  0.000  0.000  0.200
atom  4   Tr[ns(na)]=   6.0000000
atom  4  spin  1
eigenvalues:  0.2000000 0.2000000 0.2000000 0.2000000 0.2000000
 eigenvectors
 1   1.0000000  0.0000000  0.0000000  0.0000000  0.0000000
 2   0.0000000  1.0000000  0.0000000  0.0000000  0.0000000
 3   0.0000000  0.0000000  1.0000000  0.0000000  0.0000000
 4   0.0000000  0.0000000  0.0000000  1.0000000  0.0000000
 5   0.0000000  0.0000000  0.0000000  0.0000000  1.0000000
 occupations
 0.200  0.000  0.000  0.000  0.000
 0.000  0.200  0.000  0.000  0.000
 0.000  0.000  0.200  0.000  0.000
 0.000  0.000  0.000  0.200  0.000
 0.000  0.000  0.000  0.000  0.200
atom  4  spin  2
eigenvalues:  1.0000000 1.0000000 1.0000000 1.0000000 1.0000000
 eigenvectors
 1   1.0000000  0.0000000  0.0000000  0.0000000  0.0000000
 2   0.0000000  1.0000000  0.0000000  0.0000000  0.0000000
 3   0.0000000  0.0000000  1.0000000  0.0000000  0.0000000
 4   0.0000000  0.0000000  0.0000000  1.0000000  0.0000000
 5   0.0000000  0.0000000  0.0000000  0.0000000  1.0000000
 occupations
 1.000  0.000  0.000  0.000  0.000
 0.000  1.000  0.000  0.000  0.000
 0.000  0.000  1.000  0.000  0.000
 0.000  0.000  0.000  1.000  0.000
 0.000  0.000  0.000  0.000  1.000
nsum =  12.0000000
 exit write_ns
     Starting wfc are atomic
 Atomic wfc used for LDA+U Projector are NOT orthogonalized

     total cpu time spent up to now is     10.58 secs

     Self-consistent Calculation

     iteration #  1     ecut=    30.00 ryd     beta=0.30
     Davidson diagonalization (with overlap)
     ethr =  1.00E-02,  avg # of iterations =  3.2
 enter write_ns
U( 1) =  0.0000      U( 2) =  0.0000      U( 3) =  0.0000
alpha( 1) =  0.0000      alpha( 2) =  0.0000      alpha( 3) =  0.0000
atom  3   Tr[ns(na)]=   6.4251862
atom  3  spin  1
eigenvalues:  0.9871648 0.9871648 0.9966670 0.9966670 0.9980445
 eigenvectors
 1  -0.1663389 -0.1826794  0.2241655  0.9418006  0.0414861
 2  -0.9418006  0.1533741  0.0815179 -0.1663389  0.2348920
 3  -0.2921339 -0.3925243 -0.3883505 -0.0009015 -0.7808748
 4  -0.0009015  0.6750526 -0.6774623  0.2921339 -0.0024098
 5   0.0000000  0.5773503  0.5773503  0.0000000 -0.5773503
 occupations
 0.988  0.001  0.001  0.000  0.002
 0.001  0.997  0.001  0.002 -0.001
 0.001  0.001  0.997 -0.002 -0.001
 0.000  0.002 -0.002  0.988  0.000
 0.002 -0.001 -0.001  0.000  0.997
atom  3  spin  2
eigenvalues:  0.2000722 0.2000722 0.3336994 0.3336994 0.3919349
 eigenvectors
 1  -0.2862351 -0.0569143  0.0401297 -0.9554780 -0.0167846
 2  -0.9554780 -0.0134783 -0.0425501  0.2862351 -0.0560284
 3  -0.0708387  0.2979078  0.5074549  0.0106414  0.8053627
 4   0.0106414 -0.7579556  0.6369736  0.0708387 -0.1209820
 5   0.0000000 -0.5773503 -0.5773503  0.0000000  0.5773503
 occupations
 0.201 -0.004 -0.004  0.000 -0.008
-0.004  0.353  0.020 -0.007 -0.020
-0.004  0.020  0.353  0.007 -0.020
 0.000 -0.007  0.007  0.201  0.000
-0.008 -0.020 -0.020  0.000  0.353
atom  4   Tr[ns(na)]=   6.4251862
atom  4  spin  1
eigenvalues:  0.2000722 0.2000722 0.3336994 0.3336994 0.3919349
 eigenvectors
 1  -0.2754376 -0.0567586  0.0406072 -0.9586463 -0.0161514
 2  -0.9586463 -0.0141196 -0.0420946  0.2754376 -0.0562142
 3  -0.0707031  0.2886097  0.5152122  0.0115076  0.8038218
 4   0.0115076 -0.7615446  0.6307156  0.0707031 -0.1308290
 5   0.0000000 -0.5773503 -0.5773503  0.0000000  0.5773503
 occupations
 0.201 -0.004 -0.004  0.000 -0.008
-0.004  0.353  0.020 -0.007 -0.020
-0.004  0.020  0.353  0.007 -0.020
 0.000 -0.007  0.007  0.201  0.000
-0.008 -0.020 -0.020  0.000  0.353
atom  4  spin  2
eigenvalues:  0.9871648 0.9871648 0.9966670 0.9966670 0.9980445
 eigenvectors
 1   0.2168451  0.1741496 -0.2282323 -0.9314694 -0.0540828
 2   0.9314694 -0.1629947 -0.0693206  0.2168451 -0.2323153
 3  -0.2921306 -0.3865907 -0.3942753  0.0016598 -0.7808659
 4  -0.0016598 -0.6784681  0.6740314 -0.2921306 -0.0044367
 5   0.0000000 -0.5773503 -0.5773503  0.0000000  0.5773503
 occupations
 0.988  0.001  0.001  0.000  0.002
 0.001  0.997  0.001  0.002 -0.001
 0.001  0.001  0.997 -0.002 -0.001
 0.000  0.002 -0.002  0.988  0.000
 0.002 -0.001 -0.001  0.000  0.997
nsum =  12.8503725
 exit write_ns

     total cpu time spent up to now is     22.11 secs

     total energy              =  -174.41116749 ryd
     estimated scf accuracy    <     1.83910576 ryd

     total magnetization       =     0.00 Bohr mag/cell
     absolute magnetization    =     7.80 Bohr mag/cell

     iteration #  2     ecut=    30.00 ryd     beta=0.30
     Davidson diagonalization (with overlap)
     ethr =  6.57E-03,  avg # of iterations =  2.0
 enter write_ns
U( 1) =  0.0000      U( 2) =  0.0000      U( 3) =  0.0000
alpha( 1) =  0.0000      alpha( 2) =  0.0000      alpha( 3) =  0.0000
atom  3   Tr[ns(na)]=   7.0723087
atom  3  spin  1
eigenvalues:  0.9820441 0.9820441 0.9993320 0.9993320 0.9994634
 eigenvectors
 1   0.0482981  0.0731954 -0.0774245 -0.9931250 -0.0042291
 2   0.9931250 -0.0471427 -0.0398177  0.0482981 -0.0869604
 3   0.1063193  0.3510906  0.4583842 -0.0081362  0.8094747
 4  -0.0081362 -0.7319987  0.6700527 -0.1063193 -0.0619460
 5   0.0000000 -0.5773503 -0.5773503  0.0000000  0.5773503
 occupations
 0.982  0.001  0.001  0.000  0.001
 0.001  0.999  0.000  0.001  0.000
 0.001  0.000  0.999 -0.001  0.000
 0.000  0.001 -0.001  0.982  0.000
 0.001  0.000  0.000  0.000  0.999
atom  3  spin  2
eigenvalues:  0.3640701 0.3640701 0.4473002 0.4673264 0.4673264
 eigenvectors
 1  -0.7725281 -0.3468848 -0.1259542 -0.2083993 -0.4728389
 2  -0.2083993  0.3457134 -0.4732677  0.7725281 -0.1275543
 3   0.0000000  0.5773503  0.5773503  0.0000000 -0.5773503
 4  -0.4652759 -0.1036735  0.6104545  0.3785347  0.5067810
 5  -0.3785347  0.6450362 -0.2327342 -0.4652759  0.4123020
 occupations
 0.401 -0.020 -0.020  0.000 -0.040
-0.020  0.436  0.006 -0.035 -0.006
-0.020  0.006  0.436  0.035 -0.006
 0.000 -0.035  0.035  0.401  0.000
-0.040 -0.006 -0.006  0.000  0.436
atom  4   Tr[ns(na)]=   7.0723087
atom  4  spin  1
eigenvalues:  0.3640701 0.3640701 0.4473002 0.4673264 0.4673264
 eigenvectors
 1   0.7701973  0.3506534  0.1207590  0.2168547  0.4714124
 2   0.2168547 -0.3418903  0.4746199 -0.7701973  0.1327296
 3   0.0000000 -0.5773503 -0.5773503  0.0000000  0.5773503
 4  -0.4767378 -0.0837148  0.6029802  0.3639934  0.5192654
 5   0.3639934 -0.6479288  0.2514653  0.4767378 -0.3964635
 occupations
 0.401 -0.020 -0.020  0.000 -0.040
-0.020  0.436  0.006 -0.035 -0.006
-0.020  0.006  0.436  0.035 -0.006
 0.000 -0.035  0.035  0.401  0.000
-0.040 -0.006 -0.006  0.000  0.436
atom  4  spin  2
eigenvalues:  0.9820441 0.9820441 0.9993320 0.9993320 0.9994634
 eigenvectors
 1   0.0747952  0.0719107 -0.0784599 -0.9914816 -0.0065492
 2   0.9914816 -0.0490801 -0.0377364  0.0747952 -0.0868165
 3   0.1062815  0.3477817  0.4614051 -0.0086162  0.8091868
 4  -0.0086162 -0.7335766  0.6679761 -0.1062815 -0.0656005
 5   0.0000000 -0.5773503 -0.5773503  0.0000000  0.5773503
 occupations
 0.982  0.001  0.001  0.000  0.001
 0.001  0.999  0.000  0.001  0.000
 0.001  0.000  0.999 -0.001  0.000
 0.000  0.001 -0.001  0.982  0.000
 0.001  0.000  0.000  0.000  0.999
nsum =  14.1446175
 exit write_ns

     total cpu time spent up to now is     33.14 secs

     total energy              =  -174.80051269 ryd
     estimated scf accuracy    <     0.10996786 ryd

     total magnetization       =     0.00 Bohr mag/cell
     absolute magnetization    =     6.81 Bohr mag/cell

     iteration #  3     ecut=    30.00 ryd     beta=0.30
     Davidson diagonalization (with overlap)
     ethr =  3.93E-04,  avg # of iterations =  2.0
 enter write_ns
U( 1) =  0.0000      U( 2) =  0.0000      U( 3) =  0.0000
alpha( 1) =  0.0000      alpha( 2) =  0.0000      alpha( 3) =  0.0000
atom  3   Tr[ns(na)]=   6.9340445
atom  3  spin  1
eigenvalues:  0.9835314 0.9835314 0.9994364 0.9994364 0.9997647
 eigenvectors
 1   0.0834102  0.0823894 -0.0908245 -0.9889057 -0.0084350
 2   0.9889057 -0.0573075 -0.0426976  0.0834102 -0.1000051
 3   0.1226038  0.3541672  0.4540820 -0.0087504  0.8082492
 4  -0.0087504 -0.7288073  0.6711215 -0.1226038 -0.0576858
 5   0.0000000 -0.5773503 -0.5773503  0.0000000  0.5773503
 occupations
 0.984  0.001  0.001  0.000  0.002
 0.001  0.999  0.000  0.001  0.000
 0.001  0.000  0.999 -0.001  0.000
 0.000  0.001 -0.001  0.984  0.000
 0.002  0.000  0.000  0.000  0.999
atom  3  spin  2
eigenvalues:  0.3297260 0.3297260 0.4284447 0.4284447 0.4520026
 eigenvectors
 1   0.8299638  0.2719730  0.0315488  0.3795654  0.3035218
 2  -0.3795654  0.1934532 -0.3322621  0.8299638 -0.1388090
 3   0.3747196 -0.0837022 -0.5993980 -0.1633259 -0.6831002
 4   0.1633259 -0.7404507  0.4427135  0.3747196 -0.2977371
 5   0.0000000 -0.5773503 -0.5773503  0.0000000  0.5773503
 occupations
 0.346 -0.015 -0.015  0.000 -0.030
-0.015  0.425  0.013 -0.026 -0.013
-0.015  0.013  0.425  0.026 -0.013
 0.000 -0.026  0.026  0.346  0.000
-0.030 -0.013 -0.013  0.000  0.425
atom  4   Tr[ns(na)]=   6.9340445
atom  4  spin  1
eigenvalues:  0.3297260 0.3297260 0.4284447 0.4284447 0.4520026
 eigenvectors
 1   0.8204800  0.2766008  0.0234528  0.3996529  0.3000536
 2  -0.3996529  0.1867765 -0.3329315  0.8204800 -0.1461550
 3   0.3780708 -0.0992521 -0.5899572 -0.1554111 -0.6892093
 4   0.1554111 -0.7385271  0.4552184  0.3780708 -0.2833087
 5   0.0000000 -0.5773503 -0.5773503  0.0000000  0.5773503
 occupations
 0.346 -0.015 -0.015  0.000 -0.030
-0.015  0.425  0.013 -0.026 -0.013
-0.015  0.013  0.425  0.026 -0.013
 0.000 -0.026  0.026  0.346  0.000
-0.030 -0.013 -0.013  0.000  0.425
atom  4  spin  2
eigenvalues:  0.9835314 0.9835314 0.9994364 0.9994364 0.9997647
 eigenvectors
 1   0.0716152  0.0830668 -0.0903090 -0.9898298 -0.0072422
 2   0.9898298 -0.0563212 -0.0437773  0.0716152 -0.1000986
 3   0.1225676  0.3512339  0.4567769 -0.0092433  0.8080108
 4  -0.0092433 -0.7302255  0.6692902 -0.1225676 -0.0609353
 5   0.0000000 -0.5773503 -0.5773503  0.0000000  0.5773503
 occupations
 0.984  0.001  0.001  0.000  0.002
 0.001  0.999  0.000  0.001  0.000
 0.001  0.000  0.999 -0.001  0.000
 0.000  0.001 -0.001  0.984  0.000
 0.002  0.000  0.000  0.000  0.999
nsum =  13.8680890
 exit write_ns

     total cpu time spent up to now is     44.25 secs

     total energy              =  -174.82203562 ryd
     estimated scf accuracy    <     0.01954787 ryd

     total magnetization       =     0.00 Bohr mag/cell
     absolute magnetization    =     7.04 Bohr mag/cell

     iteration #  4     ecut=    30.00 ryd     beta=0.30
     Davidson diagonalization (with overlap)
     ethr =  6.98E-05,  avg # of iterations =  2.0
 enter write_ns
U( 1) =  0.0000      U( 2) =  0.0000      U( 3) =  0.0000
alpha( 1) =  0.0000      alpha( 2) =  0.0000      alpha( 3) =  0.0000
atom  3   Tr[ns(na)]=   6.9566561
atom  3  spin  1
eigenvalues:  0.9850873 0.9850873 0.9995036 0.9995036 0.9998002
 eigenvectors
 1  -0.0996311 -0.0953946  0.1072331  0.9845478  0.0118385
 2   0.9845478 -0.0687460 -0.0482411  0.0996311 -0.1169871
 3   0.1438224  0.3676561  0.4392708 -0.0073694  0.8069269
 4   0.0073694  0.7194925 -0.6781458  0.1438224  0.0413468
 5   0.0000000 -0.5773503 -0.5773503  0.0000000  0.5773503
 occupations
 0.985  0.001  0.001  0.000  0.002
 0.001  0.999  0.000  0.001  0.000
 0.001  0.000  0.999 -0.001  0.000
 0.000  0.001 -0.001  0.985  0.000
 0.002  0.000  0.000  0.000  0.999
atom  3  spin  2
eigenvalues:  0.3376224 0.3376224 0.4183593 0.4470350 0.4470350
 eigenvectors
 1  -0.8306031 -0.2444548 -0.0137942 -0.4283193 -0.2582491
 2   0.4283193 -0.1570643  0.2902362 -0.8306031  0.1331720
 3   0.0000000  0.5773503  0.5773503  0.0000000 -0.5773503
 4   0.3341059 -0.1306598 -0.5857273 -0.1225326 -0.7163871
 5  -0.1225326  0.7517761 -0.4890427 -0.3341059  0.2627334
 occupations
 0.351 -0.015 -0.015  0.000 -0.030
-0.015  0.428 -0.005 -0.026  0.005
-0.015 -0.005  0.428  0.026  0.005
 0.000 -0.026  0.026  0.351  0.000
-0.030  0.005  0.005  0.000  0.428
atom  4   Tr[ns(na)]=   6.9566561
atom  4  spin  1
eigenvalues:  0.3376224 0.3376224 0.4183593 0.4470350 0.4470350
 eigenvectors
 1   0.8109899  0.2511172  0.0010338  0.4643859  0.2521510
 2  -0.4643859  0.1461763 -0.2905620  0.8109899 -0.1443857
 3   0.0000000  0.5773503  0.5773503  0.0000000 -0.5773503
 4   0.3311399 -0.1129902 -0.5970372 -0.1303357 -0.7100273
 5  -0.1303357  0.7546340 -0.4751694 -0.3311399  0.2794647
 occupations
 0.351 -0.015 -0.015  0.000 -0.030
-0.015  0.428 -0.005 -0.026  0.005
-0.015 -0.005  0.428  0.026  0.005
 0.000 -0.026  0.026  0.351  0.000
-0.030  0.005  0.005  0.000  0.428
atom  4  spin  2
eigenvalues:  0.9850873 0.9850873 0.9995036 0.9995036 0.9998002
 eigenvectors
 1  -0.1079965 -0.0948068  0.1076392  0.9836654  0.0128325
 2   0.9836654 -0.0695544 -0.0473279  0.1079965 -0.1168823
 3   0.1438362  0.3690238  0.4379803 -0.0070959  0.8070040
 4   0.0070959  0.7187920 -0.6789800  0.1438362  0.0398121
 5   0.0000000 -0.5773503 -0.5773503  0.0000000  0.5773503
 occupations
 0.985  0.001  0.001  0.000  0.002
 0.001  0.999  0.000  0.001  0.000
 0.001  0.000  0.999 -0.001  0.000
 0.000  0.001 -0.001  0.985  0.000
 0.002  0.000  0.000  0.000  0.999
nsum =  13.9133122
 exit write_ns

     total cpu time spent up to now is     55.37 secs

     total energy              =  -174.82399736 ryd
     estimated scf accuracy    <     0.00211410 ryd

     total magnetization       =     0.00 Bohr mag/cell
     absolute magnetization    =     7.04 Bohr mag/cell

     iteration #  5     ecut=    30.00 ryd     beta=0.30
     Davidson diagonalization (with overlap)
     ethr =  7.55E-06,  avg # of iterations =  2.8
 enter write_ns
U( 1) =  0.0000      U( 2) =  0.0000      U( 3) =  0.0000
alpha( 1) =  0.0000      alpha( 2) =  0.0000      alpha( 3) =  0.0000
atom  3   Tr[ns(na)]=   6.9399810
atom  3  spin  1
eigenvalues:  0.9853243 0.9853243 0.9995123 0.9995123 0.9999043
 eigenvectors
 1  -0.1320053 -0.0917945  0.1072584  0.9810224  0.0154639
 2   0.9810224 -0.0708538 -0.0440694  0.1320053 -0.1149232
 3   0.1418201  0.3664025  0.4406794 -0.0075355  0.8070819
 4   0.0075355  0.7203953 -0.6775115  0.1418201  0.0428838
 5   0.0000000 -0.5773503 -0.5773503  0.0000000  0.5773503
 occupations
 0.986  0.001  0.001  0.000  0.002
 0.001  0.999  0.000  0.001  0.000
 0.001  0.000  0.999 -0.001  0.000
 0.000  0.001 -0.001  0.986  0.000
 0.002  0.000  0.000  0.000  0.999
atom  3  spin  2
eigenvalues:  0.3315123 0.3315123 0.4255545 0.4409123 0.4409123
 eigenvectors
 1   0.8295112  0.2431037  0.0122522  0.4329608  0.2553559
 2  -0.4329608  0.1545036 -0.2877858  0.8295112 -0.1332822
 3   0.0000000  0.5773503  0.5773503  0.0000000 -0.5773503
 4   0.3292606 -0.1189725 -0.5940856 -0.1266634 -0.7130580
 5  -0.1266634  0.7546797 -0.4803730 -0.3292606  0.2743067
 occupations
 0.345 -0.015 -0.015  0.000 -0.029
-0.015  0.427 -0.001 -0.026  0.001
-0.015 -0.001  0.427  0.026  0.001
 0.000 -0.026  0.026  0.345  0.000
-0.029  0.001  0.001  0.000  0.427
atom  4   Tr[ns(na)]=   6.9399810
atom  4  spin  1
eigenvalues:  0.3315123 0.3315123 0.4255545 0.4409123 0.4409123
 eigenvectors
 1   0.8156193  0.2477994  0.0032801  0.4585945  0.2510794
 2   0.4585945 -0.1468545  0.2880278 -0.8156193  0.1411733
 3   0.0000000  0.5773503  0.5773503  0.0000000 -0.5773503
 4   0.3315194 -0.1327385 -0.5852114 -0.1206276 -0.7179498
 5   0.1206276 -0.7523805  0.4911451  0.3315194 -0.2612353
 occupations
 0.345 -0.015 -0.015  0.000 -0.029
-0.015  0.427 -0.001 -0.026  0.001
-0.015 -0.001  0.427  0.026  0.001
 0.000 -0.026  0.026  0.345  0.000
-0.029  0.001  0.001  0.000  0.427
atom  4  spin  2
eigenvalues:  0.9853243 0.9853243 0.9995123 0.9995123 0.9999043
 eigenvectors
 1   0.1248135  0.0923112 -0.1069326 -0.9819633 -0.0146215
 2   0.9819633 -0.0701793 -0.0448542  0.1248135 -0.1150334
 3   0.1417337  0.3588595  0.4477305 -0.0090161  0.8065900
 4  -0.0090161 -0.7241823  0.6728726 -0.1417337 -0.0513097
 5   0.0000000 -0.5773503 -0.5773503  0.0000000  0.5773503
 occupations
 0.986  0.001  0.001  0.000  0.002
 0.001  0.999  0.000  0.001  0.000
 0.001  0.000  0.999 -0.001  0.000
 0.000  0.001 -0.001  0.986  0.000
 0.002  0.000  0.000  0.000  0.999
nsum =  13.8799621
 exit write_ns

     total cpu time spent up to now is     66.94 secs

     total energy              =  -174.82456392 ryd
     estimated scf accuracy    <     0.00036284 ryd

     total magnetization       =     0.00 Bohr mag/cell
     absolute magnetization    =     7.07 Bohr mag/cell

     iteration #  6     ecut=    30.00 ryd     beta=0.30
     Davidson diagonalization (with overlap)
     ethr =  1.30E-06,  avg # of iterations =  4.0
 enter write_ns
U( 1) =  0.0000      U( 2) =  0.0000      U( 3) =  0.0000
alpha( 1) =  0.0000      alpha( 2) =  0.0000      alpha( 3) =  0.0000
atom  3   Tr[ns(na)]=   6.9404426
atom  3  spin  1
eigenvalues:  0.9855452 0.9855452 0.9995095 0.9995095 0.9999597
 eigenvectors
 1   0.0724927  0.0956349 -0.1041024 -0.9872638 -0.0084676
 2   0.9872638 -0.0649923 -0.0503260  0.0724927 -0.1153184
 3   0.1413993  0.3648211  0.4422107 -0.0078285  0.8070318
 4  -0.0078285 -0.7212505  0.6765696 -0.1413993 -0.0446809
 5   0.0000000 -0.5773503 -0.5773503  0.0000000  0.5773503
 occupations
 0.986  0.001  0.001  0.000  0.002
 0.001  0.999  0.000  0.001  0.000
 0.001  0.000  0.999 -0.001  0.000
 0.000  0.001 -0.001  0.986  0.000
 0.002  0.000  0.000  0.000  0.999
atom  3  spin  2
eigenvalues:  0.3305463 0.3305463 0.4309849 0.4391480 0.4391480
 eigenvectors
 1   0.8309965  0.2510586  0.0175508  0.4170795  0.2686094
 2   0.4170795 -0.1652147  0.3000305 -0.8309965  0.1348158
 3   0.0000000  0.5773503  0.5773503  0.0000000 -0.5773503
 4   0.3413933 -0.1062409 -0.5978710 -0.1376230 -0.7041119
 5   0.1376230 -0.7517002  0.4678574  0.3413933 -0.2838428
 occupations
 0.345 -0.015 -0.015  0.000 -0.030
-0.015  0.427  0.002 -0.026 -0.002
-0.015  0.002  0.427  0.026 -0.002
 0.000 -0.026  0.026  0.345  0.000
-0.030 -0.002 -0.002  0.000  0.427
atom  4   Tr[ns(na)]=   6.9404426
atom  4  spin  1
eigenvalues:  0.3305463 0.3305463 0.4309849 0.4391480 0.4391480
 eigenvectors
 1   0.8522823  0.2417823  0.0337075  0.3716522  0.2754898
 2   0.3716522 -0.1785151  0.2986472 -0.8522823  0.1201320
 3   0.0000000  0.5773503  0.5773503  0.0000000 -0.5773503
 4   0.3419329 -0.1092021 -0.5960228 -0.1362767 -0.7052249
 5   0.1362767 -0.7512757  0.4702097  0.3419329 -0.2810661
 occupations
 0.345 -0.015 -0.015  0.000 -0.030
-0.015  0.427  0.002 -0.026 -0.002
-0.015  0.002  0.427  0.026 -0.002
 0.000 -0.026  0.026  0.345  0.000
-0.030 -0.002 -0.002  0.000  0.427
atom  4  spin  2
eigenvalues:  0.9855452 0.9855452 0.9995095 0.9995095 0.9999597
 eigenvectors
 1  -0.1537436 -0.0899434  0.1079015  0.9779099  0.0179582
 2   0.9779099 -0.0726651 -0.0415607  0.1537436 -0.1142258
 3   0.1413705  0.3622477  0.4446196 -0.0083325  0.8068674
 4   0.0083325  0.7225463 -0.6749889  0.1413705  0.0475574
 5   0.0000000 -0.5773503 -0.5773503  0.0000000  0.5773503
 occupations
 0.986  0.001  0.001  0.000  0.002
 0.001  0.999  0.000  0.001  0.000
 0.001  0.000  0.999 -0.001  0.000
 0.000  0.001 -0.001  0.986  0.000
 0.002  0.000  0.000  0.000  0.999
nsum =  13.8808851
 exit write_ns

     total cpu time spent up to now is     78.92 secs

     total energy              =  -174.82464042 ryd
     estimated scf accuracy    <     0.00002892 ryd

     total magnetization       =     0.00 Bohr mag/cell
     absolute magnetization    =     7.08 Bohr mag/cell

     iteration #  7     ecut=    30.00 ryd     beta=0.30
     Davidson diagonalization (with overlap)
     ethr =  1.03E-07,  avg # of iterations =  3.2
 enter write_ns
U( 1) =  0.0000      U( 2) =  0.0000      U( 3) =  0.0000
alpha( 1) =  0.0000      alpha( 2) =  0.0000      alpha( 3) =  0.0000
atom  3   Tr[ns(na)]=   6.9384224
atom  3  spin  1
eigenvalues:  0.9855909 0.9855909 0.9995049 0.9995049 0.9999641
 eigenvectors
 1   0.1086764  0.0936144 -0.1063683 -0.9838439 -0.0127538
 2   0.9838439 -0.0687752 -0.0466849  0.1086764 -0.1154601
 3   0.1419842  0.3590049  0.4475672 -0.0090009  0.8065721
 4  -0.0090009 -0.7240777  0.6729462 -0.1419842 -0.0511315
 5   0.0000000 -0.5773503 -0.5773503  0.0000000  0.5773503
 occupations
 0.986  0.001  0.001  0.000  0.002
 0.001  0.999  0.000  0.001  0.000
 0.001  0.000  0.999 -0.001  0.000
 0.000  0.001 -0.001  0.986  0.000
 0.002  0.000  0.000  0.000  0.999
atom  3  spin  2
eigenvalues:  0.3299716 0.3299716 0.4302519 0.4390359 0.4390359
 eigenvectors
 1   0.8741945  0.2283634  0.0507496  0.3211769  0.2791130
 2   0.3211769 -0.1904462  0.2929916 -0.8741945  0.1025454
 3   0.0000000  0.5773503  0.5773503  0.0000000 -0.5773503
 4   0.3392925 -0.1149444 -0.5935087 -0.1323253 -0.7084531
 5   0.1323253 -0.7516880  0.4753888  0.3392925 -0.2762992
 occupations
 0.344 -0.015 -0.015  0.000 -0.030
-0.015  0.426  0.002 -0.026 -0.002
-0.015  0.002  0.426  0.026 -0.002
 0.000 -0.026  0.026  0.344  0.000
-0.030 -0.002 -0.002  0.000  0.426
atom  4   Tr[ns(na)]=   6.9384223
atom  4  spin  1
eigenvalues:  0.3299715 0.3299715 0.4302519 0.4390359 0.4390359
 eigenvectors
 1   0.8347786  0.2474426  0.0190856  0.4129350  0.2665283
 2   0.4129350 -0.1648993  0.2967412 -0.8347786  0.1318420
 3   0.0000000  0.5773503  0.5773503  0.0000000 -0.5773503
 4   0.3390264 -0.1134358 -0.5944614 -0.1330059 -0.7078972
 5   0.1330059 -0.7519171  0.4741969  0.3390264 -0.2777202
 occupations
 0.344 -0.015 -0.015  0.000 -0.030
-0.015  0.426  0.002 -0.026 -0.002
-0.015  0.002  0.426  0.026 -0.002
 0.000 -0.026  0.026  0.344  0.000
-0.030 -0.002 -0.002  0.000  0.426
atom  4  spin  2
eigenvalues:  0.9855909 0.9855909 0.9995049 0.9995049 0.9999641
 eigenvectors
 1   0.1192503  0.0928694 -0.1068642 -0.9826184 -0.0139947
 2   0.9826184 -0.0697779 -0.0455383  0.1192503 -0.1153162
 3   0.1420919  0.3686578  0.4385260 -0.0071009  0.8071839
 4  -0.0071009 -0.7192109  0.6788725 -0.1420919 -0.0403384
 5   0.0000000 -0.5773503 -0.5773503  0.0000000  0.5773503
 occupations
 0.986  0.001  0.001  0.000  0.002
 0.001  0.999  0.000  0.001  0.000
 0.001  0.000  0.999 -0.001  0.000
 0.000  0.001 -0.001  0.986  0.000
 0.002  0.000  0.000  0.000  0.999
nsum =  13.8768447
 exit write_ns

     total cpu time spent up to now is     91.71 secs

     total energy              =  -174.82465416 ryd
     estimated scf accuracy    <     0.00001511 ryd

     total magnetization       =     0.00 Bohr mag/cell
     absolute magnetization    =     7.09 Bohr mag/cell

     iteration #  8     ecut=    30.00 ryd     beta=0.30
     Davidson diagonalization (with overlap)
     ethr =  5.40E-08,  avg # of iterations =  2.0
 enter write_ns
U( 1) =  0.0000      U( 2) =  0.0000      U( 3) =  0.0000
alpha( 1) =  0.0000      alpha( 2) =  0.0000      alpha( 3) =  0.0000
atom  3   Tr[ns(na)]=   6.9392388
atom  3  spin  1
eigenvalues:  0.9856314 0.9856314 0.9995008 0.9995008 0.9999716
 eigenvectors
 1   0.0639833  0.0966701 -0.1041818 -0.9877504 -0.0075116
 2   0.9877504 -0.0644862 -0.0514757  0.0639833 -0.1159619
 3   0.1420673  0.3615704  0.4451720 -0.0084999  0.8067424
 4  -0.0084999 -0.7227932  0.6745257 -0.1420673 -0.0482674
 5   0.0000000 -0.5773503 -0.5773503  0.0000000  0.5773503
 occupations
 0.986  0.001  0.001  0.000  0.002
 0.001  0.999  0.000  0.001  0.000
 0.001  0.000  0.999 -0.001  0.000
 0.000  0.001 -0.001  0.986  0.000
 0.002  0.000  0.000  0.000  0.999
atom  3  spin  2
eigenvalues:  0.3300454 0.3300454 0.4309986 0.4389568 0.4389568
 eigenvectors
 1   0.8506512  0.2422250  0.0321461  0.3760408  0.2743711
 2   0.3760408 -0.1769678  0.2982569 -0.8506512  0.1212891
 3   0.0000000  0.5773503  0.5773503  0.0000000 -0.5773503
 4   0.3386880 -0.0951326 -0.6049055 -0.1423948 -0.7000381
 5   0.1423948 -0.7534095  0.4590920  0.3386880 -0.2943175
 occupations
 0.345 -0.015 -0.015  0.000 -0.030
-0.015  0.427  0.002 -0.026 -0.002
-0.015  0.002  0.427  0.026 -0.002
 0.000 -0.026  0.026  0.345  0.000
-0.030 -0.002 -0.002  0.000  0.427
atom  4   Tr[ns(na)]=   6.9392402
atom  4  spin  1
eigenvalues:  0.3300454 0.3300454 0.4309988 0.4389573 0.4389573
 eigenvectors
 1   0.8265602  0.2524048  0.0141954  0.4263952  0.2666002
 2   0.4263952 -0.1621174  0.2996477 -0.8265602  0.1375303
 3   0.0000000  0.5773503  0.5773503  0.0000000 -0.5773503
 4   0.3447846 -0.1291318 -0.5835090 -0.1269209 -0.7126408
 5   0.1269209 -0.7483324  0.4859976  0.3447846 -0.2623348
 occupations
 0.345 -0.015 -0.015  0.000 -0.030
-0.015  0.427  0.002 -0.026 -0.002
-0.015  0.002  0.427  0.026 -0.002
 0.000 -0.026  0.026  0.345  0.000
-0.030 -0.002 -0.002  0.000  0.427
atom  4  spin  2
eigenvalues:  0.9856314 0.9856314 0.9995008 0.9995008 0.9999716
 eigenvectors
 1   0.0794152  0.0956504 -0.1049737 -0.9866295 -0.0093233
 2   0.9866295 -0.0659894 -0.0498409  0.0794152 -0.1158304
 3   0.1420711  0.3618845  0.4448788 -0.0084381  0.8067633
 4  -0.0084381 -0.7226359  0.6747191 -0.1420711 -0.0479168
 5   0.0000000 -0.5773503 -0.5773503  0.0000000  0.5773503
 occupations
 0.986  0.001  0.001  0.000  0.002
 0.001  0.999  0.000  0.001  0.000
 0.001  0.000  0.999 -0.001  0.000
 0.000  0.001 -0.001  0.986  0.000
 0.002  0.000  0.000  0.000  0.999
nsum =  13.8784790
 exit write_ns

     total cpu time spent up to now is    103.65 secs

     total energy              =  -174.82465746 ryd
     estimated scf accuracy    <     0.00000174 ryd

     total magnetization       =     0.00 Bohr mag/cell
     absolute magnetization    =     7.09 Bohr mag/cell

     iteration #  9     ecut=    30.00 ryd     beta=0.30
     Davidson diagonalization (with overlap)
     ethr =  6.21E-09,  avg # of iterations =  2.5
 enter write_ns
U( 1) =  0.0000      U( 2) =  0.0000      U( 3) =  0.0000
alpha( 1) =  0.0000      alpha( 2) =  0.0000      alpha( 3) =  0.0000
atom  3   Tr[ns(na)]=   6.9388973
atom  3  spin  1
eigenvalues:  0.9856401 0.9856401 0.9995008 0.9995008 0.9999706
 eigenvectors
 1   0.0468743  0.0979272 -0.1034391 -0.9886774 -0.0055120
 2   0.9886774 -0.0629029 -0.0533559  0.0468743 -0.1162589
 3   0.1422769  0.3602138  0.4464109 -0.0087780  0.8066248
 4  -0.0087780 -0.7234405  0.6736746 -0.1422769 -0.0497659
 5   0.0000000 -0.5773503 -0.5773503  0.0000000  0.5773503
 occupations
 0.986  0.001  0.001  0.000  0.002
 0.001  0.999  0.000  0.001  0.000
 0.001  0.000  0.999 -0.001  0.000
 0.000  0.001 -0.001  0.986  0.000
 0.002  0.000  0.000  0.000  0.999
atom  3  spin  2
eigenvalues:  0.3300051 0.3300051 0.4304471 0.4390939 0.4390939
 eigenvectors
 1   0.8514005  0.2409965  0.0320721  0.3760890  0.2730686
 2   0.3760890 -0.1761731  0.2967956 -0.8514005  0.1206225
 3   0.0000000  0.5773503  0.5773503  0.0000000 -0.5773503
 4   0.3417874 -0.1215109 -0.5889284 -0.1298295 -0.7104393
 5   0.1298295 -0.7501903  0.4803267  0.3417874 -0.2698637
 occupations
 0.345 -0.015 -0.015  0.000 -0.030
-0.015  0.426  0.002 -0.026 -0.002
-0.015  0.002  0.426  0.026 -0.002
 0.000 -0.026  0.026  0.345  0.000
-0.030 -0.002 -0.002  0.000  0.426
atom  4   Tr[ns(na)]=   6.9388794
atom  4  spin  1
eigenvalues:  0.3300043 0.3300043 0.4304440 0.4390874 0.4390874
 eigenvectors
 1   0.8435611  0.2445402  0.0260213  0.3933498  0.2705616
 2   0.3933498 -0.1712322  0.2973942 -0.8435611  0.1261620
 3   0.0000000  0.5773503  0.5773503  0.0000000 -0.5773503
 4   0.3350493 -0.0847410 -0.6116738 -0.1463644 -0.6964148
 5   0.1463644 -0.7552253  0.4510005  0.3350493 -0.3042248
 occupations
 0.345 -0.015 -0.015  0.000 -0.030
-0.015  0.426  0.002 -0.026 -0.002
-0.015  0.002  0.426  0.026 -0.002
 0.000 -0.026  0.026  0.345  0.000
-0.030 -0.002 -0.002  0.000  0.426
atom  4  spin  2
eigenvalues:  0.9856400 0.9856400 0.9995008 0.9995008 0.9999706
 eigenvectors
 1   0.0865175  0.0953229 -0.1054965 -0.9859996 -0.0101735
 2   0.9859996 -0.0667821 -0.0491610  0.0865175 -0.1159431
 3   0.1423238  0.3643517  0.4425450 -0.0079628  0.8068967
 4  -0.0079628 -0.7213655  0.6762206 -0.1423238 -0.0451449
 5   0.0000000 -0.5773503 -0.5773503  0.0000000  0.5773503
 occupations
 0.986  0.001  0.001  0.000  0.002
 0.001  0.999  0.000  0.001  0.000
 0.001  0.000  0.999 -0.001  0.000
 0.000  0.001 -0.001  0.986  0.000
 0.002  0.000  0.000  0.000  0.999
nsum =  13.8777767
 exit write_ns

     total cpu time spent up to now is    114.68 secs

     End of self-consistent calculation

 ------ SPIN UP ------------


          k = 0.0000 0.0000 0.0000 (   731 PWs)   bands (ev):

    -8.9533  -7.7470   2.7539   5.1280   5.1280   7.5762   7.5997   7.5997
     7.7786   7.7786   8.0653   8.9390   8.9390  11.0571  11.0571  11.2581
    11.5026  12.8937  12.8937  15.3691

          k =-0.7500 0.2500 0.2500 (   764 PWs)   bands (ev):

    -7.7710  -7.7516   3.6508   3.9129   4.7746   5.3281   5.3837   6.0704
     7.7226   8.2478   8.6481   9.6399   9.8410  10.4294  11.7006  11.8251
    12.6018  12.6287  17.2955  17.6039

          k =-0.5000-0.5000 0.5000 (   780 PWs)   bands (ev):

    -7.7622  -7.7506   2.7897   4.0521   5.1683   5.1908   6.4319   6.4446
     7.1587   8.2362   8.5578   9.3835   9.6071  10.7267  11.7108  11.8188
    13.0247  13.0949  15.3294  16.7015

          k =-0.2500-0.2500-0.2500 (   748 PWs)   bands (ev):

    -8.4148  -8.3808   4.4377   4.8297   5.5356   5.5356   6.5043   6.5043
     7.8491   7.8491   8.2989   9.9328   9.9328  10.9605  10.9727  10.9727
    12.4963  12.4963  13.9942  14.2632

 ------ SPIN DOWN ----------


          k = 0.0000 0.0000 0.0000 (   731 PWs)   bands (ev):

    -8.9533  -7.7470   2.7539   5.1280   5.1280   7.5762   7.5997   7.5997
     7.7786   7.7786   8.0653   8.9390   8.9390  11.0571  11.0571  11.2581
    11.5026  12.8937  12.8937  15.3691

          k =-0.7500 0.2500 0.2500 (   764 PWs)   bands (ev):

    -7.7710  -7.7516   3.6508   3.9129   4.7746   5.3281   5.3837   6.0704
     7.7226   8.2478   8.6481   9.6399   9.8410  10.4294  11.7006  11.8251
    12.6018  12.6287  17.2955  17.6039

          k =-0.5000-0.5000 0.5000 (   780 PWs)   bands (ev):

    -7.7622  -7.7506   2.7897   4.0521   5.1683   5.1908   6.4319   6.4446
     7.1587   8.2362   8.5578   9.3835   9.6071  10.7267  11.7108  11.8188
    13.0247  13.0949  15.3294  16.7015

          k =-0.2500-0.2500-0.2500 (   748 PWs)   bands (ev):

    -8.4148  -8.3808   4.4377   4.8297   5.5356   5.5356   6.5043   6.5043
     7.8491   7.8491   8.2989   9.9328   9.9328  10.9605  10.9727  10.9727
    12.4963  12.4963  13.9942  14.2632

     the Fermi energy is    10.9772 ev

!    total energy              =  -174.82465789 ryd
     estimated scf accuracy    <     0.00000002 ryd

     band energy sum           =    10.14384908 ryd
     one-electron contribution =     0.56186052 ryd
     hartree contribution      =    27.86102390 ryd
     xc contribution           =   -65.73506331 ryd
     ewald contribution        =  -137.50929535 ryd
     Hubbard energy            =     0.00000000 ryd
     correction for metals     =    -0.00318367 ryd

     total magnetization       =     0.00 Bohr mag/cell
     absolute magnetization    =     7.09 Bohr mag/cell

     convergence has been achieved

     Writing data file    feo_af.save
 
     PWSCF        :  1m54.70s CPU time

     init_run     :    10.25s CPU
     electrons    :   104.10s CPU
 
     electrons    :   104.10s CPU
     c_bands      :    55.63s CPU (       9 calls,   6.181 s avg)
     sum_band     :    30.14s CPU (       9 calls,   3.349 s avg)
     v_of_rho     :     2.56s CPU (      10 calls,   0.256 s avg)
     newd         :    13.48s CPU (      10 calls,   1.348 s avg)
     mix_rho      :     0.31s CPU (       9 calls,   0.034 s avg)
 
     c_bands      :    55.63s CPU (       9 calls,   6.181 s avg)
     init_us_2    :     0.68s CPU (     160 calls,   0.004 s avg)
     cegterg      :    54.94s CPU (      72 calls,   0.763 s avg)
 
     sum_band     :    30.14s CPU (       9 calls,   3.349 s avg)
     becsum       :     0.03s CPU (      72 calls,   0.000 s avg)
     addusdens    :    13.22s CPU (       9 calls,   1.469 s avg)
 
     wfcrot       :     2.58s CPU (       8 calls,   0.322 s avg)
     cegterg      :    54.94s CPU (      72 calls,   0.763 s avg)
     h_psi        :    53.19s CPU (     270 calls,   0.197 s avg)
     g_psi        :     0.16s CPU (     190 calls,   0.001 s avg)
     overlap      :     0.62s CPU (     190 calls,   0.003 s avg)
     cdiaghg      :     1.11s CPU (     262 calls,   0.004 s avg)
     update       :     0.47s CPU (     190 calls,   0.002 s avg)
     last         :     0.17s CPU (      72 calls,   0.002 s avg)
 
     h_psi        :    53.19s CPU (     270 calls,   0.197 s avg)
     init         :     0.10s CPU (     270 calls,   0.000 s avg)
     firstfft     :    23.07s CPU (    3534 calls,   0.007 s avg)
     secondfft    :    22.90s CPU (    3534 calls,   0.006 s avg)
     add_vuspsi   :     0.82s CPU (     270 calls,   0.003 s avg)
     s_psi        :     0.95s CPU (     278 calls,   0.003 s avg)
 
     General routines
     ccalbec      :     0.94s CPU (     350 calls,   0.003 s avg)
     cft3         :     7.03s CPU (     136 calls,   0.052 s avg)
     cft3s        :    49.77s CPU (    8546 calls,   0.006 s avg)
     interpolate  :     2.75s CPU (      38 calls,   0.072 s avg)
     davcio       :     0.30s CPU (     456 calls,   0.001 s avg)
 
