
     Program PWSCF v.6.3 starts on  7Sep2018 at  9:36:58 

     This program is part of the open-source Quantum ESPRESSO suite
     for quantum simulation of materials; please cite
         "P. Giannozzi et al., J. Phys.:Condens. Matter 21 395502 (2009);
         "P. Giannozzi et al., J. Phys.:Condens. Matter 29 465901 (2017);
          URL http://www.quantum-espresso.org", 
     in publications or presentations arising from this work. More details at
     http://www.quantum-espresso.org/quote

     Parallel version (MPI), running on     8 processors

     MPI processes distributed on     1 nodes
     R & G space division:  proc/nbgrp/npool/nimage =       8
     Waiting for input...
     Reading input from standard input

     Current dimensions of program PWSCF are:
     Max number of different atomic species (ntypx) = 10
     Max number of k-points (npk) =  40000
     Max angular momentum in pseudopotentials (lmaxx) =  3
               file Cr.pbesol-spn-kjpaw_psl.1.0.0.UPF: wavefunction(s)  3S 3P 3D renormalized
               file I.pbesol-n-kjpaw_psl.1.0.0.UPF: wavefunction(s)  5S renormalized

     Subspace diagonalization in iterative solution of the eigenvalue problem:
     a serial algorithm will be used

 
     Parallelization info
     --------------------
     sticks:   dense  smooth     PW     G-vecs:    dense   smooth      PW
     Min         604     302     84                26228     9265    1339
     Max         605     303     85                26230     9266    1340
     Sum        4837    2421    675               209835    74123   10713
 


     bravais-lattice index     =            0
     lattice parameter (alat)  =      14.5533  a.u.
     unit-cell volume          =    1819.5403 (a.u.)^3
     number of atoms/cell      =            8
     number of atomic types    =            2
     number of electrons       =        70.00 (up:  38.00, down:  32.00)
     number of Kohn-Sham states=           42
     kinetic-energy cutoff     =      45.0000  Ry
     charge density cutoff     =     360.0000  Ry
     convergence threshold     =      1.0E-15
     mixing beta               =       0.7000
     number of iterations used =            8  plain     mixing
     Exchange-correlation      = SLA PW PSX PSC ( 1  4 10  8 0 0)

     celldm(1)=  14.553300  celldm(2)=   0.000000  celldm(3)=   0.000000
     celldm(4)=   0.000000  celldm(5)=   0.000000  celldm(6)=   0.000000

     crystal axes: (cart. coord. in units of alat)
               a(1) = (   0.445836   0.257404   0.857306 )  
               a(2) = (  -0.445836   0.257404   0.857306 )  
               a(3) = (   0.000000  -0.514807   0.857306 )  

     reciprocal axes: (cart. coord. in units 2 pi/alat)
               b(1) = (  1.121488  0.647491  0.388815 )  
               b(2) = ( -1.121488  0.647491  0.388815 )  
               b(3) = (  0.000000 -1.294983  0.388815 )  


     PseudoPot. # 1 for Cr read from file:
     /scratch/timrov/WORK_Hubbard/Z_git/work2_QE_fork/q-e/pseudo/Cr.pbesol-spn-kjpaw_psl.1.0.0.UPF
     MD5 check sum: 1718a9c5a14bf16cf5a234e4ea9a81f7
     Pseudo is Projector augmented-wave + core cor, Zval = 14.0
     Generated using "atomic" code by A. Dal Corso v.6.3
     Shape of augmentation charge: PSQ
     Using radial grid of 1183 points,  6 beta functions with: 
                l(1) =   0
                l(2) =   0
                l(3) =   1
                l(4) =   1
                l(5) =   2
                l(6) =   2
     Q(r) pseudized with 0 coefficients 


     PseudoPot. # 2 for I  read from file:
     /scratch/timrov/WORK_Hubbard/Z_git/work2_QE_fork/q-e/pseudo/I.pbesol-n-kjpaw_psl.1.0.0.UPF
     MD5 check sum: 746ee7a96524079bc466f499f5748830
     Pseudo is Projector augmented-wave + core cor, Zval =  7.0
     Generated using "atomic" code by A. Dal Corso v.6.3
     Shape of augmentation charge: PSQ
     Using radial grid of 1247 points,  6 beta functions with: 
                l(1) =   0
                l(2) =   0
                l(3) =   1
                l(4) =   1
                l(5) =   2
                l(6) =   2
     Q(r) pseudized with 0 coefficients 


     atomic species   valence    mass     pseudopotential
        Cr            14.00    51.99600     Cr( 1.00)
        I              7.00   126.90450     I ( 1.00)

     Starting magnetic structure 
     atomic species   magnetization
        Cr           0.000
        I            0.000


     Simplified LDA+U calculation (l_max = 2) with parameters (eV):
     atomic species    L          U    alpha       J0     beta
        Cr             2     0.0000   0.0000   0.0000   0.0000



      6 Sym. Ops., with inversion, found


                                    s                        frac. trans.

      isym =  1     identity                                     

 cryst.   s( 1) = (     1          0          0      )
                  (     0          1          0      )
                  (     0          0          1      )

 cart.    s( 1) = (  1.0000000  0.0000000  0.0000000 )
                  (  0.0000000  1.0000000  0.0000000 )
                  (  0.0000000  0.0000000  1.0000000 )


      isym =  2     120 deg rotation - cryst. axis [0,0,1]       

 cryst.   s( 2) = (     0          1          0      )
                  (     0          0          1      )
                  (     1          0          0      )

 cart.    s( 2) = ( -0.5000000 -0.8660254  0.0000000 )
                  (  0.8660254 -0.5000000  0.0000000 )
                  (  0.0000000  0.0000000  1.0000000 )


      isym =  3     120 deg rotation - cryst. axis [0,0,-1]      

 cryst.   s( 3) = (     0          0          1      )
                  (     1          0          0      )
                  (     0          1          0      )

 cart.    s( 3) = ( -0.5000000  0.8660254  0.0000000 )
                  ( -0.8660254 -0.5000000  0.0000000 )
                  (  0.0000000  0.0000000  1.0000000 )


      isym =  4     inversion                                    

 cryst.   s( 4) = (    -1          0          0      )
                  (     0         -1          0      )
                  (     0          0         -1      )

 cart.    s( 4) = ( -1.0000000  0.0000000  0.0000000 )
                  (  0.0000000 -1.0000000  0.0000000 )
                  (  0.0000000  0.0000000 -1.0000000 )


      isym =  5     inv. 120 deg rotation - cryst. axis [0,0,1]  

 cryst.   s( 5) = (     0         -1          0      )
                  (     0          0         -1      )
                  (    -1          0          0      )

 cart.    s( 5) = (  0.5000000  0.8660254  0.0000000 )
                  ( -0.8660254  0.5000000  0.0000000 )
                  (  0.0000000  0.0000000 -1.0000000 )


      isym =  6     inv. 120 deg rotation - cryst. axis [0,0,-1] 

 cryst.   s( 6) = (     0          0         -1      )
                  (    -1          0          0      )
                  (     0         -1          0      )

 cart.    s( 6) = (  0.5000000 -0.8660254  0.0000000 )
                  (  0.8660254  0.5000000  0.0000000 )
                  (  0.0000000  0.0000000 -1.0000000 )


   Cartesian axes

     site n.     atom                  positions (alat units)
         1           Cr  tau(   1) = (   0.0000000   0.0000000   0.8582746  )
         2           Cr  tau(   2) = (   0.0000000   0.0000000   1.7136430  )
         3           I   tau(   3) = (   0.1333541   0.2583020   1.0603159  )
         4           I   tau(   4) = (  -0.1333541  -0.2583020   1.5116017  )
         5           I   tau(   5) = (  -0.1570191   0.2446390   1.5116017  )
         6           I   tau(   6) = (   0.1570191  -0.2446390   1.0603159  )
         7           I   tau(   7) = (  -0.2903732  -0.0136630   1.0603159  )
         8           I   tau(   8) = (   0.2903732   0.0136630   1.5116017  )

   Crystallographic axes

     site n.     atom                  positions (cryst. coord.)
         1           Cr  tau(   1) = (  0.3337100  0.3337100  0.3337100  )
         2           Cr  tau(   2) = (  0.6662900  0.6662900  0.6662900  )
         3           I   tau(   3) = (  0.7290700  0.4299600  0.0777700  )
         4           I   tau(   4) = (  0.2709300  0.5700400  0.9222300  )
         5           I   tau(   5) = (  0.5700400  0.9222300  0.2709300  )
         6           I   tau(   6) = (  0.4299600  0.0777700  0.7290700  )
         7           I   tau(   7) = (  0.0777700  0.7290700  0.4299600  )
         8           I   tau(   8) = (  0.9222300  0.2709300  0.5700400  )

     number of k points=     4
                       cart. coord. in units 2pi/alat
        k(    1) = (   0.0000000   0.0000000   0.0000000), wk =   0.1250000
        k(    2) = (   0.0000000   0.6474914  -0.1944075), wk =   0.3750000
        k(    3) = (   0.5607440   0.3237457  -0.3888149), wk =   0.3750000
        k(    4) = (   0.0000000   0.0000000  -0.5832224), wk =   0.1250000

                       cryst. coord.
        k(    1) = (   0.0000000   0.0000000   0.0000000), wk =   0.1250000
        k(    2) = (   0.0000000   0.0000000  -0.5000000), wk =   0.3750000
        k(    3) = (   0.0000000  -0.5000000  -0.5000000), wk =   0.3750000
        k(    4) = (  -0.5000000  -0.5000000  -0.5000000), wk =   0.1250000

     Dense  grid:   209835 G-vectors     FFT dimensions: (  90,  90,  90)

     Smooth grid:    74123 G-vectors     FFT dimensions: (  64,  64,  64)

     Dynamical RAM for                 wfc:       0.74 MB

     Dynamical RAM for     wfc (w. buffer):       6.68 MB

     Dynamical RAM for             U proj.:       0.18 MB

     Dynamical RAM for  U proj. (w. buff.):       1.59 MB

     Dynamical RAM for           str. fact:       0.80 MB

     Dynamical RAM for           local pot:       0.00 MB

     Dynamical RAM for          nlocal pot:       2.55 MB

     Dynamical RAM for                qrad:       7.05 MB

     Dynamical RAM for          rho,v,vnew:       6.85 MB

     Dynamical RAM for               rhoin:       2.28 MB

     Dynamical RAM for            rho*nmix:      12.81 MB

     Dynamical RAM for           G-vectors:       1.57 MB

     Dynamical RAM for          h,s,v(r/c):       1.29 MB

     Dynamical RAM for          <psi|beta>:       0.09 MB

     Dynamical RAM for                 psi:       2.97 MB

     Dynamical RAM for                hpsi:       2.97 MB

     Dynamical RAM for                spsi:       2.97 MB

     Dynamical RAM for      wfcinit/wfcrot:       1.53 MB

     Dynamical RAM for           addusdens:      77.25 MB

     Estimated static dynamical RAM per process >      47.83 MB

     Estimated max dynamical RAM per process >     125.08 MB

     Estimated total dynamical RAM >    1000.64 MB
     Generating pointlists ...
     new r_m :   0.1459 (alat units)  2.1240 (a.u.) for type    1
     new r_m :   0.1459 (alat units)  2.1240 (a.u.) for type    2

     The initial density is read from file :
     /scratch/timrov/WORK_Hubbard/Z_git/work2_QE_fork/q-e/tempdir/CrI3.save/charge-density

 --- in v_hubbard ---
Hubbard energy    0.0000
 -------
     Number of +U iterations with fixed ns =  0
     Starting occupations:
 --- enter write_ns ---
 LDA+U parameters:
U( 1)     =  0.00000001
alpha( 1) =  0.00000000
atom    1   Tr[ns(na)] (up, down, total) =   3.94951  0.73412  4.68363
   spin  1
    eigenvalues: 
  0.498  0.498  0.985  0.985  0.985
    eigenvectors:
  0.000  0.000  0.000  0.000  1.000
  0.103  0.579  0.052  0.266  0.000
  0.579  0.103  0.266  0.052  0.000
  0.049  0.270  0.114  0.567  0.000
  0.270  0.049  0.567  0.114  0.000
    occupations:
  0.985  0.000 -0.000 -0.000 -0.000
  0.000  0.653 -0.000 -0.227 -0.001
 -0.000 -0.000  0.653 -0.001  0.227
 -0.000 -0.227 -0.001  0.830  0.000
 -0.000 -0.001  0.227  0.000  0.830
   spin  2
    eigenvalues: 
  0.067  0.071  0.071  0.262  0.262
    eigenvectors:
  1.000  0.000  0.000  0.000  0.000
  0.000  0.048  0.274  0.098  0.580
  0.000  0.274  0.048  0.580  0.098
  0.000  0.098  0.580  0.045  0.277
  0.000  0.580  0.098  0.277  0.045
    occupations:
  0.067 -0.000 -0.000 -0.000 -0.000
 -0.000  0.201 -0.000  0.089 -0.001
 -0.000 -0.000  0.201 -0.001 -0.089
 -0.000  0.089 -0.001  0.133  0.000
 -0.000 -0.001 -0.089  0.000  0.133
atomic mag. moment =     3.215389
atom    2   Tr[ns(na)] (up, down, total) =   3.94951  0.73412  4.68363
   spin  1
    eigenvalues: 
  0.498  0.498  0.985  0.985  0.985
    eigenvectors:
  0.000  0.000  0.000  0.000  1.000
  0.103  0.579  0.052  0.266  0.000
  0.579  0.103  0.266  0.052  0.000
  0.049  0.270  0.114  0.567  0.000
  0.270  0.049  0.567  0.114  0.000
    occupations:
  0.985  0.000 -0.000 -0.000 -0.000
  0.000  0.653 -0.000 -0.227 -0.001
 -0.000 -0.000  0.653 -0.001  0.227
 -0.000 -0.227 -0.001  0.830  0.000
 -0.000 -0.001  0.227  0.000  0.830
   spin  2
    eigenvalues: 
  0.067  0.071  0.071  0.262  0.262
    eigenvectors:
  1.000  0.000  0.000  0.000  0.000
  0.000  0.048  0.274  0.098  0.580
  0.000  0.274  0.048  0.580  0.098
  0.000  0.098  0.580  0.045  0.277
  0.000  0.580  0.098  0.277  0.045
    occupations:
  0.067 -0.000 -0.000 -0.000 -0.000
 -0.000  0.201 -0.000  0.089 -0.001
 -0.000 -0.000  0.201 -0.001 -0.089
 -0.000  0.089 -0.001  0.133  0.000
 -0.000 -0.001 -0.089  0.000  0.133
atomic mag. moment =     3.215389
N of occupied +U levels =    9.367263
 --- exit write_ns ---
 Atomic wfc used for LDA+U Projector are orthogonalized
     Starting wfcs from file
     Checking if some PAW data can be deallocated... 
       PAW data deallocated on    6 nodes for type:  1
       PAW data deallocated on    2 nodes for type:  2

     total cpu time spent up to now is        2.8 secs

     Self-consistent Calculation

     iteration #  1     ecut=    45.00 Ry     beta= 0.70
     Davidson diagonalization with overlap
     ethr =  1.00E-05,  avg # of iterations =  1.0
 --- enter write_ns ---
 LDA+U parameters:
U( 1)     =  0.00000001
alpha( 1) =  0.00000000
atom    1   Tr[ns(na)] (up, down, total) =   3.94951  0.73412  4.68364
   spin  1
    eigenvalues: 
  0.498  0.498  0.985  0.985  0.985
    eigenvectors:
  0.000  0.000  0.000  0.000  1.000
  0.103  0.579  0.052  0.266  0.000
  0.579  0.103  0.266  0.052  0.000
  0.049  0.270  0.114  0.567  0.000
  0.270  0.049  0.567  0.114  0.000
    occupations:
  0.985  0.000 -0.000 -0.000 -0.000
  0.000  0.653 -0.000 -0.227 -0.001
 -0.000 -0.000  0.653 -0.001  0.227
 -0.000 -0.227 -0.001  0.830  0.000
 -0.000 -0.001  0.227  0.000  0.830
   spin  2
    eigenvalues: 
  0.067  0.071  0.071  0.262  0.262
    eigenvectors:
  1.000  0.000  0.000  0.000  0.000
  0.000  0.048  0.274  0.098  0.580
  0.000  0.274  0.048  0.580  0.098
  0.000  0.098  0.580  0.045  0.277
  0.000  0.580  0.098  0.277  0.045
    occupations:
  0.067 -0.000 -0.000 -0.000 -0.000
 -0.000  0.201 -0.000  0.089 -0.001
 -0.000 -0.000  0.201 -0.001 -0.089
 -0.000  0.089 -0.001  0.133  0.000
 -0.000 -0.001 -0.089  0.000  0.133
atomic mag. moment =     3.215388
atom    2   Tr[ns(na)] (up, down, total) =   3.94951  0.73412  4.68364
   spin  1
    eigenvalues: 
  0.498  0.498  0.985  0.985  0.985
    eigenvectors:
  0.000  0.000  0.000  0.000  1.000
  0.103  0.579  0.052  0.266  0.000
  0.579  0.103  0.266  0.052  0.000
  0.049  0.270  0.114  0.567  0.000
  0.270  0.049  0.567  0.114  0.000
    occupations:
  0.985  0.000 -0.000 -0.000 -0.000
  0.000  0.653 -0.000 -0.227 -0.001
 -0.000 -0.000  0.653 -0.001  0.227
 -0.000 -0.227 -0.001  0.830  0.000
 -0.000 -0.001  0.227  0.000  0.830
   spin  2
    eigenvalues: 
  0.067  0.071  0.071  0.262  0.262
    eigenvectors:
  1.000  0.000  0.000  0.000  0.000
  0.000  0.048  0.274  0.098  0.580
  0.000  0.274  0.048  0.580  0.098
  0.000  0.098  0.580  0.045  0.277
  0.000  0.580  0.098  0.277  0.045
    occupations:
  0.067 -0.000 -0.000 -0.000 -0.000
 -0.000  0.201 -0.000  0.089 -0.001
 -0.000 -0.000  0.201 -0.001 -0.089
 -0.000  0.089 -0.001  0.133  0.000
 -0.000 -0.001 -0.089  0.000  0.133
atomic mag. moment =     3.215388
N of occupied +U levels =    9.367272
 --- exit write_ns ---

     Threshold (ethr) on eigenvalues was too large:
     Diagonalizing with lowered threshold

     Davidson diagonalization with overlap
     ethr =  6.15E-14,  avg # of iterations =  1.6
 --- enter write_ns ---
 LDA+U parameters:
U( 1)     =  0.00000001
alpha( 1) =  0.00000000
atom    1   Tr[ns(na)] (up, down, total) =   3.94951  0.73412  4.68364
   spin  1
    eigenvalues: 
  0.498  0.498  0.985  0.985  0.985
    eigenvectors:
  0.000  0.000  0.000  0.000  1.000
  0.103  0.579  0.052  0.266  0.000
  0.579  0.103  0.266  0.052  0.000
  0.049  0.270  0.114  0.567  0.000
  0.270  0.049  0.567  0.114  0.000
    occupations:
  0.985  0.000 -0.000 -0.000 -0.000
  0.000  0.653 -0.000 -0.227 -0.001
 -0.000 -0.000  0.653 -0.001  0.227
 -0.000 -0.227 -0.001  0.830  0.000
 -0.000 -0.001  0.227  0.000  0.830
   spin  2
    eigenvalues: 
  0.067  0.071  0.071  0.262  0.262
    eigenvectors:
  1.000  0.000  0.000  0.000  0.000
  0.000  0.048  0.274  0.098  0.580
  0.000  0.274  0.048  0.580  0.098
  0.000  0.098  0.580  0.045  0.277
  0.000  0.580  0.098  0.277  0.045
    occupations:
  0.067 -0.000 -0.000 -0.000 -0.000
 -0.000  0.201 -0.000  0.089 -0.001
 -0.000 -0.000  0.201 -0.001 -0.089
 -0.000  0.089 -0.001  0.133  0.000
 -0.000 -0.001 -0.089  0.000  0.133
atomic mag. moment =     3.215388
atom    2   Tr[ns(na)] (up, down, total) =   3.94951  0.73412  4.68364
   spin  1
    eigenvalues: 
  0.498  0.498  0.985  0.985  0.985
    eigenvectors:
  0.000  0.000  0.000  0.000  1.000
  0.103  0.579  0.052  0.266  0.000
  0.579  0.103  0.266  0.052  0.000
  0.049  0.270  0.114  0.567  0.000
  0.270  0.049  0.567  0.114  0.000
    occupations:
  0.985  0.000 -0.000 -0.000 -0.000
  0.000  0.653 -0.000 -0.227 -0.001
 -0.000 -0.000  0.653 -0.001  0.227
 -0.000 -0.227 -0.001  0.830  0.000
 -0.000 -0.001  0.227  0.000  0.830
   spin  2
    eigenvalues: 
  0.067  0.071  0.071  0.262  0.262
    eigenvectors:
  1.000  0.000  0.000  0.000  0.000
  0.000  0.048  0.274  0.098  0.580
  0.000  0.274  0.048  0.580  0.098
  0.000  0.098  0.580  0.045  0.277
  0.000  0.580  0.098  0.277  0.045
    occupations:
  0.067 -0.000 -0.000 -0.000 -0.000
 -0.000  0.201 -0.000  0.089 -0.001
 -0.000 -0.000  0.201 -0.001 -0.089
 -0.000  0.089 -0.001  0.133  0.000
 -0.000 -0.001 -0.089  0.000  0.133
atomic mag. moment =     3.215388
N of occupied +U levels =    9.367272
 --- exit write_ns ---
 --- in v_hubbard ---
Hubbard energy    0.0000
 -------

     total cpu time spent up to now is        6.4 secs

     total energy              =   -2729.92563503 Ry
     Harris-Foulkes estimate   =   -2729.92563503 Ry
     estimated scf accuracy    <          4.8E-11 Ry

     total magnetization       =     6.00 Bohr mag/cell
     absolute magnetization    =     7.25 Bohr mag/cell

     iteration #  2     ecut=    45.00 Ry     beta= 0.70
     Davidson diagonalization with overlap
     ethr =  1.00E-13,  avg # of iterations =  2.5
 --- enter write_ns ---
 LDA+U parameters:
U( 1)     =  0.00000001
alpha( 1) =  0.00000000
atom    1   Tr[ns(na)] (up, down, total) =   3.94950  0.73411  4.68361
   spin  1
    eigenvalues: 
  0.498  0.498  0.985  0.985  0.985
    eigenvectors:
  0.000  0.000  0.000  0.000  1.000
  0.103  0.579  0.052  0.266  0.000
  0.579  0.103  0.266  0.052  0.000
  0.049  0.270  0.114  0.567  0.000
  0.270  0.049  0.567  0.114  0.000
    occupations:
  0.985  0.000 -0.000 -0.000 -0.000
  0.000  0.653 -0.000 -0.227 -0.001
 -0.000 -0.000  0.653 -0.001  0.227
 -0.000 -0.227 -0.001  0.830  0.000
 -0.000 -0.001  0.227  0.000  0.830
   spin  2
    eigenvalues: 
  0.067  0.071  0.071  0.262  0.262
    eigenvectors:
  1.000  0.000  0.000  0.000  0.000
  0.000  0.048  0.274  0.098  0.580
  0.000  0.274  0.048  0.580  0.098
  0.000  0.098  0.580  0.045  0.277
  0.000  0.580  0.098  0.277  0.045
    occupations:
  0.067 -0.000 -0.000 -0.000 -0.000
 -0.000  0.201 -0.000  0.089 -0.001
 -0.000 -0.000  0.201 -0.001 -0.089
 -0.000  0.089 -0.001  0.133  0.000
 -0.000 -0.001 -0.089  0.000  0.133
atomic mag. moment =     3.215385
atom    2   Tr[ns(na)] (up, down, total) =   3.94950  0.73411  4.68361
   spin  1
    eigenvalues: 
  0.498  0.498  0.985  0.985  0.985
    eigenvectors:
  0.000  0.000  0.000  0.000  1.000
  0.103  0.579  0.052  0.266  0.000
  0.579  0.103  0.266  0.052  0.000
  0.049  0.270  0.114  0.567  0.000
  0.270  0.049  0.567  0.114  0.000
    occupations:
  0.985  0.000 -0.000 -0.000 -0.000
  0.000  0.653 -0.000 -0.227 -0.001
 -0.000 -0.000  0.653 -0.001  0.227
 -0.000 -0.227 -0.001  0.830  0.000
 -0.000 -0.001  0.227  0.000  0.830
   spin  2
    eigenvalues: 
  0.067  0.071  0.071  0.262  0.262
    eigenvectors:
  1.000  0.000  0.000  0.000  0.000
  0.000  0.048  0.274  0.098  0.580
  0.000  0.274  0.048  0.580  0.098
  0.000  0.098  0.580  0.045  0.277
  0.000  0.580  0.098  0.277  0.045
    occupations:
  0.067 -0.000 -0.000 -0.000 -0.000
 -0.000  0.201 -0.000  0.089 -0.001
 -0.000 -0.000  0.201 -0.001 -0.089
 -0.000  0.089 -0.001  0.133  0.000
 -0.000 -0.001 -0.089  0.000  0.133
atomic mag. moment =     3.215385
N of occupied +U levels =    9.367220
 --- exit write_ns ---
 --- in v_hubbard ---
Hubbard energy    0.0000
 -------

     total cpu time spent up to now is        8.8 secs

     total energy              =   -2729.92563502 Ry
     Harris-Foulkes estimate   =   -2729.92563503 Ry
     estimated scf accuracy    <          9.2E-10 Ry

     total magnetization       =     6.00 Bohr mag/cell
     absolute magnetization    =     7.25 Bohr mag/cell

     iteration #  3     ecut=    45.00 Ry     beta= 0.70
     Davidson diagonalization with overlap
     ethr =  1.00E-13,  avg # of iterations =  2.5
 --- enter write_ns ---
 LDA+U parameters:
U( 1)     =  0.00000001
alpha( 1) =  0.00000000
atom    1   Tr[ns(na)] (up, down, total) =   3.94951  0.73412  4.68363
   spin  1
    eigenvalues: 
  0.498  0.498  0.985  0.985  0.985
    eigenvectors:
  0.000  0.000  0.000  0.000  1.000
  0.103  0.579  0.052  0.266  0.000
  0.579  0.103  0.266  0.052  0.000
  0.049  0.270  0.114  0.567  0.000
  0.270  0.049  0.567  0.114  0.000
    occupations:
  0.985  0.000 -0.000 -0.000 -0.000
  0.000  0.653 -0.000 -0.227 -0.001
 -0.000 -0.000  0.653 -0.001  0.227
 -0.000 -0.227 -0.001  0.830  0.000
 -0.000 -0.001  0.227  0.000  0.830
   spin  2
    eigenvalues: 
  0.067  0.071  0.071  0.262  0.262
    eigenvectors:
  1.000  0.000  0.000  0.000  0.000
  0.000  0.048  0.274  0.098  0.580
  0.000  0.274  0.048  0.580  0.098
  0.000  0.098  0.580  0.045  0.277
  0.000  0.580  0.098  0.277  0.045
    occupations:
  0.067 -0.000 -0.000 -0.000 -0.000
 -0.000  0.201 -0.000  0.089 -0.001
 -0.000 -0.000  0.201 -0.001 -0.089
 -0.000  0.089 -0.001  0.133  0.000
 -0.000 -0.001 -0.089  0.000  0.133
atomic mag. moment =     3.215387
atom    2   Tr[ns(na)] (up, down, total) =   3.94951  0.73412  4.68363
   spin  1
    eigenvalues: 
  0.498  0.498  0.985  0.985  0.985
    eigenvectors:
  0.000  0.000  0.000  0.000  1.000
  0.103  0.579  0.052  0.266  0.000
  0.579  0.103  0.266  0.052  0.000
  0.049  0.270  0.114  0.567  0.000
  0.270  0.049  0.567  0.114  0.000
    occupations:
  0.985  0.000 -0.000 -0.000 -0.000
  0.000  0.653 -0.000 -0.227 -0.001
 -0.000 -0.000  0.653 -0.001  0.227
 -0.000 -0.227 -0.001  0.830  0.000
 -0.000 -0.001  0.227  0.000  0.830
   spin  2
    eigenvalues: 
  0.067  0.071  0.071  0.262  0.262
    eigenvectors:
  1.000  0.000  0.000  0.000  0.000
  0.000  0.048  0.274  0.098  0.580
  0.000  0.274  0.048  0.580  0.098
  0.000  0.098  0.580  0.045  0.277
  0.000  0.580  0.098  0.277  0.045
    occupations:
  0.067 -0.000 -0.000 -0.000 -0.000
 -0.000  0.201 -0.000  0.089 -0.001
 -0.000 -0.000  0.201 -0.001 -0.089
 -0.000  0.089 -0.001  0.133  0.000
 -0.000 -0.001 -0.089  0.000  0.133
atomic mag. moment =     3.215387
N of occupied +U levels =    9.367266
 --- exit write_ns ---
 --- in v_hubbard ---
Hubbard energy    0.0000
 -------

     total cpu time spent up to now is       11.2 secs

     total energy              =   -2729.92563503 Ry
     Harris-Foulkes estimate   =   -2729.92563503 Ry
     estimated scf accuracy    <          4.1E-12 Ry

     total magnetization       =     6.00 Bohr mag/cell
     absolute magnetization    =     7.25 Bohr mag/cell

     iteration #  4     ecut=    45.00 Ry     beta= 0.70
     Davidson diagonalization with overlap
     ethr =  1.00E-13,  avg # of iterations =  1.0
 --- enter write_ns ---
 LDA+U parameters:
U( 1)     =  0.00000001
alpha( 1) =  0.00000000
atom    1   Tr[ns(na)] (up, down, total) =   3.94951  0.73412  4.68363
   spin  1
    eigenvalues: 
  0.498  0.498  0.985  0.985  0.985
    eigenvectors:
  0.000  0.000  0.000  0.000  1.000
  0.103  0.579  0.052  0.266  0.000
  0.579  0.103  0.266  0.052  0.000
  0.049  0.270  0.114  0.567  0.000
  0.270  0.049  0.567  0.114  0.000
    occupations:
  0.985  0.000 -0.000 -0.000 -0.000
  0.000  0.653 -0.000 -0.227 -0.001
 -0.000 -0.000  0.653 -0.001  0.227
 -0.000 -0.227 -0.001  0.830  0.000
 -0.000 -0.001  0.227  0.000  0.830
   spin  2
    eigenvalues: 
  0.067  0.071  0.071  0.262  0.262
    eigenvectors:
  1.000  0.000  0.000  0.000  0.000
  0.000  0.048  0.274  0.098  0.580
  0.000  0.274  0.048  0.580  0.098
  0.000  0.098  0.580  0.045  0.277
  0.000  0.580  0.098  0.277  0.045
    occupations:
  0.067 -0.000 -0.000 -0.000 -0.000
 -0.000  0.201 -0.000  0.089 -0.001
 -0.000 -0.000  0.201 -0.001 -0.089
 -0.000  0.089 -0.001  0.133  0.000
 -0.000 -0.001 -0.089  0.000  0.133
atomic mag. moment =     3.215387
atom    2   Tr[ns(na)] (up, down, total) =   3.94951  0.73412  4.68363
   spin  1
    eigenvalues: 
  0.498  0.498  0.985  0.985  0.985
    eigenvectors:
  0.000  0.000  0.000  0.000  1.000
  0.103  0.579  0.052  0.266  0.000
  0.579  0.103  0.266  0.052  0.000
  0.049  0.270  0.114  0.567  0.000
  0.270  0.049  0.567  0.114  0.000
    occupations:
  0.985  0.000 -0.000 -0.000 -0.000
  0.000  0.653 -0.000 -0.227 -0.001
 -0.000 -0.000  0.653 -0.001  0.227
 -0.000 -0.227 -0.001  0.830  0.000
 -0.000 -0.001  0.227  0.000  0.830
   spin  2
    eigenvalues: 
  0.067  0.071  0.071  0.262  0.262
    eigenvectors:
  1.000  0.000  0.000  0.000  0.000
  0.000  0.048  0.274  0.098  0.580
  0.000  0.274  0.048  0.580  0.098
  0.000  0.098  0.580  0.045  0.277
  0.000  0.580  0.098  0.277  0.045
    occupations:
  0.067 -0.000 -0.000 -0.000 -0.000
 -0.000  0.201 -0.000  0.089 -0.001
 -0.000 -0.000  0.201 -0.001 -0.089
 -0.000  0.089 -0.001  0.133  0.000
 -0.000 -0.001 -0.089  0.000  0.133
atomic mag. moment =     3.215387
N of occupied +U levels =    9.367264
 --- exit write_ns ---
 --- in v_hubbard ---
Hubbard energy    0.0000
 -------

     total cpu time spent up to now is       13.3 secs

     total energy              =   -2729.92563503 Ry
     Harris-Foulkes estimate   =   -2729.92563503 Ry
     estimated scf accuracy    <          4.1E-14 Ry

     total magnetization       =     6.00 Bohr mag/cell
     absolute magnetization    =     7.25 Bohr mag/cell

     iteration #  5     ecut=    45.00 Ry     beta= 0.70
     Davidson diagonalization with overlap
     ethr =  1.00E-13,  avg # of iterations =  1.0
 --- enter write_ns ---
 LDA+U parameters:
U( 1)     =  0.00000001
alpha( 1) =  0.00000000
atom    1   Tr[ns(na)] (up, down, total) =   3.94951  0.73412  4.68363
   spin  1
    eigenvalues: 
  0.498  0.498  0.985  0.985  0.985
    eigenvectors:
  0.000  0.000  0.000  0.000  1.000
  0.103  0.579  0.052  0.266  0.000
  0.579  0.103  0.266  0.052  0.000
  0.049  0.270  0.114  0.567  0.000
  0.270  0.049  0.567  0.114  0.000
    occupations:
  0.985  0.000 -0.000 -0.000 -0.000
  0.000  0.653 -0.000 -0.227 -0.001
 -0.000 -0.000  0.653 -0.001  0.227
 -0.000 -0.227 -0.001  0.830  0.000
 -0.000 -0.001  0.227  0.000  0.830
   spin  2
    eigenvalues: 
  0.067  0.071  0.071  0.262  0.262
    eigenvectors:
  1.000  0.000  0.000  0.000  0.000
  0.000  0.048  0.274  0.098  0.580
  0.000  0.274  0.048  0.580  0.098
  0.000  0.098  0.580  0.045  0.277
  0.000  0.580  0.098  0.277  0.045
    occupations:
  0.067 -0.000 -0.000 -0.000 -0.000
 -0.000  0.201 -0.000  0.089 -0.001
 -0.000 -0.000  0.201 -0.001 -0.089
 -0.000  0.089 -0.001  0.133  0.000
 -0.000 -0.001 -0.089  0.000  0.133
atomic mag. moment =     3.215387
atom    2   Tr[ns(na)] (up, down, total) =   3.94951  0.73412  4.68363
   spin  1
    eigenvalues: 
  0.498  0.498  0.985  0.985  0.985
    eigenvectors:
  0.000  0.000  0.000  0.000  1.000
  0.103  0.579  0.052  0.266  0.000
  0.579  0.103  0.266  0.052  0.000
  0.049  0.270  0.114  0.567  0.000
  0.270  0.049  0.567  0.114  0.000
    occupations:
  0.985  0.000 -0.000 -0.000 -0.000
  0.000  0.653 -0.000 -0.227 -0.001
 -0.000 -0.000  0.653 -0.001  0.227
 -0.000 -0.227 -0.001  0.830  0.000
 -0.000 -0.001  0.227  0.000  0.830
   spin  2
    eigenvalues: 
  0.067  0.071  0.071  0.262  0.262
    eigenvectors:
  1.000  0.000  0.000  0.000  0.000
  0.000  0.048  0.274  0.098  0.580
  0.000  0.274  0.048  0.580  0.098
  0.000  0.098  0.580  0.045  0.277
  0.000  0.580  0.098  0.277  0.045
    occupations:
  0.067 -0.000 -0.000 -0.000 -0.000
 -0.000  0.201 -0.000  0.089 -0.001
 -0.000 -0.000  0.201 -0.001 -0.089
 -0.000  0.089 -0.001  0.133  0.000
 -0.000 -0.001 -0.089  0.000  0.133
atomic mag. moment =     3.215387
N of occupied +U levels =    9.367263
 --- exit write_ns ---
 --- in v_hubbard ---
Hubbard energy    0.0000
 -------

     total cpu time spent up to now is       15.4 secs

     total energy              =   -2729.92563503 Ry
     Harris-Foulkes estimate   =   -2729.92563503 Ry
     estimated scf accuracy    <          7.3E-15 Ry

     total magnetization       =     6.00 Bohr mag/cell
     absolute magnetization    =     7.25 Bohr mag/cell

     iteration #  6     ecut=    45.00 Ry     beta= 0.70
     Davidson diagonalization with overlap
     ethr =  1.00E-13,  avg # of iterations =  1.0
 --- enter write_ns ---
 LDA+U parameters:
U( 1)     =  0.00000001
alpha( 1) =  0.00000000
atom    1   Tr[ns(na)] (up, down, total) =   3.94951  0.73412  4.68363
   spin  1
    eigenvalues: 
  0.498  0.498  0.985  0.985  0.985
    eigenvectors:
  0.000  0.000  0.000  0.000  1.000
  0.103  0.579  0.052  0.266  0.000
  0.579  0.103  0.266  0.052  0.000
  0.049  0.270  0.114  0.567  0.000
  0.270  0.049  0.567  0.114  0.000
    occupations:
  0.985  0.000 -0.000 -0.000 -0.000
  0.000  0.653 -0.000 -0.227 -0.001
 -0.000 -0.000  0.653 -0.001  0.227
 -0.000 -0.227 -0.001  0.830  0.000
 -0.000 -0.001  0.227  0.000  0.830
   spin  2
    eigenvalues: 
  0.067  0.071  0.071  0.262  0.262
    eigenvectors:
  1.000  0.000  0.000  0.000  0.000
  0.000  0.048  0.274  0.098  0.580
  0.000  0.274  0.048  0.580  0.098
  0.000  0.098  0.580  0.045  0.277
  0.000  0.580  0.098  0.277  0.045
    occupations:
  0.067 -0.000 -0.000 -0.000 -0.000
 -0.000  0.201 -0.000  0.089 -0.001
 -0.000 -0.000  0.201 -0.001 -0.089
 -0.000  0.089 -0.001  0.133  0.000
 -0.000 -0.001 -0.089  0.000  0.133
atomic mag. moment =     3.215387
atom    2   Tr[ns(na)] (up, down, total) =   3.94951  0.73412  4.68363
   spin  1
    eigenvalues: 
  0.498  0.498  0.985  0.985  0.985
    eigenvectors:
  0.000  0.000  0.000  0.000  1.000
  0.103  0.579  0.052  0.266  0.000
  0.579  0.103  0.266  0.052  0.000
  0.049  0.270  0.114  0.567  0.000
  0.270  0.049  0.567  0.114  0.000
    occupations:
  0.985  0.000 -0.000 -0.000 -0.000
  0.000  0.653 -0.000 -0.227 -0.001
 -0.000 -0.000  0.653 -0.001  0.227
 -0.000 -0.227 -0.001  0.830  0.000
 -0.000 -0.001  0.227  0.000  0.830
   spin  2
    eigenvalues: 
  0.067  0.071  0.071  0.262  0.262
    eigenvectors:
  1.000  0.000  0.000  0.000  0.000
  0.000  0.048  0.274  0.098  0.580
  0.000  0.274  0.048  0.580  0.098
  0.000  0.098  0.580  0.045  0.277
  0.000  0.580  0.098  0.277  0.045
    occupations:
  0.067 -0.000 -0.000 -0.000 -0.000
 -0.000  0.201 -0.000  0.089 -0.001
 -0.000 -0.000  0.201 -0.001 -0.089
 -0.000  0.089 -0.001  0.133  0.000
 -0.000 -0.001 -0.089  0.000  0.133
atomic mag. moment =     3.215387
N of occupied +U levels =    9.367263
 --- exit write_ns ---
 --- in v_hubbard ---
Hubbard energy    0.0000
 -------

     total cpu time spent up to now is       17.5 secs

     total energy              =   -2729.92563503 Ry
     Harris-Foulkes estimate   =   -2729.92563503 Ry
     estimated scf accuracy    <          1.7E-14 Ry

     total magnetization       =     6.00 Bohr mag/cell
     absolute magnetization    =     7.25 Bohr mag/cell

     iteration #  7     ecut=    45.00 Ry     beta= 0.70
     Davidson diagonalization with overlap
     ethr =  1.00E-13,  avg # of iterations =  1.0
 --- enter write_ns ---
 LDA+U parameters:
U( 1)     =  0.00000001
alpha( 1) =  0.00000000
atom    1   Tr[ns(na)] (up, down, total) =   3.94951  0.73412  4.68363
   spin  1
    eigenvalues: 
  0.498  0.498  0.985  0.985  0.985
    eigenvectors:
  0.000  0.000  0.000  0.000  1.000
  0.103  0.579  0.052  0.266  0.000
  0.579  0.103  0.266  0.052  0.000
  0.049  0.270  0.114  0.567  0.000
  0.270  0.049  0.567  0.114  0.000
    occupations:
  0.985  0.000 -0.000 -0.000 -0.000
  0.000  0.653 -0.000 -0.227 -0.001
 -0.000 -0.000  0.653 -0.001  0.227
 -0.000 -0.227 -0.001  0.830  0.000
 -0.000 -0.001  0.227  0.000  0.830
   spin  2
    eigenvalues: 
  0.067  0.071  0.071  0.262  0.262
    eigenvectors:
  1.000  0.000  0.000  0.000  0.000
  0.000  0.048  0.274  0.098  0.580
  0.000  0.274  0.048  0.580  0.098
  0.000  0.098  0.580  0.045  0.277
  0.000  0.580  0.098  0.277  0.045
    occupations:
  0.067 -0.000 -0.000 -0.000 -0.000
 -0.000  0.201 -0.000  0.089 -0.001
 -0.000 -0.000  0.201 -0.001 -0.089
 -0.000  0.089 -0.001  0.133  0.000
 -0.000 -0.001 -0.089  0.000  0.133
atomic mag. moment =     3.215387
atom    2   Tr[ns(na)] (up, down, total) =   3.94951  0.73412  4.68363
   spin  1
    eigenvalues: 
  0.498  0.498  0.985  0.985  0.985
    eigenvectors:
  0.000  0.000  0.000  0.000  1.000
  0.103  0.579  0.052  0.266  0.000
  0.579  0.103  0.266  0.052  0.000
  0.049  0.270  0.114  0.567  0.000
  0.270  0.049  0.567  0.114  0.000
    occupations:
  0.985  0.000 -0.000 -0.000 -0.000
  0.000  0.653 -0.000 -0.227 -0.001
 -0.000 -0.000  0.653 -0.001  0.227
 -0.000 -0.227 -0.001  0.830  0.000
 -0.000 -0.001  0.227  0.000  0.830
   spin  2
    eigenvalues: 
  0.067  0.071  0.071  0.262  0.262
    eigenvectors:
  1.000  0.000  0.000  0.000  0.000
  0.000  0.048  0.274  0.098  0.580
  0.000  0.274  0.048  0.580  0.098
  0.000  0.098  0.580  0.045  0.277
  0.000  0.580  0.098  0.277  0.045
    occupations:
  0.067 -0.000 -0.000 -0.000 -0.000
 -0.000  0.201 -0.000  0.089 -0.001
 -0.000 -0.000  0.201 -0.001 -0.089
 -0.000  0.089 -0.001  0.133  0.000
 -0.000 -0.001 -0.089  0.000  0.133
atomic mag. moment =     3.215387
N of occupied +U levels =    9.367263
 --- exit write_ns ---
 --- in v_hubbard ---
Hubbard energy    0.0000
 -------

     total cpu time spent up to now is       19.7 secs

     total energy              =   -2729.92563503 Ry
     Harris-Foulkes estimate   =   -2729.92563503 Ry
     estimated scf accuracy    <          4.2E-15 Ry

     total magnetization       =     6.00 Bohr mag/cell
     absolute magnetization    =     7.25 Bohr mag/cell

     iteration #  8     ecut=    45.00 Ry     beta= 0.70
     Davidson diagonalization with overlap
     ethr =  1.00E-13,  avg # of iterations =  1.0
 --- enter write_ns ---
 LDA+U parameters:
U( 1)     =  0.00000001
alpha( 1) =  0.00000000
atom    1   Tr[ns(na)] (up, down, total) =   3.94951  0.73412  4.68363
   spin  1
    eigenvalues: 
  0.498  0.498  0.985  0.985  0.985
    eigenvectors:
  0.000  0.000  0.000  0.000  1.000
  0.103  0.579  0.052  0.266  0.000
  0.579  0.103  0.266  0.052  0.000
  0.049  0.270  0.114  0.567  0.000
  0.270  0.049  0.567  0.114  0.000
    occupations:
  0.985  0.000 -0.000 -0.000 -0.000
  0.000  0.653 -0.000 -0.227 -0.001
 -0.000 -0.000  0.653 -0.001  0.227
 -0.000 -0.227 -0.001  0.830  0.000
 -0.000 -0.001  0.227  0.000  0.830
   spin  2
    eigenvalues: 
  0.067  0.071  0.071  0.262  0.262
    eigenvectors:
  1.000  0.000  0.000  0.000  0.000
  0.000  0.048  0.274  0.098  0.580
  0.000  0.274  0.048  0.580  0.098
  0.000  0.098  0.580  0.045  0.277
  0.000  0.580  0.098  0.277  0.045
    occupations:
  0.067 -0.000 -0.000 -0.000 -0.000
 -0.000  0.201 -0.000  0.089 -0.001
 -0.000 -0.000  0.201 -0.001 -0.089
 -0.000  0.089 -0.001  0.133  0.000
 -0.000 -0.001 -0.089  0.000  0.133
atomic mag. moment =     3.215387
atom    2   Tr[ns(na)] (up, down, total) =   3.94951  0.73412  4.68363
   spin  1
    eigenvalues: 
  0.498  0.498  0.985  0.985  0.985
    eigenvectors:
  0.000  0.000  0.000  0.000  1.000
  0.103  0.579  0.052  0.266  0.000
  0.579  0.103  0.266  0.052  0.000
  0.049  0.270  0.114  0.567  0.000
  0.270  0.049  0.567  0.114  0.000
    occupations:
  0.985  0.000 -0.000 -0.000 -0.000
  0.000  0.653 -0.000 -0.227 -0.001
 -0.000 -0.000  0.653 -0.001  0.227
 -0.000 -0.227 -0.001  0.830  0.000
 -0.000 -0.001  0.227  0.000  0.830
   spin  2
    eigenvalues: 
  0.067  0.071  0.071  0.262  0.262
    eigenvectors:
  1.000  0.000  0.000  0.000  0.000
  0.000  0.048  0.274  0.098  0.580
  0.000  0.274  0.048  0.580  0.098
  0.000  0.098  0.580  0.045  0.277
  0.000  0.580  0.098  0.277  0.045
    occupations:
  0.067 -0.000 -0.000 -0.000 -0.000
 -0.000  0.201 -0.000  0.089 -0.001
 -0.000 -0.000  0.201 -0.001 -0.089
 -0.000  0.089 -0.001  0.133  0.000
 -0.000 -0.001 -0.089  0.000  0.133
atomic mag. moment =     3.215387
N of occupied +U levels =    9.367263
 --- exit write_ns ---
 --- in v_hubbard ---
Hubbard energy    0.0000
 -------

     total cpu time spent up to now is       21.8 secs

     total energy              =   -2729.92563503 Ry
     Harris-Foulkes estimate   =   -2729.92563503 Ry
     estimated scf accuracy    <          1.4E-15 Ry

     total magnetization       =     6.00 Bohr mag/cell
     absolute magnetization    =     7.25 Bohr mag/cell

     iteration #  9     ecut=    45.00 Ry     beta= 0.70
     Davidson diagonalization with overlap
     ethr =  1.00E-13,  avg # of iterations =  1.0
 --- enter write_ns ---
 LDA+U parameters:
U( 1)     =  0.00000001
alpha( 1) =  0.00000000
atom    1   Tr[ns(na)] (up, down, total) =   3.94951  0.73412  4.68363
   spin  1
    eigenvalues: 
  0.498  0.498  0.985  0.985  0.985
    eigenvectors:
  0.000  0.000  0.000  0.000  1.000
  0.103  0.579  0.052  0.266  0.000
  0.579  0.103  0.266  0.052  0.000
  0.049  0.270  0.114  0.567  0.000
  0.270  0.049  0.567  0.114  0.000
    occupations:
  0.985  0.000 -0.000 -0.000 -0.000
  0.000  0.653 -0.000 -0.227 -0.001
 -0.000 -0.000  0.653 -0.001  0.227
 -0.000 -0.227 -0.001  0.830  0.000
 -0.000 -0.001  0.227  0.000  0.830
   spin  2
    eigenvalues: 
  0.067  0.071  0.071  0.262  0.262
    eigenvectors:
  1.000  0.000  0.000  0.000  0.000
  0.000  0.048  0.274  0.098  0.580
  0.000  0.274  0.048  0.580  0.098
  0.000  0.098  0.580  0.045  0.277
  0.000  0.580  0.098  0.277  0.045
    occupations:
  0.067 -0.000 -0.000 -0.000 -0.000
 -0.000  0.201 -0.000  0.089 -0.001
 -0.000 -0.000  0.201 -0.001 -0.089
 -0.000  0.089 -0.001  0.133  0.000
 -0.000 -0.001 -0.089  0.000  0.133
atomic mag. moment =     3.215387
atom    2   Tr[ns(na)] (up, down, total) =   3.94951  0.73412  4.68363
   spin  1
    eigenvalues: 
  0.498  0.498  0.985  0.985  0.985
    eigenvectors:
  0.000  0.000  0.000  0.000  1.000
  0.103  0.579  0.052  0.266  0.000
  0.579  0.103  0.266  0.052  0.000
  0.049  0.270  0.114  0.567  0.000
  0.270  0.049  0.567  0.114  0.000
    occupations:
  0.985  0.000 -0.000 -0.000 -0.000
  0.000  0.653 -0.000 -0.227 -0.001
 -0.000 -0.000  0.653 -0.001  0.227
 -0.000 -0.227 -0.001  0.830  0.000
 -0.000 -0.001  0.227  0.000  0.830
   spin  2
    eigenvalues: 
  0.067  0.071  0.071  0.262  0.262
    eigenvectors:
  1.000  0.000  0.000  0.000  0.000
  0.000  0.048  0.274  0.098  0.580
  0.000  0.274  0.048  0.580  0.098
