     10  0.00290266
        4.14240119         0.02887790        -0.00495202
        0.02887791        -0.45688184        -1.03917007
       -0.00495210        -1.03917006       -10.66503147
     20  0.00580532
        3.40366854         0.01658369        -0.00237062
        0.01658369        -0.52342595        -1.01649179
       -0.00237059        -1.01649177       -11.28533563
     30  0.00870798
        2.40125533         0.00202091        -0.00069465
        0.00202091        -0.64892952        -1.01785108
       -0.00069465        -1.01785105       -12.74183648
     40  0.01161064
        1.19324829        -0.01513327         0.00103069
       -0.01513327        -0.65788892        -1.00191891
        0.00103067        -1.00191891       -14.12401195
     50  0.01451331
       -0.39840079        -0.02964468         0.00554666
       -0.02964468        -0.70520150        -0.98577665
        0.00554665        -0.98577663       -15.16261866
     60  0.01741597
       -1.84343147        -0.03843535         0.00313231
       -0.03843535        -0.60454101        -0.95874722
        0.00313231        -0.95874722       -14.94789936
     70  0.02031863
       -2.97557080        -0.03996955         0.00349781
       -0.03996954        -0.29702393        -0.95881284
        0.00349781        -0.95881284       -12.86249965
     80  0.02322129
       -3.61461395        -0.03301344        -0.00271008
       -0.03301344         0.10074060        -0.97903804
       -0.00271008        -0.97903805        -8.94424844
     90  0.02612395
       -3.77314793        -0.01357821        -0.00584862
       -0.01357821         0.47396985        -1.03808733
       -0.00584862        -1.03808734        -4.23371801
    100  0.02902661
       -3.57424118         0.00847113        -0.01158968
        0.00847113         0.68715866        -1.13903688
       -0.01158968        -1.13903687        -0.08407718
     10  0.00290266
       -3.13167220         0.03047552        -0.01327104
        0.03047552         0.63099000        -1.26645361
       -0.01327105        -1.26645361         2.75208478
     20  0.00580532
       -2.53658321         0.04646364        -0.01130705
        0.04646364         0.28136526        -1.35784284
       -0.01130705        -1.35784284         4.36887781
     30  0.00870798
       -1.98001932         0.05516290        -0.00566340
        0.05516290        -0.36044836        -1.36229932
       -0.00566340        -1.36229932         5.27821216
     40  0.01161064
       -1.42303996         0.05221017         0.00374071
        0.05221017        -1.13192611        -1.28657305
        0.00374071        -1.28657305         5.70650917
     50  0.01451331
       -0.96924976         0.03081621         0.01301694
        0.03081621        -2.08719048        -1.15533662
        0.01301695        -1.15533662         5.55252306
     60  0.01741597
       -0.57880576         0.01434012         0.02610051
        0.01434012        -3.06951726        -0.86403252
        0.02610051        -0.86403252         5.28373837
     70  0.02031863
       -0.15402478        -0.01186698         0.03335035
       -0.01186698        -3.85429059        -0.38267616
        0.03335035        -0.38267616         5.10850170
     80  0.02322129
        0.36443857        -0.03150691         0.04248138
       -0.03150691        -4.40958010         0.10035489
        0.04248138         0.10035489         4.68676972
     90  0.02612395
        1.05893427        -0.04160048         0.04285094
       -0.04160047        -4.53679181         0.67963242
        0.04285094         0.67963242         4.33354512
    100  0.02902661
        1.83361198        -0.04427157         0.04476676
       -0.04427157        -4.25493100         1.27413846
        0.04476676         1.27413845         3.85116156
     10  0.00290266
        4.14240119         0.02887790        -0.00495202
        0.02887791        -0.45688184        -1.03917007
       -0.00495210        -1.03917006       -10.66503147
     20  0.00580532
        3.40366854         0.01658369        -0.00237062
        0.01658369        -0.52342595        -1.01649179
       -0.00237059        -1.01649177       -11.28533563
     30  0.00870798
        2.40125533         0.00202091        -0.00069465
        0.00202091        -0.64892952        -1.01785108
       -0.00069465        -1.01785105       -12.74183648
     40  0.01161064
        1.19324829        -0.01513327         0.00103069
       -0.01513327        -0.65788892        -1.00191891
        0.00103067        -1.00191891       -14.12401195
     50  0.01451331
       -0.39840079        -0.02964468         0.00554666
       -0.02964468        -0.70520150        -0.98577665
        0.00554665        -0.98577663       -15.16261866
     60  0.01741597
       -1.84343147        -0.03843535         0.00313231
       -0.03843535        -0.60454101        -0.95874722
        0.00313231        -0.95874722       -14.94789936
     70  0.02031863
       -2.97557080        -0.03996955         0.00349781
       -0.03996954        -0.29702393        -0.95881284
        0.00349781        -0.95881284       -12.86249965
     80  0.02322129
       -3.61461395        -0.03301344        -0.00271008
       -0.03301344         0.10074060        -0.97903804
       -0.00271008        -0.97903805        -8.94424844
     90  0.02612395
       -3.77314793        -0.01357821        -0.00584862
       -0.01357821         0.47396985        -1.03808733
       -0.00584862        -1.03808734        -4.23371801
    100  0.02902661
       -3.57424118         0.00847113        -0.01158968
        0.00847113         0.68715866        -1.13903688
       -0.01158968        -1.13903687        -0.08407718
     10  0.00290266
       -3.13167220         0.03047552        -0.01327104
        0.03047552         0.63099000        -1.26645361
       -0.01327105        -1.26645361         2.75208478
     20  0.00580532
       -2.53658321         0.04646364        -0.01130705
        0.04646364         0.28136526        -1.35784284
       -0.01130705        -1.35784284         4.36887781
     30  0.00870798
       -1.98001932         0.05516290        -0.00566340
        0.05516290        -0.36044836        -1.36229932
       -0.00566340        -1.36229932         5.27821216
     40  0.01161064
       -1.42303996         0.05221017         0.00374071
        0.05221017        -1.13192611        -1.28657305
        0.00374071        -1.28657305         5.70650917
     50  0.01451331
       -0.96924976         0.03081621         0.01301694
        0.03081621        -2.08719048        -1.15533662
        0.01301695        -1.15533662         5.55252306
     60  0.01741597
       -0.57880576         0.01434012         0.02610051
        0.01434012        -3.06951726        -0.86403252
        0.02610051        -0.86403252         5.28373837
     70  0.02031863
       -0.15402478        -0.01186698         0.03335035
       -0.01186698        -3.85429059        -0.38267616
        0.03335035        -0.38267616         5.10850170
     80  0.02322129
        0.36443857        -0.03150691         0.04248138
       -0.03150691        -4.40958010         0.10035489
        0.04248138         0.10035489         4.68676972
     90  0.02612395
        1.05893427        -0.04160048         0.04285094
       -0.04160047        -4.53679181         0.67963242
        0.04285094         0.67963242         4.33354512
    100  0.02902661
        1.83361198        -0.04427157         0.04476676
       -0.04427157        -4.25493100         1.27413846
        0.04476676         1.27413845         3.85116156
