Dynamical matrix file
                                                                           
  2    2  2 10.5000000  0.0000000  0.0000000  0.0000000  0.0000000  0.0000000
           1  'Al  '    24590.765652728711     
           2  'As  '    68285.402620549852     
    1    1      0.0000000000      0.0000000000      0.0000000000
    2    2      0.2500000000      0.2500000000      0.2500000000

     Dynamical  Matrix in cartesian axes

     q = (    0.500000000   0.000000000   0.500000000 ) 

    1    1
  0.21969004  0.00000000    0.00000000 -0.01743610    0.01849044  0.00000000
  0.00000000  0.01743610    0.23136387  0.00000000    0.00000000  0.01743610
  0.01849044  0.00000000    0.00000000 -0.01743610    0.21969004  0.00000000
    1    2
  0.00000000  0.10679639   -0.07533742 -0.00000000    0.00000000 -0.07070289
 -0.09223375  0.00000000    0.00000000  0.10834510   -0.09223375  0.00000000
  0.00000000 -0.07070289   -0.07533742 -0.00000000   -0.00000000  0.10679639
    2    1
  0.00000000 -0.10679639   -0.09223375  0.00000000    0.00000000  0.07070289
 -0.07533742  0.00000000    0.00000000 -0.10834510   -0.07533742 -0.00000000
  0.00000000  0.07070289   -0.09223375  0.00000000   -0.00000000 -0.10679639
    2    2
  0.23510142  0.00000000    0.00000000 -0.01312783    0.02638178  0.00000000
  0.00000000  0.01312783    0.24393210  0.00000000    0.00000000  0.01312783
  0.02638178  0.00000000    0.00000000 -0.01312783    0.23510142  0.00000000

     Dynamical  Matrix in cartesian axes

     q = (   -0.500000000   0.000000000  -0.500000000 ) 

    1    1
  0.21969004  0.00000000    0.00000000  0.01743610    0.01849044  0.00000000
 -0.00000000 -0.01743610    0.23136387  0.00000000    0.00000000 -0.01743610
  0.01849044  0.00000000    0.00000000  0.01743610    0.21969004  0.00000000
    1    2
 -0.00000000 -0.10679639   -0.07533742  0.00000000   -0.00000000  0.07070289
 -0.09223375  0.00000000   -0.00000000 -0.10834510   -0.09223375 -0.00000000
 -0.00000000  0.07070289   -0.07533742  0.00000000   -0.00000000 -0.10679639
    2    1
 -0.00000000  0.10679639   -0.09223375 -0.00000000   -0.00000000 -0.07070289
 -0.07533742  0.00000000   -0.00000000  0.10834510   -0.07533742  0.00000000
 -0.00000000 -0.07070289   -0.09223375 -0.00000000   -0.00000000  0.10679639
    2    2
  0.23510142  0.00000000    0.00000000  0.01312783    0.02638178  0.00000000
  0.00000000 -0.01312783    0.24393210  0.00000000    0.00000000 -0.01312783
  0.02638178  0.00000000    0.00000000  0.01312783    0.23510142  0.00000000

     Dynamical  Matrix in cartesian axes

     q = (    0.000000000  -0.500000000   0.500000000 ) 

    1    1
  0.23136387  0.00000000    0.00000000  0.01743610    0.00000000 -0.01743610
  0.00000000 -0.01743610    0.21969004  0.00000000   -0.01849044  0.00000000
 -0.00000000  0.01743610   -0.01849044  0.00000000    0.21969004  0.00000000
    1    2
 -0.10834510  0.00000000    0.00000000 -0.09223375    0.00000000  0.09223375
  0.00000000 -0.07533742   -0.10679639  0.00000000   -0.07070289  0.00000000
 -0.00000000  0.07533742   -0.07070289  0.00000000   -0.10679639  0.00000000
    2    1
 -0.10834510  0.00000000    0.00000000  0.07533742    0.00000000 -0.07533742
  0.00000000  0.09223375   -0.10679639  0.00000000   -0.07070289  0.00000000
 -0.00000000 -0.09223375   -0.07070289  0.00000000   -0.10679639  0.00000000
    2    2
  0.24393210  0.00000000    0.00000000  0.01312783    0.00000000 -0.01312783
  0.00000000 -0.01312783    0.23510142  0.00000000   -0.02638178  0.00000000
  0.00000000  0.01312783   -0.02638178  0.00000000    0.23510142  0.00000000

     Dynamical  Matrix in cartesian axes

     q = (    0.500000000  -0.500000000   0.000000000 ) 

    1    1
  0.21969004  0.00000000   -0.01849044  0.00000000    0.00000000  0.01743610
 -0.01849044  0.00000000    0.21969004  0.00000000    0.00000000 -0.01743610
  0.00000000 -0.01743610    0.00000000  0.01743610    0.23136387  0.00000000
    1    2
 -0.10679639  0.00000000   -0.07070289  0.00000000   -0.00000000  0.07533742
 -0.07070289  0.00000000   -0.10679639  0.00000000    0.00000000 -0.07533742
  0.00000000  0.09223375    0.00000000 -0.09223375   -0.10834510  0.00000000
    2    1
 -0.10679639  0.00000000   -0.07070289  0.00000000   -0.00000000 -0.09223375
 -0.07070289  0.00000000   -0.10679639  0.00000000    0.00000000  0.09223375
  0.00000000 -0.07533742    0.00000000  0.07533742   -0.10834510  0.00000000
    2    2
  0.23510142  0.00000000   -0.02638178  0.00000000    0.00000000  0.01312783
 -0.02638178  0.00000000    0.23510142  0.00000000    0.00000000 -0.01312783
  0.00000000 -0.01312783    0.00000000  0.01312783    0.24393210  0.00000000

     Dynamical  Matrix in cartesian axes

     q = (    0.000000000  -0.500000000  -0.500000000 ) 

    1    1
  0.23136387  0.00000000    0.00000000 -0.01743610    0.00000000 -0.01743610
 -0.00000000  0.01743610    0.21969004  0.00000000    0.01849044  0.00000000
  0.00000000  0.01743610    0.01849044  0.00000000    0.21969004  0.00000000
    1    2
 -0.00000000 -0.10834510   -0.09223375  0.00000000   -0.09223375  0.00000000
 -0.07533742  0.00000000   -0.00000000 -0.10679639   -0.00000000  0.07070289
 -0.07533742  0.00000000   -0.00000000  0.07070289   -0.00000000 -0.10679639
    2    1
 -0.00000000  0.10834510   -0.07533742 -0.00000000   -0.07533742  0.00000000
 -0.09223375 -0.00000000   -0.00000000  0.10679639   -0.00000000 -0.07070289
 -0.09223375 -0.00000000   -0.00000000 -0.07070289   -0.00000000  0.10679639
    2    2
  0.24393210  0.00000000    0.00000000 -0.01312783    0.00000000 -0.01312783
  0.00000000  0.01312783    0.23510142  0.00000000    0.02638178  0.00000000
  0.00000000  0.01312783    0.02638178  0.00000000    0.23510142  0.00000000

     Dynamical  Matrix in cartesian axes

     q = (   -0.500000000   0.000000000   0.500000000 ) 

    1    1
  0.21969004  0.00000000    0.00000000 -0.01743610   -0.01849044  0.00000000
  0.00000000  0.01743610    0.23136387  0.00000000   -0.00000000 -0.01743610
 -0.01849044  0.00000000   -0.00000000  0.01743610    0.21969004  0.00000000
    1    2
 -0.10679639  0.00000000    0.00000000 -0.07533742   -0.07070289  0.00000000
  0.00000000 -0.09223375   -0.10834510  0.00000000   -0.00000000  0.09223375
 -0.07070289  0.00000000   -0.00000000  0.07533742   -0.10679639  0.00000000
    2    1
 -0.10679639  0.00000000    0.00000000  0.09223375   -0.07070289  0.00000000
  0.00000000  0.07533742   -0.10834510  0.00000000   -0.00000000 -0.07533742
 -0.07070289  0.00000000   -0.00000000 -0.09223375   -0.10679639  0.00000000
    2    2
  0.23510142  0.00000000    0.00000000 -0.01312783   -0.02638178  0.00000000
  0.00000000  0.01312783    0.24393210  0.00000000    0.00000000 -0.01312783
 -0.02638178  0.00000000    0.00000000  0.01312783    0.23510142  0.00000000

     Dynamical  Matrix in cartesian axes

     q = (    0.500000000   0.500000000   0.000000000 ) 

    1    1
  0.21969004  0.00000000    0.01849044  0.00000000    0.00000000 -0.01743610
  0.01849044  0.00000000    0.21969004  0.00000000    0.00000000 -0.01743610
  0.00000000  0.01743610    0.00000000  0.01743610    0.23136387  0.00000000
    1    2
 -0.00000000  0.10679639    0.00000000 -0.07070289   -0.07533742 -0.00000000
  0.00000000 -0.07070289   -0.00000000  0.10679639   -0.07533742 -0.00000000
 -0.09223375 -0.00000000   -0.09223375 -0.00000000    0.00000000  0.10834510
    2    1
 -0.00000000 -0.10679639    0.00000000  0.07070289   -0.09223375  0.00000000
  0.00000000  0.07070289   -0.00000000 -0.10679639   -0.09223375  0.00000000
 -0.07533742  0.00000000   -0.07533742  0.00000000    0.00000000 -0.10834510
    2    2
  0.23510142  0.00000000    0.02638178  0.00000000    0.00000000 -0.01312783
  0.02638178  0.00000000    0.23510142  0.00000000    0.00000000 -0.01312783
 -0.00000000  0.01312783    0.00000000  0.01312783    0.24393210  0.00000000

     Dynamical  Matrix in cartesian axes

     q = (   -0.500000000  -0.500000000   0.000000000 ) 

    1    1
  0.21969004  0.00000000    0.01849044  0.00000000   -0.00000000  0.01743610
  0.01849044  0.00000000    0.21969004  0.00000000   -0.00000000  0.01743610
  0.00000000 -0.01743610   -0.00000000 -0.01743610    0.23136387  0.00000000
    1    2
 -0.00000000 -0.10679639   -0.00000000  0.07070289   -0.07533742  0.00000000
 -0.00000000  0.07070289   -0.00000000 -0.10679639   -0.07533742  0.00000000
 -0.09223375  0.00000000   -0.09223375  0.00000000   -0.00000000 -0.10834510
    2    1
 -0.00000000  0.10679639   -0.00000000 -0.07070289   -0.09223375 -0.00000000
 -0.00000000 -0.07070289   -0.00000000  0.10679639   -0.09223375 -0.00000000
 -0.07533742 -0.00000000   -0.07533742 -0.00000000   -0.00000000  0.10834510
    2    2
  0.23510142  0.00000000    0.02638178  0.00000000    0.00000000  0.01312783
  0.02638178  0.00000000    0.23510142  0.00000000    0.00000000  0.01312783
 -0.00000000 -0.01312783    0.00000000 -0.01312783    0.24393210  0.00000000

     Dynamical  Matrix in cartesian axes

     q = (   -0.500000000   0.500000000   0.000000000 ) 

    1    1
  0.21969004  0.00000000   -0.01849044  0.00000000    0.00000000 -0.01743610
 -0.01849044  0.00000000    0.21969004  0.00000000   -0.00000000  0.01743610
  0.00000000  0.01743610   -0.00000000 -0.01743610    0.23136387  0.00000000
    1    2
 -0.10679639  0.00000000   -0.07070289  0.00000000    0.00000000 -0.07533742
 -0.07070289  0.00000000   -0.10679639  0.00000000    0.00000000  0.07533742
  0.00000000 -0.09223375   -0.00000000  0.09223375   -0.10834510  0.00000000
    2    1
 -0.10679639  0.00000000   -0.07070289  0.00000000    0.00000000  0.09223375
 -0.07070289  0.00000000   -0.10679639  0.00000000    0.00000000 -0.09223375
  0.00000000  0.07533742   -0.00000000 -0.07533742   -0.10834510  0.00000000
    2    2
  0.23510142  0.00000000   -0.02638178  0.00000000    0.00000000 -0.01312783
 -0.02638178  0.00000000    0.23510142  0.00000000    0.00000000  0.01312783
  0.00000000  0.01312783    0.00000000 -0.01312783    0.24393210  0.00000000

     Dynamical  Matrix in cartesian axes

     q = (    0.500000000   0.000000000  -0.500000000 ) 

    1    1
  0.21969004  0.00000000   -0.00000000  0.01743610   -0.01849044  0.00000000
  0.00000000 -0.01743610    0.23136387  0.00000000    0.00000000  0.01743610
 -0.01849044  0.00000000   -0.00000000 -0.01743610    0.21969004  0.00000000
    1    2
 -0.10679639  0.00000000   -0.00000000  0.07533742   -0.07070289  0.00000000
 -0.00000000  0.09223375   -0.10834510  0.00000000    0.00000000 -0.09223375
 -0.07070289  0.00000000    0.00000000 -0.07533742   -0.10679639  0.00000000
    2    1
 -0.10679639  0.00000000   -0.00000000 -0.09223375   -0.07070289  0.00000000
 -0.00000000 -0.07533742   -0.10834510  0.00000000    0.00000000  0.07533742
 -0.07070289  0.00000000    0.00000000  0.09223375   -0.10679639  0.00000000
    2    2
  0.23510142  0.00000000    0.00000000  0.01312783   -0.02638178  0.00000000
  0.00000000 -0.01312783    0.24393210  0.00000000    0.00000000  0.01312783
 -0.02638178  0.00000000    0.00000000 -0.01312783    0.23510142  0.00000000

     Dynamical  Matrix in cartesian axes

     q = (    0.000000000   0.500000000   0.500000000 ) 

    1    1
  0.23136387  0.00000000    0.00000000  0.01743610    0.00000000  0.01743610
  0.00000000 -0.01743610    0.21969004  0.00000000    0.01849044  0.00000000
 -0.00000000 -0.01743610    0.01849044  0.00000000    0.21969004  0.00000000
    1    2
  0.00000000  0.10834510   -0.09223375 -0.00000000   -0.09223375  0.00000000
 -0.07533742 -0.00000000    0.00000000  0.10679639    0.00000000 -0.07070289
 -0.07533742 -0.00000000    0.00000000 -0.07070289    0.00000000  0.10679639
    2    1
  0.00000000 -0.10834510   -0.07533742  0.00000000   -0.07533742  0.00000000
 -0.09223375  0.00000000    0.00000000 -0.10679639    0.00000000  0.07070289
 -0.09223375  0.00000000    0.00000000  0.07070289    0.00000000 -0.10679639
    2    2
  0.24393210  0.00000000    0.00000000  0.01312783    0.00000000  0.01312783
  0.00000000 -0.01312783    0.23510142  0.00000000    0.02638178  0.00000000
  0.00000000 -0.01312783    0.02638178  0.00000000    0.23510142  0.00000000

     Dynamical  Matrix in cartesian axes

     q = (    0.000000000   0.500000000  -0.500000000 ) 

    1    1
  0.23136387  0.00000000   -0.00000000 -0.01743610    0.00000000  0.01743610
  0.00000000  0.01743610    0.21969004  0.00000000   -0.01849044  0.00000000
  0.00000000 -0.01743610   -0.01849044  0.00000000    0.21969004  0.00000000
    1    2
 -0.10834510  0.00000000   -0.00000000  0.09223375    0.00000000 -0.09223375
 -0.00000000  0.07533742   -0.10679639  0.00000000   -0.07070289  0.00000000
  0.00000000 -0.07533742   -0.07070289  0.00000000   -0.10679639  0.00000000
    2    1
 -0.10834510  0.00000000   -0.00000000 -0.07533742    0.00000000  0.07533742
 -0.00000000 -0.09223375   -0.10679639  0.00000000   -0.07070289  0.00000000
  0.00000000  0.09223375   -0.07070289  0.00000000   -0.10679639  0.00000000
    2    2
  0.24393210  0.00000000    0.00000000 -0.01312783    0.00000000  0.01312783
  0.00000000  0.01312783    0.23510142  0.00000000   -0.02638178  0.00000000
  0.00000000 -0.01312783   -0.02638178  0.00000000    0.23510142  0.00000000

     Diagonalizing the dynamical matrix

     q = (    0.500000000   0.000000000   0.500000000 ) 

 **************************************************************************
     omega(    1) =       2.519183 [THz] =      84.030898 [cm-1]
 ( -0.000000  0.487103 -0.000000  0.000000 -0.000000 -0.487103 ) 
 ( -0.512573  0.000000 -0.000000 -0.000000  0.512573  0.000000 ) 
     omega(    2) =       3.829730 [THz] =     127.746040 [cm-1]
 (  0.000000 -0.246200 -0.605446 -0.000000  0.000000 -0.246200 ) 
 ( -0.228305  0.000000  0.000000 -0.638718 -0.228305  0.000000 ) 
     omega(    3) =       5.428422 [THz] =     181.072653 [cm-1]
 (  0.000000 -0.269099  0.285083 -0.000000  0.000000 -0.269099 ) 
 (  0.548572  0.000000  0.000000 -0.414774  0.548572  0.000000 ) 
     omega(    4) =      10.719119 [THz] =     357.551331 [cm-1]
 (  0.000000  0.653731  0.271940 -0.000000  0.000000  0.653731 ) 
 ( -0.010760  0.000000 -0.000000 -0.266626 -0.010760  0.000000 ) 
     omega(    5) =      10.737254 [THz] =     358.156233 [cm-1]
 (  0.000000 -0.669015 -0.000000 -0.000000  0.000000  0.669015 ) 
 ( -0.228952  0.000000 -0.000000  0.000000  0.228952  0.000000 ) 
     omega(    6) =      11.301861 [THz] =     376.989504 [cm-1]
 (  0.000000  0.256606 -0.892991 -0.000000  0.000000  0.256606 ) 
 (  0.170988  0.000000 -0.000000  0.111354  0.170988  0.000000 ) 
 **************************************************************************
