Dynamical matrix file
                                                                           
  2    2  2 10.5000000  0.0000000  0.0000000  0.0000000  0.0000000  0.0000000
           1  'Al  '    24590.765652728711     
           2  'As  '    68285.402620549852     
    1    1      0.0000000000      0.0000000000      0.0000000000
    2    2      0.2500000000      0.2500000000      0.2500000000

     Dynamical  Matrix in cartesian axes

     q = (   -0.250000000   0.250000000  -0.250000000 ) 

    1    1
  0.23196703  0.00000000   -0.02546732  0.00000000    0.02546732  0.00000000
 -0.02546732  0.00000000    0.23196703  0.00000000   -0.02546732  0.00000000
  0.02546732  0.00000000   -0.02546732  0.00000000    0.23196703  0.00000000
    1    2
 -0.16509351 -0.05848620   -0.02947040  0.04600209    0.02947040 -0.04600209
 -0.02947040  0.04600209   -0.16509351 -0.05848620   -0.02947040  0.04600209
  0.02947040 -0.04600209   -0.02947040  0.04600209   -0.16509351 -0.05848620
    2    1
 -0.16509351  0.05848620   -0.02947040 -0.04600209    0.02947040  0.04600209
 -0.02947040 -0.04600209   -0.16509351  0.05848620   -0.02947040 -0.04600209
  0.02947040  0.04600209   -0.02947040 -0.04600209   -0.16509351  0.05848620
    2    2
  0.23138194  0.00000000   -0.02106070  0.00000000    0.02106070  0.00000000
 -0.02106070  0.00000000    0.23138194  0.00000000   -0.02106070  0.00000000
  0.02106070  0.00000000   -0.02106070  0.00000000    0.23138194  0.00000000

     Dynamical  Matrix in cartesian axes

     q = (    0.250000000  -0.250000000   0.250000000 ) 

    1    1
  0.23196703 -0.00000000   -0.02546732 -0.00000000    0.02546732 -0.00000000
 -0.02546732 -0.00000000    0.23196703 -0.00000000   -0.02546732 -0.00000000
  0.02546732 -0.00000000   -0.02546732 -0.00000000    0.23196703 -0.00000000
    1    2
 -0.16509351  0.05848620   -0.02947040 -0.04600209    0.02947040  0.04600209
 -0.02947040 -0.04600209   -0.16509351  0.05848620   -0.02947040 -0.04600209
  0.02947040  0.04600209   -0.02947040 -0.04600209   -0.16509351  0.05848620
    2    1
 -0.16509351 -0.05848620   -0.02947040  0.04600209    0.02947040 -0.04600209
 -0.02947040  0.04600209   -0.16509351 -0.05848620   -0.02947040  0.04600209
  0.02947040 -0.04600209   -0.02947040  0.04600209   -0.16509351 -0.05848620
    2    2
  0.23138194 -0.00000000   -0.02106070 -0.00000000    0.02106070 -0.00000000
 -0.02106070 -0.00000000    0.23138194 -0.00000000   -0.02106070 -0.00000000
  0.02106070 -0.00000000   -0.02106070 -0.00000000    0.23138194 -0.00000000

     Dynamical  Matrix in cartesian axes

     q = (    0.250000000   0.250000000   0.250000000 ) 

    1    1
  0.23196703  0.00000000    0.02546732  0.00000000    0.02546732  0.00000000
  0.02546732  0.00000000    0.23196703  0.00000000    0.02546732  0.00000000
  0.02546732  0.00000000    0.02546732  0.00000000    0.23196703  0.00000000
    1    2
 -0.05848620  0.16509351   -0.04600209 -0.02947040   -0.04600209 -0.02947040
 -0.04600209 -0.02947040   -0.05848620  0.16509351   -0.04600209 -0.02947040
 -0.04600209 -0.02947040   -0.04600209 -0.02947040   -0.05848620  0.16509351
    2    1
 -0.05848620 -0.16509351   -0.04600209  0.02947040   -0.04600209  0.02947040
 -0.04600209  0.02947040   -0.05848620 -0.16509351   -0.04600209  0.02947040
 -0.04600209  0.02947040   -0.04600209  0.02947040   -0.05848620 -0.16509351
    2    2
  0.23138194  0.00000000    0.02106070  0.00000000    0.02106070  0.00000000
  0.02106070  0.00000000    0.23138194  0.00000000    0.02106070  0.00000000
  0.02106070  0.00000000    0.02106070  0.00000000    0.23138194  0.00000000

     Dynamical  Matrix in cartesian axes

     q = (   -0.250000000  -0.250000000  -0.250000000 ) 

    1    1
  0.23196703 -0.00000000    0.02546732 -0.00000000    0.02546732 -0.00000000
  0.02546732 -0.00000000    0.23196703 -0.00000000    0.02546732 -0.00000000
  0.02546732 -0.00000000    0.02546732 -0.00000000    0.23196703 -0.00000000
    1    2
 -0.05848620 -0.16509351   -0.04600209  0.02947040   -0.04600209  0.02947040
 -0.04600209  0.02947040   -0.05848620 -0.16509351   -0.04600209  0.02947040
 -0.04600209  0.02947040   -0.04600209  0.02947040   -0.05848620 -0.16509351
    2    1
 -0.05848620  0.16509351   -0.04600209 -0.02947040   -0.04600209 -0.02947040
 -0.04600209 -0.02947040   -0.05848620  0.16509351   -0.04600209 -0.02947040
 -0.04600209 -0.02947040   -0.04600209 -0.02947040   -0.05848620  0.16509351
    2    2
  0.23138194 -0.00000000    0.02106070 -0.00000000    0.02106070 -0.00000000
  0.02106070 -0.00000000    0.23138194 -0.00000000    0.02106070 -0.00000000
  0.02106070 -0.00000000    0.02106070 -0.00000000    0.23138194 -0.00000000

     Dynamical  Matrix in cartesian axes

     q = (    0.250000000  -0.250000000  -0.250000000 ) 

    1    1
  0.23196703  0.00000000   -0.02546732  0.00000000   -0.02546732  0.00000000
 -0.02546732  0.00000000    0.23196703  0.00000000    0.02546732  0.00000000
 -0.02546732  0.00000000    0.02546732  0.00000000    0.23196703  0.00000000
    1    2
 -0.16509351 -0.05848620   -0.02947040  0.04600209   -0.02947040  0.04600209
 -0.02947040  0.04600209   -0.16509351 -0.05848620    0.02947040 -0.04600209
 -0.02947040  0.04600209    0.02947040 -0.04600209   -0.16509351 -0.05848620
    2    1
 -0.16509351  0.05848620   -0.02947040 -0.04600209   -0.02947040 -0.04600209
 -0.02947040 -0.04600209   -0.16509351  0.05848620    0.02947040  0.04600209
 -0.02947040 -0.04600209    0.02947040  0.04600209   -0.16509351  0.05848620
    2    2
  0.23138194  0.00000000   -0.02106070  0.00000000   -0.02106070  0.00000000
 -0.02106070  0.00000000    0.23138194  0.00000000    0.02106070  0.00000000
 -0.02106070  0.00000000    0.02106070  0.00000000    0.23138194  0.00000000

     Dynamical  Matrix in cartesian axes

     q = (   -0.250000000   0.250000000   0.250000000 ) 

    1    1
  0.23196703 -0.00000000   -0.02546732 -0.00000000   -0.02546732 -0.00000000
 -0.02546732 -0.00000000    0.23196703 -0.00000000    0.02546732 -0.00000000
 -0.02546732 -0.00000000    0.02546732 -0.00000000    0.23196703 -0.00000000
    1    2
 -0.16509351  0.05848620   -0.02947040 -0.04600209   -0.02947040 -0.04600209
 -0.02947040 -0.04600209   -0.16509351  0.05848620    0.02947040  0.04600209
 -0.02947040 -0.04600209    0.02947040  0.04600209   -0.16509351  0.05848620
    2    1
 -0.16509351 -0.05848620   -0.02947040  0.04600209   -0.02947040  0.04600209
 -0.02947040  0.04600209   -0.16509351 -0.05848620    0.02947040 -0.04600209
 -0.02947040  0.04600209    0.02947040 -0.04600209   -0.16509351 -0.05848620
    2    2
  0.23138194 -0.00000000   -0.02106070 -0.00000000   -0.02106070 -0.00000000
 -0.02106070 -0.00000000    0.23138194 -0.00000000    0.02106070 -0.00000000
 -0.02106070 -0.00000000    0.02106070 -0.00000000    0.23138194 -0.00000000

     Dynamical  Matrix in cartesian axes

     q = (   -0.250000000  -0.250000000   0.250000000 ) 

    1    1
  0.23196703  0.00000000    0.02546732  0.00000000   -0.02546732  0.00000000
  0.02546732  0.00000000    0.23196703  0.00000000   -0.02546732  0.00000000
 -0.02546732  0.00000000   -0.02546732  0.00000000    0.23196703  0.00000000
    1    2
 -0.16509351 -0.05848620    0.02947040 -0.04600209   -0.02947040  0.04600209
  0.02947040 -0.04600209   -0.16509351 -0.05848620   -0.02947040  0.04600209
 -0.02947040  0.04600209   -0.02947040  0.04600209   -0.16509351 -0.05848620
    2    1
 -0.16509351  0.05848620    0.02947040  0.04600209   -0.02947040 -0.04600209
  0.02947040  0.04600209   -0.16509351  0.05848620   -0.02947040 -0.04600209
 -0.02947040 -0.04600209   -0.02947040 -0.04600209   -0.16509351  0.05848620
    2    2
  0.23138194  0.00000000    0.02106070  0.00000000   -0.02106070  0.00000000
  0.02106070  0.00000000    0.23138194  0.00000000   -0.02106070  0.00000000
 -0.02106070  0.00000000   -0.02106070  0.00000000    0.23138194  0.00000000

     Dynamical  Matrix in cartesian axes

     q = (    0.250000000   0.250000000  -0.250000000 ) 

    1    1
  0.23196703 -0.00000000    0.02546732 -0.00000000   -0.02546732 -0.00000000
  0.02546732 -0.00000000    0.23196703 -0.00000000   -0.02546732 -0.00000000
 -0.02546732 -0.00000000   -0.02546732 -0.00000000    0.23196703 -0.00000000
    1    2
 -0.16509351  0.05848620    0.02947040  0.04600209   -0.02947040 -0.04600209
  0.02947040  0.04600209   -0.16509351  0.05848620   -0.02947040 -0.04600209
 -0.02947040 -0.04600209   -0.02947040 -0.04600209   -0.16509351  0.05848620
    2    1
 -0.16509351 -0.05848620    0.02947040 -0.04600209   -0.02947040  0.04600209
  0.02947040 -0.04600209   -0.16509351 -0.05848620   -0.02947040  0.04600209
 -0.02947040  0.04600209   -0.02947040  0.04600209   -0.16509351 -0.05848620
    2    2
  0.23138194 -0.00000000    0.02106070 -0.00000000   -0.02106070 -0.00000000
  0.02106070 -0.00000000    0.23138194 -0.00000000   -0.02106070 -0.00000000
 -0.02106070 -0.00000000   -0.02106070 -0.00000000    0.23138194 -0.00000000

     Diagonalizing the dynamical matrix

     q = (   -0.250000000   0.250000000  -0.250000000 ) 

 **************************************************************************
     omega(    1) =       1.767020 [THz] =      58.941456 [cm-1]
 ( -0.173631  0.004184  0.382565  0.039872  0.556196  0.035688 ) 
 ( -0.176948  0.015642  0.393089  0.015642  0.570037  0.000000 ) 
     omega(    2) =       1.767020 [THz] =      58.941456 [cm-1]
 ( -0.533799 -0.103534 -0.410771 -0.095640  0.123028  0.007894 ) 
 ( -0.551620 -0.070716 -0.425531 -0.070716  0.126089  0.000000 ) 
     omega(    3) =       4.537017 [THz] =     151.338608 [cm-1]
 (  0.204662  0.290145 -0.204662 -0.290145  0.204662  0.290145 ) 
 (  0.455261  0.000000 -0.455261 -0.000000  0.455261  0.000000 ) 
     omega(    4) =      11.004504 [THz] =     367.070745 [cm-1]
 ( -0.384286 -0.024658  0.384286  0.024658  0.768572  0.049315 ) 
 (  0.135584 -0.000000 -0.135584  0.000000 -0.271168  0.000000 ) 
     omega(    5) =      11.004504 [THz] =     367.070745 [cm-1]
 ( -0.660892 -0.089850 -0.660892 -0.089850 -0.000000 -0.000000 ) 
 (  0.234246  0.016671  0.234246  0.016671  0.000000  0.000000 ) 
     omega(    6) =      12.135803 [THz] =     404.806812 [cm-1]
 (  0.320393  0.454214 -0.320393 -0.454214  0.320393  0.454214 ) 
 ( -0.156114  0.000000  0.156114 -0.000000 -0.156114  0.000000 ) 
 **************************************************************************
