Dynamical matrix file
phonons of diamond on a coarse 333 grid                                    
  1    2  2  6.6400000  0.0000000  0.0000000  0.0000000  0.0000000  0.0000000
           1  'C   '    10947.1562862446     
    1    1      0.0000000000      0.0000000000      0.0000000000
    2    1      0.2500000000      0.2500000000      0.2500000000

     Dynamical  Matrix in cartesian axes

     q = (    0.000000000   0.666666667   0.000000000 ) 

    1    1
  0.84061782   0.00000000    -0.00000000   0.00000000     0.00000000   0.00000000
 -0.00000000   0.00000000     1.24358871   0.00000000     0.00000000   0.00000000
  0.00000000   0.00000000     0.00000000   0.00000000     0.84061782   0.00000000
    1    2
 -0.19085602   0.33057233     0.00000000   0.00000000    -0.17543355  -0.10128661
  0.00000000  -0.00000000    -0.19960387   0.34572405    -0.00000000   0.00000000
 -0.17543355  -0.10128661    -0.00000000   0.00000000    -0.19085602   0.33057233
    2    1
 -0.19085602  -0.33057233     0.00000000  -0.00000000    -0.17543355   0.10128661
  0.00000000  -0.00000000    -0.19960387  -0.34572405     0.00000000  -0.00000000
 -0.17543355   0.10128661     0.00000000  -0.00000000    -0.19085602  -0.33057233
    2    2
  0.84061782   0.00000000     0.00000000   0.00000000     0.00000000  -0.00000000
 -0.00000000   0.00000000     1.24358871   0.00000000     0.00000000   0.00000000
  0.00000000  -0.00000000     0.00000000   0.00000000     0.84061782   0.00000000

     Dynamical  Matrix in cartesian axes

     q = (   -0.666666667   0.000000000   0.000000000 ) 

    1    1
  1.24358871   0.00000000    -0.00000000   0.00000000     0.00000000   0.00000000
 -0.00000000   0.00000000     0.84061782   0.00000000     0.00000000  -0.00000000
 -0.00000000   0.00000000     0.00000000  -0.00000000     0.84061782   0.00000000
    1    2
 -0.19960387  -0.34572405    -0.00000000   0.00000000    -0.00000000   0.00000000
 -0.00000000   0.00000000    -0.19085602  -0.33057233    -0.17543355   0.10128661
 -0.00000000   0.00000000    -0.17543355   0.10128661    -0.19085602  -0.33057233
    2    1
 -0.19960387   0.34572405    -0.00000000   0.00000000    -0.00000000   0.00000000
  0.00000000   0.00000000    -0.19085602   0.33057233    -0.17543355  -0.10128661
 -0.00000000  -0.00000000    -0.17543355  -0.10128661    -0.19085602   0.33057233
    2    2
  1.24358871   0.00000000    -0.00000000   0.00000000    -0.00000000   0.00000000
 -0.00000000   0.00000000     0.84061782   0.00000000    -0.00000000   0.00000000
 -0.00000000   0.00000000    -0.00000000   0.00000000     0.84061782   0.00000000

     Dynamical  Matrix in cartesian axes

     q = (    0.000000000  -0.666666667   0.000000000 ) 

    1    1
  0.84061782   0.00000000    -0.00000000   0.00000000     0.00000000  -0.00000000
 -0.00000000   0.00000000     1.24358871   0.00000000     0.00000000   0.00000000
  0.00000000  -0.00000000     0.00000000   0.00000000     0.84061782   0.00000000
    1    2
 -0.19085602  -0.33057233     0.00000000  -0.00000000    -0.17543355   0.10128661
  0.00000000  -0.00000000    -0.19960387  -0.34572405     0.00000000  -0.00000000
 -0.17543355   0.10128661     0.00000000  -0.00000000    -0.19085602  -0.33057233
    2    1
 -0.19085602   0.33057233     0.00000000   0.00000000    -0.17543355  -0.10128661
  0.00000000  -0.00000000    -0.19960387   0.34572405    -0.00000000  -0.00000000
 -0.17543355  -0.10128661    -0.00000000   0.00000000    -0.19085602   0.33057233
    2    2
  0.84061782   0.00000000    -0.00000000   0.00000000     0.00000000   0.00000000
  0.00000000   0.00000000     1.24358871   0.00000000     0.00000000   0.00000000
  0.00000000   0.00000000     0.00000000   0.00000000     0.84061782   0.00000000

     Dynamical  Matrix in cartesian axes

     q = (    0.000000000   0.000000000   0.666666667 ) 

    1    1
  0.84061782   0.00000000    -0.00000000   0.00000000    -0.00000000   0.00000000
 -0.00000000   0.00000000     0.84061782   0.00000000     0.00000000   0.00000000
 -0.00000000   0.00000000     0.00000000   0.00000000     1.24358871   0.00000000
    1    2
 -0.19085602   0.33057233    -0.17543355  -0.10128661     0.00000000  -0.00000000
 -0.17543355  -0.10128661    -0.19085602   0.33057233    -0.00000000   0.00000000
  0.00000000  -0.00000000    -0.00000000   0.00000000    -0.19960387   0.34572405
    2    1
 -0.19085602  -0.33057233    -0.17543355   0.10128661     0.00000000   0.00000000
 -0.17543355   0.10128661    -0.19085602  -0.33057233     0.00000000  -0.00000000
  0.00000000   0.00000000     0.00000000   0.00000000    -0.19960387  -0.34572405
    2    2
  0.84061782   0.00000000     0.00000000  -0.00000000    -0.00000000   0.00000000
  0.00000000  -0.00000000     0.84061782   0.00000000     0.00000000   0.00000000
 -0.00000000   0.00000000     0.00000000   0.00000000     1.24358871   0.00000000

     Dynamical  Matrix in cartesian axes

     q = (    0.000000000   0.000000000  -0.666666667 ) 

    1    1
  0.84061782   0.00000000     0.00000000  -0.00000000    -0.00000000   0.00000000
  0.00000000  -0.00000000     0.84061782   0.00000000     0.00000000   0.00000000
 -0.00000000   0.00000000     0.00000000   0.00000000     1.24358871   0.00000000
    1    2
 -0.19085602  -0.33057233    -0.17543355   0.10128661     0.00000000   0.00000000
 -0.17543355   0.10128661    -0.19085602  -0.33057233    -0.00000000  -0.00000000
  0.00000000  -0.00000000    -0.00000000  -0.00000000    -0.19960387  -0.34572405
    2    1
 -0.19085602   0.33057233    -0.17543355  -0.10128661    -0.00000000   0.00000000
 -0.17543355  -0.10128661    -0.19085602   0.33057233    -0.00000000   0.00000000
 -0.00000000   0.00000000    -0.00000000   0.00000000    -0.19960387   0.34572405
    2    2
  0.84061782   0.00000000     0.00000000   0.00000000    -0.00000000   0.00000000
  0.00000000   0.00000000     0.84061782   0.00000000     0.00000000   0.00000000
 -0.00000000   0.00000000     0.00000000   0.00000000     1.24358871   0.00000000

     Dynamical  Matrix in cartesian axes

     q = (    0.666666667   0.000000000   0.000000000 ) 

    1    1
  1.24358871   0.00000000    -0.00000000   0.00000000    -0.00000000   0.00000000
 -0.00000000   0.00000000     0.84061782   0.00000000    -0.00000000   0.00000000
 -0.00000000   0.00000000    -0.00000000   0.00000000     0.84061782   0.00000000
    1    2
 -0.19960387   0.34572405    -0.00000000  -0.00000000     0.00000000   0.00000000
 -0.00000000  -0.00000000    -0.19085602   0.33057233    -0.17543355  -0.10128661
  0.00000000   0.00000000    -0.17543355  -0.10128661    -0.19085602   0.33057233
    2    1
 -0.19960387  -0.34572405    -0.00000000   0.00000000    -0.00000000   0.00000000
  0.00000000   0.00000000    -0.19085602  -0.33057233    -0.17543355   0.10128661
 -0.00000000   0.00000000    -0.17543355   0.10128661    -0.19085602  -0.33057233
    2    2
  1.24358871   0.00000000     0.00000000   0.00000000    -0.00000000   0.00000000
  0.00000000   0.00000000     0.84061782   0.00000000     0.00000000  -0.00000000
  0.00000000   0.00000000    -0.00000000  -0.00000000     0.84061782   0.00000000

     Diagonalizing the dynamical matrix

     q = (    0.000000000   0.666666667   0.000000000 ) 

 **************************************************************************
     freq (    1) =      20.096095 [THz] =     670.333583 [cm-1]
 ( -0.468025 -0.251607  0.000000 -0.000000  0.225817 -0.408231 ) 
 ( -0.018243 -0.687811  0.000000 -0.000000  0.163043  0.000000 ) 
     freq (    2) =      20.096095 [THz] =     670.333583 [cm-1]
 (  0.405919  0.229948  0.000000 -0.000000  0.267438 -0.459163 ) 
 (  0.004323  0.162986  0.000000  0.000000  0.688053  0.000000 ) 
     freq (    3) =      28.893063 [THz] =     963.768858 [cm-1]
 ( -0.000000  0.000000  0.359735 -0.608762 -0.000000  0.000000 ) 
 (  0.000000  0.000000  0.707071  0.007158 -0.000000  0.000000 ) 
     freq (    4) =      35.472866 [THz] =    1183.247445 [cm-1]
 (  0.429509  0.182989  0.000000 -0.000000  0.290982 -0.444260 ) 
 ( -0.063715 -0.160824 -0.000000 -0.000000 -0.685621  0.000000 ) 
     freq (    5) =      35.472866 [THz] =    1183.247445 [cm-1]
 ( -0.528917 -0.047795 -0.000000 -0.000000  0.123283 -0.450293 ) 
 (  0.252532  0.637419 -0.000000  0.000000 -0.172986  0.000000 ) 
     freq (    6) =      40.301040 [THz] =    1344.297997 [cm-1]
 (  0.000000  0.000000  0.480225 -0.519022 -0.000000  0.000000 ) 
 (  0.000000 -0.000000 -0.689599 -0.156377  0.000000  0.000000 ) 
 **************************************************************************
