Dynamical matrix file
                                                                           
  2    2  2 10.5000000  0.0000000  0.0000000  0.0000000  0.0000000  0.0000000
           1  'Al  '    24590.765652728711     
           2  'As  '    68285.402620549852     
    1    1      0.0000000000      0.0000000000      0.0000000000
    2    2      0.2500000000      0.2500000000      0.2500000000

     Dynamical  Matrix in cartesian axes

     q = (    0.500000000   0.000000000   0.500000000 ) 

    1    1
  0.21969163 -0.00000000    0.00000000 -0.01743929    0.01849213 -0.00000000
  0.00000000  0.01743929    0.23136026 -0.00000000    0.00000000  0.01743929
  0.01849213 -0.00000000    0.00000000 -0.01743929    0.21969163 -0.00000000
    1    2
 -0.00000000  0.10679357   -0.07534833 -0.00000000   -0.00000000 -0.07070557
 -0.09222497  0.00000000   -0.00000000  0.10835049   -0.09222497 -0.00000000
 -0.00000000 -0.07070557   -0.07534833 -0.00000000   -0.00000000  0.10679357
    2    1
 -0.00000000 -0.10679357   -0.09222497  0.00000000   -0.00000000  0.07070557
 -0.07534833  0.00000000   -0.00000000 -0.10835049   -0.07534833  0.00000000
 -0.00000000  0.07070557   -0.09222497  0.00000000   -0.00000000 -0.10679357
    2    2
  0.23511147  0.00000000    0.00000000 -0.01315239    0.02639197  0.00000000
  0.00000000  0.01315239    0.24393618  0.00000000    0.00000000  0.01315239
  0.02639197  0.00000000    0.00000000 -0.01315239    0.23511147  0.00000000

     Dynamical  Matrix in cartesian axes

     q = (   -0.500000000   0.000000000  -0.500000000 ) 

    1    1
  0.21969163  0.00000000    0.00000000  0.01743929    0.01849213  0.00000000
  0.00000000 -0.01743929    0.23136026  0.00000000    0.00000000 -0.01743929
  0.01849213  0.00000000    0.00000000  0.01743929    0.21969163  0.00000000
    1    2
  0.00000000 -0.10679357   -0.07534833  0.00000000    0.00000000  0.07070557
 -0.09222497  0.00000000    0.00000000 -0.10835049   -0.09222497  0.00000000
  0.00000000  0.07070557   -0.07534833  0.00000000   -0.00000000 -0.10679357
    2    1
  0.00000000  0.10679357   -0.09222497 -0.00000000    0.00000000 -0.07070557
 -0.07534833 -0.00000000    0.00000000  0.10835049   -0.07534833 -0.00000000
  0.00000000 -0.07070557   -0.09222497 -0.00000000   -0.00000000  0.10679357
    2    2
  0.23511147  0.00000000    0.00000000  0.01315239    0.02639197  0.00000000
  0.00000000 -0.01315239    0.24393618  0.00000000    0.00000000 -0.01315239
  0.02639197  0.00000000    0.00000000  0.01315239    0.23511147  0.00000000

     Dynamical  Matrix in cartesian axes

     q = (    0.500000000  -0.500000000   0.000000000 ) 

    1    1
  0.21969163 -0.00000000   -0.01849213  0.00000000    0.00000000  0.01743929
 -0.01849213  0.00000000    0.21969163 -0.00000000    0.00000000 -0.01743929
  0.00000000 -0.01743929   -0.00000000  0.01743929    0.23136026 -0.00000000
    1    2
 -0.10679357 -0.00000000   -0.07070557  0.00000000   -0.00000000  0.07534833
 -0.07070557  0.00000000   -0.10679357 -0.00000000    0.00000000 -0.07534833
  0.00000000  0.09222497    0.00000000 -0.09222497   -0.10835049 -0.00000000
    2    1
 -0.10679357  0.00000000   -0.07070557 -0.00000000    0.00000000 -0.09222497
 -0.07070557 -0.00000000   -0.10679357  0.00000000    0.00000000  0.09222497
 -0.00000000 -0.07534833    0.00000000  0.07534833   -0.10835049  0.00000000
    2    2
  0.23511147  0.00000000   -0.02639197  0.00000000    0.00000000  0.01315239
 -0.02639197  0.00000000    0.23511147  0.00000000    0.00000000 -0.01315239
  0.00000000 -0.01315239    0.00000000  0.01315239    0.24393618  0.00000000

     Dynamical  Matrix in cartesian axes

     q = (   -0.500000000   0.000000000   0.500000000 ) 

    1    1
  0.21969163  0.00000000    0.00000000 -0.01743929   -0.01849213  0.00000000
  0.00000000  0.01743929    0.23136026 -0.00000000    0.00000000 -0.01743929
 -0.01849213  0.00000000    0.00000000  0.01743929    0.21969163  0.00000000
    1    2
 -0.10679357 -0.00000000    0.00000000 -0.07534833   -0.07070557  0.00000000
 -0.00000000 -0.09222497   -0.10835049 -0.00000000    0.00000000  0.09222497
 -0.07070557  0.00000000   -0.00000000  0.07534833   -0.10679357 -0.00000000
    2    1
 -0.10679357  0.00000000    0.00000000  0.09222497   -0.07070557 -0.00000000
  0.00000000  0.07534833   -0.10835049  0.00000000   -0.00000000 -0.07534833
 -0.07070557 -0.00000000    0.00000000 -0.09222497   -0.10679357  0.00000000
    2    2
  0.23511147  0.00000000    0.00000000 -0.01315239   -0.02639197  0.00000000
  0.00000000  0.01315239    0.24393618  0.00000000    0.00000000 -0.01315239
 -0.02639197  0.00000000    0.00000000  0.01315239    0.23511147  0.00000000

     Dynamical  Matrix in cartesian axes

     q = (    0.500000000   0.000000000  -0.500000000 ) 

    1    1
  0.21969163  0.00000000    0.00000000  0.01743929   -0.01849213  0.00000000
  0.00000000 -0.01743929    0.23136026  0.00000000    0.00000000  0.01743929
 -0.01849213  0.00000000    0.00000000 -0.01743929    0.21969163  0.00000000
    1    2
 -0.10679357 -0.00000000   -0.00000000  0.07534833   -0.07070557  0.00000000
  0.00000000  0.09222497   -0.10835049 -0.00000000    0.00000000 -0.09222497
 -0.07070557  0.00000000    0.00000000 -0.07534833   -0.10679357 -0.00000000
    2    1
 -0.10679357  0.00000000    0.00000000 -0.09222497   -0.07070557 -0.00000000
 -0.00000000 -0.07534833   -0.10835049  0.00000000    0.00000000  0.07534833
 -0.07070557 -0.00000000    0.00000000  0.09222497   -0.10679357  0.00000000
    2    2
  0.23511147  0.00000000    0.00000000  0.01315239   -0.02639197  0.00000000
  0.00000000 -0.01315239    0.24393618  0.00000000    0.00000000  0.01315239
 -0.02639197  0.00000000    0.00000000 -0.01315239    0.23511147  0.00000000

     Dynamical  Matrix in cartesian axes

     q = (    0.500000000   0.500000000   0.000000000 ) 

    1    1
  0.21969163  0.00000000    0.01849213  0.00000000    0.00000000 -0.01743929
  0.01849213  0.00000000    0.21969163  0.00000000    0.00000000 -0.01743929
  0.00000000  0.01743929   -0.00000000  0.01743929    0.23136026  0.00000000
    1    2
 -0.00000000  0.10679357   -0.00000000 -0.07070557   -0.07534833 -0.00000000
 -0.00000000 -0.07070557   -0.00000000  0.10679357   -0.07534833 -0.00000000
 -0.09222497  0.00000000   -0.09222497  0.00000000   -0.00000000  0.10835049
    2    1
 -0.00000000 -0.10679357   -0.00000000  0.07070557   -0.09222497  0.00000000
 -0.00000000  0.07070557   -0.00000000 -0.10679357   -0.09222497  0.00000000
 -0.07534833  0.00000000   -0.07534833  0.00000000   -0.00000000 -0.10835049
    2    2
  0.23511147  0.00000000    0.02639197  0.00000000    0.00000000 -0.01315239
  0.02639197  0.00000000    0.23511147  0.00000000    0.00000000 -0.01315239
  0.00000000  0.01315239    0.00000000  0.01315239    0.24393618  0.00000000

     Dynamical  Matrix in cartesian axes

     q = (   -0.500000000  -0.500000000   0.000000000 ) 

    1    1
  0.21969163 -0.00000000    0.01849213 -0.00000000    0.00000000  0.01743929
  0.01849213 -0.00000000    0.21969163 -0.00000000    0.00000000  0.01743929
  0.00000000 -0.01743929   -0.00000000 -0.01743929    0.23136026 -0.00000000
    1    2
 -0.00000000 -0.10679357    0.00000000  0.07070557   -0.07534833  0.00000000
  0.00000000  0.07070557   -0.00000000 -0.10679357   -0.07534833  0.00000000
 -0.09222497  0.00000000   -0.09222497  0.00000000    0.00000000 -0.10835049
    2    1
 -0.00000000  0.10679357    0.00000000 -0.07070557   -0.09222497 -0.00000000
  0.00000000 -0.07070557   -0.00000000  0.10679357   -0.09222497 -0.00000000
 -0.07534833 -0.00000000   -0.07534833 -0.00000000    0.00000000  0.10835049
    2    2
  0.23511147  0.00000000    0.02639197  0.00000000    0.00000000  0.01315239
  0.02639197  0.00000000    0.23511147  0.00000000    0.00000000  0.01315239
  0.00000000 -0.01315239    0.00000000 -0.01315239    0.24393618  0.00000000

     Dynamical  Matrix in cartesian axes

     q = (   -0.500000000   0.500000000   0.000000000 ) 

    1    1
  0.21969163 -0.00000000   -0.01849213  0.00000000    0.00000000 -0.01743929
 -0.01849213  0.00000000    0.21969163 -0.00000000    0.00000000  0.01743929
  0.00000000  0.01743929   -0.00000000 -0.01743929    0.23136026 -0.00000000
    1    2
 -0.10679357 -0.00000000   -0.07070557  0.00000000    0.00000000 -0.07534833
 -0.07070557  0.00000000   -0.10679357 -0.00000000   -0.00000000  0.07534833
  0.00000000 -0.09222497    0.00000000  0.09222497   -0.10835049 -0.00000000
    2    1
 -0.10679357  0.00000000   -0.07070557 -0.00000000    0.00000000  0.09222497
 -0.07070557 -0.00000000   -0.10679357  0.00000000    0.00000000 -0.09222497
  0.00000000  0.07534833   -0.00000000 -0.07534833   -0.10835049  0.00000000
    2    2
  0.23511147  0.00000000   -0.02639197  0.00000000    0.00000000 -0.01315239
 -0.02639197  0.00000000    0.23511147  0.00000000    0.00000000  0.01315239
  0.00000000  0.01315239    0.00000000 -0.01315239    0.24393618  0.00000000

     Dynamical  Matrix in cartesian axes

     q = (    0.000000000   0.500000000   0.500000000 ) 

    1    1
  0.23136026 -0.00000000    0.00000000  0.01743929    0.00000000  0.01743929
  0.00000000 -0.01743929    0.21969163 -0.00000000    0.01849213  0.00000000
  0.00000000 -0.01743929    0.01849213  0.00000000    0.21969163 -0.00000000
    1    2
 -0.00000000  0.10835049   -0.09222497  0.00000000   -0.09222497 -0.00000000
 -0.07534833 -0.00000000   -0.00000000  0.10679357   -0.00000000 -0.07070557
 -0.07534833 -0.00000000   -0.00000000 -0.07070557   -0.00000000  0.10679357
    2    1
 -0.00000000 -0.10835049   -0.07534833  0.00000000   -0.07534833  0.00000000
 -0.09222497 -0.00000000   -0.00000000 -0.10679357   -0.00000000  0.07070557
 -0.09222497  0.00000000   -0.00000000  0.07070557   -0.00000000 -0.10679357
    2    2
  0.24393618  0.00000000    0.00000000  0.01315239    0.00000000  0.01315239
  0.00000000 -0.01315239    0.23511147  0.00000000    0.02639197  0.00000000
  0.00000000 -0.01315239    0.02639197  0.00000000    0.23511147  0.00000000

     Dynamical  Matrix in cartesian axes

     q = (    0.000000000   0.500000000  -0.500000000 ) 

    1    1
  0.23136026  0.00000000   -0.00000000 -0.01743929    0.00000000  0.01743929
 -0.00000000  0.01743929    0.21969163  0.00000000   -0.01849213 -0.00000000
  0.00000000 -0.01743929   -0.01849213 -0.00000000    0.21969163  0.00000000
    1    2
 -0.10835049 -0.00000000    0.00000000  0.09222497   -0.00000000 -0.09222497
 -0.00000000  0.07534833   -0.10679357 -0.00000000   -0.07070557  0.00000000
  0.00000000 -0.07534833   -0.07070557  0.00000000   -0.10679357 -0.00000000
    2    1
 -0.10835049  0.00000000   -0.00000000 -0.07534833    0.00000000  0.07534833
 -0.00000000 -0.09222497   -0.10679357  0.00000000   -0.07070557 -0.00000000
  0.00000000  0.09222497   -0.07070557 -0.00000000   -0.10679357  0.00000000
    2    2
  0.24393618  0.00000000    0.00000000 -0.01315239    0.00000000  0.01315239
  0.00000000  0.01315239    0.23511147  0.00000000   -0.02639197  0.00000000
  0.00000000 -0.01315239   -0.02639197  0.00000000    0.23511147  0.00000000

     Dynamical  Matrix in cartesian axes

     q = (    0.000000000  -0.500000000  -0.500000000 ) 

    1    1
  0.23136026  0.00000000    0.00000000 -0.01743929    0.00000000 -0.01743929
  0.00000000  0.01743929    0.21969163  0.00000000    0.01849213 -0.00000000
  0.00000000  0.01743929    0.01849213 -0.00000000    0.21969163  0.00000000
    1    2
  0.00000000 -0.10835049   -0.09222497  0.00000000   -0.09222497  0.00000000
 -0.07534833  0.00000000    0.00000000 -0.10679357    0.00000000  0.07070557
 -0.07534833  0.00000000    0.00000000  0.07070557    0.00000000 -0.10679357
    2    1
  0.00000000  0.10835049   -0.07534833  0.00000000   -0.07534833 -0.00000000
 -0.09222497 -0.00000000    0.00000000  0.10679357    0.00000000 -0.07070557
 -0.09222497 -0.00000000    0.00000000 -0.07070557    0.00000000  0.10679357
    2    2
  0.24393618  0.00000000    0.00000000 -0.01315239    0.00000000 -0.01315239
  0.00000000  0.01315239    0.23511147  0.00000000    0.02639197  0.00000000
  0.00000000  0.01315239    0.02639197  0.00000000    0.23511147  0.00000000

     Dynamical  Matrix in cartesian axes

     q = (    0.000000000  -0.500000000   0.500000000 ) 

    1    1
  0.23136026 -0.00000000   -0.00000000  0.01743929    0.00000000 -0.01743929
 -0.00000000 -0.01743929    0.21969163 -0.00000000   -0.01849213  0.00000000
  0.00000000  0.01743929   -0.01849213  0.00000000    0.21969163 -0.00000000
    1    2
 -0.10835049 -0.00000000    0.00000000 -0.09222497   -0.00000000  0.09222497
  0.00000000 -0.07534833   -0.10679357 -0.00000000   -0.07070557  0.00000000
 -0.00000000  0.07534833   -0.07070557  0.00000000   -0.10679357 -0.00000000
    2    1
 -0.10835049  0.00000000    0.00000000  0.07534833   -0.00000000 -0.07534833
  0.00000000  0.09222497   -0.10679357  0.00000000   -0.07070557 -0.00000000
 -0.00000000 -0.09222497   -0.07070557 -0.00000000   -0.10679357  0.00000000
    2    2
  0.24393618  0.00000000    0.00000000  0.01315239    0.00000000 -0.01315239
  0.00000000 -0.01315239    0.23511147  0.00000000   -0.02639197  0.00000000
  0.00000000  0.01315239   -0.02639197  0.00000000    0.23511147  0.00000000

     Diagonalizing the dynamical matrix

     q = (    0.500000000   0.000000000   0.500000000 ) 

 **************************************************************************
     omega(    1) =       2.519184 [THz] =      84.030935 [cm-1]
 ( -0.000000  0.487103 -0.000000  0.000000 -0.000000 -0.487103 ) 
 ( -0.512573  0.000000 -0.000000 -0.000000  0.512573  0.000000 ) 
     omega(    2) =       3.829966 [THz] =     127.753918 [cm-1]
 (  0.000000 -0.246325 -0.605372  0.000000 -0.000000 -0.246325 ) 
 ( -0.228100  0.000000 -0.000000 -0.638838 -0.228100  0.000000 ) 
     omega(    3) =       5.428368 [THz] =     181.070855 [cm-1]
 (  0.000000 -0.268967  0.285336 -0.000000  0.000000 -0.268967 ) 
 (  0.548677  0.000000  0.000000 -0.414492  0.548677  0.000000 ) 
     omega(    4) =      10.719289 [THz] =     357.556979 [cm-1]
 (  0.000000  0.653724  0.271946 -0.000000  0.000000  0.653724 ) 
 ( -0.010779  0.000000 -0.000000 -0.266650 -0.010779  0.000000 ) 
     omega(    5) =      10.737251 [THz] =     358.156130 [cm-1]
 (  0.000000 -0.669015  0.000000 -0.000000  0.000000  0.669015 ) 
 ( -0.228952  0.000000 -0.000000 -0.000000  0.228952  0.000000 ) 
     omega(    6) =      11.301810 [THz] =     376.987813 [cm-1]
 (  0.000000  0.256633 -0.892977 -0.000000  0.000000  0.256633 ) 
 (  0.170984  0.000000 -0.000000  0.111359  0.170984  0.000000 ) 
 **************************************************************************
