Dynamical matrix file
                                                                           
  2    2  2 10.5000000  0.0000000  0.0000000  0.0000000  0.0000000  0.0000000
           1  'Al  '    24590.765652728711     
           2  'As  '    68285.402620549852     
    1    1      0.0000000000      0.0000000000      0.0000000000
    2    2      0.2500000000      0.2500000000      0.2500000000

     Dynamical  Matrix in cartesian axes

     q = (   -0.250000000   0.250000000  -0.250000000 ) 

    1    1
  0.23196695 -0.00000000   -0.02546736  0.00000000    0.02546736 -0.00000000
 -0.02546736  0.00000000    0.23196695 -0.00000000   -0.02546736  0.00000000
  0.02546736 -0.00000000   -0.02546736  0.00000000    0.23196695 -0.00000000
    1    2
 -0.16509354 -0.05848618   -0.02947042  0.04600210    0.02947042 -0.04600210
 -0.02947042  0.04600210   -0.16509354 -0.05848618   -0.02947042  0.04600210
  0.02947042 -0.04600210   -0.02947042  0.04600210   -0.16509354 -0.05848618
    2    1
 -0.16509354  0.05848618   -0.02947042 -0.04600210    0.02947042  0.04600210
 -0.02947042 -0.04600210   -0.16509354  0.05848618   -0.02947042 -0.04600210
  0.02947042  0.04600210   -0.02947042 -0.04600210   -0.16509354  0.05848618
    2    2
  0.23138198  0.00000000   -0.02106068  0.00000000    0.02106068  0.00000000
 -0.02106068  0.00000000    0.23138198  0.00000000   -0.02106068  0.00000000
  0.02106068  0.00000000   -0.02106068  0.00000000    0.23138198  0.00000000

     Dynamical  Matrix in cartesian axes

     q = (    0.250000000  -0.250000000   0.250000000 ) 

    1    1
  0.23196695  0.00000000   -0.02546736 -0.00000000    0.02546736  0.00000000
 -0.02546736 -0.00000000    0.23196695  0.00000000   -0.02546736 -0.00000000
  0.02546736  0.00000000   -0.02546736 -0.00000000    0.23196695  0.00000000
    1    2
 -0.16509354  0.05848618   -0.02947042 -0.04600210    0.02947042  0.04600210
 -0.02947042 -0.04600210   -0.16509354  0.05848618   -0.02947042 -0.04600210
  0.02947042  0.04600210   -0.02947042 -0.04600210   -0.16509354  0.05848618
    2    1
 -0.16509354 -0.05848618   -0.02947042  0.04600210    0.02947042 -0.04600210
 -0.02947042  0.04600210   -0.16509354 -0.05848618   -0.02947042  0.04600210
  0.02947042 -0.04600210   -0.02947042  0.04600210   -0.16509354 -0.05848618
    2    2
  0.23138198 -0.00000000   -0.02106068 -0.00000000    0.02106068 -0.00000000
 -0.02106068 -0.00000000    0.23138198 -0.00000000   -0.02106068 -0.00000000
  0.02106068 -0.00000000   -0.02106068 -0.00000000    0.23138198 -0.00000000

     Dynamical  Matrix in cartesian axes

     q = (    0.250000000  -0.250000000  -0.250000000 ) 

    1    1
  0.23196695 -0.00000000   -0.02546736  0.00000000   -0.02546736  0.00000000
 -0.02546736  0.00000000    0.23196695 -0.00000000    0.02546736 -0.00000000
 -0.02546736  0.00000000    0.02546736 -0.00000000    0.23196695 -0.00000000
    1    2
 -0.16509354 -0.05848618   -0.02947042  0.04600210   -0.02947042  0.04600210
 -0.02947042  0.04600210   -0.16509354 -0.05848618    0.02947042 -0.04600210
 -0.02947042  0.04600210    0.02947042 -0.04600210   -0.16509354 -0.05848618
    2    1
 -0.16509354  0.05848618   -0.02947042 -0.04600210   -0.02947042 -0.04600210
 -0.02947042 -0.04600210   -0.16509354  0.05848618    0.02947042  0.04600210
 -0.02947042 -0.04600210    0.02947042  0.04600210   -0.16509354  0.05848618
    2    2
  0.23138198  0.00000000   -0.02106068  0.00000000   -0.02106068  0.00000000
 -0.02106068  0.00000000    0.23138198  0.00000000    0.02106068  0.00000000
 -0.02106068  0.00000000    0.02106068  0.00000000    0.23138198  0.00000000

     Dynamical  Matrix in cartesian axes

     q = (   -0.250000000   0.250000000   0.250000000 ) 

    1    1
  0.23196695  0.00000000   -0.02546736 -0.00000000   -0.02546736 -0.00000000
 -0.02546736 -0.00000000    0.23196695  0.00000000    0.02546736  0.00000000
 -0.02546736 -0.00000000    0.02546736  0.00000000    0.23196695  0.00000000
    1    2
 -0.16509354  0.05848618   -0.02947042 -0.04600210   -0.02947042 -0.04600210
 -0.02947042 -0.04600210   -0.16509354  0.05848618    0.02947042  0.04600210
 -0.02947042 -0.04600210    0.02947042  0.04600210   -0.16509354  0.05848618
    2    1
 -0.16509354 -0.05848618   -0.02947042  0.04600210   -0.02947042  0.04600210
 -0.02947042  0.04600210   -0.16509354 -0.05848618    0.02947042 -0.04600210
 -0.02947042  0.04600210    0.02947042 -0.04600210   -0.16509354 -0.05848618
    2    2
  0.23138198 -0.00000000   -0.02106068 -0.00000000   -0.02106068 -0.00000000
 -0.02106068 -0.00000000    0.23138198 -0.00000000    0.02106068 -0.00000000
 -0.02106068 -0.00000000    0.02106068 -0.00000000    0.23138198 -0.00000000

     Dynamical  Matrix in cartesian axes

     q = (   -0.250000000  -0.250000000   0.250000000 ) 

    1    1
  0.23196695 -0.00000000    0.02546736 -0.00000000   -0.02546736  0.00000000
  0.02546736 -0.00000000    0.23196695 -0.00000000   -0.02546736  0.00000000
 -0.02546736  0.00000000   -0.02546736  0.00000000    0.23196695 -0.00000000
    1    2
 -0.16509354 -0.05848618    0.02947042 -0.04600210   -0.02947042  0.04600210
  0.02947042 -0.04600210   -0.16509354 -0.05848618   -0.02947042  0.04600210
 -0.02947042  0.04600210   -0.02947042  0.04600210   -0.16509354 -0.05848618
    2    1
 -0.16509354  0.05848618    0.02947042  0.04600210   -0.02947042 -0.04600210
  0.02947042  0.04600210   -0.16509354  0.05848618   -0.02947042 -0.04600210
 -0.02947042 -0.04600210   -0.02947042 -0.04600210   -0.16509354  0.05848618
    2    2
  0.23138198  0.00000000    0.02106068  0.00000000   -0.02106068  0.00000000
  0.02106068  0.00000000    0.23138198  0.00000000   -0.02106068  0.00000000
 -0.02106068  0.00000000   -0.02106068  0.00000000    0.23138198  0.00000000

     Dynamical  Matrix in cartesian axes

     q = (    0.250000000   0.250000000  -0.250000000 ) 

    1    1
  0.23196695  0.00000000    0.02546736  0.00000000   -0.02546736 -0.00000000
  0.02546736  0.00000000    0.23196695  0.00000000   -0.02546736 -0.00000000
 -0.02546736 -0.00000000   -0.02546736 -0.00000000    0.23196695  0.00000000
    1    2
 -0.16509354  0.05848618    0.02947042  0.04600210   -0.02947042 -0.04600210
  0.02947042  0.04600210   -0.16509354  0.05848618   -0.02947042 -0.04600210
 -0.02947042 -0.04600210   -0.02947042 -0.04600210   -0.16509354  0.05848618
    2    1
 -0.16509354 -0.05848618    0.02947042 -0.04600210   -0.02947042  0.04600210
  0.02947042 -0.04600210   -0.16509354 -0.05848618   -0.02947042  0.04600210
 -0.02947042  0.04600210   -0.02947042  0.04600210   -0.16509354 -0.05848618
    2    2
  0.23138198 -0.00000000    0.02106068 -0.00000000   -0.02106068 -0.00000000
  0.02106068 -0.00000000    0.23138198 -0.00000000   -0.02106068 -0.00000000
 -0.02106068 -0.00000000   -0.02106068 -0.00000000    0.23138198 -0.00000000

     Dynamical  Matrix in cartesian axes

     q = (    0.250000000   0.250000000   0.250000000 ) 

    1    1
  0.23196695 -0.00000000    0.02546736 -0.00000000    0.02546736 -0.00000000
  0.02546736 -0.00000000    0.23196695 -0.00000000    0.02546736 -0.00000000
  0.02546736 -0.00000000    0.02546736 -0.00000000    0.23196695 -0.00000000
    1    2
 -0.05848618  0.16509354   -0.04600210 -0.02947042   -0.04600210 -0.02947042
 -0.04600210 -0.02947042   -0.05848618  0.16509354   -0.04600210 -0.02947042
 -0.04600210 -0.02947042   -0.04600210 -0.02947042   -0.05848618  0.16509354
    2    1
 -0.05848618 -0.16509354   -0.04600210  0.02947042   -0.04600210  0.02947042
 -0.04600210  0.02947042   -0.05848618 -0.16509354   -0.04600210  0.02947042
 -0.04600210  0.02947042   -0.04600210  0.02947042   -0.05848618 -0.16509354
    2    2
  0.23138198  0.00000000    0.02106068  0.00000000    0.02106068  0.00000000
  0.02106068  0.00000000    0.23138198  0.00000000    0.02106068  0.00000000
  0.02106068  0.00000000    0.02106068  0.00000000    0.23138198  0.00000000

     Dynamical  Matrix in cartesian axes

     q = (   -0.250000000  -0.250000000  -0.250000000 ) 

    1    1
  0.23196695  0.00000000    0.02546736  0.00000000    0.02546736  0.00000000
  0.02546736  0.00000000    0.23196695  0.00000000    0.02546736  0.00000000
  0.02546736  0.00000000    0.02546736  0.00000000    0.23196695  0.00000000
    1    2
 -0.05848618 -0.16509354   -0.04600210  0.02947042   -0.04600210  0.02947042
 -0.04600210  0.02947042   -0.05848618 -0.16509354   -0.04600210  0.02947042
 -0.04600210  0.02947042   -0.04600210  0.02947042   -0.05848618 -0.16509354
    2    1
 -0.05848618  0.16509354   -0.04600210 -0.02947042   -0.04600210 -0.02947042
 -0.04600210 -0.02947042   -0.05848618  0.16509354   -0.04600210 -0.02947042
 -0.04600210 -0.02947042   -0.04600210 -0.02947042   -0.05848618  0.16509354
    2    2
  0.23138198 -0.00000000    0.02106068 -0.00000000    0.02106068 -0.00000000
  0.02106068 -0.00000000    0.23138198 -0.00000000    0.02106068 -0.00000000
  0.02106068 -0.00000000    0.02106068 -0.00000000    0.23138198 -0.00000000

     Diagonalizing the dynamical matrix

     q = (   -0.250000000   0.250000000  -0.250000000 ) 

 **************************************************************************
     omega(    1) =       1.767015 [THz] =      58.941293 [cm-1]
 ( -0.080429 -0.475714 -0.146019 -0.479923 -0.065591 -0.004209 ) 
 ( -0.113247 -0.480285 -0.180470 -0.480285 -0.067223  0.000000 ) 
     omega(    2) =       1.767015 [THz] =      58.941293 [cm-1]
 ( -0.296050 -0.073540  0.269802 -0.037232  0.565852  0.036308 ) 
 ( -0.306989 -0.055672  0.272943 -0.055672  0.579932  0.000000 ) 
     omega(    3) =       4.537017 [THz] =     151.338610 [cm-1]
 (  0.204662  0.290145 -0.204662 -0.290145  0.204662  0.290145 ) 
 (  0.455261  0.000000 -0.455261 -0.000000  0.455261  0.000000 ) 
     omega(    4) =      11.004503 [THz] =     367.070710 [cm-1]
 ( -0.425607 -0.513527 -0.425607 -0.513527  0.000000 -0.000000 ) 
 (  0.161125  0.170844  0.161125  0.170844  0.000000  0.000000 ) 
     omega(    5) =      11.004503 [THz] =     367.070710 [cm-1]
 ( -0.384286 -0.024657  0.384286  0.024657  0.768572  0.049315 ) 
 (  0.135584 -0.000000 -0.135584 -0.000000 -0.271168  0.000000 ) 
     omega(    6) =      12.135803 [THz] =     404.806812 [cm-1]
 (  0.320393  0.454214 -0.320393 -0.454214  0.320393  0.454214 ) 
 ( -0.156114  0.000000  0.156114 -0.000000 -0.156114  0.000000 ) 
 **************************************************************************
