  0.00000000E+00 -0.57046824E+01
  0.28922784E-01 -0.57031326E+01
  0.57845569E-01 -0.56984689E+01
  0.86768353E-01 -0.56906487E+01
  0.11569114E+00 -0.56796015E+01
  0.14461392E+00 -0.56652298E+01
  0.17353671E+00 -0.56474097E+01
  0.20245949E+00 -0.56259928E+01
  0.23138228E+00 -0.56008077E+01
  0.26030506E+00 -0.55716614E+01
  0.28922784E+00 -0.55383419E+01
  0.31815063E+00 -0.55006206E+01
  0.34707341E+00 -0.54582541E+01
  0.37599620E+00 -0.54109877E+01
  0.40491898E+00 -0.53585578E+01
  0.43384177E+00 -0.53006949E+01
  0.46276455E+00 -0.52371268E+01
  0.49168734E+00 -0.51675814E+01
  0.52061012E+00 -0.50917902E+01
  0.54953290E+00 -0.50094912E+01
  0.57845569E+00 -0.49204322E+01
  0.60737847E+00 -0.48243738E+01
  0.63630126E+00 -0.47210922E+01
  0.66522404E+00 -0.46103827E+01
  0.69414683E+00 -0.44920617E+01
  0.72306961E+00 -0.43659701E+01
  0.75199240E+00 -0.42319753E+01
  0.78091518E+00 -0.40899737E+01
  0.80983796E+00 -0.39398924E+01
  0.83876075E+00 -0.37816919E+01
  0.86768353E+00 -0.36153668E+01
  0.89660632E+00 -0.34409478E+01
  0.92552910E+00 -0.32585028E+01
  0.95445189E+00 -0.30681373E+01
  0.98337467E+00 -0.28699958E+01
  0.10122975E+01 -0.26642616E+01
  0.10412202E+01 -0.24511572E+01
  0.10701430E+01 -0.22309441E+01
  0.10990658E+01 -0.20039221E+01
  0.11279886E+01 -0.17704295E+01
  0.11569114E+01 -0.15308413E+01
  0.11861278E+01 -0.15332424E+01
  0.12153442E+01 -0.15404981E+01
  0.12445607E+01 -0.15527638E+01
  0.12737771E+01 -0.15702923E+01
  0.13029935E+01 -0.15934229E+01
  0.13322099E+01 -0.16225676E+01
  0.13614263E+01 -0.16581905E+01
  0.13906428E+01 -0.17007834E+01
  0.14198592E+01 -0.17508366E+01
  0.14490756E+01 -0.18088050E+01
  0.14782920E+01 -0.18750732E+01
  0.15075085E+01 -0.19499211E+01
  0.15367249E+01 -0.20334918E+01
  0.15659413E+01 -0.21257678E+01
  0.15659413E+01 -0.21257677E+01
  0.15951577E+01 -0.22265545E+01
  0.16243742E+01 -0.23354758E+01
  0.16535906E+01 -0.24519800E+01
  0.16828070E+01 -0.25753558E+01
  0.17120234E+01 -0.27047565E+01
  0.17412399E+01 -0.28392294E+01
  0.17704563E+01 -0.29777477E+01
  0.17996727E+01 -0.31192422E+01
  0.18288891E+01 -0.32626320E+01
  0.18581056E+01 -0.34068505E+01
  0.18873220E+01 -0.35508685E+01
  0.19165384E+01 -0.36937128E+01
  0.19457548E+01 -0.38344806E+01
  0.19749713E+01 -0.39723502E+01
  0.20041877E+01 -0.41065876E+01
  0.20334041E+01 -0.42365516E+01
  0.20626205E+01 -0.43616944E+01
  0.20918370E+01 -0.44815618E+01
  0.21210534E+01 -0.45957906E+01
  0.21502698E+01 -0.47041048E+01
  0.21794862E+01 -0.48063104E+01
  0.22087027E+01 -0.49022899E+01
  0.22379191E+01 -0.49919952E+01
  0.22671355E+01 -0.50754407E+01
  0.22963519E+01 -0.51526958E+01
  0.23255683E+01 -0.52238770E+01
  0.23547848E+01 -0.52891401E+01
  0.23840012E+01 -0.53486730E+01
  0.24132176E+01 -0.54026878E+01
  0.24424340E+01 -0.54514137E+01
  0.24716505E+01 -0.54950904E+01
  0.25008669E+01 -0.55339617E+01
  0.25300833E+01 -0.55682695E+01
  0.25592997E+01 -0.55982483E+01
  0.25885162E+01 -0.56241209E+01
  0.26177326E+01 -0.56460934E+01
  0.26469490E+01 -0.56643519E+01
  0.26761654E+01 -0.56790594E+01
  0.27053819E+01 -0.56903526E+01
  0.27345983E+01 -0.56983402E+01
  0.27638147E+01 -0.57031009E+01
  0.27930311E+01 -0.57046824E+01
  0.28216573E+01 -0.57031641E+01
  0.28502834E+01 -0.56985942E+01
  0.28789095E+01 -0.56909274E+01
  0.29075357E+01 -0.56800889E+01
  0.29361618E+01 -0.56659752E+01
  0.29647879E+01 -0.56484546E+01
  0.29934141E+01 -0.56273693E+01
  0.30220402E+01 -0.56025366E+01
  0.30506663E+01 -0.55737510E+01
  0.30792925E+01 -0.55407870E+01
  0.31079186E+01 -0.55034015E+01
  0.31365447E+01 -0.54613374E+01
  0.31651709E+01 -0.54143276E+01
  0.31937970E+01 -0.53620991E+01
  0.32224231E+01 -0.53043784E+01
  0.32510493E+01 -0.52408979E+01
  0.32796754E+01 -0.51714028E+01
  0.33083015E+01 -0.50956599E+01
  0.33369277E+01 -0.50134680E+01
  0.33655538E+01 -0.49246716E+01
  0.33941799E+01 -0.48291764E+01
  0.34228061E+01 -0.47269715E+01
  0.34514322E+01 -0.46181565E+01
  0.34800583E+01 -0.45029798E+01
  0.35086845E+01 -0.43818892E+01
  0.35373106E+01 -0.42556045E+01
  0.35659367E+01 -0.41252187E+01
  0.35945629E+01 -0.39923415E+01
  0.36231890E+01 -0.38593007E+01
  0.36518151E+01 -0.37294103E+01
  0.36804413E+01 -0.36072893E+01
  0.37090674E+01 -0.34991283E+01
  0.37376935E+01 -0.34126258E+01
  0.37663196E+01 -0.33560912E+01
  0.37949458E+01 -0.33363470E+01
  0.38241622E+01 -0.33347411E+01
  0.38533786E+01 -0.33299028E+01
  0.38825951E+01 -0.33217712E+01
  0.39118115E+01 -0.33102456E+01
  0.39410279E+01 -0.32951882E+01
  0.39702443E+01 -0.32764262E+01
  0.39994608E+01 -0.32537563E+01
  0.40286772E+01 -0.32269482E+01
  0.40578936E+01 -0.31957507E+01
  0.40871100E+01 -0.31598973E+01
  0.41163264E+01 -0.31191134E+01
  0.41455429E+01 -0.30731245E+01
  0.41747593E+01 -0.30216643E+01
  0.42039757E+01 -0.29644848E+01
  0.42331921E+01 -0.29013665E+01
  0.42624086E+01 -0.28321295E+01
  0.42916250E+01 -0.27566458E+01
  0.43208414E+01 -0.26748518E+01
  0.43500578E+01 -0.25867619E+01
  0.43792743E+01 -0.24924825E+01
  0.44084907E+01 -0.23922267E+01
  0.44377071E+01 -0.22863293E+01
  0.44669235E+01 -0.21752619E+01
  0.44961400E+01 -0.20596477E+01
  0.45253564E+01 -0.19402749E+01
  0.45545728E+01 -0.18181081E+01
  0.45837892E+01 -0.16942954E+01
  0.46130057E+01 -0.15703845E+01
  0.46419284E+01 -0.15701439E+01
  0.46708512E+01 -0.15694278E+01
  0.46997740E+01 -0.15682535E+01
  0.47286968E+01 -0.15666491E+01
  0.47576196E+01 -0.15646533E+01
  0.47865424E+01 -0.15623142E+01
  0.48154652E+01 -0.15596883E+01
  0.48443879E+01 -0.15568393E+01
  0.48733107E+01 -0.15538364E+01
  0.49022335E+01 -0.15507530E+01
  0.49311563E+01 -0.15476643E+01
  0.49600791E+01 -0.15446463E+01
  0.49890019E+01 -0.15417734E+01
  0.50179246E+01 -0.15391165E+01
  0.50468474E+01 -0.15367415E+01
  0.50757702E+01 -0.15347074E+01
  0.51046930E+01 -0.15330648E+01
  0.51336158E+01 -0.15318548E+01
  0.51625386E+01 -0.15311074E+01
  0.51914614E+01 -0.15308413E+01
  
  0.00000000E+00 -0.57046824E+01
  0.28922784E-01 -0.57031326E+01
  0.57845569E-01 -0.56984689E+01
  0.86768353E-01 -0.56906487E+01
  0.11569114E+00 -0.56796015E+01
  0.14461392E+00 -0.56652297E+01
  0.17353671E+00 -0.56474096E+01
  0.20245949E+00 -0.56259928E+01
  0.23138228E+00 -0.56008076E+01
  0.26030506E+00 -0.55716613E+01
  0.28922784E+00 -0.55383419E+01
  0.31815063E+00 -0.55006205E+01
  0.34707341E+00 -0.54582540E+01
  0.37599620E+00 -0.54109876E+01
  0.40491898E+00 -0.53585577E+01
  0.43384177E+00 -0.53006948E+01
  0.46276455E+00 -0.52371267E+01
  0.49168734E+00 -0.51675813E+01
  0.52061012E+00 -0.50917901E+01
  0.54953290E+00 -0.50094911E+01
  0.57845569E+00 -0.49204321E+01
  0.60737847E+00 -0.48243737E+01
  0.63630126E+00 -0.47210921E+01
  0.66522404E+00 -0.46103826E+01
  0.69414683E+00 -0.44920616E+01
  0.72306961E+00 -0.43659700E+01
  0.75199240E+00 -0.42319753E+01
  0.78091518E+00 -0.40899736E+01
  0.80983796E+00 -0.39398924E+01
  0.83876075E+00 -0.37816918E+01
  0.86768353E+00 -0.36153668E+01
  0.89660632E+00 -0.34409478E+01
  0.92552910E+00 -0.32585027E+01
  0.95445189E+00 -0.30681372E+01
  0.98337467E+00 -0.28699958E+01
  0.10122975E+01 -0.26642616E+01
  0.10412202E+01 -0.24511572E+01
  0.10701430E+01 -0.22309440E+01
  0.10990658E+01 -0.20039221E+01
  0.11279886E+01 -0.17704295E+01
  0.11569114E+01 -0.15308412E+01
  0.11861278E+01 -0.15332423E+01
  0.12153442E+01 -0.15404980E+01
  0.12445607E+01 -0.15527638E+01
  0.12737771E+01 -0.15702922E+01
  0.13029935E+01 -0.15934229E+01
  0.13322099E+01 -0.16225675E+01
  0.13614263E+01 -0.16581904E+01
  0.13906428E+01 -0.17007834E+01
  0.14198592E+01 -0.17508366E+01
  0.14490756E+01 -0.18088049E+01
  0.14782920E+01 -0.18750732E+01
  0.15075085E+01 -0.19499210E+01
  0.15367249E+01 -0.20334918E+01
  0.15659413E+01 -0.21257677E+01
  0.15659413E+01 -0.21257677E+01
  0.15951577E+01 -0.22265544E+01
  0.16243742E+01 -0.23354758E+01
  0.16535906E+01 -0.24519800E+01
  0.16828070E+01 -0.25753558E+01
  0.17120234E+01 -0.27047565E+01
  0.17412399E+01 -0.28392294E+01
  0.17704563E+01 -0.29777476E+01
  0.17996727E+01 -0.31192422E+01
  0.18288891E+01 -0.32626320E+01
  0.18581056E+01 -0.34068504E+01
  0.18873220E+01 -0.35508684E+01
  0.19165384E+01 -0.36937127E+01
  0.19457548E+01 -0.38344806E+01
  0.19749713E+01 -0.39723501E+01
  0.20041877E+01 -0.41065876E+01
  0.20334041E+01 -0.42365515E+01
  0.20626205E+01 -0.43616943E+01
  0.20918370E+01 -0.44815617E+01
  0.21210534E+01 -0.45957906E+01
  0.21502698E+01 -0.47041047E+01
  0.21794862E+01 -0.48063103E+01
  0.22087027E+01 -0.49022898E+01
  0.22379191E+01 -0.49919951E+01
  0.22671355E+01 -0.50754407E+01
  0.22963519E+01 -0.51526958E+01
  0.23255683E+01 -0.52238769E+01
  0.23547848E+01 -0.52891400E+01
  0.23840012E+01 -0.53486729E+01
  0.24132176E+01 -0.54026877E+01
  0.24424340E+01 -0.54514136E+01
  0.24716505E+01 -0.54950904E+01
  0.25008669E+01 -0.55339617E+01
  0.25300833E+01 -0.55682694E+01
  0.25592997E+01 -0.55982483E+01
  0.25885162E+01 -0.56241208E+01
  0.26177326E+01 -0.56460933E+01
  0.26469490E+01 -0.56643519E+01
  0.26761654E+01 -0.56790594E+01
  0.27053819E+01 -0.56903526E+01
  0.27345983E+01 -0.56983401E+01
  0.27638147E+01 -0.57031008E+01
  0.27930311E+01 -0.57046824E+01
  0.28216573E+01 -0.57031641E+01
  0.28502834E+01 -0.56985942E+01
  0.28789095E+01 -0.56909274E+01
  0.29075357E+01 -0.56800889E+01
  0.29361618E+01 -0.56659752E+01
  0.29647879E+01 -0.56484546E+01
  0.29934141E+01 -0.56273693E+01
  0.30220402E+01 -0.56025366E+01
  0.30506663E+01 -0.55737510E+01
  0.30792925E+01 -0.55407869E+01
  0.31079186E+01 -0.55034014E+01
  0.31365447E+01 -0.54613374E+01
  0.31651709E+01 -0.54143275E+01
  0.31937970E+01 -0.53620990E+01
  0.32224231E+01 -0.53043783E+01
  0.32510493E+01 -0.52408979E+01
  0.32796754E+01 -0.51714027E+01
  0.33083015E+01 -0.50956598E+01
  0.33369277E+01 -0.50134679E+01
  0.33655538E+01 -0.49246715E+01
  0.33941799E+01 -0.48291763E+01
  0.34228061E+01 -0.47269714E+01
  0.34514322E+01 -0.46181565E+01
  0.34800583E+01 -0.45029797E+01
  0.35086845E+01 -0.43818891E+01
  0.35373106E+01 -0.42556045E+01
  0.35659367E+01 -0.41252186E+01
  0.35945629E+01 -0.39923414E+01
  0.36231890E+01 -0.38593006E+01
  0.36518151E+01 -0.37294103E+01
  0.36804413E+01 -0.36072892E+01
  0.37090674E+01 -0.34991283E+01
  0.37376935E+01 -0.34126258E+01
  0.37663196E+01 -0.33560912E+01
  0.37949458E+01 -0.33363469E+01
  0.38241622E+01 -0.33347410E+01
  0.38533786E+01 -0.33299028E+01
  0.38825951E+01 -0.33217712E+01
  0.39118115E+01 -0.33102456E+01
  0.39410279E+01 -0.32951881E+01
  0.39702443E+01 -0.32764262E+01
  0.39994608E+01 -0.32537563E+01
  0.40286772E+01 -0.32269482E+01
  0.40578936E+01 -0.31957507E+01
  0.40871100E+01 -0.31598972E+01
  0.41163264E+01 -0.31191134E+01
  0.41455429E+01 -0.30731245E+01
  0.41747593E+01 -0.30216643E+01
  0.42039757E+01 -0.29644848E+01
  0.42331921E+01 -0.29013665E+01
  0.42624086E+01 -0.28321295E+01
  0.42916250E+01 -0.27566458E+01
  0.43208414E+01 -0.26748518E+01
  0.43500578E+01 -0.25867618E+01
  0.43792743E+01 -0.24924824E+01
  0.44084907E+01 -0.23922266E+01
  0.44377071E+01 -0.22863292E+01
  0.44669235E+01 -0.21752618E+01
  0.44961400E+01 -0.20596476E+01
  0.45253564E+01 -0.19402748E+01
  0.45545728E+01 -0.18181080E+01
  0.45837892E+01 -0.16942953E+01
  0.46130057E+01 -0.15703844E+01
  0.46419284E+01 -0.15701438E+01
  0.46708512E+01 -0.15694277E+01
  0.46997740E+01 -0.15682534E+01
  0.47286968E+01 -0.15666490E+01
  0.47576196E+01 -0.15646532E+01
  0.47865424E+01 -0.15623141E+01
  0.48154652E+01 -0.15596882E+01
  0.48443879E+01 -0.15568392E+01
  0.48733107E+01 -0.15538363E+01
  0.49022335E+01 -0.15507528E+01
  0.49311563E+01 -0.15476642E+01
  0.49600791E+01 -0.15446463E+01
  0.49890019E+01 -0.15417733E+01
  0.50179246E+01 -0.15391164E+01
  0.50468474E+01 -0.15367414E+01
  0.50757702E+01 -0.15347073E+01
  0.51046930E+01 -0.15330648E+01
  0.51336158E+01 -0.15318547E+01
  0.51625386E+01 -0.15311073E+01
  0.51914614E+01 -0.15308412E+01
  
  0.00000000E+00  0.63114836E+01
  0.28922784E-01  0.63060235E+01
  0.57845569E-01  0.62892309E+01
  0.86768353E-01  0.62597387E+01
  0.11569114E+00  0.62154602E+01
  0.14461392E+00  0.61551231E+01
  0.17353671E+00  0.60790547E+01
  0.20245949E+00  0.59881210E+01
  0.23138228E+00  0.58830526E+01
  0.26030506E+00  0.57644178E+01
  0.28922784E+00  0.56327062E+01
  0.31815063E+00  0.54883829E+01
  0.34707341E+00  0.53319160E+01
  0.37599620E+00  0.51637893E+01
  0.40491898E+00  0.49845090E+01
  0.43384177E+00  0.47946051E+01
  0.46276455E+00  0.45946324E+01
  0.49168734E+00  0.43851698E+01
  0.52061012E+00  0.41668187E+01
  0.54953290E+00  0.39402016E+01
  0.57845569E+00  0.37059599E+01
  0.60737847E+00  0.34647518E+01
  0.63630126E+00  0.32172499E+01
  0.66522404E+00  0.29641385E+01
  0.69414683E+00  0.27061116E+01
  0.72306961E+00  0.24438695E+01
  0.75199240E+00  0.21781167E+01
  0.78091518E+00  0.19095588E+01
  0.80983796E+00  0.16388998E+01
  0.83876075E+00  0.13668391E+01
  0.86768353E+00  0.10940693E+01
  0.89660632E+00  0.82127282E+00
  0.92552910E+00  0.54911930E+00
  0.95445189E+00  0.27826311E+00
  0.98337467E+00  0.93405784E-02
  0.10122975E+01 -0.25703253E+00
  0.10412202E+01 -0.52026345E+00
  0.10701430E+01 -0.77978473E+00
  0.10990658E+01 -0.10350564E+01
  0.11279886E+01 -0.12855682E+01
  0.11569114E+01 -0.15308411E+01
  0.11861278E+01 -0.15289402E+01
  0.12153442E+01 -0.15232031E+01
  0.12445607E+01 -0.15135268E+01
  0.12737771E+01 -0.14997420E+01
  0.13029935E+01 -0.14816156E+01
  0.13322099E+01 -0.14588554E+01
  0.13614263E+01 -0.14311152E+01
  0.13906428E+01 -0.13980011E+01
  0.14198592E+01 -0.13590788E+01
  0.14490756E+01 -0.13138819E+01
  0.14782920E+01 -0.12619207E+01
  0.15075085E+01 -0.12026914E+01
  0.15367249E+01 -0.11356868E+01
  0.15659413E+01 -0.10604056E+01
  0.15659413E+01 -0.10604056E+01
  0.15951577E+01 -0.97636378E+00
  0.16243742E+01 -0.88310485E+00
  0.16535906E+01 -0.78021039E+00
  0.16828070E+01 -0.66731028E+00
  0.17120234E+01 -0.54409266E+00
  0.17412399E+01 -0.41031327E+00
  0.17704563E+01 -0.26580415E+00
  0.17996727E+01 -0.11048160E+00
  0.18288891E+01  0.55646777E-01
  0.18581056E+01  0.23247608E+00
  0.18873220E+01  0.41979916E+00
  0.19165384E+01  0.61730289E+00
  0.19457548E+01  0.82456566E+00
  0.19749713E+01  0.10410562E+01
  0.20041877E+01  0.12661337E+01
  0.20334041E+01  0.14990494E+01
  0.20626205E+01  0.17389492E+01
  0.20918370E+01  0.19848784E+01
  0.21210534E+01  0.22357864E+01
  0.21502698E+01  0.24905344E+01
  0.21794862E+01  0.27479024E+01
  0.22087027E+01  0.30065992E+01
  0.22379191E+01  0.32652718E+01
  0.22671355E+01  0.35225166E+01
  0.22963519E+01  0.37768912E+01
  0.23255683E+01  0.40269270E+01
  0.23547848E+01  0.42711416E+01
  0.23840012E+01  0.45080525E+01
  0.24132176E+01  0.47361900E+01
  0.24424340E+01  0.49541107E+01
  0.24716505E+01  0.51604102E+01
  0.25008669E+01  0.53537349E+01
  0.25300833E+01  0.55327926E+01
  0.25592997E+01  0.56963594E+01
  0.25885162E+01  0.58432808E+01
  0.26177326E+01  0.59724573E+01
  0.26469490E+01  0.60827897E+01
  0.26761654E+01  0.61730067E+01
  0.27053819E+01  0.62411971E+01
  0.27345983E+01  0.62847784E+01
  0.27638147E+01  0.63056657E+01
  0.27930311E+01  0.63114836E+01
  0.28216573E+01  0.63058238E+01
  0.28502834E+01  0.62843532E+01
  0.28789095E+01  0.62375988E+01
  0.29075357E+01  0.61646995E+01
  0.29361618E+01  0.60687165E+01
  0.29647879E+01  0.59513665E+01
  0.29934141E+01  0.58137264E+01
  0.30220402E+01  0.56567285E+01
  0.30506663E+01  0.54813139E+01
  0.30792925E+01  0.52884802E+01
  0.31079186E+01  0.50792955E+01
  0.31365447E+01  0.48549004E+01
  0.31651709E+01  0.46165046E+01
  0.31937970E+01  0.43653821E+01
  0.32224231E+01  0.41028650E+01
  0.32510493E+01  0.38303373E+01
  0.32796754E+01  0.35492294E+01
  0.33083015E+01  0.32610135E+01
  0.33369277E+01  0.29672003E+01
  0.33655538E+01  0.26693389E+01
  0.33941799E+01  0.23690191E+01
  0.34228061E+01  0.20678796E+01
  0.34514322E+01  0.17676222E+01
  0.34800583E+01  0.14700368E+01
  0.35086845E+01  0.11770404E+01
  0.35373106E+01  0.89073712E+00
  0.35659367E+01  0.61350828E+00
  0.35945629E+01  0.34814621E+00
  0.36231890E+01  0.98045520E-01
  0.36518151E+01 -0.13253715E+00
  0.36804413E+01 -0.33817223E+00
  0.37090674E+01 -0.51199634E+00
  0.37376935E+01 -0.64578245E+00
  0.37663196E+01 -0.73084039E+00
  0.37949458E+01 -0.76011798E+00
  0.38241622E+01 -0.75848097E+00
  0.38533786E+01 -0.75361448E+00
  0.38825951E+01 -0.74565271E+00
  0.39118115E+01 -0.73482162E+00
  0.39410279E+01 -0.72144219E+00
  0.39702443E+01 -0.70593508E+00
  0.39994608E+01 -0.68882635E+00
  0.40286772E+01 -0.67075403E+00
  0.40578936E+01 -0.65247501E+00
  0.40871100E+01 -0.63487125E+00
  0.41163264E+01 -0.61895383E+00
  0.41455429E+01 -0.60586253E+00
  0.41747593E+01 -0.59685764E+00
  0.42039757E+01 -0.59329983E+00
  0.42331921E+01 -0.59661338E+00
  0.42624086E+01 -0.60822861E+00
  0.42916250E+01 -0.62950178E+00
  0.43208414E+01 -0.66161538E+00
  0.43500578E+01 -0.70546895E+00
  0.43792743E+01 -0.76157705E+00
  0.44084907E+01 -0.82999510E+00
  0.44377071E+01 -0.91029063E+00
  0.44669235E+01 -0.10015682E+01
  0.44961400E+01 -0.11025424E+01
  0.45253564E+01 -0.12116443E+01
  0.45545728E+01 -0.13271378E+01
  0.45837892E+01 -0.14472311E+01
  0.46130057E+01 -0.15699516E+01
  0.46419284E+01 -0.15697115E+01
  0.46708512E+01 -0.15689970E+01
  0.46997740E+01 -0.15678254E+01
  0.47286968E+01 -0.15662252E+01
  0.47576196E+01 -0.15642351E+01
  0.47865424E+01 -0.15619037E+01
  0.48154652E+01 -0.15592877E+01
  0.48443879E+01 -0.15564512E+01
  0.48733107E+01 -0.15534638E+01
  0.49022335E+01 -0.15503988E+01
  0.49311563E+01 -0.15473321E+01
  0.49600791E+01 -0.15443394E+01
  0.49890019E+01 -0.15414953E+01
  0.50179246E+01 -0.15388707E+01
  0.50468474E+01 -0.15365311E+01
  0.50757702E+01 -0.15345353E+01
  0.51046930E+01 -0.15329335E+01
  0.51336158E+01 -0.15317661E+01
  0.51625386E+01 -0.15310627E+01
  0.51914614E+01 -0.15308411E+01
  
  0.00000000E+00  0.63114837E+01
  0.28922784E-01  0.63060236E+01
  0.57845569E-01  0.62892309E+01
  0.86768353E-01  0.62597387E+01
  0.11569114E+00  0.62154603E+01
  0.14461392E+00  0.61551231E+01
  0.17353671E+00  0.60790548E+01
  0.20245949E+00  0.59881211E+01
  0.23138228E+00  0.58830526E+01
  0.26030506E+00  0.57644179E+01
  0.28922784E+00  0.56327063E+01
  0.31815063E+00  0.54883830E+01
  0.34707341E+00  0.53319160E+01
  0.37599620E+00  0.51637894E+01
  0.40491898E+00  0.49845091E+01
  0.43384177E+00  0.47946052E+01
  0.46276455E+00  0.45946325E+01
  0.49168734E+00  0.43851699E+01
  0.52061012E+00  0.41668188E+01
  0.54953290E+00  0.39402017E+01
  0.57845569E+00  0.37059600E+01
  0.60737847E+00  0.34647519E+01
  0.63630126E+00  0.32172499E+01
  0.66522404E+00  0.29641386E+01
  0.69414683E+00  0.27061116E+01
  0.72306961E+00  0.24438696E+01
  0.75199240E+00  0.21781168E+01
  0.78091518E+00  0.19095589E+01
  0.80983796E+00  0.16388998E+01
  0.83876075E+00  0.13668392E+01
  0.86768353E+00  0.10940694E+01
  0.89660632E+00  0.82127287E+00
  0.92552910E+00  0.54911934E+00
  0.95445189E+00  0.27826315E+00
  0.98337467E+00  0.93406109E-02
  0.10122975E+01 -0.25703250E+00
  0.10412202E+01 -0.52026343E+00
  0.10701430E+01 -0.77978471E+00
  0.10990658E+01 -0.10350564E+01
  0.11279886E+01 -0.12855682E+01
  0.11569114E+01 -0.15308410E+01
  0.11861278E+01 -0.15289401E+01
  0.12153442E+01 -0.15232030E+01
  0.12445607E+01 -0.15135268E+01
  0.12737771E+01 -0.14997419E+01
  0.13029935E+01 -0.14816156E+01
  0.13322099E+01 -0.14588554E+01
  0.13614263E+01 -0.14311152E+01
  0.13906428E+01 -0.13980010E+01
  0.14198592E+01 -0.13590787E+01
  0.14490756E+01 -0.13138818E+01
  0.14782920E+01 -0.12619206E+01
  0.15075085E+01 -0.12026914E+01
  0.15367249E+01 -0.11356867E+01
  0.15659413E+01 -0.10604055E+01
  0.15659413E+01 -0.10604055E+01
  0.15951577E+01 -0.97636369E+00
  0.16243742E+01 -0.88310477E+00
  0.16535906E+01 -0.78021030E+00
  0.16828070E+01 -0.66731019E+00
  0.17120234E+01 -0.54409258E+00
  0.17412399E+01 -0.41031318E+00
  0.17704563E+01 -0.26580406E+00
  0.17996727E+01 -0.11048151E+00
  0.18288891E+01  0.55646863E-01
  0.18581056E+01  0.23247617E+00
  0.18873220E+01  0.41979925E+00
  0.19165384E+01  0.61730298E+00
  0.19457548E+01  0.82456574E+00
  0.19749713E+01  0.10410563E+01
  0.20041877E+01  0.12661338E+01
  0.20334041E+01  0.14990494E+01
  0.20626205E+01  0.17389493E+01
  0.20918370E+01  0.19848784E+01
  0.21210534E+01  0.22357865E+01
  0.21502698E+01  0.24905344E+01
  0.21794862E+01  0.27479025E+01
  0.22087027E+01  0.30065993E+01
  0.22379191E+01  0.32652718E+01
  0.22671355E+01  0.35225166E+01
  0.22963519E+01  0.37768912E+01
  0.23255683E+01  0.40269270E+01
  0.23547848E+01  0.42711417E+01
  0.23840012E+01  0.45080526E+01
  0.24132176E+01  0.47361901E+01
  0.24424340E+01  0.49541108E+01
  0.24716505E+01  0.51604103E+01
  0.25008669E+01  0.53537350E+01
  0.25300833E+01  0.55327927E+01
  0.25592997E+01  0.56963595E+01
  0.25885162E+01  0.58432809E+01
  0.26177326E+01  0.59724574E+01
  0.26469490E+01  0.60827898E+01
  0.26761654E+01  0.61730068E+01
  0.27053819E+01  0.62411973E+01
  0.27345983E+01  0.62847785E+01
  0.27638147E+01  0.63056658E+01
  0.27930311E+01  0.63114837E+01
  0.28216573E+01  0.63058239E+01
  0.28502834E+01  0.62843533E+01
  0.28789095E+01  0.62375989E+01
  0.29075357E+01  0.61646996E+01
  0.29361618E+01  0.60687166E+01
  0.29647879E+01  0.59513666E+01
  0.29934141E+01  0.58137265E+01
  0.30220402E+01  0.56567286E+01
  0.30506663E+01  0.54813140E+01
  0.30792925E+01  0.52884803E+01
  0.31079186E+01  0.50792956E+01
  0.31365447E+01  0.48549004E+01
  0.31651709E+01  0.46165046E+01
  0.31937970E+01  0.43653821E+01
  0.32224231E+01  0.41028650E+01
  0.32510493E+01  0.38303373E+01
  0.32796754E+01  0.35492295E+01
  0.33083015E+01  0.32610135E+01
  0.33369277E+01  0.29672004E+01
  0.33655538E+01  0.26693390E+01
  0.33941799E+01  0.23690192E+01
  0.34228061E+01  0.20678796E+01
  0.34514322E+01  0.17676222E+01
  0.34800583E+01  0.14700369E+01
  0.35086845E+01  0.11770405E+01
  0.35373106E+01  0.89073716E+00
  0.35659367E+01  0.61350831E+00
  0.35945629E+01  0.34814624E+00
  0.36231890E+01  0.98045544E-01
  0.36518151E+01 -0.13253713E+00
  0.36804413E+01 -0.33817220E+00
  0.37090674E+01 -0.51199632E+00
  0.37376935E+01 -0.64578242E+00
  0.37663196E+01 -0.73084036E+00
  0.37949458E+01 -0.76011796E+00
  0.38241622E+01 -0.75848096E+00
  0.38533786E+01 -0.75361447E+00
  0.38825951E+01 -0.74565270E+00
  0.39118115E+01 -0.73482160E+00
  0.39410279E+01 -0.72144216E+00
  0.39702443E+01 -0.70593504E+00
  0.39994608E+01 -0.68882630E+00
  0.40286772E+01 -0.67075397E+00
  0.40578936E+01 -0.65247494E+00
  0.40871100E+01 -0.63487116E+00
  0.41163264E+01 -0.61895372E+00
  0.41455429E+01 -0.60586241E+00
  0.41747593E+01 -0.59685750E+00
  0.42039757E+01 -0.59329968E+00
  0.42331921E+01 -0.59661321E+00
  0.42624086E+01 -0.60822843E+00
  0.42916250E+01 -0.62950158E+00
  0.43208414E+01 -0.66161518E+00
  0.43500578E+01 -0.70546874E+00
  0.43792743E+01 -0.76157684E+00
  0.44084907E+01 -0.82999489E+00
  0.44377071E+01 -0.91029042E+00
  0.44669235E+01 -0.10015679E+01
  0.44961400E+01 -0.11025422E+01
  0.45253564E+01 -0.12116441E+01
  0.45545728E+01 -0.13271377E+01
  0.45837892E+01 -0.14472309E+01
  0.46130057E+01 -0.15699514E+01
  0.46419284E+01 -0.15697113E+01
  0.46708512E+01 -0.15689968E+01
  0.46997740E+01 -0.15678253E+01
  0.47286968E+01 -0.15662250E+01
  0.47576196E+01 -0.15642350E+01
  0.47865424E+01 -0.15619036E+01
  0.48154652E+01 -0.15592876E+01
  0.48443879E+01 -0.15564512E+01
  0.48733107E+01 -0.15534637E+01
  0.49022335E+01 -0.15503988E+01
  0.49311563E+01 -0.15473320E+01
  0.49600791E+01 -0.15443394E+01
  0.49890019E+01 -0.15414953E+01
  0.50179246E+01 -0.15388706E+01
  0.50468474E+01 -0.15365310E+01
  0.50757702E+01 -0.15345352E+01
  0.51046930E+01 -0.15329334E+01
  0.51336158E+01 -0.15317660E+01
  0.51625386E+01 -0.15310626E+01
  0.51914614E+01 -0.15308410E+01
  
  0.00000000E+00  0.63610842E+01
  0.28922784E-01  0.63547425E+01
  0.57845569E-01  0.63361792E+01
  0.86768353E-01  0.63069099E+01
  0.11569114E+00  0.62692677E+01
  0.14461392E+00  0.62248686E+01
  0.17353671E+00  0.61738237E+01
  0.20245949E+00  0.61157986E+01
  0.23138228E+00  0.60506842E+01
  0.26030506E+00  0.59786207E+01
  0.28922784E+00  0.58999105E+01
  0.31815063E+00  0.58149597E+01
  0.34707341E+00  0.57242464E+01
  0.37599620E+00  0.56283026E+01
  0.40491898E+00  0.55277035E+01
  0.43384177E+00  0.54230592E+01
  0.46276455E+00  0.53150088E+01
  0.49168734E+00  0.52042151E+01
  0.52061012E+00  0.50913590E+01
  0.54953290E+00  0.49771355E+01
  0.57845569E+00  0.48622484E+01
  0.60737847E+00  0.47474061E+01
  0.63630126E+00  0.46333167E+01
  0.66522404E+00  0.45206840E+01
  0.69414683E+00  0.44102026E+01
  0.72306961E+00  0.43025538E+01
  0.75199240E+00  0.41984015E+01
  0.78091518E+00  0.40983880E+01
  0.80983796E+00  0.40031297E+01
  0.83876075E+00  0.39132142E+01
  0.86768353E+00  0.38291957E+01
  0.89660632E+00  0.37515923E+01
  0.92552910E+00  0.36808828E+01
  0.95445189E+00  0.36175033E+01
  0.98337467E+00  0.35618451E+01
  0.10122975E+01  0.35142523E+01
  0.10412202E+01  0.34750192E+01
  0.10701430E+01  0.34443892E+01
  0.10990658E+01  0.34225527E+01
  0.11279886E+01  0.34096466E+01
  0.11569114E+01  0.34057526E+01
  0.11861278E+01  0.34030796E+01
  0.12153442E+01  0.33954067E+01
  0.12445607E+01  0.33829710E+01
  0.12737771E+01  0.33662895E+01
  0.13029935E+01  0.33460680E+01
  0.13322099E+01  0.33231819E+01
  0.13614263E+01  0.32986505E+01
  0.13906428E+01  0.32736058E+01
  0.14198592E+01  0.32492550E+01
  0.14490756E+01  0.32268387E+01
  0.14782920E+01  0.32075867E+01
  0.15075085E+01  0.31926725E+01
  0.15367249E+01  0.31831720E+01
  0.15659413E+01  0.31800271E+01
  0.15659413E+01  0.31800270E+01
  0.15951577E+01  0.31840187E+01
  0.16243742E+01  0.31957509E+01
  0.16535906E+01  0.32156444E+01
  0.16828070E+01  0.32439418E+01
  0.17120234E+01  0.32807206E+01
  0.17412399E+01  0.33259113E+01
  0.17704563E+01  0.33793198E+01
  0.17996727E+01  0.34406492E+01
  0.18288891E+01  0.35095211E+01
  0.18581056E+01  0.35854950E+01
  0.18873220E+01  0.36680836E+01
  0.19165384E+01  0.37567657E+01
  0.19457548E+01  0.38509962E+01
  0.19749713E+01  0.39502130E+01
  0.20041877E+01  0.40538417E+01
  0.20334041E+01  0.41612991E+01
  0.20626205E+01  0.42719952E+01
  0.20918370E+01  0.43853338E+01
  0.21210534E+01  0.45007132E+01
  0.21502698E+01  0.46175264E+01
  0.21794862E+01  0.47351611E+01
  0.22087027E+01  0.48530004E+01
  0.22379191E+01  0.49704227E+01
  0.22671355E+01  0.50868033E+01
  0.22963519E+01  0.52015154E+01
  0.23255683E+01  0.53139323E+01
  0.23547848E+01  0.54234293E+01
  0.23840012E+01  0.55293874E+01
  0.24132176E+01  0.56311960E+01
  0.24424340E+01  0.57282571E+01
  0.24716505E+01  0.58199892E+01
  0.25008669E+01  0.59058323E+01
  0.25300833E+01  0.59852518E+01
  0.25592997E+01  0.60577449E+01
  0.25885162E+01  0.61228471E+01
  0.26177326E+01  0.61801475E+01
  0.26469490E+01  0.62293313E+01
  0.26761654E+01  0.62703375E+01
  0.27053819E+01  0.63038889E+01
  0.27345983E+01  0.63319269E+01
  0.27638147E+01  0.63530961E+01
  0.27930311E+01  0.63610842E+01
  0.28216573E+01  0.63532088E+01
  0.28502834E+01  0.63341553E+01
  0.28789095E+01  0.63136410E+01
  0.29075357E+01  0.62929322E+01
  0.29361618E+01  0.62695302E+01
  0.29647879E+01  0.62424347E+01
  0.29934141E+01  0.62114327E+01
  0.30220402E+01  0.61765970E+01
  0.30506663E+01  0.61381260E+01
  0.30792925E+01  0.60962867E+01
  0.31079186E+01  0.60513919E+01
  0.31365447E+01  0.60037889E+01
  0.31651709E+01  0.59538518E+01
  0.31937970E+01  0.59019767E+01
  0.32224231E+01  0.58485773E+01
  0.32510493E+01  0.57940805E+01
  0.32796754E+01  0.57389231E+01
  0.33083015E+01  0.56835477E+01
  0.33369277E+01  0.56283989E+01
  0.33655538E+01  0.55739199E+01
  0.33941799E+01  0.55205486E+01
  0.34228061E+01  0.54687142E+01
  0.34514322E+01  0.54188336E+01
  0.34800583E+01  0.53713081E+01
  0.35086845E+01  0.53265199E+01
  0.35373106E+01  0.52848296E+01
  0.35659367E+01  0.52465726E+01
  0.35945629E+01  0.52120567E+01
  0.36231890E+01  0.51815597E+01
  0.36518151E+01  0.51553271E+01
  0.36804413E+01  0.51335700E+01
  0.37090674E+01  0.51164635E+01
  0.37376935E+01  0.51041452E+01
  0.37663196E+01  0.50967143E+01
  0.37949458E+01  0.50942307E+01
  0.38241622E+01  0.50887566E+01
  0.38533786E+01  0.50709848E+01
  0.38825951E+01  0.50383336E+01
  0.39118115E+01  0.49902114E+01
  0.39410279E+01  0.49277941E+01
  0.39702443E+01  0.48524653E+01
  0.39994608E+01  0.47655672E+01
  0.40286772E+01  0.46685058E+01
  0.40578936E+01  0.45628224E+01
  0.40871100E+01  0.44502234E+01
  0.41163264E+01  0.43325908E+01
  0.41455429E+01  0.42119788E+01
  0.41747593E+01  0.40905990E+01
  0.42039757E+01  0.39707919E+01
  0.42331921E+01  0.38549795E+01
  0.42624086E+01  0.37455980E+01
  0.42916250E+01  0.36450069E+01
  0.43208414E+01  0.35553781E+01
  0.43500578E+01  0.34785765E+01
  0.43792743E+01  0.34160476E+01
  0.44084907E+01  0.33687332E+01
  0.44377071E+01  0.33370337E+01
  0.44669235E+01  0.33208232E+01
  0.44961400E+01  0.33195143E+01
  0.45253564E+01  0.33321527E+01
  0.45545728E+01  0.33575123E+01
  0.45837892E+01  0.33940867E+01
  0.46130057E+01  0.34332562E+01
  0.46419284E+01  0.34330621E+01
  0.46708512E+01  0.34324848E+01
  0.46997740E+01  0.34315399E+01
  0.47286968E+01  0.34302523E+01
  0.47576196E+01  0.34286566E+01
  0.47865424E+01  0.34267957E+01
  0.48154652E+01  0.34247197E+01
  0.48443879E+01  0.34224854E+01
  0.48733107E+01  0.34201540E+01
  0.49022335E+01  0.34177904E+01
  0.49311563E+01  0.34154611E+01
  0.49600791E+01  0.34132328E+01
  0.49890019E+01  0.34111704E+01
  0.50179246E+01  0.34093355E+01
  0.50468474E+01  0.34077850E+01
  0.50757702E+01  0.34065688E+01
  0.51046930E+01  0.34057294E+01
  0.51336158E+01  0.34053000E+01
  0.51625386E+01  0.34053036E+01
  0.51914614E+01  0.34057526E+01
  
  0.00000000E+00  0.63610843E+01
  0.28922784E-01  0.63547426E+01
  0.57845569E-01  0.63361793E+01
  0.86768353E-01  0.63069099E+01
  0.11569114E+00  0.62692678E+01
  0.14461392E+00  0.62248687E+01
  0.17353671E+00  0.61738238E+01
  0.20245949E+00  0.61157987E+01
  0.23138228E+00  0.60506843E+01
  0.26030506E+00  0.59786208E+01
  0.28922784E+00  0.58999106E+01
  0.31815063E+00  0.58149598E+01
  0.34707341E+00  0.57242464E+01
  0.37599620E+00  0.56283027E+01
  0.40491898E+00  0.55277035E+01
  0.43384177E+00  0.54230592E+01
  0.46276455E+00  0.53150089E+01
  0.49168734E+00  0.52042151E+01
  0.52061012E+00  0.50913591E+01
  0.54953290E+00  0.49771356E+01
  0.57845569E+00  0.48622485E+01
  0.60737847E+00  0.47474061E+01
  0.63630126E+00  0.46333168E+01
  0.66522404E+00  0.45206841E+01
  0.69414683E+00  0.44102026E+01
  0.72306961E+00  0.43025539E+01
  0.75199240E+00  0.41984016E+01
  0.78091518E+00  0.40983880E+01
  0.80983796E+00  0.40031298E+01
  0.83876075E+00  0.39132143E+01
  0.86768353E+00  0.38291958E+01
  0.89660632E+00  0.37515924E+01
  0.92552910E+00  0.36808828E+01
  0.95445189E+00  0.36175033E+01
  0.98337467E+00  0.35618452E+01
  0.10122975E+01  0.35142524E+01
  0.10412202E+01  0.34750193E+01
  0.10701430E+01  0.34443892E+01
  0.10990658E+01  0.34225528E+01
  0.11279886E+01  0.34096466E+01
  0.11569114E+01  0.34057526E+01
  0.11861278E+01  0.34030796E+01
  0.12153442E+01  0.33954068E+01
  0.12445607E+01  0.33829711E+01
  0.12737771E+01  0.33662895E+01
  0.13029935E+01  0.33460680E+01
  0.13322099E+01  0.33231819E+01
  0.13614263E+01  0.32986506E+01
  0.13906428E+01  0.32736059E+01
  0.14198592E+01  0.32492550E+01
  0.14490756E+01  0.32268387E+01
  0.14782920E+01  0.32075867E+01
  0.15075085E+01  0.31926726E+01
  0.15367249E+01  0.31831721E+01
  0.15659413E+01  0.31800271E+01
  0.15659413E+01  0.31800271E+01
  0.15951577E+01  0.31840188E+01
  0.16243742E+01  0.31957510E+01
  0.16535906E+01  0.32156445E+01
  0.16828070E+01  0.32439419E+01
  0.17120234E+01  0.32807207E+01
  0.17412399E+01  0.33259114E+01
  0.17704563E+01  0.33793199E+01
  0.17996727E+01  0.34406493E+01
  0.18288891E+01  0.35095213E+01
  0.18581056E+01  0.35854952E+01
  0.18873220E+01  0.36680837E+01
  0.19165384E+01  0.37567659E+01
  0.19457548E+01  0.38509964E+01
  0.19749713E+01  0.39502131E+01
  0.20041877E+01  0.40538418E+01
  0.20334041E+01  0.41612993E+01
  0.20626205E+01  0.42719954E+01
  0.20918370E+01  0.43853340E+01
  0.21210534E+01  0.45007134E+01
  0.21502698E+01  0.46175265E+01
  0.21794862E+01  0.47351613E+01
  0.22087027E+01  0.48530006E+01
  0.22379191E+01  0.49704229E+01
  0.22671355E+01  0.50868035E+01
  0.22963519E+01  0.52015156E+01
  0.23255683E+01  0.53139324E+01
  0.23547848E+01  0.54234295E+01
  0.23840012E+01  0.55293876E+01
  0.24132176E+01  0.56311962E+01
  0.24424340E+01  0.57282572E+01
  0.24716505E+01  0.58199894E+01
  0.25008669E+01  0.59058324E+01
  0.25300833E+01  0.59852520E+01
  0.25592997E+01  0.60577451E+01
  0.25885162E+01  0.61228473E+01
  0.26177326E+01  0.61801476E+01
  0.26469490E+01  0.62293315E+01
  0.26761654E+01  0.62703376E+01
  0.27053819E+01  0.63038890E+01
  0.27345983E+01  0.63319270E+01
  0.27638147E+01  0.63530961E+01
  0.27930311E+01  0.63610843E+01
  0.28216573E+01  0.63532088E+01
  0.28502834E+01  0.63341554E+01
  0.28789095E+01  0.63136410E+01
  0.29075357E+01  0.62929322E+01
  0.29361618E+01  0.62695303E+01
  0.29647879E+01  0.62424349E+01
  0.29934141E+01  0.62114328E+01
  0.30220402E+01  0.61765972E+01
  0.30506663E+01  0.61381262E+01
  0.30792925E+01  0.60962869E+01
  0.31079186E+01  0.60513922E+01
  0.31365447E+01  0.60037892E+01
  0.31651709E+01  0.59538521E+01
  0.31937970E+01  0.59019770E+01
  0.32224231E+01  0.58485776E+01
  0.32510493E+01  0.57940808E+01
  0.32796754E+01  0.57389234E+01
  0.33083015E+01  0.56835480E+01
  0.33369277E+01  0.56283992E+01
  0.33655538E+01  0.55739202E+01
  0.33941799E+01  0.55205489E+01
  0.34228061E+01  0.54687145E+01
  0.34514322E+01  0.54188339E+01
  0.34800583E+01  0.53713083E+01
  0.35086845E+01  0.53265202E+01
  0.35373106E+01  0.52848299E+01
  0.35659367E+01  0.52465728E+01
  0.35945629E+01  0.52120569E+01
  0.36231890E+01  0.51815599E+01
  0.36518151E+01  0.51553273E+01
  0.36804413E+01  0.51335701E+01
  0.37090674E+01  0.51164635E+01
  0.37376935E+01  0.51041453E+01
  0.37663196E+01  0.50967144E+01
  0.37949458E+01  0.50942308E+01
  0.38241622E+01  0.50887566E+01
  0.38533786E+01  0.50709849E+01
  0.38825951E+01  0.50383337E+01
  0.39118115E+01  0.49902114E+01
  0.39410279E+01  0.49277942E+01
  0.39702443E+01  0.48524654E+01
  0.39994608E+01  0.47655672E+01
  0.40286772E+01  0.46685059E+01
  0.40578936E+01  0.45628225E+01
  0.40871100E+01  0.44502235E+01
  0.41163264E+01  0.43325908E+01
  0.41455429E+01  0.42119789E+01
  0.41747593E+01  0.40905992E+01
  0.42039757E+01  0.39707920E+01
  0.42331921E+01  0.38549796E+01
  0.42624086E+01  0.37455982E+01
  0.42916250E+01  0.36450070E+01
  0.43208414E+01  0.35553782E+01
  0.43500578E+01  0.34785766E+01
  0.43792743E+01  0.34160477E+01
  0.44084907E+01  0.33687334E+01
  0.44377071E+01  0.33370338E+01
  0.44669235E+01  0.33208233E+01
  0.44961400E+01  0.33195144E+01
  0.45253564E+01  0.33321528E+01
  0.45545728E+01  0.33575124E+01
  0.45837892E+01  0.33940868E+01
  0.46130057E+01  0.34332563E+01
  0.46419284E+01  0.34330621E+01
  0.46708512E+01  0.34324849E+01
  0.46997740E+01  0.34315400E+01
  0.47286968E+01  0.34302524E+01
  0.47576196E+01  0.34286567E+01
  0.47865424E+01  0.34267958E+01
  0.48154652E+01  0.34247198E+01
  0.48443879E+01  0.34224854E+01
  0.48733107E+01  0.34201541E+01
  0.49022335E+01  0.34177905E+01
  0.49311563E+01  0.34154612E+01
  0.49600791E+01  0.34132328E+01
  0.49890019E+01  0.34111704E+01
  0.50179246E+01  0.34093356E+01
  0.50468474E+01  0.34077850E+01
  0.50757702E+01  0.34065689E+01
  0.51046930E+01  0.34057295E+01
  0.51336158E+01  0.34053000E+01
  0.51625386E+01  0.34053037E+01
  0.51914614E+01  0.34057526E+01
  
  0.00000000E+00  0.63610843E+01
  0.28922784E-01  0.63565307E+01
  0.57845569E-01  0.63428985E+01
  0.86768353E-01  0.63202719E+01
  0.11569114E+00  0.62887911E+01
  0.14461392E+00  0.62486511E+01
  0.17353671E+00  0.62001006E+01
  0.20245949E+00  0.61434401E+01
  0.23138228E+00  0.60790203E+01
  0.26030506E+00  0.60072398E+01
  0.28922784E+00  0.59285427E+01
  0.31815063E+00  0.58434155E+01
  0.34707341E+00  0.57523845E+01
  0.37599620E+00  0.56560120E+01
  0.40491898E+00  0.55548932E+01
  0.43384177E+00  0.54496521E+01
  0.46276455E+00  0.53409379E+01
  0.49168734E+00  0.52294209E+01
  0.52061012E+00  0.51157883E+01
  0.54953290E+00  0.50007396E+01
  0.57845569E+00  0.48849829E+01
  0.60737847E+00  0.47692302E+01
  0.63630126E+00  0.46541928E+01
  0.66522404E+00  0.45405773E+01
  0.69414683E+00  0.44290809E+01
  0.72306961E+00  0.43203876E+01
  0.75199240E+00  0.42151634E+01
  0.78091518E+00  0.41140528E+01
  0.80983796E+00  0.40176746E+01
  0.83876075E+00  0.39266182E+01
  0.86768353E+00  0.38414398E+01
  0.89660632E+00  0.37626595E+01
  0.92552910E+00  0.36907578E+01
  0.95445189E+00  0.36261728E+01
  0.98337467E+00  0.35692975E+01
  0.10122975E+01  0.35204776E+01
  0.10412202E+01  0.34800092E+01
  0.10701430E+01  0.34481374E+01
  0.10990658E+01  0.34250542E+01
  0.11279886E+01  0.34108981E+01
  0.11569114E+01  0.34057529E+01
  0.11861278E+01  0.34088903E+01
  0.12153442E+01  0.34180458E+01
  0.12445607E+01  0.34332484E+01
  0.12737771E+01  0.34544160E+01
  0.13029935E+01  0.34814343E+01
  0.13322099E+01  0.35141576E+01
  0.13614263E+01  0.35524104E+01
  0.13906428E+01  0.35959889E+01
  0.14198592E+01  0.36446624E+01
  0.14490756E+01  0.36981757E+01
  0.14782920E+01  0.37562506E+01
  0.15075085E+01  0.38185887E+01
  0.15367249E+01  0.38848733E+01
  0.15659413E+01  0.39547724E+01
  0.15659413E+01  0.39547725E+01
  0.15951577E+01  0.40279410E+01
  0.16243742E+01  0.41040235E+01
  0.16535906E+01  0.41826572E+01
  0.16828070E+01  0.42634743E+01
  0.17120234E+01  0.43461045E+01
  0.17412399E+01  0.44301785E+01
  0.17704563E+01  0.45153293E+01
  0.17996727E+01  0.46011957E+01
  0.18288891E+01  0.46874242E+01
  0.18581056E+01  0.47736708E+01
  0.18873220E+01  0.48596038E+01
  0.19165384E+01  0.49449049E+01
  0.19457548E+01  0.50292712E+01
  0.19749713E+01  0.51124163E+01
  0.20041877E+01  0.51940717E+01
  0.20334041E+01  0.52739879E+01
  0.20626205E+01  0.53519347E+01
  0.20918370E+01  0.54277017E+01
  0.21210534E+01  0.55010990E+01
  0.21502698E+01  0.55719566E+01
  0.21794862E+01  0.56401248E+01
  0.22087027E+01  0.57054733E+01
  0.22379191E+01  0.57678907E+01
  0.22671355E+01  0.58272840E+01
  0.22963519E+01  0.58835775E+01
  0.23255683E+01  0.59367116E+01
  0.23547848E+01  0.59866421E+01
  0.23840012E+01  0.60333386E+01
  0.24132176E+01  0.60767840E+01
  0.24424340E+01  0.61169728E+01
  0.24716505E+01  0.61539114E+01
  0.25008669E+01  0.61876172E+01
  0.25300833E+01  0.62181204E+01
  0.25592997E+01  0.62454670E+01
  0.25885162E+01  0.62697256E+01
  0.26177326E+01  0.62910017E+01
  0.26469490E+01  0.63094624E+01
  0.26761654E+01  0.63253637E+01
  0.27053819E+01  0.63389982E+01
  0.27345983E+01  0.63503011E+01
  0.27638147E+01  0.63582032E+01
  0.27930311E+01  0.63610843E+01
  0.28216573E+01  0.63586001E+01
  0.28502834E+01  0.63511676E+01
  0.28789095E+01  0.63388466E+01
  0.29075357E+01  0.63217363E+01
  0.29361618E+01  0.62999744E+01
  0.29647879E+01  0.62737363E+01
  0.29934141E+01  0.62432331E+01
  0.30220402E+01  0.62087104E+01
  0.30506663E+01  0.61704463E+01
  0.30792925E+01  0.61287487E+01
  0.31079186E+01  0.60839534E+01
  0.31365447E+01  0.60364211E+01
  0.31651709E+01  0.59865344E+01
  0.31937970E+01  0.59346950E+01
  0.32224231E+01  0.58813204E+01
  0.32510493E+01  0.58268402E+01
  0.32796754E+01  0.57716931E+01
  0.33083015E+01  0.57163231E+01
  0.33369277E+01  0.56611759E+01
  0.33655538E+01  0.56066958E+01
  0.33941799E+01  0.55533211E+01
  0.34228061E+01  0.55014818E+01
  0.34514322E+01  0.54515951E+01
  0.34800583E+01  0.54040628E+01
  0.35086845E+01  0.53592676E+01
  0.35373106E+01  0.53175700E+01
  0.35659367E+01  0.52793059E+01
  0.35945629E+01  0.52447832E+01
  0.36231890E+01  0.52142801E+01
  0.36518151E+01  0.51880420E+01
  0.36804413E+01  0.51662802E+01
  0.37090674E+01  0.51491699E+01
  0.37376935E+01  0.51368490E+01
  0.37663196E+01  0.51294165E+01
  0.37949458E+01  0.51269323E+01
  0.38241622E+01  0.51216764E+01
  0.38533786E+01  0.51073759E+01
  0.38825951E+01  0.50869672E+01
  0.39118115E+01  0.50616321E+01
  0.39410279E+01  0.50310202E+01
  0.39702443E+01  0.49948086E+01
  0.39994608E+01  0.49529492E+01
  0.40286772E+01  0.49055627E+01
  0.40578936E+01  0.48528657E+01
  0.40871100E+01  0.47951368E+01
  0.41163264E+01  0.47327003E+01
  0.41455429E+01  0.46659184E+01
  0.41747593E+01  0.45951872E+01
  0.42039757E+01  0.45209347E+01
  0.42331921E+01  0.44436199E+01
  0.42624086E+01  0.43637338E+01
  0.42916250E+01  0.42818007E+01
  0.43208414E+01  0.41983813E+01
  0.43500578E+01  0.41140758E+01
  0.43792743E+01  0.40295296E+01
  0.44084907E+01  0.39454387E+01
  0.44377071E+01  0.38625575E+01
  0.44669235E+01  0.37817068E+01
  0.44961400E+01  0.37037835E+01
  0.45253564E+01  0.36297735E+01
  0.45545728E+01  0.35607742E+01
  0.45837892E+01  0.34981128E+01
  0.46130057E+01  0.34502657E+01
  0.46419284E+01  0.34500200E+01
  0.46708512E+01  0.34492882E+01
  0.46997740E+01  0.34480866E+01
  0.47286968E+01  0.34464416E+01
  0.47576196E+01  0.34443896E+01
  0.47865424E+01  0.34419760E+01
  0.48154652E+01  0.34392541E+01
  0.48443879E+01  0.34362841E+01
  0.48733107E+01  0.34331315E+01
  0.49022335E+01  0.34298658E+01
  0.49311563E+01  0.34265589E+01
  0.49600791E+01  0.34232830E+01
  0.49890019E+01  0.34201095E+01
  0.50179246E+01  0.34171068E+01
  0.50468474E+01  0.34143388E+01
  0.50757702E+01  0.34118632E+01
  0.51046930E+01  0.34097303E+01
  0.51336158E+01  0.34079816E+01
  0.51625386E+01  0.34066487E+01
  0.51914614E+01  0.34057529E+01
  
  0.00000000E+00  0.63610844E+01
  0.28922784E-01  0.63565308E+01
  0.57845569E-01  0.63428986E+01
  0.86768353E-01  0.63202720E+01
  0.11569114E+00  0.62887912E+01
  0.14461392E+00  0.62486513E+01
  0.17353671E+00  0.62001008E+01
  0.20245949E+00  0.61434402E+01
  0.23138228E+00  0.60790204E+01
  0.26030506E+00  0.60072400E+01
  0.28922784E+00  0.59285429E+01
  0.31815063E+00  0.58434157E+01
  0.34707341E+00  0.57523847E+01
  0.37599620E+00  0.56560122E+01
  0.40491898E+00  0.55548934E+01
  0.43384177E+00  0.54496523E+01
  0.46276455E+00  0.53409381E+01
  0.49168734E+00  0.52294211E+01
  0.52061012E+00  0.51157885E+01
  0.54953290E+00  0.50007398E+01
  0.57845569E+00  0.48849831E+01
  0.60737847E+00  0.47692304E+01
  0.63630126E+00  0.46541930E+01
  0.66522404E+00  0.45405775E+01
  0.69414683E+00  0.44290811E+01
  0.72306961E+00  0.43203877E+01
  0.75199240E+00  0.42151636E+01
  0.78091518E+00  0.41140530E+01
  0.80983796E+00  0.40176748E+01
  0.83876075E+00  0.39266183E+01
  0.86768353E+00  0.38414399E+01
  0.89660632E+00  0.37626596E+01
  0.92552910E+00  0.36907579E+01
  0.95445189E+00  0.36261729E+01
  0.98337467E+00  0.35692976E+01
  0.10122975E+01  0.35204776E+01
  0.10412202E+01  0.34800093E+01
  0.10701430E+01  0.34481374E+01
  0.10990658E+01  0.34250543E+01
  0.11279886E+01  0.34108982E+01
  0.11569114E+01  0.34057529E+01
  0.11861278E+01  0.34088904E+01
  0.12153442E+01  0.34180459E+01
  0.12445607E+01  0.34332484E+01
  0.12737771E+01  0.34544161E+01
  0.13029935E+01  0.34814344E+01
  0.13322099E+01  0.35141577E+01
  0.13614263E+01  0.35524105E+01
  0.13906428E+01  0.35959890E+01
  0.14198592E+01  0.36446625E+01
  0.14490756E+01  0.36981758E+01
  0.14782920E+01  0.37562507E+01
  0.15075085E+01  0.38185888E+01
  0.15367249E+01  0.38848734E+01
  0.15659413E+01  0.39547725E+01
  0.15659413E+01  0.39547725E+01
  0.15951577E+01  0.40279410E+01
  0.16243742E+01  0.41040236E+01
  0.16535906E+01  0.41826573E+01
  0.16828070E+01  0.42634743E+01
  0.17120234E+01  0.43461046E+01
  0.17412399E+01  0.44301785E+01
  0.17704563E+01  0.45153294E+01
  0.17996727E+01  0.46011958E+01
  0.18288891E+01  0.46874242E+01
  0.18581056E+01  0.47736709E+01
  0.18873220E+01  0.48596039E+01
  0.19165384E+01  0.49449050E+01
  0.19457548E+01  0.50292712E+01
  0.19749713E+01  0.51124163E+01
  0.20041877E+01  0.51940718E+01
  0.20334041E+01  0.52739880E+01
  0.20626205E+01  0.53519348E+01
  0.20918370E+01  0.54277018E+01
  0.21210534E+01  0.55010991E+01
  0.21502698E+01  0.55719567E+01
  0.21794862E+01  0.56401249E+01
  0.22087027E+01  0.57054733E+01
  0.22379191E+01  0.57678908E+01
  0.22671355E+01  0.58272841E+01
  0.22963519E+01  0.58835776E+01
  0.23255683E+01  0.59367117E+01
  0.23547848E+01  0.59866422E+01
  0.23840012E+01  0.60333387E+01
  0.24132176E+01  0.60767841E+01
  0.24424340E+01  0.61169729E+01
  0.24716505E+01  0.61539115E+01
  0.25008669E+01  0.61876173E+01
  0.25300833E+01  0.62181205E+01
  0.25592997E+01  0.62454671E+01
  0.25885162E+01  0.62697257E+01
  0.26177326E+01  0.62910018E+01
  0.26469490E+01  0.63094625E+01
  0.26761654E+01  0.63253638E+01
  0.27053819E+01  0.63389983E+01
  0.27345983E+01  0.63503012E+01
  0.27638147E+01  0.63582033E+01
  0.27930311E+01  0.63610844E+01
  0.28216573E+01  0.63586002E+01
  0.28502834E+01  0.63511677E+01
  0.28789095E+01  0.63388467E+01
  0.29075357E+01  0.63217364E+01
  0.29361618E+01  0.62999746E+01
  0.29647879E+01  0.62737365E+01
  0.29934141E+01  0.62432334E+01
  0.30220402E+01  0.62087107E+01
  0.30506663E+01  0.61704466E+01
  0.30792925E+01  0.61287490E+01
  0.31079186E+01  0.60839537E+01
  0.31365447E+01  0.60364214E+01
  0.31651709E+01  0.59865348E+01
  0.31937970E+01  0.59346954E+01
  0.32224231E+01  0.58813208E+01
  0.32510493E+01  0.58268406E+01
  0.32796754E+01  0.57716935E+01
  0.33083015E+01  0.57163235E+01
  0.33369277E+01  0.56611764E+01
  0.33655538E+01  0.56066962E+01
  0.33941799E+01  0.55533215E+01
  0.34228061E+01  0.55014822E+01
  0.34514322E+01  0.54515955E+01
  0.34800583E+01  0.54040632E+01
  0.35086845E+01  0.53592679E+01
  0.35373106E+01  0.53175703E+01
  0.35659367E+01  0.52793061E+01
  0.35945629E+01  0.52447835E+01
  0.36231890E+01  0.52142803E+01
  0.36518151E+01  0.51880422E+01
  0.36804413E+01  0.51662804E+01
  0.37090674E+01  0.51491701E+01
  0.37376935E+01  0.51368491E+01
  0.37663196E+01  0.51294166E+01
  0.37949458E+01  0.51269324E+01
  0.38241622E+01  0.51216764E+01
  0.38533786E+01  0.51073760E+01
  0.38825951E+01  0.50869672E+01
  0.39118115E+01  0.50616322E+01
  0.39410279E+01  0.50310203E+01
  0.39702443E+01  0.49948087E+01
  0.39994608E+01  0.49529493E+01
  0.40286772E+01  0.49055628E+01
  0.40578936E+01  0.48528658E+01
  0.40871100E+01  0.47951369E+01
  0.41163264E+01  0.47327004E+01
  0.41455429E+01  0.46659185E+01
  0.41747593E+01  0.45951874E+01
  0.42039757E+01  0.45209348E+01
  0.42331921E+01  0.44436200E+01
  0.42624086E+01  0.43637339E+01
  0.42916250E+01  0.42818009E+01
  0.43208414E+01  0.41983814E+01
  0.43500578E+01  0.41140759E+01
  0.43792743E+01  0.40295297E+01
  0.44084907E+01  0.39454388E+01
  0.44377071E+01  0.38625576E+01
  0.44669235E+01  0.37817069E+01
  0.44961400E+01  0.37037837E+01
  0.45253564E+01  0.36297736E+01
  0.45545728E+01  0.35607743E+01
  0.45837892E+01  0.34981129E+01
  0.46130057E+01  0.34502658E+01
  0.46419284E+01  0.34500201E+01
  0.46708512E+01  0.34492883E+01
  0.46997740E+01  0.34480866E+01
  0.47286968E+01  0.34464416E+01
  0.47576196E+01  0.34443897E+01
  0.47865424E+01  0.34419761E+01
  0.48154652E+01  0.34392542E+01
  0.48443879E+01  0.34362842E+01
  0.48733107E+01  0.34331316E+01
  0.49022335E+01  0.34298659E+01
  0.49311563E+01  0.34265590E+01
  0.49600791E+01  0.34232831E+01
  0.49890019E+01  0.34201096E+01
  0.50179246E+01  0.34171069E+01
  0.50468474E+01  0.34143388E+01
  0.50757702E+01  0.34118632E+01
  0.51046930E+01  0.34097304E+01
  0.51336158E+01  0.34079817E+01
  0.51625386E+01  0.34066487E+01
  0.51914614E+01  0.34057529E+01
  
