<?xml version="1.0"?>
<?iotk version="1.2.0"?>
<?iotk file_version="1.0"?>
<?iotk binary="F"?>
<?iotk qe_syntax="F"?>
<Root>
  <GEOMETRY_INFO>
    <NUMBER_OF_TYPES type="integer" size="1">
         2
    </NUMBER_OF_TYPES>
    <NUMBER_OF_ATOMS type="integer" size="1">
         2
    </NUMBER_OF_ATOMS>
    <BRAVAIS_LATTICE_INDEX type="integer" size="1">
         2
    </BRAVAIS_LATTICE_INDEX>
    <SPIN_COMPONENTS type="integer" size="1">
         1
    </SPIN_COMPONENTS>
    <CELL_DIMENSIONS type="real" size="6">
 1.050000000000000E+001
 0.000000000000000E+000
 0.000000000000000E+000
 0.000000000000000E+000
 0.000000000000000E+000
 0.000000000000000E+000
    </CELL_DIMENSIONS>
    <AT type="real" size="9" columns="3">
-5.000000000000000E-001  0.000000000000000E+000  5.000000000000000E-001 
 0.000000000000000E+000  5.000000000000000E-001  5.000000000000000E-001 
-5.000000000000000E-001  5.000000000000000E-001  0.000000000000000E+000
    </AT>
    <BG type="real" size="9" columns="3">
-1.000000000000000E+000 -1.000000000000000E+000  1.000000000000000E+000 
 1.000000000000000E+000  1.000000000000000E+000  1.000000000000000E+000 
-1.000000000000000E+000  1.000000000000000E+000 -1.000000000000000E+000
    </BG>
    <UNIT_CELL_VOLUME_AU type="real" size="1">
 2.894062500000000E+002
    </UNIT_CELL_VOLUME_AU>
    <TYPE_NAME.1 type="character" size="1" len="3">
Al 
    </TYPE_NAME.1>
    <MASS.1 type="real" size="1">
 2.698000000000000E+001
    </MASS.1>
    <TYPE_NAME.2 type="character" size="1" len="3">
As 
    </TYPE_NAME.2>
    <MASS.2 type="real" size="1">
 7.492000000000000E+001
    </MASS.2>
    <ATOM.1 SPECIES="Al " INDEX="1" TAU="0.000000000000000E+000 0.000000000000000E+000 0.000000000000000E+000"/>
    <ATOM.2 SPECIES="As " INDEX="2" TAU="2.500000000000000E-001 2.500000000000000E-001 2.500000000000000E-001"/>
    <NUMBER_OF_Q type="integer" size="1">
         6
    </NUMBER_OF_Q>
  </GEOMETRY_INFO>
  <DIELECTRIC_PROPERTIES>
    <EPSILON type="real" size="9" columns="3">
 1.374421609785343E+001  2.664535259100376E-015  4.440892098500626E-015 
-4.440892098500626E-015  1.374421609785343E+001 -2.664535259100376E-015 
 6.217248937900877E-015  1.776356839400250E-015  1.374421609785343E+001
    </EPSILON>
    <ZSTAR>
      <Z_AT_.1 type="real" size="9" columns="3">
 2.558192938042445E+000  2.775557561562891E-016  1.054711873393899E-015 
 3.885780586188047E-016  2.558192938042445E+000  7.216449660063518E-016 
 1.110223024625157E-015  4.996003610813204E-016  2.558192938042445E+000
      </Z_AT_.1>
      <Z_AT_.2 type="real" size="9" columns="3">
-2.558192938042445E+000 -2.775557561562891E-016 -1.054711873393899E-015 
-3.885780586188048E-016 -2.558192938042445E+000 -7.216449660063518E-016 
-1.110223024625157E-015 -4.996003610813204E-016 -2.558192938042445E+000
      </Z_AT_.2>
    </ZSTAR>
  </DIELECTRIC_PROPERTIES>
  <INTERATOMIC_FORCE_CONSTANTS>
    <MESH_NQ1_NQ2_NQ3 type="integer" size="3" columns="3">
         4          4          4
    </MESH_NQ1_NQ2_NQ3>
    <s_s1_m1_m2_m3.1.1.1.1.1>
      <IFC type="real" size="9" columns="3">
 2.244405934874809E-001 -7.480994990149981E-018 -3.638853541404474E-018 
-7.480994990149981E-018  2.244405934874809E-001  1.626303258728257E-018 
-3.638853541404474E-018  1.626303258728257E-018  2.244405934874809E-001
      </IFC>
    </s_s1_m1_m2_m3.1.1.1.1.1>
    <s_s1_m1_m2_m3.1.1.2.1.1>
      <IFC type="real" size="9" columns="3">
-6.266879021893895E-003  3.407424845471511E-003  5.471217969153772E-003 
-3.407424845471511E-003  1.167269886503547E-002  3.407424845471512E-003 
 5.471217969153772E-003 -3.407424845471510E-003 -6.266879021893892E-003
      </IFC>
    </s_s1_m1_m2_m3.1.1.2.1.1>
    <s_s1_m1_m2_m3.1.1.3.1.1>
      <IFC type="real" size="9" columns="3">
 6.492511026299878E-005  7.955333440612389E-018  9.488099188350015E-004 
 7.955333440612389E-018  4.191191325913286E-003 -3.523657060577889E-018 
 9.488099188350015E-004 -3.523657060577889E-018  6.492511026299358E-005
      </IFC>
    </s_s1_m1_m2_m3.1.1.3.1.1>
    <s_s1_m1_m2_m3.1.1.4.1.1>
      <IFC type="real" size="9" columns="3">
-6.266879021893895E-003 -3.407424845471511E-003  5.471217969153772E-003 
 3.407424845471511E-003  1.167269886503547E-002 -3.407424845471510E-003 
 5.471217969153772E-003  3.407424845471512E-003 -6.266879021893892E-003
      </IFC>
    </s_s1_m1_m2_m3.1.1.4.1.1>
    <s_s1_m1_m2_m3.1.1.1.2.1>
      <IFC type="real" size="9" columns="3">
 1.167269886503547E-002 -3.407424845471513E-003 -3.407424845471511E-003 
 3.407424845471509E-003 -6.266879021893894E-003 -5.471217969153768E-003 
 3.407424845471511E-003 -5.471217969153769E-003 -6.266879021893894E-003
      </IFC>
    </s_s1_m1_m2_m3.1.1.1.2.1>
    <s_s1_m1_m2_m3.1.1.2.2.1>
      <IFC type="real" size="9" columns="3">
-6.208404896199510E-004 -8.731328486077351E-004  1.941708693249433E-004 
-8.731328486077351E-004 -6.208404896199554E-004 -1.941708693249439E-004 
 1.118712197679708E-003 -1.118712197679709E-003 -2.587569038973551E-004
      </IFC>
    </s_s1_m1_m2_m3.1.1.2.2.1>
    <s_s1_m1_m2_m3.1.1.3.2.1>
      <IFC type="real" size="9" columns="3">
-2.587569038973465E-004 -1.118712197679707E-003  1.118712197679708E-003 
-1.941708693249415E-004 -6.208404896199549E-004 -8.731328486077355E-004 
 1.941708693249432E-004 -8.731328486077359E-004 -6.208404896199549E-004
      </IFC>
    </s_s1_m1_m2_m3.1.1.3.2.1>
    <s_s1_m1_m2_m3.1.1.4.2.1>
      <IFC type="real" size="9" columns="3">
-6.266879021893901E-003 -5.471217969153772E-003  3.407424845471511E-003 
-5.471217969153772E-003 -6.266879021893896E-003  3.407424845471510E-003 
-3.407424845471510E-003 -3.407424845471511E-003  1.167269886503547E-002
      </IFC>
    </s_s1_m1_m2_m3.1.1.4.2.1>
    <s_s1_m1_m2_m3.1.1.1.3.1>
      <IFC type="real" size="9" columns="3">
 4.191191325913286E-003  3.293264098924720E-018  1.951563910473908E-018 
 3.293264098924720E-018  6.492511026300052E-005 -9.488099188350054E-004 
 1.951563910473908E-018 -9.488099188350054E-004  6.492511026301093E-005
      </IFC>
    </s_s1_m1_m2_m3.1.1.1.3.1>
    <s_s1_m1_m2_m3.1.1.2.3.1>
      <IFC type="real" size="9" columns="3">
-6.208404896199502E-004 -1.941708693249419E-004  8.731328486077345E-004 
-1.118712197679707E-003 -2.587569038973478E-004 -1.118712197679708E-003 
 8.731328486077352E-004 -1.941708693249420E-004 -6.208404896199532E-004
      </IFC>
    </s_s1_m1_m2_m3.1.1.2.3.1>
    <s_s1_m1_m2_m3.1.1.3.3.1>
      <IFC type="real" size="9" columns="3">
 6.492511026300572E-005 -9.488099188350026E-004 -4.695950659577841E-018 
-9.488099188350026E-004  6.492511026300399E-005  3.117081245895825E-018 
-4.695950659577841E-018  3.117081245895825E-018  4.191191325913283E-003
      </IFC>
    </s_s1_m1_m2_m3.1.1.3.3.1>
    <s_s1_m1_m2_m3.1.1.4.3.1>
      <IFC type="real" size="9" columns="3">
-6.208404896199502E-004 -1.118712197679707E-003  8.731328486077352E-004 
-1.941708693249419E-004 -2.587569038973478E-004 -1.941708693249420E-004 
 8.731328486077345E-004 -1.118712197679708E-003 -6.208404896199532E-004
      </IFC>
    </s_s1_m1_m2_m3.1.1.4.3.1>
    <s_s1_m1_m2_m3.1.1.1.4.1>
      <IFC type="real" size="9" columns="3">
 1.167269886503547E-002  3.407424845471509E-003  3.407424845471511E-003 
-3.407424845471513E-003 -6.266879021893894E-003 -5.471217969153769E-003 
-3.407424845471511E-003 -5.471217969153768E-003 -6.266879021893894E-003
      </IFC>
    </s_s1_m1_m2_m3.1.1.1.4.1>
    <s_s1_m1_m2_m3.1.1.2.4.1>
      <IFC type="real" size="9" columns="3">
-6.266879021893901E-003 -5.471217969153772E-003 -3.407424845471510E-003 
-5.471217969153772E-003 -6.266879021893896E-003 -3.407424845471511E-003 
 3.407424845471511E-003  3.407424845471510E-003  1.167269886503547E-002
      </IFC>
    </s_s1_m1_m2_m3.1.1.2.4.1>
    <s_s1_m1_m2_m3.1.1.3.4.1>
      <IFC type="real" size="9" columns="3">
-2.587569038973465E-004 -1.941708693249415E-004  1.941708693249432E-004 
-1.118712197679707E-003 -6.208404896199549E-004 -8.731328486077359E-004 
 1.118712197679708E-003 -8.731328486077355E-004 -6.208404896199549E-004
      </IFC>
    </s_s1_m1_m2_m3.1.1.3.4.1>
    <s_s1_m1_m2_m3.1.1.4.4.1>
      <IFC type="real" size="9" columns="3">
-6.208404896199510E-004 -8.731328486077351E-004  1.118712197679708E-003 
-8.731328486077351E-004 -6.208404896199554E-004 -1.118712197679709E-003 
 1.941708693249433E-004 -1.941708693249439E-004 -2.587569038973551E-004
      </IFC>
    </s_s1_m1_m2_m3.1.1.4.4.1>
    <s_s1_m1_m2_m3.1.1.1.1.2>
      <IFC type="real" size="9" columns="3">
-6.266879021893906E-003  5.471217969153766E-003  3.407424845471512E-003 
 5.471217969153766E-003 -6.266879021893892E-003 -3.407424845471510E-003 
-3.407424845471509E-003  3.407424845471511E-003  1.167269886503547E-002
      </IFC>
    </s_s1_m1_m2_m3.1.1.1.1.2>
    <s_s1_m1_m2_m3.1.1.2.1.2>
      <IFC type="real" size="9" columns="3">
-2.587569038973482E-004  1.118712197679711E-003  1.118712197679707E-003 
 1.941708693249447E-004 -6.208404896199523E-004  8.731328486077336E-004 
 1.941708693249419E-004  8.731328486077331E-004 -6.208404896199463E-004
      </IFC>
    </s_s1_m1_m2_m3.1.1.2.1.2>
    <s_s1_m1_m2_m3.1.1.3.1.2>
      <IFC type="real" size="9" columns="3">
-6.208404896199532E-004  8.731328486077326E-004  1.941708693249438E-004 
 8.731328486077326E-004 -6.208404896199549E-004  1.941708693249403E-004 
 1.118712197679709E-003  1.118712197679706E-003 -2.587569038973430E-004
      </IFC>
    </s_s1_m1_m2_m3.1.1.3.1.2>
    <s_s1_m1_m2_m3.1.1.4.1.2>
      <IFC type="real" size="9" columns="3">
 1.167269886503547E-002  3.407424845471511E-003 -3.407424845471511E-003 
-3.407424845471511E-003 -6.266879021893900E-003  5.471217969153772E-003 
 3.407424845471510E-003  5.471217969153772E-003 -6.266879021893899E-003
      </IFC>
    </s_s1_m1_m2_m3.1.1.4.1.2>
    <s_s1_m1_m2_m3.1.1.1.2.2>
      <IFC type="real" size="9" columns="3">
-6.208404896199549E-004  1.941708693249421E-004 -8.731328486077309E-004 
 1.118712197679707E-003 -2.587569038973499E-004 -1.118712197679707E-003 
-8.731328486077305E-004 -1.941708693249421E-004 -6.208404896199584E-004
      </IFC>
    </s_s1_m1_m2_m3.1.1.1.2.2>
    <s_s1_m1_m2_m3.1.1.2.2.2>
      <IFC type="real" size="9" columns="3">
-3.250901336984634E-004  8.131516293641283E-019 -2.764715539838036E-018 
 8.131516293641283E-019 -3.250901336984617E-004  4.607859233063394E-019 
-2.764715539838036E-018  4.607859233063394E-019 -3.250901336984656E-004
      </IFC>
    </s_s1_m1_m2_m3.1.1.2.2.2>
    <s_s1_m1_m2_m3.1.1.3.2.2>
      <IFC type="real" size="9" columns="3">
-6.208404896199497E-004 -1.941708693249420E-004 -8.731328486077353E-004 
-1.118712197679708E-003 -2.587569038973482E-004  1.118712197679709E-003 
-8.731328486077353E-004  1.941708693249436E-004 -6.208404896199567E-004
      </IFC>
    </s_s1_m1_m2_m3.1.1.3.2.2>
    <s_s1_m1_m2_m3.1.1.4.2.2>
      <IFC type="real" size="9" columns="3">
-1.582641071678401E-004 -1.897353801849633E-018 -1.572093150103981E-018 
-1.897353801849633E-018 -4.917894472119262E-004  1.273937552670468E-018 
-1.572093150103981E-018  1.273937552670468E-018 -1.582641071678353E-004
      </IFC>
    </s_s1_m1_m2_m3.1.1.4.2.2>
    <s_s1_m1_m2_m3.1.1.1.3.2>
      <IFC type="real" size="9" columns="3">
-6.208404896199532E-004  8.731328486077344E-004 -1.941708693249408E-004 
 8.731328486077344E-004 -6.208404896199532E-004 -1.941708693249422E-004 
-1.118712197679706E-003 -1.118712197679707E-003 -2.587569038973551E-004
      </IFC>
    </s_s1_m1_m2_m3.1.1.1.3.2>
    <s_s1_m1_m2_m3.1.1.2.3.2>
      <IFC type="real" size="9" columns="3">
-2.587569038973434E-004 -1.118712197679706E-003 -1.118712197679708E-003 
-1.941708693249406E-004 -6.208404896199519E-004  8.731328486077363E-004 
-1.941708693249426E-004  8.731328486077357E-004 -6.208404896199515E-004
      </IFC>
    </s_s1_m1_m2_m3.1.1.2.3.2>
    <s_s1_m1_m2_m3.1.1.3.3.2>
      <IFC type="real" size="9" columns="3">
-2.633032074874780E-004 -5.114714189661466E-005 -3.196820545130648E-005 
-5.114714189661466E-005 -2.633032074874763E-004  3.196820545130625E-005 
 3.196820545131004E-005 -3.196820545131026E-005 -2.644282175199523E-004
      </IFC>
    </s_s1_m1_m2_m3.1.1.3.3.2>
    <s_s1_m1_m2_m3.1.1.4.3.2>
      <IFC type="real" size="9" columns="3">
-2.644282175199666E-004 -3.196820545130864E-005  3.196820545130907E-005 
 3.196820545130837E-005 -2.633032074874785E-004 -5.114714189661526E-005 
-3.196820545130728E-005 -5.114714189661553E-005 -2.633032074874728E-004
      </IFC>
    </s_s1_m1_m2_m3.1.1.4.3.2>
    <s_s1_m1_m2_m3.1.1.1.4.2>
      <IFC type="real" size="9" columns="3">
-6.266879021893891E-003 -3.407424845471511E-003 -5.471217969153769E-003 
 3.407424845471511E-003  1.167269886503547E-002  3.407424845471511E-003 
-5.471217969153770E-003 -3.407424845471511E-003 -6.266879021893891E-003
      </IFC>
    </s_s1_m1_m2_m3.1.1.1.4.2>
    <s_s1_m1_m2_m3.1.1.2.4.2>
      <IFC type="real" size="9" columns="3">
-4.917894472119279E-004 -7.047314121155779E-019 -4.065758146820642E-018 
-7.047314121155779E-019 -1.582641071678384E-004 -1.707618421664669E-018 
-4.065758146820642E-018 -1.707618421664669E-018 -1.582641071678405E-004
      </IFC>
    </s_s1_m1_m2_m3.1.1.2.4.2>
    <s_s1_m1_m2_m3.1.1.3.4.2>
      <IFC type="real" size="9" columns="3">
-2.633032074874746E-004  3.196820545130869E-005  5.114714189661818E-005 
-3.196820545130823E-005 -2.644282175199610E-004 -3.196820545130576E-005 
 5.114714189661905E-005  3.196820545131108E-005 -2.633032074874746E-004
      </IFC>
    </s_s1_m1_m2_m3.1.1.3.4.2>
    <s_s1_m1_m2_m3.1.1.4.4.2>
      <IFC type="real" size="9" columns="3">
-1.582641071678436E-004 -1.680513367352532E-018 -4.174178364069192E-018 
-1.680513367352532E-018 -1.582641071678349E-004  1.897353801849633E-019 
-4.174178364069192E-018  1.897353801849633E-019 -4.917894472119318E-004
      </IFC>
    </s_s1_m1_m2_m3.1.1.4.4.2>
    <s_s1_m1_m2_m3.1.1.1.1.3>
      <IFC type="real" size="9" columns="3">
 6.492511026300052E-005  9.488099188350035E-004  1.212951180468158E-018 
 9.488099188350035E-004  6.492511026300052E-005 -3.252606517456513E-018 
 1.212951180468158E-018 -3.252606517456513E-018  4.191191325913307E-003
      </IFC>
    </s_s1_m1_m2_m3.1.1.1.1.3>
    <s_s1_m1_m2_m3.1.1.2.1.3>
      <IFC type="real" size="9" columns="3">
-6.208404896199506E-004  1.941708693249428E-004  8.731328486077362E-004 
 1.118712197679708E-003 -2.587569038973473E-004  1.118712197679707E-003 
 8.731328486077349E-004  1.941708693249408E-004 -6.208404896199532E-004
      </IFC>
    </s_s1_m1_m2_m3.1.1.2.1.3>
    <s_s1_m1_m2_m3.1.1.3.1.3>
      <IFC type="real" size="9" columns="3">
 4.191191325913281E-003 -2.534322578184867E-018 -5.258380536554697E-018 
-2.534322578184867E-018  6.492511026300399E-005  9.488099188350073E-004 
-5.258380536554697E-018  9.488099188350073E-004  6.492511026299705E-005
      </IFC>
    </s_s1_m1_m2_m3.1.1.3.1.3>
    <s_s1_m1_m2_m3.1.1.4.1.3>
      <IFC type="real" size="9" columns="3">
-6.208404896199506E-004  1.118712197679708E-003  8.731328486077349E-004 
 1.941708693249428E-004 -2.587569038973473E-004  1.941708693249408E-004 
 8.731328486077362E-004  1.118712197679707E-003 -6.208404896199532E-004
      </IFC>
    </s_s1_m1_m2_m3.1.1.4.1.3>
    <s_s1_m1_m2_m3.1.1.1.2.3>
      <IFC type="real" size="9" columns="3">
-2.587569038973482E-004  1.118712197679711E-003 -1.118712197679706E-003 
 1.941708693249460E-004 -6.208404896199549E-004 -8.731328486077349E-004 
-1.941708693249413E-004 -8.731328486077340E-004 -6.208404896199549E-004
      </IFC>
    </s_s1_m1_m2_m3.1.1.1.2.3>
    <s_s1_m1_m2_m3.1.1.2.2.3>
      <IFC type="real" size="9" columns="3">
-6.208404896199562E-004 -8.731328486077359E-004 -1.941708693249431E-004 
-8.731328486077359E-004 -6.208404896199554E-004  1.941708693249439E-004 
-1.118712197679708E-003  1.118712197679709E-003 -2.587569038973499E-004
      </IFC>
    </s_s1_m1_m2_m3.1.1.2.2.3>
    <s_s1_m1_m2_m3.1.1.3.2.3>
      <IFC type="real" size="9" columns="3">
-2.644282175199627E-004  3.196820545131108E-005  3.196820545131184E-005 
-3.196820545130579E-005 -2.633032074874763E-004  5.114714189661461E-005 
-3.196820545130471E-005  5.114714189661499E-005 -2.633032074874763E-004
      </IFC>
    </s_s1_m1_m2_m3.1.1.3.2.3>
    <s_s1_m1_m2_m3.1.1.4.2.3>
      <IFC type="real" size="9" columns="3">
-2.633032074874741E-004  5.114714189661477E-005 -3.196820545130793E-005 
 5.114714189661477E-005 -2.633032074874750E-004 -3.196820545130620E-005 
 3.196820545130837E-005  3.196820545131010E-005 -2.644282175199662E-004
      </IFC>
    </s_s1_m1_m2_m3.1.1.4.2.3>
    <s_s1_m1_m2_m3.1.1.1.3.3>
      <IFC type="real" size="9" columns="3">
 6.492511026299358E-005 -5.027987574901527E-018 -9.488099188350093E-004 
-5.027987574901527E-018  4.191191325913293E-003  8.131516293641283E-019 
-9.488099188350093E-004  8.131516293641283E-019  6.492511026301093E-005
      </IFC>
    </s_s1_m1_m2_m3.1.1.1.3.3>
    <s_s1_m1_m2_m3.1.1.2.3.3>
      <IFC type="real" size="9" columns="3">
-2.633032074874733E-004 -3.196820545130772E-005 -5.114714189661531E-005 
 3.196820545130923E-005 -2.644282175199623E-004 -3.196820545131064E-005 
-5.114714189661531E-005  3.196820545130636E-005 -2.633032074874711E-004
      </IFC>
    </s_s1_m1_m2_m3.1.1.2.3.3>
    <s_s1_m1_m2_m3.1.1.3.3.3>
      <IFC type="real" size="9" columns="3">
-4.479674812718545E-004  2.818925648462312E-018 -3.422013106907373E-018 
 2.818925648462312E-018 -4.479674812718493E-004 -4.743384504624082E-018 
-3.422013106907373E-018 -4.743384504624082E-018 -4.479674812718562E-004
      </IFC>
    </s_s1_m1_m2_m3.1.1.3.3.3>
    <s_s1_m1_m2_m3.1.1.4.3.3>
      <IFC type="real" size="9" columns="3">
-2.633032074874733E-004  3.196820545130923E-005 -5.114714189661531E-005 
-3.196820545130772E-005 -2.644282175199623E-004  3.196820545130636E-005 
-5.114714189661531E-005 -3.196820545131064E-005 -2.633032074874711E-004
      </IFC>
    </s_s1_m1_m2_m3.1.1.4.3.3>
    <s_s1_m1_m2_m3.1.1.1.4.3>
      <IFC type="real" size="9" columns="3">
-2.587569038973482E-004  1.941708693249460E-004 -1.941708693249413E-004 
 1.118712197679711E-003 -6.208404896199549E-004 -8.731328486077340E-004 
-1.118712197679706E-003 -8.731328486077349E-004 -6.208404896199549E-004
      </IFC>
    </s_s1_m1_m2_m3.1.1.1.4.3>
    <s_s1_m1_m2_m3.1.1.2.4.3>
      <IFC type="real" size="9" columns="3">
-2.633032074874741E-004  5.114714189661477E-005  3.196820545130837E-005 
 5.114714189661477E-005 -2.633032074874750E-004  3.196820545131010E-005 
-3.196820545130793E-005 -3.196820545130620E-005 -2.644282175199662E-004
      </IFC>
    </s_s1_m1_m2_m3.1.1.2.4.3>
    <s_s1_m1_m2_m3.1.1.3.4.3>
      <IFC type="real" size="9" columns="3">
-2.644282175199627E-004 -3.196820545130579E-005 -3.196820545130471E-005 
 3.196820545131108E-005 -2.633032074874763E-004  5.114714189661499E-005 
 3.196820545131184E-005  5.114714189661461E-005 -2.633032074874763E-004
      </IFC>
    </s_s1_m1_m2_m3.1.1.3.4.3>
    <s_s1_m1_m2_m3.1.1.4.4.3>
      <IFC type="real" size="9" columns="3">
-6.208404896199562E-004 -8.731328486077359E-004 -1.118712197679708E-003 
-8.731328486077359E-004 -6.208404896199554E-004  1.118712197679709E-003 
-1.941708693249431E-004  1.941708693249439E-004 -2.587569038973499E-004
      </IFC>
    </s_s1_m1_m2_m3.1.1.4.4.3>
    <s_s1_m1_m2_m3.1.1.1.1.4>
      <IFC type="real" size="9" columns="3">
-6.266879021893906E-003  5.471217969153766E-003 -3.407424845471509E-003 
 5.471217969153766E-003 -6.266879021893892E-003  3.407424845471511E-003 
 3.407424845471512E-003 -3.407424845471510E-003  1.167269886503547E-002
      </IFC>
    </s_s1_m1_m2_m3.1.1.1.1.4>
    <s_s1_m1_m2_m3.1.1.2.1.4>
      <IFC type="real" size="9" columns="3">
 1.167269886503547E-002 -3.407424845471511E-003  3.407424845471510E-003 
 3.407424845471511E-003 -6.266879021893900E-003  5.471217969153772E-003 
-3.407424845471511E-003  5.471217969153772E-003 -6.266879021893899E-003
      </IFC>
    </s_s1_m1_m2_m3.1.1.2.1.4>
    <s_s1_m1_m2_m3.1.1.3.1.4>
      <IFC type="real" size="9" columns="3">
-6.208404896199532E-004  8.731328486077326E-004  1.118712197679709E-003 
 8.731328486077326E-004 -6.208404896199549E-004  1.118712197679706E-003 
 1.941708693249438E-004  1.941708693249403E-004 -2.587569038973430E-004
      </IFC>
    </s_s1_m1_m2_m3.1.1.3.1.4>
    <s_s1_m1_m2_m3.1.1.4.1.4>
      <IFC type="real" size="9" columns="3">
-2.587569038973482E-004  1.941708693249447E-004  1.941708693249419E-004 
 1.118712197679711E-003 -6.208404896199523E-004  8.731328486077331E-004 
 1.118712197679707E-003  8.731328486077336E-004 -6.208404896199463E-004
      </IFC>
    </s_s1_m1_m2_m3.1.1.4.1.4>
    <s_s1_m1_m2_m3.1.1.1.2.4>
      <IFC type="real" size="9" columns="3">
-6.266879021893891E-003  3.407424845471511E-003 -5.471217969153770E-003 
-3.407424845471511E-003  1.167269886503547E-002 -3.407424845471511E-003 
-5.471217969153769E-003  3.407424845471511E-003 -6.266879021893891E-003
      </IFC>
    </s_s1_m1_m2_m3.1.1.1.2.4>
    <s_s1_m1_m2_m3.1.1.2.2.4>
      <IFC type="real" size="9" columns="3">
-1.582641071678436E-004 -1.680513367352532E-018 -4.174178364069192E-018 
-1.680513367352532E-018 -1.582641071678349E-004  1.897353801849633E-019 
-4.174178364069192E-018  1.897353801849633E-019 -4.917894472119318E-004
      </IFC>
    </s_s1_m1_m2_m3.1.1.2.2.4>
    <s_s1_m1_m2_m3.1.1.3.2.4>
      <IFC type="real" size="9" columns="3">
-2.633032074874746E-004 -3.196820545130823E-005  5.114714189661905E-005 
 3.196820545130869E-005 -2.644282175199610E-004  3.196820545131108E-005 
 5.114714189661818E-005 -3.196820545130576E-005 -2.633032074874746E-004
      </IFC>
    </s_s1_m1_m2_m3.1.1.3.2.4>
    <s_s1_m1_m2_m3.1.1.4.2.4>
      <IFC type="real" size="9" columns="3">
-4.917894472119279E-004 -7.047314121155779E-019 -4.065758146820642E-018 
-7.047314121155779E-019 -1.582641071678384E-004 -1.707618421664669E-018 
-4.065758146820642E-018 -1.707618421664669E-018 -1.582641071678405E-004
      </IFC>
    </s_s1_m1_m2_m3.1.1.4.2.4>
    <s_s1_m1_m2_m3.1.1.1.3.4>
      <IFC type="real" size="9" columns="3">
-6.208404896199532E-004  8.731328486077344E-004 -1.118712197679706E-003 
 8.731328486077344E-004 -6.208404896199532E-004 -1.118712197679707E-003 
-1.941708693249408E-004 -1.941708693249422E-004 -2.587569038973551E-004
      </IFC>
    </s_s1_m1_m2_m3.1.1.1.3.4>
    <s_s1_m1_m2_m3.1.1.2.3.4>
      <IFC type="real" size="9" columns="3">
-2.644282175199666E-004  3.196820545130837E-005 -3.196820545130728E-005 
-3.196820545130864E-005 -2.633032074874785E-004 -5.114714189661553E-005 
 3.196820545130907E-005 -5.114714189661526E-005 -2.633032074874728E-004
      </IFC>
    </s_s1_m1_m2_m3.1.1.2.3.4>
    <s_s1_m1_m2_m3.1.1.3.3.4>
      <IFC type="real" size="9" columns="3">
-2.633032074874780E-004 -5.114714189661466E-005  3.196820545131004E-005 
-5.114714189661466E-005 -2.633032074874763E-004 -3.196820545131026E-005 
-3.196820545130648E-005  3.196820545130625E-005 -2.644282175199523E-004
      </IFC>
    </s_s1_m1_m2_m3.1.1.3.3.4>
    <s_s1_m1_m2_m3.1.1.4.3.4>
      <IFC type="real" size="9" columns="3">
-2.587569038973434E-004 -1.941708693249406E-004 -1.941708693249426E-004 
-1.118712197679706E-003 -6.208404896199519E-004  8.731328486077357E-004 
-1.118712197679708E-003  8.731328486077363E-004 -6.208404896199515E-004
      </IFC>
    </s_s1_m1_m2_m3.1.1.4.3.4>
    <s_s1_m1_m2_m3.1.1.1.4.4>
      <IFC type="real" size="9" columns="3">
-6.208404896199549E-004  1.118712197679707E-003 -8.731328486077305E-004 
 1.941708693249421E-004 -2.587569038973499E-004 -1.941708693249421E-004 
-8.731328486077309E-004 -1.118712197679707E-003 -6.208404896199584E-004
      </IFC>
    </s_s1_m1_m2_m3.1.1.1.4.4>
    <s_s1_m1_m2_m3.1.1.2.4.4>
      <IFC type="real" size="9" columns="3">
-1.582641071678401E-004 -1.897353801849633E-018 -1.572093150103981E-018 
-1.897353801849633E-018 -4.917894472119262E-004  1.273937552670468E-018 
-1.572093150103981E-018  1.273937552670468E-018 -1.582641071678353E-004
      </IFC>
    </s_s1_m1_m2_m3.1.1.2.4.4>
    <s_s1_m1_m2_m3.1.1.3.4.4>
      <IFC type="real" size="9" columns="3">
-6.208404896199497E-004 -1.118712197679708E-003 -8.731328486077353E-004 
-1.941708693249420E-004 -2.587569038973482E-004  1.941708693249436E-004 
-8.731328486077353E-004  1.118712197679709E-003 -6.208404896199567E-004
      </IFC>
    </s_s1_m1_m2_m3.1.1.3.4.4>
    <s_s1_m1_m2_m3.1.1.4.4.4>
      <IFC type="real" size="9" columns="3">
-3.250901336984634E-004  8.131516293641283E-019 -2.764715539838036E-018 
 8.131516293641283E-019 -3.250901336984617E-004  4.607859233063394E-019 
-2.764715539838036E-018  4.607859233063394E-019 -3.250901336984656E-004
      </IFC>
    </s_s1_m1_m2_m3.1.1.4.4.4>
    <s_s1_m1_m2_m3.1.2.1.1.1>
      <IFC type="real" size="9" columns="3">
-5.299397919994721E-002 -4.046200620760552E-002 -4.046200620760552E-002 
-4.046200620760552E-002 -5.299397919994721E-002 -4.046200620760551E-002 
-4.046200620760552E-002 -4.046200620760551E-002 -5.299397919994721E-002
      </IFC>
    </s_s1_m1_m2_m3.1.2.1.1.1>
    <s_s1_m1_m2_m3.1.2.2.1.1>
      <IFC type="real" size="9" columns="3">
 1.110399326936556E-003 -1.442500789958693E-004  1.442500789958687E-004 
 9.207966817107950E-004 -6.927048621305850E-004 -7.353482296594701E-004 
-9.207966817107944E-004 -7.353482296594712E-004 -6.927048621305865E-004
      </IFC>
    </s_s1_m1_m2_m3.1.2.2.1.1>
    <s_s1_m1_m2_m3.1.2.3.1.1>
      <IFC type="real" size="9" columns="3">
-1.301263736913362E-004 -1.186053486226718E-004 -8.089250269026826E-006 
 2.710448149545530E-004 -1.986402923153402E-004  2.710448149545518E-004 
-8.089250269026541E-006 -1.186053486226714E-004 -1.301263736913344E-004
      </IFC>
    </s_s1_m1_m2_m3.1.2.3.1.1>
    <s_s1_m1_m2_m3.1.2.4.1.1>
      <IFC type="real" size="9" columns="3">
-6.927048621305847E-004 -7.353482296594716E-004 -9.207966817107933E-004 
-7.353482296594707E-004 -6.927048621305880E-004  9.207966817107954E-004 
 1.442500789958708E-004 -1.442500789958688E-004  1.110399326936556E-003
      </IFC>
    </s_s1_m1_m2_m3.1.2.4.1.1>
    <s_s1_m1_m2_m3.1.2.1.2.1>
      <IFC type="real" size="9" columns="3">
-5.299397919994720E-002  4.046200620760552E-002  4.046200620760552E-002 
 4.046200620760552E-002 -5.299397919994720E-002 -4.046200620760551E-002 
 4.046200620760552E-002 -4.046200620760551E-002 -5.299397919994721E-002
      </IFC>
    </s_s1_m1_m2_m3.1.2.1.2.1>
    <s_s1_m1_m2_m3.1.2.2.2.1>
      <IFC type="real" size="9" columns="3">
 9.574520885109233E-004 -2.361279502029324E-003 -6.558401680572892E-004 
 4.208524433350928E-004 -1.858024900118374E-003 -4.208524433350917E-004 
-6.558401680572892E-004  2.361279502029327E-003  9.574520885109257E-004
      </IFC>
    </s_s1_m1_m2_m3.1.2.2.2.1>
    <s_s1_m1_m2_m3.1.2.3.2.1>
      <IFC type="real" size="9" columns="3">
 9.574520885109240E-004  2.361279502029327E-003 -6.558401680572870E-004 
-4.208524433350913E-004 -1.858024900118373E-003  4.208524433350912E-004 
-6.558401680572868E-004 -2.361279502029326E-003  9.574520885109270E-004
      </IFC>
    </s_s1_m1_m2_m3.1.2.3.2.1>
    <s_s1_m1_m2_m3.1.2.4.2.1>
      <IFC type="real" size="9" columns="3">
-5.299397919994721E-002 -4.046200620760552E-002  4.046200620760552E-002 
-4.046200620760552E-002 -5.299397919994721E-002  4.046200620760552E-002 
 4.046200620760552E-002  4.046200620760552E-002 -5.299397919994721E-002
      </IFC>
    </s_s1_m1_m2_m3.1.2.4.2.1>
    <s_s1_m1_m2_m3.1.2.1.3.1>
      <IFC type="real" size="9" columns="3">
-1.858024900118370E-003  4.208524433350902E-004  4.208524433350911E-004 
-2.361279502029328E-003  9.574520885109253E-004  6.558401680572890E-004 
-2.361279502029325E-003  6.558401680572899E-004  9.574520885109261E-004
      </IFC>
    </s_s1_m1_m2_m3.1.2.1.3.1>
    <s_s1_m1_m2_m3.1.2.2.3.1>
      <IFC type="real" size="9" columns="3">
 5.179018082092937E-004  4.142524700889171E-004 -4.142524700889178E-004 
 4.142524700889175E-004  5.179018082092915E-004  4.142524700889199E-004 
-4.142524700889182E-004  4.142524700889198E-004  5.179018082092956E-004
      </IFC>
    </s_s1_m1_m2_m3.1.2.2.3.1>
    <s_s1_m1_m2_m3.1.2.3.3.1>
      <IFC type="real" size="9" columns="3">
 9.574520885109246E-004  6.558401680572860E-004 -2.361279502029325E-003 
 6.558401680572860E-004  9.574520885109218E-004 -2.361279502029327E-003 
 4.208524433350921E-004  4.208524433350905E-004 -1.858024900118369E-003
      </IFC>
    </s_s1_m1_m2_m3.1.2.3.3.1>
    <s_s1_m1_m2_m3.1.2.4.3.1>
      <IFC type="real" size="9" columns="3">
-6.927048621305834E-004  9.207966817107954E-004  7.353482296594694E-004 
-1.442500789958673E-004  1.110399326936558E-003 -1.442500789958676E-004 
 7.353482296594699E-004  9.207966817107948E-004 -6.927048621305831E-004
      </IFC>
    </s_s1_m1_m2_m3.1.2.4.3.1>
    <s_s1_m1_m2_m3.1.2.1.4.1>
      <IFC type="real" size="9" columns="3">
-1.858024900118373E-003 -4.208524433350928E-004 -4.208524433350886E-004 
 2.361279502029322E-003  9.574520885109278E-004  6.558401680572873E-004 
 2.361279502029327E-003  6.558401680572870E-004  9.574520885109254E-004
      </IFC>
    </s_s1_m1_m2_m3.1.2.1.4.1>
    <s_s1_m1_m2_m3.1.2.2.4.1>
      <IFC type="real" size="9" columns="3">
 9.574520885109268E-004  6.558401680572892E-004  2.361279502029326E-003 
 6.558401680572886E-004  9.574520885109246E-004  2.361279502029325E-003 
-4.208524433350904E-004 -4.208524433350928E-004 -1.858024900118374E-003
      </IFC>
    </s_s1_m1_m2_m3.1.2.2.4.1>
    <s_s1_m1_m2_m3.1.2.3.4.1>
      <IFC type="real" size="9" columns="3">
-1.301263736913356E-004  8.089250269026067E-006  1.186053486226731E-004 
 8.089250269026528E-006 -1.301263736913360E-004 -1.186053486226725E-004 
-2.710448149545522E-004  2.710448149545522E-004 -1.986402923153383E-004
      </IFC>
    </s_s1_m1_m2_m3.1.2.3.4.1>
    <s_s1_m1_m2_m3.1.2.4.4.1>
      <IFC type="real" size="9" columns="3">
-1.986402923153411E-004  2.710448149545524E-004 -2.710448149545507E-004 
-1.186053486226715E-004 -1.301263736913369E-004  8.089250269026176E-006 
 1.186053486226741E-004  8.089250269026176E-006 -1.301263736913395E-004
      </IFC>
    </s_s1_m1_m2_m3.1.2.4.4.1>
    <s_s1_m1_m2_m3.1.2.1.1.2>
      <IFC type="real" size="9" columns="3">
 1.110399326936555E-003  1.442500789958692E-004 -1.442500789958700E-004 
-9.207966817107935E-004 -6.927048621305871E-004 -7.353482296594718E-004 
 9.207966817107931E-004 -7.353482296594709E-004 -6.927048621305867E-004
      </IFC>
    </s_s1_m1_m2_m3.1.2.1.1.2>
    <s_s1_m1_m2_m3.1.2.2.1.2>
      <IFC type="real" size="9" columns="3">
-5.021849040041335E-005 -1.769082111343013E-005 -1.769082111343067E-005 
-3.398063748852845E-005  1.759208843410061E-004 -2.526922302147602E-004 
-3.398063748852906E-005 -2.526922302147599E-004  1.759208843410037E-004
      </IFC>
    </s_s1_m1_m2_m3.1.2.2.1.2>
    <s_s1_m1_m2_m3.1.2.3.1.2>
      <IFC type="real" size="9" columns="3">
 1.759208843410041E-004 -2.526922302147577E-004 -3.398063748852927E-005 
-2.526922302147582E-004  1.759208843410064E-004 -3.398063748852754E-005 
-1.769082111343213E-005 -1.769082111343018E-005 -5.021849040041655E-005
      </IFC>
    </s_s1_m1_m2_m3.1.2.3.1.2>
    <s_s1_m1_m2_m3.1.2.4.1.2>
      <IFC type="real" size="9" columns="3">
-6.927048621305871E-004 -7.353482296594716E-004  9.207966817107954E-004 
-7.353482296594709E-004 -6.927048621305839E-004 -9.207966817107952E-004 
-1.442500789958678E-004  1.442500789958698E-004  1.110399326936552E-003
      </IFC>
    </s_s1_m1_m2_m3.1.2.4.1.2>
    <s_s1_m1_m2_m3.1.2.1.2.2>
      <IFC type="real" size="9" columns="3">
 9.574520885109253E-004 -6.558401680572881E-004 -2.361279502029322E-003 
-6.558401680572881E-004  9.574520885109253E-004  2.361279502029329E-003 
 4.208524433350867E-004 -4.208524433350902E-004 -1.858024900118375E-003
      </IFC>
    </s_s1_m1_m2_m3.1.2.1.2.2>
    <s_s1_m1_m2_m3.1.2.2.2.2>
      <IFC type="real" size="9" columns="3">
 5.179018082092938E-004 -4.142524700889182E-004 -4.142524700889193E-004 
-4.142524700889179E-004  5.179018082092934E-004 -4.142524700889203E-004 
-4.142524700889191E-004 -4.142524700889194E-004  5.179018082092941E-004
      </IFC>
    </s_s1_m1_m2_m3.1.2.2.2.2>
    <s_s1_m1_m2_m3.1.2.3.2.2>
      <IFC type="real" size="9" columns="3">
-1.858024900118374E-003 -4.208524433350915E-004  4.208524433350922E-004 
 2.361279502029325E-003  9.574520885109247E-004 -6.558401680572900E-004 
-2.361279502029325E-003 -6.558401680572893E-004  9.574520885109239E-004
      </IFC>
    </s_s1_m1_m2_m3.1.2.3.2.2>
    <s_s1_m1_m2_m3.1.2.4.2.2>
      <IFC type="real" size="9" columns="3">
-6.927048621305870E-004 -9.207966817107962E-004  7.353482296594706E-004 
 1.442500789958670E-004  1.110399326936554E-003  1.442500789958699E-004 
 7.353482296594712E-004 -9.207966817107949E-004 -6.927048621305860E-004
      </IFC>
    </s_s1_m1_m2_m3.1.2.4.2.2>
    <s_s1_m1_m2_m3.1.2.1.3.2>
      <IFC type="real" size="9" columns="3">
 5.179018082092958E-004 -4.142524700889187E-004  4.142524700889187E-004 
-4.142524700889169E-004  5.179018082092958E-004  4.142524700889200E-004 
 4.142524700889165E-004  4.142524700889191E-004  5.179018082092971E-004
      </IFC>
    </s_s1_m1_m2_m3.1.2.1.3.2>
    <s_s1_m1_m2_m3.1.2.2.3.2>
      <IFC type="real" size="9" columns="3">
 5.179018082092935E-004  4.142524700889192E-004  4.142524700889191E-004 
 4.142524700889193E-004  5.179018082092958E-004 -4.142524700889191E-004 
 4.142524700889185E-004 -4.142524700889194E-004  5.179018082092977E-004
      </IFC>
    </s_s1_m1_m2_m3.1.2.2.3.2>
    <s_s1_m1_m2_m3.1.2.3.3.2>
      <IFC type="real" size="9" columns="3">
 1.759208843410041E-004  3.398063748852645E-005  2.526922302147597E-004 
 1.769082111342823E-005 -5.021849040041568E-005 -1.769082111343061E-005 
 2.526922302147599E-004 -3.398063748852754E-005  1.759208843410069E-004
      </IFC>
    </s_s1_m1_m2_m3.1.2.3.3.2>
    <s_s1_m1_m2_m3.1.2.4.3.2>
      <IFC type="real" size="9" columns="3">
 1.759208843410076E-004 -3.398063748852567E-005  2.526922302147599E-004 
-1.769082111342774E-005 -5.021849040041292E-005  1.769082111342926E-005 
 2.526922302147593E-004  3.398063748852689E-005  1.759208843410058E-004
      </IFC>
    </s_s1_m1_m2_m3.1.2.4.3.2>
    <s_s1_m1_m2_m3.1.2.1.4.2>
      <IFC type="real" size="9" columns="3">
 9.574520885109248E-004  2.361279502029322E-003  6.558401680572897E-004 
-4.208524433350949E-004 -1.858024900118373E-003 -4.208524433350911E-004 
 6.558401680572884E-004  2.361279502029326E-003  9.574520885109278E-004
      </IFC>
    </s_s1_m1_m2_m3.1.2.1.4.2>
    <s_s1_m1_m2_m3.1.2.2.4.2>
      <IFC type="real" size="9" columns="3">
-5.021849040041514E-005  1.769082111342942E-005  1.769082111343156E-005 
 3.398063748852819E-005  1.759208843410052E-004 -2.526922302147607E-004 
 3.398063748852963E-005 -2.526922302147597E-004  1.759208843410086E-004
      </IFC>
    </s_s1_m1_m2_m3.1.2.2.4.2>
    <s_s1_m1_m2_m3.1.2.3.4.2>
      <IFC type="real" size="9" columns="3">
-2.987596100432891E-005 -4.432054620387516E-005  4.432054620387705E-005 
-4.432054620387600E-005 -2.987596100432940E-005 -4.432054620387501E-005 
 4.432054620387638E-005 -4.432054620387616E-005 -2.987596100433245E-005
      </IFC>
    </s_s1_m1_m2_m3.1.2.3.4.2>
    <s_s1_m1_m2_m3.1.2.4.4.2>
      <IFC type="real" size="9" columns="3">
 1.759208843410056E-004 -2.526922302147601E-004  3.398063748852930E-005 
-2.526922302147598E-004  1.759208843410038E-004  3.398063748853066E-005 
 1.769082111343208E-005  1.769082111343208E-005 -5.021849040041422E-005
      </IFC>
    </s_s1_m1_m2_m3.1.2.4.4.2>
    <s_s1_m1_m2_m3.1.2.1.1.3>
      <IFC type="real" size="9" columns="3">
-1.301263736913395E-004 -8.089250269023573E-006 -1.186053486226732E-004 
-8.089250269023573E-006 -1.301263736913361E-004 -1.186053486226732E-004 
 2.710448149545533E-004  2.710448149545568E-004 -1.986402923153385E-004
      </IFC>
    </s_s1_m1_m2_m3.1.2.1.1.3>
    <s_s1_m1_m2_m3.1.2.2.1.3>
      <IFC type="real" size="9" columns="3">
 1.759208843410050E-004 -3.398063748852954E-005 -2.526922302147572E-004 
-1.769082111343067E-005 -5.021849040041444E-005 -1.769082111342991E-005 
-2.526922302147576E-004 -3.398063748852770E-005  1.759208843410052E-004
      </IFC>
    </s_s1_m1_m2_m3.1.2.2.1.3>
    <s_s1_m1_m2_m3.1.2.3.1.3>
      <IFC type="real" size="9" columns="3">
-1.986402923153389E-004  2.710448149545532E-004  2.710448149545544E-004 
-1.186053486226716E-004 -1.301263736913344E-004 -8.089250269026880E-006 
-1.186053486226702E-004 -8.089250269027571E-006 -1.301263736913364E-004
      </IFC>
    </s_s1_m1_m2_m3.1.2.3.1.3>
    <s_s1_m1_m2_m3.1.2.4.1.3>
      <IFC type="real" size="9" columns="3">
-4.873054837597438E-005  5.999726271948148E-006 -5.999726271948256E-006 
 5.999726271947497E-006 -4.873054837597281E-005  5.999726271947931E-006 
-5.999726271947796E-006  5.999726271946711E-006 -4.873054837597698E-005
      </IFC>
    </s_s1_m1_m2_m3.1.2.4.1.3>
    <s_s1_m1_m2_m3.1.2.1.2.3>
      <IFC type="real" size="9" columns="3">
 9.574520885109253E-004 -6.558401680572881E-004  2.361279502029322E-003 
-6.558401680572881E-004  9.574520885109253E-004 -2.361279502029329E-003 
-4.208524433350937E-004  4.208524433350902E-004 -1.858024900118372E-003
      </IFC>
    </s_s1_m1_m2_m3.1.2.1.2.3>
    <s_s1_m1_m2_m3.1.2.2.2.3>
      <IFC type="real" size="9" columns="3">
-1.858024900118372E-003  4.208524433350921E-004 -4.208524433350921E-004 
-2.361279502029325E-003  9.574520885109251E-004 -6.558401680572879E-004 
 2.361279502029325E-003 -6.558401680572890E-004  9.574520885109248E-004
      </IFC>
    </s_s1_m1_m2_m3.1.2.2.2.3>
    <s_s1_m1_m2_m3.1.2.3.2.3>
      <IFC type="real" size="9" columns="3">
-1.986402923153377E-004 -2.710448149545537E-004 -2.710448149545532E-004 
 1.186053486226715E-004 -1.301263736913343E-004 -8.089250269025579E-006 
 1.186053486226717E-004 -8.089250269026826E-006 -1.301263736913380E-004
      </IFC>
    </s_s1_m1_m2_m3.1.2.3.2.3>
    <s_s1_m1_m2_m3.1.2.4.2.3>
      <IFC type="real" size="9" columns="3">
-1.301263736913361E-004 -8.089250269023573E-006  1.186053486226732E-004 
-8.089250269023573E-006 -1.301263736913361E-004  1.186053486226732E-004 
-2.710448149545533E-004 -2.710448149545498E-004 -1.986402923153385E-004
      </IFC>
    </s_s1_m1_m2_m3.1.2.4.2.3>
    <s_s1_m1_m2_m3.1.2.1.3.3>
      <IFC type="real" size="9" columns="3">
 9.574520885109305E-004 -2.361279502029325E-003  6.558401680572890E-004 
 4.208524433350893E-004 -1.858024900118367E-003  4.208524433350928E-004 
 6.558401680572881E-004 -2.361279502029323E-003  9.574520885109279E-004
      </IFC>
    </s_s1_m1_m2_m3.1.2.1.3.3>
    <s_s1_m1_m2_m3.1.2.2.3.3>
      <IFC type="real" size="9" columns="3">
 1.759208843410062E-004  2.526922302147578E-004  3.398063748852762E-005 
 2.526922302147580E-004  1.759208843410078E-004 -3.398063748852738E-005 
 1.769082111343026E-005 -1.769082111343091E-005 -5.021849040041625E-005
      </IFC>
    </s_s1_m1_m2_m3.1.2.2.3.3>
    <s_s1_m1_m2_m3.1.2.3.3.3>
      <IFC type="real" size="9" columns="3">
-2.987596100433357E-005  4.432054620387335E-005  4.432054620387405E-005 
 4.432054620387345E-005 -2.987596100433206E-005  4.432054620387232E-005 
 4.432054620387410E-005  4.432054620387351E-005 -2.987596100433227E-005
      </IFC>
    </s_s1_m1_m2_m3.1.2.3.3.3>
    <s_s1_m1_m2_m3.1.2.4.3.3>
      <IFC type="real" size="9" columns="3">
-5.021849040041227E-005 -1.769082111343034E-005  1.769082111343045E-005 
-3.398063748852748E-005  1.759208843410048E-004  2.526922302147580E-004 
 3.398063748852694E-005  2.526922302147575E-004  1.759208843410028E-004
      </IFC>
    </s_s1_m1_m2_m3.1.2.4.3.3>
    <s_s1_m1_m2_m3.1.2.1.4.3>
      <IFC type="real" size="9" columns="3">
-1.301263736913374E-004  1.186053486226689E-004  8.089250269023465E-006 
-2.710448149545529E-004 -1.986402923153378E-004  2.710448149545506E-004 
 8.089250269023140E-006 -1.186053486226725E-004 -1.301263736913342E-004
      </IFC>
    </s_s1_m1_m2_m3.1.2.1.4.3>
    <s_s1_m1_m2_m3.1.2.2.4.3>
      <IFC type="real" size="9" columns="3">
-2.987596100433184E-005  4.432054620387578E-005 -4.432054620387448E-005 
 4.432054620387513E-005 -2.987596100433054E-005 -4.432054620387622E-005 
