<?xml version="1.0"?>
<?iotk version="1.2.0"?>
<?iotk file_version="1.0"?>
<?iotk binary="F"?>
<?iotk qe_syntax="F"?>
<Root>
  <GEOMETRY_INFO>
    <NUMBER_OF_TYPES type="integer" size="1">
         2
    </NUMBER_OF_TYPES>
    <NUMBER_OF_ATOMS type="integer" size="1">
         2
    </NUMBER_OF_ATOMS>
    <BRAVAIS_LATTICE_INDEX type="integer" size="1">
         0
    </BRAVAIS_LATTICE_INDEX>
    <SPIN_COMPONENTS type="integer" size="1">
         1
    </SPIN_COMPONENTS>
    <CELL_DIMENSIONS type="real" size="6">
 1.050000000000000E+001
 0.000000000000000E+000
 0.000000000000000E+000
 0.000000000000000E+000
 0.000000000000000E+000
 0.000000000000000E+000
    </CELL_DIMENSIONS>
    <AT type="real" size="9" columns="3">
-5.000000000000000E-001  0.000000000000000E+000  5.000000000000000E-001 
 0.000000000000000E+000  5.000000000000000E-001  5.000000000000000E-001 
-5.000000000000000E-001  5.000000000000000E-001  0.000000000000000E+000
    </AT>
    <BG type="real" size="9" columns="3">
-1.000000000000000E+000 -1.000000000000000E+000  1.000000000000000E+000 
 1.000000000000000E+000  1.000000000000000E+000  1.000000000000000E+000 
-1.000000000000000E+000  1.000000000000000E+000 -1.000000000000000E+000
    </BG>
    <UNIT_CELL_VOLUME_AU type="real" size="1">
 2.894062500000000E+002
    </UNIT_CELL_VOLUME_AU>
    <TYPE_NAME.1 type="character" size="1" len="3">
Al 
    </TYPE_NAME.1>
    <MASS.1 type="real" size="1">
 2.698000000000000E+001
    </MASS.1>
    <TYPE_NAME.2 type="character" size="1" len="3">
As 
    </TYPE_NAME.2>
    <MASS.2 type="real" size="1">
 7.492000000000000E+001
    </MASS.2>
    <ATOM.1 SPECIES="Al " INDEX="1" TAU="0.000000000000000E+000 0.000000000000000E+000 0.000000000000000E+000"/>
    <ATOM.2 SPECIES="As " INDEX="2" TAU="2.500000000000000E-001 2.500000000000000E-001 2.500000000000000E-001"/>
    <NUMBER_OF_Q type="integer" size="1">
         6
    </NUMBER_OF_Q>
  </GEOMETRY_INFO>
  <DIELECTRIC_PROPERTIES>
    <EPSILON type="real" size="9" columns="3">
 1.374419942227950E+001  4.440892098500626E-015  8.881784197001252E-016 
 4.440892098500626E-015  1.374419942227951E+001 -8.881784197001252E-016 
 0.000000000000000E+000 -8.881784197001252E-016  1.374419942227950E+001
    </EPSILON>
    <ZSTAR>
      <Z_AT_.1 type="real" size="9" columns="3">
 2.558194631369538E+000 -1.665334536937735E-016  2.053912595556540E-015 
 2.775557561562891E-016  2.558194631369537E+000 -4.996003610813204E-016 
 1.165734175856414E-015  5.551115123125785E-017  2.558194631369537E+000
      </Z_AT_.1>
      <Z_AT_.2 type="real" size="9" columns="3">
-2.558194631369538E+000  1.665334536937735E-016 -2.053912595556540E-015 
-2.775557561562891E-016 -2.558194631369537E+000  4.996003610813204E-016 
-1.165734175856414E-015 -5.551115123125785E-017 -2.558194631369537E+000
      </Z_AT_.2>
    </ZSTAR>
  </DIELECTRIC_PROPERTIES>
  <INTERATOMIC_FORCE_CONSTANTS>
    <MESH_NQ1_NQ2_NQ3 type="integer" size="3" columns="3">
         4          4          4
    </MESH_NQ1_NQ2_NQ3>
    <s_s1_m1_m2_m3.1.1.1.1.1>
      <IFC type="real" size="9" columns="3">
 2.244369256490414E-001  3.686287386450715E-018 -1.212951180468158E-018 
 3.686287386450715E-018  2.244369256490414E-001 -1.951563910473908E-018 
-1.212951180468158E-018 -1.951563910473908E-018  2.244369256490414E-001
      </IFC>
    </s_s1_m1_m2_m3.1.1.1.1.1>
    <s_s1_m1_m2_m3.1.1.2.1.1>
      <IFC type="real" size="9" columns="3">
-6.263924319149995E-003  3.407011916818618E-003  5.470941229219338E-003 
-3.407011916818619E-003  1.166994955847607E-002  3.407011916818617E-003 
 5.470941229219337E-003 -3.407011916818620E-003 -6.263924319149999E-003
      </IFC>
    </s_s1_m1_m2_m3.1.1.2.1.1>
    <s_s1_m1_m2_m3.1.1.3.1.1>
      <IFC type="real" size="9" columns="3">
 6.106130021316797E-005 -2.073536654878527E-018  9.482195864081190E-004 
-2.073536654878527E-018  4.188952960087986E-003  1.843143693225358E-018 
 9.482195864081190E-004  1.843143693225358E-018  6.106130021317317E-005
      </IFC>
    </s_s1_m1_m2_m3.1.1.3.1.1>
    <s_s1_m1_m2_m3.1.1.4.1.1>
      <IFC type="real" size="9" columns="3">
-6.263924319149995E-003 -3.407011916818619E-003  5.470941229219337E-003 
 3.407011916818618E-003  1.166994955847607E-002 -3.407011916818620E-003 
 5.470941229219338E-003  3.407011916818617E-003 -6.263924319149999E-003
      </IFC>
    </s_s1_m1_m2_m3.1.1.4.1.1>
    <s_s1_m1_m2_m3.1.1.1.2.1>
      <IFC type="real" size="9" columns="3">
 1.166994955847607E-002 -3.407011916818618E-003 -3.407011916818621E-003 
 3.407011916818619E-003 -6.263924319150000E-003 -5.470941229219342E-003 
 3.407011916818616E-003 -5.470941229219342E-003 -6.263924319149995E-003
      </IFC>
    </s_s1_m1_m2_m3.1.1.1.2.1>
    <s_s1_m1_m2_m3.1.1.2.2.1>
      <IFC type="real" size="9" columns="3">
-6.175603935516835E-004 -8.733111238349262E-004  1.951975956494621E-004 
-8.733111238349261E-004 -6.175603935516878E-004 -1.951975956494624E-004 
 1.117961541445693E-003 -1.117961541445693E-003 -2.622026102704002E-004
      </IFC>
    </s_s1_m1_m2_m3.1.1.2.2.1>
    <s_s1_m1_m2_m3.1.1.3.2.1>
      <IFC type="real" size="9" columns="3">
-2.622026102704050E-004 -1.117961541445693E-003  1.117961541445693E-003 
-1.951975956494627E-004 -6.175603935516891E-004 -8.733111238349240E-004 
 1.951975956494628E-004 -8.733111238349240E-004 -6.175603935516961E-004
      </IFC>
    </s_s1_m1_m2_m3.1.1.3.2.1>
    <s_s1_m1_m2_m3.1.1.4.2.1>
      <IFC type="real" size="9" columns="3">
-6.263924319149997E-003 -5.470941229219337E-003  3.407011916818618E-003 
-5.470941229219338E-003 -6.263924319150000E-003  3.407011916818622E-003 
-3.407011916818619E-003 -3.407011916818616E-003  1.166994955847606E-002
      </IFC>
    </s_s1_m1_m2_m3.1.1.4.2.1>
    <s_s1_m1_m2_m3.1.1.1.3.1>
      <IFC type="real" size="9" columns="3">
 4.188952960087988E-003 -2.846030702774449E-019 -3.794707603699266E-019 
-2.846030702774449E-019  6.106130021317144E-005 -9.482195864081167E-004 
-3.794707603699266E-019 -9.482195864081167E-004  6.106130021316450E-005
      </IFC>
    </s_s1_m1_m2_m3.1.1.1.3.1>
    <s_s1_m1_m2_m3.1.1.2.3.1>
      <IFC type="real" size="9" columns="3">
-6.175603935516839E-004 -1.951975956494619E-004  8.733111238349232E-004 
-1.117961541445693E-003 -2.622026102704063E-004 -1.117961541445694E-003 
 8.733111238349233E-004 -1.951975956494633E-004 -6.175603935516948E-004
      </IFC>
    </s_s1_m1_m2_m3.1.1.2.3.1>
    <s_s1_m1_m2_m3.1.1.3.3.1>
      <IFC type="real" size="9" columns="3">
 6.106130021316450E-005 -9.482195864081175E-004  7.928228386300251E-019 
-9.482195864081175E-004  6.106130021316623E-005  1.951563910473908E-018 
 7.928228386300251E-019  1.951563910473908E-018  4.188952960087986E-003
      </IFC>
    </s_s1_m1_m2_m3.1.1.3.3.1>
    <s_s1_m1_m2_m3.1.1.4.3.1>
      <IFC type="real" size="9" columns="3">
-6.175603935516839E-004 -1.117961541445693E-003  8.733111238349233E-004 
-1.951975956494619E-004 -2.622026102704063E-004 -1.951975956494633E-004 
 8.733111238349232E-004 -1.117961541445694E-003 -6.175603935516948E-004
      </IFC>
    </s_s1_m1_m2_m3.1.1.4.3.1>
    <s_s1_m1_m2_m3.1.1.1.4.1>
      <IFC type="real" size="9" columns="3">
 1.166994955847607E-002  3.407011916818619E-003  3.407011916818616E-003 
-3.407011916818618E-003 -6.263924319150000E-003 -5.470941229219342E-003 
-3.407011916818621E-003 -5.470941229219342E-003 -6.263924319149995E-003
      </IFC>
    </s_s1_m1_m2_m3.1.1.1.4.1>
    <s_s1_m1_m2_m3.1.1.2.4.1>
      <IFC type="real" size="9" columns="3">
-6.263924319149997E-003 -5.470941229219338E-003 -3.407011916818619E-003 
-5.470941229219337E-003 -6.263924319150000E-003 -3.407011916818616E-003 
 3.407011916818618E-003  3.407011916818622E-003  1.166994955847606E-002
      </IFC>
    </s_s1_m1_m2_m3.1.1.2.4.1>
    <s_s1_m1_m2_m3.1.1.3.4.1>
      <IFC type="real" size="9" columns="3">
-2.622026102704050E-004 -1.951975956494627E-004  1.951975956494628E-004 
-1.117961541445693E-003 -6.175603935516891E-004 -8.733111238349240E-004 
 1.117961541445693E-003 -8.733111238349240E-004 -6.175603935516961E-004
      </IFC>
    </s_s1_m1_m2_m3.1.1.3.4.1>
    <s_s1_m1_m2_m3.1.1.4.4.1>
      <IFC type="real" size="9" columns="3">
-6.175603935516835E-004 -8.733111238349261E-004  1.117961541445693E-003 
-8.733111238349262E-004 -6.175603935516878E-004 -1.117961541445693E-003 
 1.951975956494621E-004 -1.951975956494624E-004 -2.622026102704002E-004
      </IFC>
    </s_s1_m1_m2_m3.1.1.4.4.1>
    <s_s1_m1_m2_m3.1.1.1.1.2>
      <IFC type="real" size="9" columns="3">
-6.263924319149995E-003  5.470941229219340E-003  3.407011916818617E-003 
 5.470941229219340E-003 -6.263924319149995E-003 -3.407011916818620E-003 
-3.407011916818620E-003  3.407011916818617E-003  1.166994955847607E-002
      </IFC>
    </s_s1_m1_m2_m3.1.1.1.1.2>
    <s_s1_m1_m2_m3.1.1.2.1.2>
      <IFC type="real" size="9" columns="3">
-2.622026102704058E-004  1.117961541445692E-003  1.117961541445692E-003 
 1.951975956494614E-004 -6.175603935516839E-004  8.733111238349257E-004 
 1.951975956494619E-004  8.733111238349257E-004 -6.175603935516818E-004
      </IFC>
    </s_s1_m1_m2_m3.1.1.2.1.2>
    <s_s1_m1_m2_m3.1.1.3.1.2>
      <IFC type="real" size="9" columns="3">
-6.175603935516874E-004  8.733111238349231E-004  1.951975956494618E-004 
 8.733111238349231E-004 -6.175603935516857E-004  1.951975956494611E-004 
 1.117961541445692E-003  1.117961541445692E-003 -2.622026102704032E-004
      </IFC>
    </s_s1_m1_m2_m3.1.1.3.1.2>
    <s_s1_m1_m2_m3.1.1.4.1.2>
      <IFC type="real" size="9" columns="3">
 1.166994955847607E-002  3.407011916818618E-003 -3.407011916818619E-003 
-3.407011916818619E-003 -6.263924319149997E-003  5.470941229219339E-003 
 3.407011916818617E-003  5.470941229219339E-003 -6.263924319149997E-003
      </IFC>
    </s_s1_m1_m2_m3.1.1.4.1.2>
    <s_s1_m1_m2_m3.1.1.1.2.2>
      <IFC type="real" size="9" columns="3">
-6.175603935516822E-004  1.951975956494634E-004 -8.733111238349274E-004 
 1.117961541445693E-003 -2.622026102704050E-004 -1.117961541445693E-003 
-8.733111238349274E-004 -1.951975956494621E-004 -6.175603935516857E-004
      </IFC>
    </s_s1_m1_m2_m3.1.1.1.2.2>
    <s_s1_m1_m2_m3.1.1.2.2.2>
      <IFC type="real" size="9" columns="3">
-3.281184282778859E-004  1.409462824231156E-018 -7.047314121155779E-019 
 1.301042606982605E-018 -3.281184282778924E-004 -1.734723475976807E-018 
-6.505213034913027E-019 -1.734723475976807E-018 -3.281184282778828E-004
      </IFC>
    </s_s1_m1_m2_m3.1.1.2.2.2>
    <s_s1_m1_m2_m3.1.1.3.2.2>
      <IFC type="real" size="9" columns="3">
-6.175603935516857E-004 -1.951975956494626E-004 -8.733111238349248E-004 
-1.117961541445693E-003 -2.622026102704084E-004  1.117961541445693E-003 
-8.733111238349248E-004  1.951975956494621E-004 -6.175603935516874E-004
      </IFC>
    </s_s1_m1_m2_m3.1.1.3.2.2>
    <s_s1_m1_m2_m3.1.1.4.2.2>
      <IFC type="real" size="9" columns="3">
-1.619557926247610E-004  2.168404344971009E-019  0.000000000000000E+000 
 4.336808689942018E-019 -4.942226864126701E-004  7.589415207398531E-019 
 0.000000000000000E+000  7.589415207398531E-019 -1.619557926247702E-004
      </IFC>
    </s_s1_m1_m2_m3.1.1.4.2.2>
    <s_s1_m1_m2_m3.1.1.1.3.2>
      <IFC type="real" size="9" columns="3">
-6.175603935516839E-004  8.733111238349257E-004 -1.951975956494616E-004 
 8.733111238349257E-004 -6.175603935516839E-004 -1.951975956494647E-004 
-1.117961541445692E-003 -1.117961541445695E-003 -2.622026102704102E-004
      </IFC>
    </s_s1_m1_m2_m3.1.1.1.3.2>
    <s_s1_m1_m2_m3.1.1.2.3.2>
      <IFC type="real" size="9" columns="3">
-2.622026102704037E-004 -1.117961541445693E-003 -1.117961541445691E-003 
-1.951975956494624E-004 -6.175603935516878E-004  8.733111238349264E-004 
-1.951975956494610E-004  8.733111238349264E-004 -6.175603935516870E-004
      </IFC>
    </s_s1_m1_m2_m3.1.1.2.3.2>
    <s_s1_m1_m2_m3.1.1.3.3.2>
      <IFC type="real" size="9" columns="3">
-2.595444250638179E-004 -5.122751535691609E-005 -3.072870205223381E-005 
-5.122751535691609E-005 -2.595444250638197E-004  3.072870205223470E-005 
 3.072870205223808E-005 -3.072870205223719E-005 -2.683643733379058E-004
      </IFC>
    </s_s1_m1_m2_m3.1.1.3.3.2>
    <s_s1_m1_m2_m3.1.1.4.3.2>
      <IFC type="real" size="9" columns="3">
-2.683643733379115E-004 -3.072870205223546E-005  3.072870205223638E-005 
 3.072870205223671E-005 -2.595444250638201E-004 -5.122751535691197E-005 
-3.072870205223519E-005 -5.122751535691208E-005 -2.595444250638279E-004
      </IFC>
    </s_s1_m1_m2_m3.1.1.4.3.2>
    <s_s1_m1_m2_m3.1.1.1.4.2>
      <IFC type="real" size="9" columns="3">
-6.263924319150000E-003 -3.407011916818618E-003 -5.470941229219338E-003 
 3.407011916818618E-003  1.166994955847606E-002  3.407011916818618E-003 
-5.470941229219338E-003 -3.407011916818619E-003 -6.263924319149997E-003
      </IFC>
    </s_s1_m1_m2_m3.1.1.1.4.2>
    <s_s1_m1_m2_m3.1.1.2.4.2>
      <IFC type="real" size="9" columns="3">
-4.942226864126662E-004  4.336808689942018E-019  2.168404344971009E-018 
 2.168404344971009E-019 -1.619557926247606E-004 -3.252606517456513E-019 
 2.168404344971009E-018 -3.252606517456513E-019 -1.619557926247702E-004
      </IFC>
    </s_s1_m1_m2_m3.1.1.2.4.2>
    <s_s1_m1_m2_m3.1.1.3.4.2>
      <IFC type="real" size="9" columns="3">
-2.595444250638197E-004  3.072870205223421E-005  5.122751535691338E-005 
-3.072870205223768E-005 -2.683643733379110E-004 -3.072870205223530E-005 
 5.122751535691338E-005  3.072870205223649E-005 -2.595444250638214E-004
      </IFC>
    </s_s1_m1_m2_m3.1.1.3.4.2>
    <s_s1_m1_m2_m3.1.1.4.4.2>
      <IFC type="real" size="9" columns="3">
-1.619557926247637E-004  1.951563910473908E-018  1.084202172485504E-018 
 2.059984127722458E-018 -1.619557926247606E-004 -8.673617379884035E-019 
 1.029992063861229E-018 -8.673617379884035E-019 -4.942226864126710E-004
      </IFC>
    </s_s1_m1_m2_m3.1.1.4.4.2>
    <s_s1_m1_m2_m3.1.1.1.1.3>
      <IFC type="real" size="9" columns="3">
 6.106130021316103E-005  9.482195864081199E-004 -2.032879073410321E-020 
 9.482195864081199E-004  6.106130021316103E-005  4.119968255444917E-018 
-2.032879073410321E-020  4.119968255444917E-018  4.188952960087991E-003
      </IFC>
    </s_s1_m1_m2_m3.1.1.1.1.3>
    <s_s1_m1_m2_m3.1.1.2.1.3>
      <IFC type="real" size="9" columns="3">
-6.175603935516870E-004  1.951975956494608E-004  8.733111238349244E-004 
 1.117961541445692E-003 -2.622026102704067E-004  1.117961541445693E-003 
 8.733111238349240E-004  1.951975956494623E-004 -6.175603935516861E-004
      </IFC>
    </s_s1_m1_m2_m3.1.1.2.1.3>
    <s_s1_m1_m2_m3.1.1.3.1.3>
      <IFC type="real" size="9" columns="3">
 4.188952960087988E-003  4.472333961502706E-019  1.084202172485504E-018 
 4.472333961502706E-019  6.106130021316623E-005  9.482195864081177E-004 
 1.084202172485504E-018  9.482195864081177E-004  6.106130021316970E-005
      </IFC>
    </s_s1_m1_m2_m3.1.1.3.1.3>
    <s_s1_m1_m2_m3.1.1.4.1.3>
      <IFC type="real" size="9" columns="3">
-6.175603935516870E-004  1.117961541445692E-003  8.733111238349240E-004 
 1.951975956494608E-004 -2.622026102704067E-004  1.951975956494623E-004 
 8.733111238349244E-004  1.117961541445693E-003 -6.175603935516861E-004
      </IFC>
    </s_s1_m1_m2_m3.1.1.4.1.3>
    <s_s1_m1_m2_m3.1.1.1.2.3>
      <IFC type="real" size="9" columns="3">
-2.622026102704032E-004  1.117961541445693E-003 -1.117961541445691E-003 
 1.951975956494632E-004 -6.175603935516857E-004 -8.733111238349240E-004 
-1.951975956494610E-004 -8.733111238349240E-004 -6.175603935516874E-004
      </IFC>
    </s_s1_m1_m2_m3.1.1.1.2.3>
    <s_s1_m1_m2_m3.1.1.2.2.3>
      <IFC type="real" size="9" columns="3">
-6.175603935516852E-004 -8.733111238349256E-004 -1.951975956494596E-004 
-8.733111238349255E-004 -6.175603935516913E-004  1.951975956494630E-004 
-1.117961541445690E-003  1.117961541445694E-003 -2.622026102704037E-004
      </IFC>
    </s_s1_m1_m2_m3.1.1.2.2.3>
    <s_s1_m1_m2_m3.1.1.3.2.3>
      <IFC type="real" size="9" columns="3">
-2.683643733379076E-004  3.072870205223768E-005  3.072870205223844E-005 
-3.072870205223419E-005 -2.595444250638231E-004  5.122751535691794E-005 
-3.072870205223354E-005  5.122751535691794E-005 -2.595444250638197E-004
      </IFC>
    </s_s1_m1_m2_m3.1.1.3.2.3>
    <s_s1_m1_m2_m3.1.1.4.2.3>
      <IFC type="real" size="9" columns="3">
-2.595444250638175E-004  5.122751535691170E-005 -3.072870205223497E-005 
 5.122751535691127E-005 -2.595444250638236E-004 -3.072870205223410E-005 
 3.072870205223714E-005  3.072870205223801E-005 -2.683643733379145E-004
      </IFC>
    </s_s1_m1_m2_m3.1.1.4.2.3>
    <s_s1_m1_m2_m3.1.1.1.3.3>
      <IFC type="real" size="9" columns="3">
 6.106130021317144E-005 -5.827586677109586E-019 -9.482195864081180E-004 
-5.827586677109586E-019  4.188952960087988E-003  3.794707603699266E-019 
-9.482195864081180E-004  3.794707603699266E-019  6.106130021316450E-005
      </IFC>
    </s_s1_m1_m2_m3.1.1.1.3.3>
    <s_s1_m1_m2_m3.1.1.2.3.3>
      <IFC type="real" size="9" columns="3">
-2.595444250638153E-004 -3.072870205223530E-005 -5.122751535691702E-005 
 3.072870205223671E-005 -2.683643733379037E-004 -3.072870205223725E-005 
-5.122751535691685E-005  3.072870205223448E-005 -2.595444250638270E-004
      </IFC>
    </s_s1_m1_m2_m3.1.1.2.3.3>
    <s_s1_m1_m2_m3.1.1.3.3.3>
      <IFC type="real" size="9" columns="3">
-4.512214936769621E-004 -9.215718466126788E-019 -5.061868892791699E-018 
-9.215718466126788E-019 -4.512214936769603E-004  3.577867169202165E-018 
-5.061868892791699E-018  3.577867169202165E-018 -4.512214936769499E-004
      </IFC>
    </s_s1_m1_m2_m3.1.1.3.3.3>
    <s_s1_m1_m2_m3.1.1.4.3.3>
      <IFC type="real" size="9" columns="3">
-2.595444250638153E-004  3.072870205223671E-005 -5.122751535691685E-005 
-3.072870205223530E-005 -2.683643733379037E-004  3.072870205223448E-005 
-5.122751535691702E-005 -3.072870205223725E-005 -2.595444250638270E-004
      </IFC>
    </s_s1_m1_m2_m3.1.1.4.3.3>
    <s_s1_m1_m2_m3.1.1.1.4.3>
      <IFC type="real" size="9" columns="3">
-2.622026102704032E-004  1.951975956494632E-004 -1.951975956494610E-004 
 1.117961541445693E-003 -6.175603935516857E-004 -8.733111238349240E-004 
-1.117961541445691E-003 -8.733111238349240E-004 -6.175603935516874E-004
      </IFC>
    </s_s1_m1_m2_m3.1.1.1.4.3>
    <s_s1_m1_m2_m3.1.1.2.4.3>
      <IFC type="real" size="9" columns="3">
-2.595444250638175E-004  5.122751535691127E-005  3.072870205223714E-005 
 5.122751535691170E-005 -2.595444250638236E-004  3.072870205223801E-005 
-3.072870205223497E-005 -3.072870205223410E-005 -2.683643733379145E-004
      </IFC>
    </s_s1_m1_m2_m3.1.1.2.4.3>
    <s_s1_m1_m2_m3.1.1.3.4.3>
      <IFC type="real" size="9" columns="3">
-2.683643733379076E-004 -3.072870205223419E-005 -3.072870205223354E-005 
 3.072870205223768E-005 -2.595444250638231E-004  5.122751535691794E-005 
 3.072870205223844E-005  5.122751535691794E-005 -2.595444250638197E-004
      </IFC>
    </s_s1_m1_m2_m3.1.1.3.4.3>
    <s_s1_m1_m2_m3.1.1.4.4.3>
      <IFC type="real" size="9" columns="3">
-6.175603935516852E-004 -8.733111238349255E-004 -1.117961541445690E-003 
-8.733111238349256E-004 -6.175603935516913E-004  1.117961541445694E-003 
-1.951975956494596E-004  1.951975956494630E-004 -2.622026102704037E-004
      </IFC>
    </s_s1_m1_m2_m3.1.1.4.4.3>
    <s_s1_m1_m2_m3.1.1.1.1.4>
      <IFC type="real" size="9" columns="3">
-6.263924319149995E-003  5.470941229219340E-003 -3.407011916818620E-003 
 5.470941229219340E-003 -6.263924319149995E-003  3.407011916818617E-003 
 3.407011916818617E-003 -3.407011916818620E-003  1.166994955847607E-002
      </IFC>
    </s_s1_m1_m2_m3.1.1.1.1.4>
    <s_s1_m1_m2_m3.1.1.2.1.4>
      <IFC type="real" size="9" columns="3">
 1.166994955847607E-002 -3.407011916818619E-003  3.407011916818617E-003 
 3.407011916818618E-003 -6.263924319149997E-003  5.470941229219339E-003 
-3.407011916818619E-003  5.470941229219339E-003 -6.263924319149997E-003
      </IFC>
    </s_s1_m1_m2_m3.1.1.2.1.4>
    <s_s1_m1_m2_m3.1.1.3.1.4>
      <IFC type="real" size="9" columns="3">
-6.175603935516874E-004  8.733111238349231E-004  1.117961541445692E-003 
 8.733111238349231E-004 -6.175603935516857E-004  1.117961541445692E-003 
 1.951975956494618E-004  1.951975956494611E-004 -2.622026102704032E-004
      </IFC>
    </s_s1_m1_m2_m3.1.1.3.1.4>
    <s_s1_m1_m2_m3.1.1.4.1.4>
      <IFC type="real" size="9" columns="3">
-2.622026102704058E-004  1.951975956494614E-004  1.951975956494619E-004 
 1.117961541445692E-003 -6.175603935516839E-004  8.733111238349257E-004 
 1.117961541445692E-003  8.733111238349257E-004 -6.175603935516818E-004
      </IFC>
    </s_s1_m1_m2_m3.1.1.4.1.4>
    <s_s1_m1_m2_m3.1.1.1.2.4>
      <IFC type="real" size="9" columns="3">
-6.263924319150000E-003  3.407011916818618E-003 -5.470941229219338E-003 
-3.407011916818618E-003  1.166994955847606E-002 -3.407011916818619E-003 
-5.470941229219338E-003  3.407011916818618E-003 -6.263924319149997E-003
      </IFC>
    </s_s1_m1_m2_m3.1.1.1.2.4>
    <s_s1_m1_m2_m3.1.1.2.2.4>
      <IFC type="real" size="9" columns="3">
-1.619557926247637E-004  2.059984127722458E-018  1.029992063861229E-018 
 1.951563910473908E-018 -1.619557926247606E-004 -8.673617379884035E-019 
 1.084202172485504E-018 -8.673617379884035E-019 -4.942226864126710E-004
      </IFC>
    </s_s1_m1_m2_m3.1.1.2.2.4>
    <s_s1_m1_m2_m3.1.1.3.2.4>
      <IFC type="real" size="9" columns="3">
-2.595444250638197E-004 -3.072870205223768E-005  5.122751535691338E-005 
 3.072870205223421E-005 -2.683643733379110E-004  3.072870205223649E-005 
 5.122751535691338E-005 -3.072870205223530E-005 -2.595444250638214E-004
      </IFC>
    </s_s1_m1_m2_m3.1.1.3.2.4>
    <s_s1_m1_m2_m3.1.1.4.2.4>
      <IFC type="real" size="9" columns="3">
-4.942226864126662E-004  2.168404344971009E-019  2.168404344971009E-018 
 4.336808689942018E-019 -1.619557926247606E-004 -3.252606517456513E-019 
 2.168404344971009E-018 -3.252606517456513E-019 -1.619557926247702E-004
      </IFC>
    </s_s1_m1_m2_m3.1.1.4.2.4>
    <s_s1_m1_m2_m3.1.1.1.3.4>
      <IFC type="real" size="9" columns="3">
-6.175603935516839E-004  8.733111238349257E-004 -1.117961541445692E-003 
 8.733111238349257E-004 -6.175603935516839E-004 -1.117961541445695E-003 
-1.951975956494616E-004 -1.951975956494647E-004 -2.622026102704102E-004
      </IFC>
    </s_s1_m1_m2_m3.1.1.1.3.4>
    <s_s1_m1_m2_m3.1.1.2.3.4>
      <IFC type="real" size="9" columns="3">
-2.683643733379115E-004  3.072870205223671E-005 -3.072870205223519E-005 
-3.072870205223546E-005 -2.595444250638201E-004 -5.122751535691208E-005 
 3.072870205223638E-005 -5.122751535691197E-005 -2.595444250638279E-004
      </IFC>
    </s_s1_m1_m2_m3.1.1.2.3.4>
    <s_s1_m1_m2_m3.1.1.3.3.4>
      <IFC type="real" size="9" columns="3">
-2.595444250638179E-004 -5.122751535691609E-005  3.072870205223808E-005 
-5.122751535691609E-005 -2.595444250638197E-004 -3.072870205223719E-005 
-3.072870205223381E-005  3.072870205223470E-005 -2.683643733379058E-004
      </IFC>
    </s_s1_m1_m2_m3.1.1.3.3.4>
    <s_s1_m1_m2_m3.1.1.4.3.4>
      <IFC type="real" size="9" columns="3">
-2.622026102704037E-004 -1.951975956494624E-004 -1.951975956494610E-004 
-1.117961541445693E-003 -6.175603935516878E-004  8.733111238349264E-004 
-1.117961541445691E-003  8.733111238349264E-004 -6.175603935516870E-004
      </IFC>
    </s_s1_m1_m2_m3.1.1.4.3.4>
    <s_s1_m1_m2_m3.1.1.1.4.4>
      <IFC type="real" size="9" columns="3">
-6.175603935516822E-004  1.117961541445693E-003 -8.733111238349274E-004 
 1.951975956494634E-004 -2.622026102704050E-004 -1.951975956494621E-004 
-8.733111238349274E-004 -1.117961541445693E-003 -6.175603935516857E-004
      </IFC>
    </s_s1_m1_m2_m3.1.1.1.4.4>
    <s_s1_m1_m2_m3.1.1.2.4.4>
      <IFC type="real" size="9" columns="3">
-1.619557926247610E-004  4.336808689942018E-019  0.000000000000000E+000 
 2.168404344971009E-019 -4.942226864126701E-004  7.589415207398531E-019 
 0.000000000000000E+000  7.589415207398531E-019 -1.619557926247702E-004
      </IFC>
    </s_s1_m1_m2_m3.1.1.2.4.4>
    <s_s1_m1_m2_m3.1.1.3.4.4>
      <IFC type="real" size="9" columns="3">
-6.175603935516857E-004 -1.117961541445693E-003 -8.733111238349248E-004 
-1.951975956494626E-004 -2.622026102704084E-004  1.951975956494621E-004 
-8.733111238349248E-004  1.117961541445693E-003 -6.175603935516874E-004
      </IFC>
    </s_s1_m1_m2_m3.1.1.3.4.4>
    <s_s1_m1_m2_m3.1.1.4.4.4>
      <IFC type="real" size="9" columns="3">
-3.281184282778859E-004  1.301042606982605E-018 -6.505213034913027E-019 
 1.409462824231156E-018 -3.281184282778924E-004 -1.734723475976807E-018 
-7.047314121155779E-019 -1.734723475976807E-018 -3.281184282778828E-004
      </IFC>
    </s_s1_m1_m2_m3.1.1.4.4.4>
    <s_s1_m1_m2_m3.1.2.1.1.1>
      <IFC type="real" size="9" columns="3">
-5.299401864941596E-002 -4.046378233961798E-002 -4.046378233961798E-002 
-4.046378233961798E-002 -5.299401864941596E-002 -4.046378233961798E-002 
-4.046378233961798E-002 -4.046378233961798E-002 -5.299401864941597E-002
      </IFC>
    </s_s1_m1_m2_m3.1.2.1.1.1>
    <s_s1_m1_m2_m3.1.2.2.1.1>
      <IFC type="real" size="9" columns="3">
 1.110791954763172E-003 -1.449486540585503E-004  1.449486540585494E-004 
 9.220490812972116E-004 -6.939992199634913E-004 -7.376050224134282E-004 
-9.220490812972119E-004 -7.376050224134284E-004 -6.939992199634902E-004
      </IFC>
    </s_s1_m1_m2_m3.1.2.2.1.1>
    <s_s1_m1_m2_m3.1.2.3.1.1>
      <IFC type="real" size="9" columns="3">
-1.297877720734355E-004 -1.196102329028306E-004 -6.606261180241372E-006 
 2.735091816297977E-004 -2.020052531495143E-004  2.735091816297974E-004 
-6.606261180240288E-006 -1.196102329028292E-004 -1.297877720734397E-004
      </IFC>
    </s_s1_m1_m2_m3.1.2.3.1.1>
    <s_s1_m1_m2_m3.1.2.4.1.1>
      <IFC type="real" size="9" columns="3">
-6.939992199634854E-004 -7.376050224134281E-004 -9.220490812972099E-004 
-7.376050224134262E-004 -6.939992199634904E-004  9.220490812972117E-004 
 1.449486540585506E-004 -1.449486540585489E-004  1.110791954763168E-003
      </IFC>
    </s_s1_m1_m2_m3.1.2.4.1.1>
    <s_s1_m1_m2_m3.1.2.1.2.1>
      <IFC type="real" size="9" columns="3">
-5.299401864941596E-002  4.046378233961798E-002  4.046378233961798E-002 
 4.046378233961798E-002 -5.299401864941596E-002 -4.046378233961798E-002 
 4.046378233961798E-002 -4.046378233961798E-002 -5.299401864941596E-002
      </IFC>
    </s_s1_m1_m2_m3.1.2.1.2.1>
    <s_s1_m1_m2_m3.1.2.2.2.1>
      <IFC type="real" size="9" columns="3">
 9.567688245428014E-004 -2.361548865691007E-003 -6.581963252497668E-004 
 4.188498861139006E-004 -1.853727318301221E-003 -4.188498861138969E-004 
-6.581963252497674E-004  2.361548865691010E-003  9.567688245427999E-004
      </IFC>
    </s_s1_m1_m2_m3.1.2.2.2.1>
    <s_s1_m1_m2_m3.1.2.3.2.1>
      <IFC type="real" size="9" columns="3">
 9.567688245427971E-004  2.361548865691006E-003 -6.581963252497651E-004 
-4.188498861138981E-004 -1.853727318301220E-003  4.188498861138993E-004 
-6.581963252497668E-004 -2.361548865691005E-003  9.567688245427977E-004
      </IFC>
    </s_s1_m1_m2_m3.1.2.3.2.1>
    <s_s1_m1_m2_m3.1.2.4.2.1>
      <IFC type="real" size="9" columns="3">
-5.299401864941596E-002 -4.046378233961798E-002  4.046378233961798E-002 
-4.046378233961798E-002 -5.299401864941596E-002  4.046378233961798E-002 
 4.046378233961798E-002  4.046378233961798E-002 -5.299401864941596E-002
      </IFC>
    </s_s1_m1_m2_m3.1.2.4.2.1>
    <s_s1_m1_m2_m3.1.2.1.3.1>
      <IFC type="real" size="9" columns="3">
-1.853727318301210E-003  4.188498861139008E-004  4.188498861139008E-004 
-2.361548865691004E-003  9.567688245428014E-004  6.581963252497687E-004 
-2.361548865691009E-003  6.581963252497644E-004  9.567688245428014E-004
      </IFC>
    </s_s1_m1_m2_m3.1.2.1.3.1>
    <s_s1_m1_m2_m3.1.2.2.3.1>
      <IFC type="real" size="9" columns="3">
 5.153756575620051E-004  4.147328793160074E-004 -4.147328793160091E-004 
 4.147328793160093E-004  5.153756575620042E-004  4.147328793160101E-004 
-4.147328793160083E-004  4.147328793160078E-004  5.153756575620027E-004
      </IFC>
    </s_s1_m1_m2_m3.1.2.2.3.1>
    <s_s1_m1_m2_m3.1.2.3.3.1>
      <IFC type="real" size="9" columns="3">
 9.567688245427985E-004  6.581963252497611E-004 -2.361548865691005E-003 
 6.581963252497654E-004  9.567688245428001E-004 -2.361548865691007E-003 
 4.188498861139029E-004  4.188498861139010E-004 -1.853727318301217E-003
      </IFC>
    </s_s1_m1_m2_m3.1.2.3.3.1>
    <s_s1_m1_m2_m3.1.2.4.3.1>
      <IFC type="real" size="9" columns="3">
-6.939992199634832E-004  9.220490812972111E-004  7.376050224134313E-004 
-1.449486540585481E-004  1.110791954763174E-003 -1.449486540585504E-004 
 7.376050224134297E-004  9.220490812972110E-004 -6.939992199634854E-004
      </IFC>
    </s_s1_m1_m2_m3.1.2.4.3.1>
    <s_s1_m1_m2_m3.1.2.1.4.1>
      <IFC type="real" size="9" columns="3">
-1.853727318301213E-003 -4.188498861138961E-004 -4.188498861138982E-004 
 2.361548865691008E-003  9.567688245427999E-004  6.581963252497653E-004 
 2.361548865691006E-003  6.581963252497661E-004  9.567688245427964E-004
      </IFC>
    </s_s1_m1_m2_m3.1.2.1.4.1>
    <s_s1_m1_m2_m3.1.2.2.4.1>
      <IFC type="real" size="9" columns="3">
 9.567688245427993E-004  6.581963252497653E-004  2.361548865691008E-003 
 6.581963252497651E-004  9.567688245427960E-004  2.361548865691009E-003 
-4.188498861138999E-004 -4.188498861139001E-004 -1.853727318301220E-003
      </IFC>
    </s_s1_m1_m2_m3.1.2.2.4.1>
    <s_s1_m1_m2_m3.1.2.3.4.1>
      <IFC type="real" size="9" columns="3">
-1.297877720734356E-004  6.606261180240017E-006  1.196102329028314E-004 
 6.606261180243215E-006 -1.297877720734380E-004 -1.196102329028313E-004 
-2.735091816297998E-004  2.735091816297981E-004 -2.020052531495131E-004
      </IFC>
    </s_s1_m1_m2_m3.1.2.3.4.1>
    <s_s1_m1_m2_m3.1.2.4.4.1>
      <IFC type="real" size="9" columns="3">
-2.020052531495073E-004  2.735091816297970E-004 -2.735091816297988E-004 
-1.196102329028325E-004 -1.297877720734383E-004  6.606261180244245E-006 
 1.196102329028281E-004  6.606261180239041E-006 -1.297877720734366E-004
      </IFC>
    </s_s1_m1_m2_m3.1.2.4.4.1>
    <s_s1_m1_m2_m3.1.2.1.1.2>
      <IFC type="real" size="9" columns="3">
 1.110791954763173E-003  1.449486540585502E-004 -1.449486540585506E-004 
-9.220490812972097E-004 -6.939992199634882E-004 -7.376050224134280E-004 
 9.220490812972089E-004 -7.376050224134263E-004 -6.939992199634930E-004
      </IFC>
    </s_s1_m1_m2_m3.1.2.1.1.2>
    <s_s1_m1_m2_m3.1.2.2.1.2>
      <IFC type="real" size="9" columns="3">
-4.995529492991872E-005 -1.738908531915423E-005 -1.738908531915748E-005 
-3.404106401110532E-005  1.772091314632482E-004 -2.510559237779158E-004 
-3.404106401110936E-005 -2.510559237779163E-004  1.772091314632476E-004
      </IFC>
    </s_s1_m1_m2_m3.1.2.2.1.2>
    <s_s1_m1_m2_m3.1.2.3.1.2>
      <IFC type="real" size="9" columns="3">
 1.772091314632455E-004 -2.510559237779190E-004 -3.404106401110811E-005 
-2.510559237779181E-004  1.772091314632481E-004 -3.404106401110702E-005 
-1.738908531915650E-005 -1.738908531915672E-005 -4.995529492992680E-005
      </IFC>
    </s_s1_m1_m2_m3.1.2.3.1.2>
    <s_s1_m1_m2_m3.1.2.4.1.2>
      <IFC type="real" size="9" columns="3">
-6.939992199634891E-004 -7.376050224134296E-004  9.220490812972113E-004 
-7.376050224134278E-004 -6.939992199634857E-004 -9.220490812972108E-004 
-1.449486540585494E-004  1.449486540585505E-004  1.110791954763161E-003
      </IFC>
    </s_s1_m1_m2_m3.1.2.4.1.2>
    <s_s1_m1_m2_m3.1.2.1.2.2>
      <IFC type="real" size="9" columns="3">
 9.567688245428023E-004 -6.581963252497679E-004 -2.361548865691010E-003 
-6.581963252497644E-004  9.567688245428058E-004  2.361548865691010E-003 
 4.188498861138965E-004 -4.188498861138965E-004 -1.853727318301218E-003
      </IFC>
    </s_s1_m1_m2_m3.1.2.1.2.2>
    <s_s1_m1_m2_m3.1.2.2.2.2>
      <IFC type="real" size="9" columns="3">
 5.153756575620030E-004 -4.147328793160090E-004 -4.147328793160089E-004 
-4.147328793160087E-004  5.153756575620045E-004 -4.147328793160072E-004 
-4.147328793160085E-004 -4.147328793160071E-004  5.153756575620090E-004
      </IFC>
    </s_s1_m1_m2_m3.1.2.2.2.2>
    <s_s1_m1_m2_m3.1.2.3.2.2>
      <IFC type="real" size="9" columns="3">
-1.853727318301219E-003 -4.188498861138993E-004  4.188498861139014E-004 
 2.361548865691006E-003  9.567688245428021E-004 -6.581963252497672E-004 
-2.361548865691004E-003 -6.581963252497661E-004  9.567688245428003E-004
      </IFC>
    </s_s1_m1_m2_m3.1.2.3.2.2>
    <s_s1_m1_m2_m3.1.2.4.2.2>
      <IFC type="real" size="9" columns="3">
-6.939992199634902E-004 -9.220490812972130E-004  7.376050224134297E-004 
 1.449486540585510E-004  1.110791954763173E-003  1.449486540585486E-004 
 7.376050224134304E-004 -9.220490812972097E-004 -6.939992199634899E-004
      </IFC>
    </s_s1_m1_m2_m3.1.2.4.2.2>
    <s_s1_m1_m2_m3.1.2.1.3.2>
      <IFC type="real" size="9" columns="3">
 5.153756575620085E-004 -4.147328793160081E-004  4.147328793160068E-004 
-4.147328793160073E-004  5.153756575620068E-004  4.147328793160060E-004 
 4.147328793160055E-004  4.147328793160042E-004  5.153756575620081E-004
      </IFC>
    </s_s1_m1_m2_m3.1.2.1.3.2>
    <s_s1_m1_m2_m3.1.2.2.3.2>
      <IFC type="real" size="9" columns="3">
 5.153756575620053E-004  4.147328793160089E-004  4.147328793160081E-004 
 4.147328793160092E-004  5.153756575620080E-004 -4.147328793160092E-004 
 4.147328793160075E-004 -4.147328793160080E-004  5.153756575620120E-004
      </IFC>
    </s_s1_m1_m2_m3.1.2.2.3.2>
    <s_s1_m1_m2_m3.1.2.3.3.2>
      <IFC type="real" size="9" columns="3">
 1.772091314632424E-004  3.404106401110421E-005  2.510559237779181E-004 
 1.738908531915390E-005 -4.995529492992550E-005 -1.738908531915585E-005 
 2.510559237779155E-004 -3.404106401110659E-005  1.772091314632481E-004
      </IFC>
    </s_s1_m1_m2_m3.1.2.3.3.2>
    <s_s1_m1_m2_m3.1.2.4.3.2>
      <IFC type="real" size="9" columns="3">
 1.772091314632450E-004 -3.404106401110472E-005  2.510559237779170E-004 
-1.738908531915325E-005 -4.995529492992105E-005  1.738908531915461E-005 
 2.510559237779144E-004  3.404106401110540E-005  1.772091314632451E-004
      </IFC>
    </s_s1_m1_m2_m3.1.2.4.3.2>
    <s_s1_m1_m2_m3.1.2.1.4.2>
      <IFC type="real" size="9" columns="3">
 9.567688245428010E-004  2.361548865691008E-003  6.581963252497653E-004 
-4.188498861138983E-004 -1.853727318301215E-003 -4.188498861138991E-004 
 6.581963252497633E-004  2.361548865691008E-003  9.567688245427977E-004
      </IFC>
    </s_s1_m1_m2_m3.1.2.1.4.2>
    <s_s1_m1_m2_m3.1.2.2.4.2>
      <IFC type="real" size="9" columns="3">
-4.995529492992441E-005  1.738908531915564E-005  1.738908531915675E-005 
 3.404106401110692E-005  1.772091314632456E-004 -2.510559237779172E-004 
 3.404106401110792E-005 -2.510559237779163E-004  1.772091314632464E-004
      </IFC>
    </s_s1_m1_m2_m3.1.2.2.4.2>
    <s_s1_m1_m2_m3.1.2.3.4.2>
      <IFC type="real" size="9" columns="3">
-3.012480910752542E-005 -4.266201557004298E-005  4.266201557004216E-005 
-4.266201557004049E-005 -3.012480910752672E-005 -4.266201557004094E-005 
 4.266201557004108E-005 -4.266201557004239E-005 -3.012480910752364E-005
      </IFC>
    </s_s1_m1_m2_m3.1.2.3.4.2>
    <s_s1_m1_m2_m3.1.2.4.4.2>
      <IFC type="real" size="9" columns="3">
 1.772091314632462E-004 -2.510559237779183E-004  3.404106401110689E-005 
-2.510559237779163E-004  1.772091314632460E-004  3.404106401110957E-005 
 1.738908531915640E-005  1.738908531915591E-005 -4.995529492992875E-005
      </IFC>
    </s_s1_m1_m2_m3.1.2.4.4.2>
    <s_s1_m1_m2_m3.1.2.1.1.3>
      <IFC type="real" size="9" columns="3">
-1.297877720734253E-004 -6.606261180236439E-006 -1.196102329028281E-004 
-6.606261180239908E-006 -1.297877720734288E-004 -1.196102329028316E-004 
 2.735091816297996E-004  2.735091816297996E-004 -2.020052531495030E-004
      </IFC>
    </s_s1_m1_m2_m3.1.2.1.1.3>
    <s_s1_m1_m2_m3.1.2.2.1.3>
      <IFC type="real" size="9" columns="3">
 1.772091314632494E-004 -3.404106401110561E-005 -2.510559237779188E-004 
-1.738908531915401E-005 -4.995529492991704E-005 -1.738908531915585E-005 
-2.510559237779175E-004 -3.404106401110805E-005  1.772091314632488E-004
      </IFC>
    </s_s1_m1_m2_m3.1.2.2.1.3>
    <s_s1_m1_m2_m3.1.2.3.1.3>
      <IFC type="real" size="9" columns="3">
-2.020052531495110E-004  2.735091816297948E-004  2.735091816297976E-004 
-1.196102329028301E-004 -1.297877720734300E-004 -6.606261180240234E-006 
-1.196102329028295E-004 -6.606261180239231E-006 -1.297877720734308E-004
      </IFC>
    </s_s1_m1_m2_m3.1.2.3.1.3>
    <s_s1_m1_m2_m3.1.2.4.1.3>
      <IFC type="real" size="9" columns="3">
-4.677791824015120E-005  8.946435068698318E-006 -8.946435068695065E-006 
 8.946435068697884E-006 -4.677791824014735E-005  8.946435068699944E-006 
-8.946435068697423E-006  8.946435068698508E-006 -4.677791824014908E-005
      </IFC>
    </s_s1_m1_m2_m3.1.2.4.1.3>
    <s_s1_m1_m2_m3.1.2.1.2.3>
      <IFC type="real" size="9" columns="3">
 9.567688245428023E-004 -6.581963252497609E-004  2.361548865691003E-003 
-6.581963252497644E-004  9.567688245428058E-004 -2.361548865691010E-003 
-4.188498861138965E-004  4.188498861138999E-004 -1.853727318301218E-003
      </IFC>
    </s_s1_m1_m2_m3.1.2.1.2.3>
    <s_s1_m1_m2_m3.1.2.2.2.3>
      <IFC type="real" size="9" columns="3">
-1.853727318301216E-003  4.188498861138999E-004 -4.188498861139001E-004 
-2.361548865691005E-003  9.567688245428034E-004 -6.581963252497648E-004 
 2.361548865691006E-003 -6.581963252497664E-004  9.567688245427999E-004
      </IFC>
    </s_s1_m1_m2_m3.1.2.2.2.3>
    <s_s1_m1_m2_m3.1.2.3.2.3>
      <IFC type="real" size="9" columns="3">
-2.020052531495164E-004 -2.735091816297999E-004 -2.735091816297986E-004 
 1.196102329028313E-004 -1.297877720734337E-004 -6.606261180242348E-006 
 1.196102329028309E-004 -6.606261180241426E-006 -1.297877720734320E-004
      </IFC>
    </s_s1_m1_m2_m3.1.2.3.2.3>
    <s_s1_m1_m2_m3.1.2.4.2.3>
      <IFC type="real" size="9" columns="3">
-1.297877720734392E-004 -6.606261180236439E-006  1.196102329028316E-004 
-6.606261180236439E-006 -1.297877720734322E-004  1.196102329028316E-004 
-2.735091816297996E-004 -2.735091816297996E-004 -2.020052531495134E-004
      </IFC>
    </s_s1_m1_m2_m3.1.2.4.2.3>
    <s_s1_m1_m2_m3.1.2.1.3.3>
      <IFC type="real" size="9" columns="3">
 9.567688245428049E-004 -2.361548865691004E-003  6.581963252497635E-004 
 4.188498861138991E-004 -1.853727318301214E-003  4.188498861138991E-004 
 6.581963252497653E-004 -2.361548865691005E-003  9.567688245428032E-004
      </IFC>
    </s_s1_m1_m2_m3.1.2.1.3.3>
    <s_s1_m1_m2_m3.1.2.2.3.3>
      <IFC type="real" size="9" columns="3">
 1.772091314632454E-004  2.510559237779178E-004  3.404106401110659E-005 
 2.510559237779182E-004  1.772091314632470E-004 -3.404106401110440E-005 
 1.738908531915501E-005 -1.738908531915393E-005 -4.995529492992273E-005
      </IFC>
    </s_s1_m1_m2_m3.1.2.2.3.3>
    <s_s1_m1_m2_m3.1.2.3.3.3>
      <IFC type="real" size="9" columns="3">
-3.012480910752834E-005  4.266201557004347E-005  4.266201557004174E-005 
 4.266201557004271E-005 -3.012480910752954E-005  4.266201557004325E-005 
 4.266201557004287E-005  4.266201557004344E-005 -3.012480910752303E-005
      </IFC>
    </s_s1_m1_m2_m3.1.2.3.3.3>
    <s_s1_m1_m2_m3.1.2.4.3.3>
      <IFC type="real" size="9" columns="3">
-4.995529492992317E-005 -1.738908531915423E-005  1.738908531915705E-005 
-3.404106401110366E-005  1.772091314632465E-004  2.510559237779188E-004 
 3.404106401110751E-005  2.510559237779159E-004  1.772091314632439E-004
      </IFC>
    </s_s1_m1_m2_m3.1.2.4.3.3>
    <s_s1_m1_m2_m3.1.2.1.4.3>
      <IFC type="real" size="9" columns="3">
-1.297877720734283E-004  1.196102329028337E-004  6.606261180241589E-006 
-2.735091816297944E-004 -2.020052531495071E-004  2.735091816297953E-004 
 6.606261180241426E-006 -1.196102329028333E-004 -1.297877720734294E-004
      </IFC>
    </s_s1_m1_m2_m3.1.2.1.4.3>
    <s_s1_m1_m2_m3.1.2.2.4.3>
      <IFC type="real" size="9" columns="3">
-3.012480910751956E-005  4.266201557004325E-005 -4.266201557004304E-005 
 4.266201557004390E-005 -3.012480910752151E-005 -4.266201557004152E-005 
