<?xml version="1.0"?>
<?iotk version="1.2.0"?>
<?iotk file_version="1.0"?>
<?iotk binary="F"?>
<?iotk qe_syntax="F"?>
<Root>
  <GEOMETRY_INFO>
    <NUMBER_OF_TYPES type="integer" size="1">
         2
    </NUMBER_OF_TYPES>
    <NUMBER_OF_ATOMS type="integer" size="1">
         2
    </NUMBER_OF_ATOMS>
    <BRAVAIS_LATTICE_INDEX type="integer" size="1">
         0
    </BRAVAIS_LATTICE_INDEX>
    <SPIN_COMPONENTS type="integer" size="1">
         1
    </SPIN_COMPONENTS>
    <CELL_DIMENSIONS type="real" size="6">
 1.050000000000000E+001
 0.000000000000000E+000
 0.000000000000000E+000
 0.000000000000000E+000
 0.000000000000000E+000
 0.000000000000000E+000
    </CELL_DIMENSIONS>
    <AT type="real" size="9" columns="3">
-5.000000000000000E-001  0.000000000000000E+000  5.000000000000000E-001 
 0.000000000000000E+000  5.000000000000000E-001  5.000000000000000E-001 
-5.000000000000000E-001  5.000000000000000E-001  0.000000000000000E+000
    </AT>
    <BG type="real" size="9" columns="3">
-1.000000000000000E+000 -1.000000000000000E+000  1.000000000000000E+000 
 1.000000000000000E+000  1.000000000000000E+000  1.000000000000000E+000 
-1.000000000000000E+000  1.000000000000000E+000 -1.000000000000000E+000
    </BG>
    <UNIT_CELL_VOLUME_AU type="real" size="1">
 2.894062500000000E+002
    </UNIT_CELL_VOLUME_AU>
    <TYPE_NAME.1 type="character" size="1" len="3">
Al 
    </TYPE_NAME.1>
    <MASS.1 type="real" size="1">
 2.698000000000000E+001
    </MASS.1>
    <TYPE_NAME.2 type="character" size="1" len="3">
As 
    </TYPE_NAME.2>
    <MASS.2 type="real" size="1">
 7.492000000000000E+001
    </MASS.2>
    <ATOM.1 SPECIES="Al " INDEX="1" TAU="0.000000000000000E+000 0.000000000000000E+000 0.000000000000000E+000"/>
    <ATOM.2 SPECIES="As " INDEX="2" TAU="2.500000000000000E-001 2.500000000000000E-001 2.500000000000000E-001"/>
    <NUMBER_OF_Q type="integer" size="1">
         6
    </NUMBER_OF_Q>
  </GEOMETRY_INFO>
  <DIELECTRIC_PROPERTIES>
    <EPSILON type="real" size="9" columns="3">
 1.374419942227950E+001  4.440892098500626E-015  8.881784197001252E-016 
 4.440892098500626E-015  1.374419942227951E+001 -8.881784197001252E-016 
 0.000000000000000E+000 -8.881784197001252E-016  1.374419942227950E+001
    </EPSILON>
    <ZSTAR>
      <Z_AT_.1 type="real" size="9" columns="3">
 2.558194631369538E+000 -1.665334536937735E-016  2.053912595556540E-015 
 2.775557561562891E-016  2.558194631369537E+000 -4.996003610813204E-016 
 1.165734175856414E-015  5.551115123125785E-017  2.558194631369537E+000
      </Z_AT_.1>
      <Z_AT_.2 type="real" size="9" columns="3">
-2.558194631369538E+000  1.665334536937735E-016 -2.053912595556540E-015 
-2.775557561562891E-016 -2.558194631369537E+000  4.996003610813204E-016 
-1.165734175856414E-015 -5.551115123125785E-017 -2.558194631369537E+000
      </Z_AT_.2>
    </ZSTAR>
  </DIELECTRIC_PROPERTIES>
  <INTERATOMIC_FORCE_CONSTANTS>
    <MESH_NQ1_NQ2_NQ3 type="integer" size="3" columns="3">
         4          4          4
    </MESH_NQ1_NQ2_NQ3>
    <s_s1_m1_m2_m3.1.1.1.1.1>
      <IFC type="real" size="9" columns="3">
 2.244369252131871E-001 -2.710505431213761E-018 -3.300040362502754E-018 
-2.710505431213761E-018  2.244369252131872E-001  3.144186300207963E-018 
-3.300040362502754E-018  3.144186300207963E-018  2.244369252131871E-001
      </IFC>
    </s_s1_m1_m2_m3.1.1.1.1.1>
    <s_s1_m1_m2_m3.1.1.2.1.1>
      <IFC type="real" size="9" columns="3">
-6.263924279161014E-003  3.407011910993504E-003  5.470941238334102E-003 
-3.407011910993501E-003  1.166994959426552E-002  3.407011910993505E-003 
 5.470941238334102E-003 -3.407011910993501E-003 -6.263924279161011E-003
      </IFC>
    </s_s1_m1_m2_m3.1.1.2.1.1>
    <s_s1_m1_m2_m3.1.1.3.1.1>
      <IFC type="real" size="9" columns="3">
 6.106134267225196E-005 -6.640738306473715E-019  9.482195988925474E-004 
-6.640738306473715E-019  4.188953318557080E-003 -5.421010862427522E-019 
 9.482195988925474E-004 -5.421010862427522E-019  6.106134267225890E-005
      </IFC>
    </s_s1_m1_m2_m3.1.1.3.1.1>
    <s_s1_m1_m2_m3.1.1.4.1.1>
      <IFC type="real" size="9" columns="3">
-6.263924279161014E-003 -3.407011910993501E-003  5.470941238334102E-003 
 3.407011910993504E-003  1.166994959426552E-002 -3.407011910993501E-003 
 5.470941238334102E-003  3.407011910993505E-003 -6.263924279161011E-003
      </IFC>
    </s_s1_m1_m2_m3.1.1.4.1.1>
    <s_s1_m1_m2_m3.1.1.1.2.1>
      <IFC type="real" size="9" columns="3">
 1.166994959426551E-002 -3.407011910993500E-003 -3.407011910993505E-003 
 3.407011910993505E-003 -6.263924279161013E-003 -5.470941238334102E-003 
 3.407011910993500E-003 -5.470941238334102E-003 -6.263924279161009E-003
      </IFC>
    </s_s1_m1_m2_m3.1.1.1.2.1>
    <s_s1_m1_m2_m3.1.1.2.2.1>
      <IFC type="real" size="9" columns="3">
-6.175604216916942E-004 -8.733111238841675E-004  1.951975997065952E-004 
-8.733111238841675E-004 -6.175604216916968E-004 -1.951975997065956E-004 
 1.117961524569650E-003 -1.117961524569650E-003 -2.622026709411642E-004
      </IFC>
    </s_s1_m1_m2_m3.1.1.2.2.1>
    <s_s1_m1_m2_m3.1.1.3.2.1>
      <IFC type="real" size="9" columns="3">
-2.622026709411694E-004 -1.117961524569650E-003  1.117961524569649E-003 
-1.951975997065955E-004 -6.175604216916960E-004 -8.733111238841663E-004 
 1.951975997065948E-004 -8.733111238841663E-004 -6.175604216916994E-004
      </IFC>
    </s_s1_m1_m2_m3.1.1.3.2.1>
    <s_s1_m1_m2_m3.1.1.4.2.1>
      <IFC type="real" size="9" columns="3">
-6.263924279161013E-003 -5.470941238334103E-003  3.407011910993503E-003 
-5.470941238334103E-003 -6.263924279161016E-003  3.407011910993503E-003 
-3.407011910993503E-003 -3.407011910993503E-003  1.166994959426551E-002
      </IFC>
    </s_s1_m1_m2_m3.1.1.4.2.1>
    <s_s1_m1_m2_m3.1.1.1.3.1>
      <IFC type="real" size="9" columns="3">
 4.188953318557075E-003 -6.098637220230962E-019  1.517883041479706E-018 
-6.098637220230962E-019  6.106134267224936E-005 -9.482195988925457E-004 
 1.517883041479706E-018 -9.482195988925457E-004  6.106134267225977E-005
      </IFC>
    </s_s1_m1_m2_m3.1.1.1.3.1>
    <s_s1_m1_m2_m3.1.1.2.3.1>
      <IFC type="real" size="9" columns="3">
-6.175604216916934E-004 -1.951975997065965E-004  8.733111238841716E-004 
-1.117961524569651E-003 -2.622026709411694E-004 -1.117961524569647E-003 
 8.733111238841715E-004 -1.951975997065921E-004 -6.175604216917055E-004
      </IFC>
    </s_s1_m1_m2_m3.1.1.2.3.1>
    <s_s1_m1_m2_m3.1.1.3.3.1>
      <IFC type="real" size="9" columns="3">
 6.106134267225543E-005 -9.482195988925451E-004  2.148075554236906E-018 
-9.482195988925451E-004  6.106134267225369E-005 -6.776263578034403E-019 
 2.148075554236906E-018 -6.776263578034403E-019  4.188953318557081E-003
      </IFC>
    </s_s1_m1_m2_m3.1.1.3.3.1>
    <s_s1_m1_m2_m3.1.1.4.3.1>
      <IFC type="real" size="9" columns="3">
-6.175604216916934E-004 -1.117961524569651E-003  8.733111238841715E-004 
-1.951975997065965E-004 -2.622026709411694E-004 -1.951975997065921E-004 
 8.733111238841716E-004 -1.117961524569647E-003 -6.175604216917055E-004
      </IFC>
    </s_s1_m1_m2_m3.1.1.4.3.1>
    <s_s1_m1_m2_m3.1.1.1.4.1>
      <IFC type="real" size="9" columns="3">
 1.166994959426551E-002  3.407011910993505E-003  3.407011910993500E-003 
-3.407011910993500E-003 -6.263924279161013E-003 -5.470941238334102E-003 
-3.407011910993505E-003 -5.470941238334102E-003 -6.263924279161009E-003
      </IFC>
    </s_s1_m1_m2_m3.1.1.1.4.1>
    <s_s1_m1_m2_m3.1.1.2.4.1>
      <IFC type="real" size="9" columns="3">
-6.263924279161013E-003 -5.470941238334103E-003 -3.407011910993503E-003 
-5.470941238334103E-003 -6.263924279161016E-003 -3.407011910993503E-003 
 3.407011910993503E-003  3.407011910993503E-003  1.166994959426551E-002
      </IFC>
    </s_s1_m1_m2_m3.1.1.2.4.1>
    <s_s1_m1_m2_m3.1.1.3.4.1>
      <IFC type="real" size="9" columns="3">
-2.622026709411694E-004 -1.951975997065955E-004  1.951975997065948E-004 
-1.117961524569650E-003 -6.175604216916960E-004 -8.733111238841663E-004 
 1.117961524569649E-003 -8.733111238841663E-004 -6.175604216916994E-004
      </IFC>
    </s_s1_m1_m2_m3.1.1.3.4.1>
    <s_s1_m1_m2_m3.1.1.4.4.1>
      <IFC type="real" size="9" columns="3">
-6.175604216916942E-004 -8.733111238841675E-004  1.117961524569650E-003 
-8.733111238841675E-004 -6.175604216916968E-004 -1.117961524569650E-003 
 1.951975997065952E-004 -1.951975997065956E-004 -2.622026709411642E-004
      </IFC>
    </s_s1_m1_m2_m3.1.1.4.4.1>
    <s_s1_m1_m2_m3.1.1.1.1.2>
      <IFC type="real" size="9" columns="3">
-6.263924279161011E-003  5.470941238334102E-003  3.407011910993501E-003 
 5.470941238334102E-003 -6.263924279161018E-003 -3.407011910993502E-003 
-3.407011910993504E-003  3.407011910993503E-003  1.166994959426552E-002
      </IFC>
    </s_s1_m1_m2_m3.1.1.1.1.2>
    <s_s1_m1_m2_m3.1.1.2.1.2>
      <IFC type="real" size="9" columns="3">
-2.622026709411755E-004  1.117961524569646E-003  1.117961524569648E-003 
 1.951975997065917E-004 -6.175604216917020E-004  8.733111238841650E-004 
 1.951975997065934E-004  8.733111238841654E-004 -6.175604216917020E-004
      </IFC>
    </s_s1_m1_m2_m3.1.1.2.1.2>
    <s_s1_m1_m2_m3.1.1.3.1.2>
      <IFC type="real" size="9" columns="3">
-6.175604216916942E-004  8.733111238841684E-004  1.951975997065936E-004 
 8.733111238841684E-004 -6.175604216916977E-004  1.951975997065980E-004 
 1.117961524569648E-003  1.117961524569652E-003 -2.622026709411676E-004
      </IFC>
    </s_s1_m1_m2_m3.1.1.3.1.2>
    <s_s1_m1_m2_m3.1.1.4.1.2>
      <IFC type="real" size="9" columns="3">
 1.166994959426551E-002  3.407011910993499E-003 -3.407011910993504E-003 
-3.407011910993506E-003 -6.263924279161018E-003  5.470941238334101E-003 
 3.407011910993501E-003  5.470941238334101E-003 -6.263924279161018E-003
      </IFC>
    </s_s1_m1_m2_m3.1.1.4.1.2>
    <s_s1_m1_m2_m3.1.1.1.2.2>
      <IFC type="real" size="9" columns="3">
-6.175604216916916E-004  1.951975997065958E-004 -8.733111238841680E-004 
 1.117961524569650E-003 -2.622026709411737E-004 -1.117961524569650E-003 
-8.733111238841680E-004 -1.951975997065958E-004 -6.175604216916934E-004
      </IFC>
    </s_s1_m1_m2_m3.1.1.1.2.2>
    <s_s1_m1_m2_m3.1.1.2.2.2>
      <IFC type="real" size="9" columns="3">
-3.281179841265114E-004  3.957337929572091E-018  2.439454888092385E-019 
 3.957337929572091E-018 -3.281179841265114E-004 -1.382357769919018E-018 
 1.897353801849633E-019 -1.328147661294743E-018 -3.281179841265148E-004
      </IFC>
    </s_s1_m1_m2_m3.1.1.2.2.2>
    <s_s1_m1_m2_m3.1.1.3.2.2>
      <IFC type="real" size="9" columns="3">
-6.175604216916925E-004 -1.951975997065958E-004 -8.733111238841689E-004 
-1.117961524569650E-003 -2.622026709411711E-004  1.117961524569649E-003 
-8.733111238841689E-004  1.951975997065946E-004 -6.175604216916994E-004
      </IFC>
    </s_s1_m1_m2_m3.1.1.3.2.2>
    <s_s1_m1_m2_m3.1.1.4.2.2>
      <IFC type="real" size="9" columns="3">
-1.619558354424748E-004  2.276824562219559E-018  2.710505431213761E-020 
 2.276824562219559E-018 -4.942230449565014E-004 -3.523657060577889E-019 
 2.710505431213761E-020 -4.607859233063394E-019 -1.619558354424714E-004
      </IFC>
    </s_s1_m1_m2_m3.1.1.4.2.2>
    <s_s1_m1_m2_m3.1.1.1.3.2>
      <IFC type="real" size="9" columns="3">
-6.175604216916881E-004  8.733111238841704E-004 -1.951975997065965E-004 
 8.733111238841704E-004 -6.175604216916951E-004 -1.951975997065929E-004 
-1.117961524569651E-003 -1.117961524569647E-003 -2.622026709411737E-004
      </IFC>
    </s_s1_m1_m2_m3.1.1.1.3.2>
    <s_s1_m1_m2_m3.1.1.2.3.2>
      <IFC type="real" size="9" columns="3">
-2.622026709411737E-004 -1.117961524569652E-003 -1.117961524569649E-003 
-1.951975997065979E-004 -6.175604216917020E-004  8.733111238841662E-004 
-1.951975997065946E-004  8.733111238841660E-004 -6.175604216916986E-004
      </IFC>
    </s_s1_m1_m2_m3.1.1.2.3.2>
    <s_s1_m1_m2_m3.1.1.3.3.2>
      <IFC type="real" size="9" columns="3">
-2.595444087717036E-004 -5.122752453731147E-005 -3.072872836792812E-005 
-5.122752453731147E-005 -2.595444087717105E-004  3.072872836792857E-005 
 3.072872836792263E-005 -3.072872836792218E-005 -2.683642877838672E-004
      </IFC>
    </s_s1_m1_m2_m3.1.1.3.3.2>
    <s_s1_m1_m2_m3.1.1.4.3.2>
      <IFC type="real" size="9" columns="3">
-2.683642877838750E-004 -3.072872836792906E-005  3.072872836792386E-005 
 3.072872836792158E-005 -2.595444087717114E-004 -5.122752453731689E-005 
-3.072872836792657E-005 -5.122752453731716E-005 -2.595444087717079E-004
      </IFC>
    </s_s1_m1_m2_m3.1.1.4.3.2>
    <s_s1_m1_m2_m3.1.1.1.4.2>
      <IFC type="real" size="9" columns="3">
-6.263924279161011E-003 -3.407011910993501E-003 -5.470941238334104E-003 
 3.407011910993504E-003  1.166994959426552E-002  3.407011910993501E-003 
-5.470941238334104E-003 -3.407011910993504E-003 -6.263924279161009E-003
      </IFC>
    </s_s1_m1_m2_m3.1.1.1.4.2>
    <s_s1_m1_m2_m3.1.1.2.4.2>
      <IFC type="real" size="9" columns="3">
-4.942230449565049E-004  1.626303258728257E-018  4.065758146820642E-019 
 1.626303258728257E-018 -1.619558354424714E-004 -2.574980159653073E-018 
 4.065758146820642E-019 -2.466559942404523E-018 -1.619558354424714E-004
      </IFC>
    </s_s1_m1_m2_m3.1.1.2.4.2>
    <s_s1_m1_m2_m3.1.1.3.4.2>
      <IFC type="real" size="9" columns="3">
-2.595444087717053E-004  3.072872836792418E-005  5.122752453731592E-005 
-3.072872836792651E-005 -2.683642877838637E-004 -3.072872836792451E-005 
 5.122752453731592E-005  3.072872836792624E-005 -2.595444087717088E-004
      </IFC>
    </s_s1_m1_m2_m3.1.1.3.4.2>
    <s_s1_m1_m2_m3.1.1.4.4.2>
      <IFC type="real" size="9" columns="3">
-1.619558354424748E-004  4.391018798566293E-018  1.436567878543293E-018 
 4.391018798566293E-018 -1.619558354424679E-004 -1.165517335421917E-018 
 1.490777987167569E-018 -1.219727444046192E-018 -4.942230449565014E-004
      </IFC>
    </s_s1_m1_m2_m3.1.1.4.4.2>
    <s_s1_m1_m2_m3.1.1.1.1.3>
      <IFC type="real" size="9" columns="3">
 6.106134267225283E-005  9.482195988925426E-004  1.090978436063539E-018 
 9.482195988925426E-004  6.106134267225283E-005 -4.336808689942018E-019 
 1.090978436063539E-018 -4.336808689942018E-019  4.188953318557079E-003
      </IFC>
    </s_s1_m1_m2_m3.1.1.1.1.3>
    <s_s1_m1_m2_m3.1.1.2.1.3>
      <IFC type="real" size="9" columns="3">
-6.175604216916934E-004  1.951975997065937E-004  8.733111238841723E-004 
 1.117961524569648E-003 -2.622026709411694E-004  1.117961524569652E-003 
 8.733111238841719E-004  1.951975997065969E-004 -6.175604216916951E-004
      </IFC>
    </s_s1_m1_m2_m3.1.1.2.1.3>
    <s_s1_m1_m2_m3.1.1.3.1.3>
      <IFC type="real" size="9" columns="3">
 4.188953318557071E-003 -9.486769009248164E-020  3.361026734705064E-018 
-9.486769009248164E-020  6.106134267225716E-005  9.482195988925471E-004 
 3.361026734705064E-018  9.482195988925471E-004  6.106134267225890E-005
      </IFC>
    </s_s1_m1_m2_m3.1.1.3.1.3>
    <s_s1_m1_m2_m3.1.1.4.1.3>
      <IFC type="real" size="9" columns="3">
-6.175604216916934E-004  1.117961524569648E-003  8.733111238841719E-004 
 1.951975997065937E-004 -2.622026709411694E-004  1.951975997065969E-004 
 8.733111238841723E-004  1.117961524569652E-003 -6.175604216916951E-004
      </IFC>
    </s_s1_m1_m2_m3.1.1.4.1.3>
    <s_s1_m1_m2_m3.1.1.1.2.3>
      <IFC type="real" size="9" columns="3">
-2.622026709411703E-004  1.117961524569651E-003 -1.117961524569649E-003 
 1.951975997065971E-004 -6.175604216916968E-004 -8.733111238841663E-004 
-1.951975997065950E-004 -8.733111238841663E-004 -6.175604216916934E-004
      </IFC>
    </s_s1_m1_m2_m3.1.1.1.2.3>
    <s_s1_m1_m2_m3.1.1.2.2.3>
      <IFC type="real" size="9" columns="3">
-6.175604216916925E-004 -8.733111238841690E-004 -1.951975997065945E-004 
-8.733111238841690E-004 -6.175604216916968E-004  1.951975997065961E-004 
-1.117961524569649E-003  1.117961524569651E-003 -2.622026709411642E-004
      </IFC>
    </s_s1_m1_m2_m3.1.1.2.2.3>
    <s_s1_m1_m2_m3.1.1.3.2.3>
      <IFC type="real" size="9" columns="3">
-2.683642877838689E-004  3.072872836792516E-005  3.072872836792516E-005 
-3.072872836792551E-005 -2.595444087717053E-004  5.122752453731581E-005 
-3.072872836792565E-005  5.122752453731575E-005 -2.595444087717088E-004
      </IFC>
    </s_s1_m1_m2_m3.1.1.3.2.3>
    <s_s1_m1_m2_m3.1.1.4.2.3>
      <IFC type="real" size="9" columns="3">
-2.595444087717053E-004  5.122752453731640E-005 -3.072872836792613E-005 
 5.122752453731640E-005 -2.595444087717096E-004 -3.072872836792397E-005 
 3.072872836792462E-005  3.072872836792700E-005 -2.683642877838689E-004
      </IFC>
    </s_s1_m1_m2_m3.1.1.4.2.3>
    <s_s1_m1_m2_m3.1.1.1.3.3>
      <IFC type="real" size="9" columns="3">
 6.106134267226324E-005 -1.558540622947913E-018 -9.482195988925457E-004 
-1.558540622947913E-018  4.188953318557089E-003 -1.788933584601082E-018 
-9.482195988925457E-004 -1.788933584601082E-018  6.106134267225977E-005
      </IFC>
    </s_s1_m1_m2_m3.1.1.1.3.3>
    <s_s1_m1_m2_m3.1.1.2.3.3>
      <IFC type="real" size="9" columns="3">
-2.595444087717044E-004 -3.072872836792912E-005 -5.122752453731348E-005 
 3.072872836792169E-005 -2.683642877838672E-004 -3.072872836792375E-005 
-5.122752453731358E-005  3.072872836792727E-005 -2.595444087717148E-004
      </IFC>
    </s_s1_m1_m2_m3.1.1.2.3.3>
    <s_s1_m1_m2_m3.1.1.3.3.3>
      <IFC type="real" size="9" columns="3">
-4.512219445575909E-004  1.029992063861229E-018  2.039655336988355E-018 
 1.029992063861229E-018 -4.512219445575822E-004 -3.767602549387128E-018 
 2.039655336988355E-018 -3.767602549387128E-018 -4.512219445575770E-004
      </IFC>
    </s_s1_m1_m2_m3.1.1.3.3.3>
    <s_s1_m1_m2_m3.1.1.4.3.3>
      <IFC type="real" size="9" columns="3">
-2.595444087717044E-004  3.072872836792169E-005 -5.122752453731358E-005 
-3.072872836792912E-005 -2.683642877838672E-004  3.072872836792727E-005 
-5.122752453731348E-005 -3.072872836792375E-005 -2.595444087717148E-004
      </IFC>
    </s_s1_m1_m2_m3.1.1.4.3.3>
    <s_s1_m1_m2_m3.1.1.1.4.3>
      <IFC type="real" size="9" columns="3">
-2.622026709411703E-004  1.951975997065971E-004 -1.951975997065950E-004 
 1.117961524569651E-003 -6.175604216916968E-004 -8.733111238841663E-004 
-1.117961524569649E-003 -8.733111238841663E-004 -6.175604216916934E-004
      </IFC>
    </s_s1_m1_m2_m3.1.1.1.4.3>
    <s_s1_m1_m2_m3.1.1.2.4.3>
      <IFC type="real" size="9" columns="3">
-2.595444087717053E-004  5.122752453731640E-005  3.072872836792462E-005 
 5.122752453731640E-005 -2.595444087717096E-004  3.072872836792700E-005 
-3.072872836792613E-005 -3.072872836792397E-005 -2.683642877838689E-004
      </IFC>
    </s_s1_m1_m2_m3.1.1.2.4.3>
    <s_s1_m1_m2_m3.1.1.3.4.3>
      <IFC type="real" size="9" columns="3">
-2.683642877838689E-004 -3.072872836792551E-005 -3.072872836792565E-005 
 3.072872836792516E-005 -2.595444087717053E-004  5.122752453731575E-005 
 3.072872836792516E-005  5.122752453731581E-005 -2.595444087717088E-004
      </IFC>
    </s_s1_m1_m2_m3.1.1.3.4.3>
    <s_s1_m1_m2_m3.1.1.4.4.3>
      <IFC type="real" size="9" columns="3">
-6.175604216916925E-004 -8.733111238841690E-004 -1.117961524569649E-003 
-8.733111238841690E-004 -6.175604216916968E-004  1.117961524569651E-003 
-1.951975997065945E-004  1.951975997065961E-004 -2.622026709411642E-004
      </IFC>
    </s_s1_m1_m2_m3.1.1.4.4.3>
    <s_s1_m1_m2_m3.1.1.1.1.4>
      <IFC type="real" size="9" columns="3">
-6.263924279161011E-003  5.470941238334102E-003 -3.407011910993504E-003 
 5.470941238334102E-003 -6.263924279161018E-003  3.407011910993503E-003 
 3.407011910993501E-003 -3.407011910993502E-003  1.166994959426552E-002
      </IFC>
    </s_s1_m1_m2_m3.1.1.1.1.4>
    <s_s1_m1_m2_m3.1.1.2.1.4>
      <IFC type="real" size="9" columns="3">
 1.166994959426551E-002 -3.407011910993506E-003  3.407011910993501E-003 
 3.407011910993499E-003 -6.263924279161018E-003  5.470941238334101E-003 
-3.407011910993504E-003  5.470941238334101E-003 -6.263924279161018E-003
      </IFC>
    </s_s1_m1_m2_m3.1.1.2.1.4>
    <s_s1_m1_m2_m3.1.1.3.1.4>
      <IFC type="real" size="9" columns="3">
-6.175604216916942E-004  8.733111238841684E-004  1.117961524569648E-003 
 8.733111238841684E-004 -6.175604216916977E-004  1.117961524569652E-003 
 1.951975997065936E-004  1.951975997065980E-004 -2.622026709411676E-004
      </IFC>
    </s_s1_m1_m2_m3.1.1.3.1.4>
    <s_s1_m1_m2_m3.1.1.4.1.4>
      <IFC type="real" size="9" columns="3">
-2.622026709411755E-004  1.951975997065917E-004  1.951975997065934E-004 
 1.117961524569646E-003 -6.175604216917020E-004  8.733111238841654E-004 
 1.117961524569648E-003  8.733111238841650E-004 -6.175604216917020E-004
      </IFC>
    </s_s1_m1_m2_m3.1.1.4.1.4>
    <s_s1_m1_m2_m3.1.1.1.2.4>
      <IFC type="real" size="9" columns="3">
-6.263924279161011E-003  3.407011910993504E-003 -5.470941238334104E-003 
-3.407011910993501E-003  1.166994959426552E-002 -3.407011910993504E-003 
-5.470941238334104E-003  3.407011910993501E-003 -6.263924279161009E-003
      </IFC>
    </s_s1_m1_m2_m3.1.1.1.2.4>
    <s_s1_m1_m2_m3.1.1.2.2.4>
      <IFC type="real" size="9" columns="3">
-1.619558354424748E-004  4.391018798566293E-018  1.490777987167569E-018 
 4.391018798566293E-018 -1.619558354424679E-004 -1.219727444046192E-018 
 1.436567878543293E-018 -1.165517335421917E-018 -4.942230449565014E-004
      </IFC>
    </s_s1_m1_m2_m3.1.1.2.2.4>
    <s_s1_m1_m2_m3.1.1.3.2.4>
      <IFC type="real" size="9" columns="3">
-2.595444087717053E-004 -3.072872836792651E-005  5.122752453731592E-005 
 3.072872836792418E-005 -2.683642877838637E-004  3.072872836792624E-005 
 5.122752453731592E-005 -3.072872836792451E-005 -2.595444087717088E-004
      </IFC>
    </s_s1_m1_m2_m3.1.1.3.2.4>
    <s_s1_m1_m2_m3.1.1.4.2.4>
      <IFC type="real" size="9" columns="3">
-4.942230449565049E-004  1.626303258728257E-018  4.065758146820642E-019 
 1.626303258728257E-018 -1.619558354424714E-004 -2.466559942404523E-018 
 4.065758146820642E-019 -2.574980159653073E-018 -1.619558354424714E-004
      </IFC>
    </s_s1_m1_m2_m3.1.1.4.2.4>
    <s_s1_m1_m2_m3.1.1.1.3.4>
      <IFC type="real" size="9" columns="3">
-6.175604216916881E-004  8.733111238841704E-004 -1.117961524569651E-003 
 8.733111238841704E-004 -6.175604216916951E-004 -1.117961524569647E-003 
-1.951975997065965E-004 -1.951975997065929E-004 -2.622026709411737E-004
      </IFC>
    </s_s1_m1_m2_m3.1.1.1.3.4>
    <s_s1_m1_m2_m3.1.1.2.3.4>
      <IFC type="real" size="9" columns="3">
-2.683642877838750E-004  3.072872836792158E-005 -3.072872836792657E-005 
-3.072872836792906E-005 -2.595444087717114E-004 -5.122752453731716E-005 
 3.072872836792386E-005 -5.122752453731689E-005 -2.595444087717079E-004
      </IFC>
    </s_s1_m1_m2_m3.1.1.2.3.4>
    <s_s1_m1_m2_m3.1.1.3.3.4>
      <IFC type="real" size="9" columns="3">
-2.595444087717036E-004 -5.122752453731147E-005  3.072872836792263E-005 
-5.122752453731147E-005 -2.595444087717105E-004 -3.072872836792218E-005 
-3.072872836792812E-005  3.072872836792857E-005 -2.683642877838672E-004
      </IFC>
    </s_s1_m1_m2_m3.1.1.3.3.4>
    <s_s1_m1_m2_m3.1.1.4.3.4>
      <IFC type="real" size="9" columns="3">
-2.622026709411737E-004 -1.951975997065979E-004 -1.951975997065946E-004 
-1.117961524569652E-003 -6.175604216917020E-004  8.733111238841660E-004 
-1.117961524569649E-003  8.733111238841662E-004 -6.175604216916986E-004
      </IFC>
    </s_s1_m1_m2_m3.1.1.4.3.4>
    <s_s1_m1_m2_m3.1.1.1.4.4>
      <IFC type="real" size="9" columns="3">
-6.175604216916916E-004  1.117961524569650E-003 -8.733111238841680E-004 
 1.951975997065958E-004 -2.622026709411737E-004 -1.951975997065958E-004 
-8.733111238841680E-004 -1.117961524569650E-003 -6.175604216916934E-004
      </IFC>
    </s_s1_m1_m2_m3.1.1.1.4.4>
    <s_s1_m1_m2_m3.1.1.2.4.4>
      <IFC type="real" size="9" columns="3">
-1.619558354424748E-004  2.276824562219559E-018  2.710505431213761E-020 
 2.276824562219559E-018 -4.942230449565014E-004 -4.607859233063394E-019 
 2.710505431213761E-020 -3.523657060577889E-019 -1.619558354424714E-004
      </IFC>
    </s_s1_m1_m2_m3.1.1.2.4.4>
    <s_s1_m1_m2_m3.1.1.3.4.4>
      <IFC type="real" size="9" columns="3">
-6.175604216916925E-004 -1.117961524569650E-003 -8.733111238841689E-004 
-1.951975997065958E-004 -2.622026709411711E-004  1.951975997065946E-004 
-8.733111238841689E-004  1.117961524569649E-003 -6.175604216916994E-004
      </IFC>
    </s_s1_m1_m2_m3.1.1.3.4.4>
    <s_s1_m1_m2_m3.1.1.4.4.4>
      <IFC type="real" size="9" columns="3">
-3.281179841265114E-004  3.957337929572091E-018  1.897353801849633E-019 
 3.957337929572091E-018 -3.281179841265114E-004 -1.328147661294743E-018 
 2.439454888092385E-019 -1.382357769919018E-018 -3.281179841265148E-004
      </IFC>
    </s_s1_m1_m2_m3.1.1.4.4.4>
    <s_s1_m1_m2_m3.1.2.1.1.1>
      <IFC type="real" size="9" columns="3">
-5.299401791095308E-002 -4.046378312263128E-002 -4.046378312263127E-002 
-4.046378312263127E-002 -5.299401791095308E-002 -4.046378312263127E-002 
-4.046378312263127E-002 -4.046378312263128E-002 -5.299401791095308E-002
      </IFC>
    </s_s1_m1_m2_m3.1.2.1.1.1>
    <s_s1_m1_m2_m3.1.2.2.1.1>
      <IFC type="real" size="9" columns="3">
 1.110791258338344E-003 -1.449489482019616E-004  1.449489482019643E-004 
 9.220493582087939E-004 -6.939985062021800E-004 -7.376042577577108E-004 
-9.220493582087900E-004 -7.376042577577125E-004 -6.939985062021792E-004
      </IFC>
    </s_s1_m1_m2_m3.1.2.2.1.1>
    <s_s1_m1_m2_m3.1.2.3.1.1>
      <IFC type="real" size="9" columns="3">
-1.297885189618123E-004 -1.196098966235588E-004 -6.605481346180547E-006 
 2.735088670014821E-004 -2.020045209703514E-004  2.735088670014849E-004 
-6.605481346179463E-006 -1.196098966235557E-004 -1.297885189618152E-004
      </IFC>
    </s_s1_m1_m2_m3.1.2.3.1.1>
    <s_s1_m1_m2_m3.1.2.4.1.1>
      <IFC type="real" size="9" columns="3">
-6.939985062021767E-004 -7.376042577577145E-004 -9.220493582087895E-004 
-7.376042577577131E-004 -6.939985062021815E-004  9.220493582087943E-004 
 1.449489482019630E-004 -1.449489482019587E-004  1.110791258338341E-003
      </IFC>
    </s_s1_m1_m2_m3.1.2.4.1.1>
    <s_s1_m1_m2_m3.1.2.1.2.1>
      <IFC type="real" size="9" columns="3">
-5.299401791095308E-002  4.046378312263127E-002  4.046378312263127E-002 
 4.046378312263127E-002 -5.299401791095308E-002 -4.046378312263127E-002 
 4.046378312263128E-002 -4.046378312263128E-002 -5.299401791095308E-002
      </IFC>
    </s_s1_m1_m2_m3.1.2.1.2.1>
    <s_s1_m1_m2_m3.1.2.2.2.1>
      <IFC type="real" size="9" columns="3">
 9.567681299732596E-004 -2.361548640467072E-003 -6.581971000468095E-004 
 4.188496010807865E-004 -1.853726642742190E-003 -4.188496010807856E-004 
-6.581971000468097E-004  2.361548640467072E-003  9.567681299732594E-004
      </IFC>
    </s_s1_m1_m2_m3.1.2.2.2.1>
    <s_s1_m1_m2_m3.1.2.3.2.1>
      <IFC type="real" size="9" columns="3">
 9.567681299732617E-004  2.361548640467072E-003 -6.581971000468086E-004 
-4.188496010807862E-004 -1.853726642742191E-003  4.188496010807874E-004 
-6.581971000468087E-004 -2.361548640467072E-003  9.567681299732578E-004
      </IFC>
    </s_s1_m1_m2_m3.1.2.3.2.1>
    <s_s1_m1_m2_m3.1.2.4.2.1>
      <IFC type="real" size="9" columns="3">
-5.299401791095308E-002 -4.046378312263127E-002  4.046378312263127E-002 
-4.046378312263128E-002 -5.299401791095308E-002  4.046378312263128E-002 
 4.046378312263128E-002  4.046378312263127E-002 -5.299401791095308E-002
      </IFC>
    </s_s1_m1_m2_m3.1.2.4.2.1>
    <s_s1_m1_m2_m3.1.2.1.3.1>
      <IFC type="real" size="9" columns="3">
-1.853726642742189E-003  4.188496010807804E-004  4.188496010807874E-004 
-2.361548640467075E-003  9.567681299732607E-004  6.581971000468069E-004 
-2.361548640467073E-003  6.581971000468095E-004  9.567681299732598E-004
      </IFC>
    </s_s1_m1_m2_m3.1.2.1.3.1>
    <s_s1_m1_m2_m3.1.2.2.3.1>
      <IFC type="real" size="9" columns="3">
 5.153749129229293E-004  4.147321104796802E-004 -4.147321104796799E-004 
 4.147321104796813E-004  5.153749129229330E-004  4.147321104796837E-004 
-4.147321104796804E-004  4.147321104796819E-004  5.153749129229282E-004
      </IFC>
    </s_s1_m1_m2_m3.1.2.2.3.1>
    <s_s1_m1_m2_m3.1.2.3.3.1>
      <IFC type="real" size="9" columns="3">
 9.567681299732600E-004  6.581971000468036E-004 -2.361548640467071E-003 
 6.581971000468034E-004  9.567681299732612E-004 -2.361548640467072E-003 
 4.188496010807873E-004  4.188496010807855E-004 -1.853726642742191E-003
      </IFC>
    </s_s1_m1_m2_m3.1.2.3.3.1>
    <s_s1_m1_m2_m3.1.2.4.3.1>
      <IFC type="real" size="9" columns="3">
-6.939985062021780E-004  9.220493582087917E-004  7.376042577577149E-004 
-1.449489482019585E-004  1.110791258338347E-003 -1.449489482019576E-004 
 7.376042577577136E-004  9.220493582087947E-004 -6.939985062021810E-004
      </IFC>
    </s_s1_m1_m2_m3.1.2.4.3.1>
    <s_s1_m1_m2_m3.1.2.1.4.1>
      <IFC type="real" size="9" columns="3">
-1.853726642742191E-003 -4.188496010807895E-004 -4.188496010807875E-004 
 2.361548640467068E-003  9.567681299732586E-004  6.581971000468091E-004 
 2.361548640467072E-003  6.581971000468092E-004  9.567681299732568E-004
      </IFC>
    </s_s1_m1_m2_m3.1.2.1.4.1>
    <s_s1_m1_m2_m3.1.2.2.4.1>
      <IFC type="real" size="9" columns="3">
 9.567681299732574E-004  6.581971000468058E-004  2.361548640467072E-003 
 6.581971000468091E-004  9.567681299732565E-004  2.361548640467073E-003 
-4.188496010807871E-004 -4.188496010807878E-004 -1.853726642742188E-003
      </IFC>
    </s_s1_m1_m2_m3.1.2.2.4.1>
    <s_s1_m1_m2_m3.1.2.3.4.1>
      <IFC type="real" size="9" columns="3">
-1.297885189618112E-004  6.605481346182987E-006  1.196098966235540E-004 
 6.605481346179951E-006 -1.297885189618141E-004 -1.196098966235568E-004 
-2.735088670014854E-004  2.735088670014843E-004 -2.020045209703498E-004
      </IFC>
    </s_s1_m1_m2_m3.1.2.3.4.1>
    <s_s1_m1_m2_m3.1.2.4.4.1>
      <IFC type="real" size="9" columns="3">
-2.020045209703480E-004  2.735088670014789E-004 -2.735088670014867E-004 
-1.196098966235572E-004 -1.297885189618124E-004  6.605481346184071E-006 
 1.196098966235537E-004  6.605481346182336E-006 -1.297885189618132E-004
      </IFC>
    </s_s1_m1_m2_m3.1.2.4.4.1>
    <s_s1_m1_m2_m3.1.2.1.1.2>
      <IFC type="real" size="9" columns="3">
 1.110791258338342E-003  1.449489482019599E-004 -1.449489482019573E-004 
-9.220493582087924E-004 -6.939985062021795E-004 -7.376042577577104E-004 
 9.220493582087937E-004 -7.376042577577130E-004 -6.939985062021786E-004
      </IFC>
    </s_s1_m1_m2_m3.1.2.1.1.2>
    <s_s1_m1_m2_m3.1.2.2.1.2>
      <IFC type="real" size="9" columns="3">
-4.995600707675111E-005 -1.738939092242700E-005 -1.738939092242760E-005 
-3.404078101907094E-005  1.772098595616718E-004 -2.510567127059825E-004 
-3.404078101907222E-005 -2.510567127059823E-004  1.772098595616741E-004
      </IFC>
    </s_s1_m1_m2_m3.1.2.2.1.2>
    <s_s1_m1_m2_m3.1.2.3.1.2>
      <IFC type="real" size="9" columns="3">
 1.772098595616734E-004 -2.510567127059844E-004 -3.404078101907162E-005 
-2.510567127059840E-004  1.772098595616729E-004 -3.404078101907357E-005 
-1.738939092242836E-005 -1.738939092242706E-005 -4.995600707675117E-005
      </IFC>
    </s_s1_m1_m2_m3.1.2.3.1.2>
    <s_s1_m1_m2_m3.1.2.4.1.2>
      <IFC type="real" size="9" columns="3">
-6.939985062021824E-004 -7.376042577577130E-004  9.220493582087905E-004 
-7.376042577577127E-004 -6.939985062021801E-004 -9.220493582087930E-004 
-1.449489482019630E-004  1.449489482019604E-004  1.110791258338338E-003
      </IFC>
    </s_s1_m1_m2_m3.1.2.4.1.2>
    <s_s1_m1_m2_m3.1.2.1.2.2>
      <IFC type="real" size="9" columns="3">
 9.567681299732581E-004 -6.581971000468104E-004 -2.361548640467073E-003 
-6.581971000468104E-004  9.567681299732615E-004  2.361548640467073E-003 
 4.188496010807882E-004 -4.188496010807848E-004 -1.853726642742189E-003
      </IFC>
    </s_s1_m1_m2_m3.1.2.1.2.2>
    <s_s1_m1_m2_m3.1.2.2.2.2>
      <IFC type="real" size="9" columns="3">
 5.153749129229317E-004 -4.147321104796805E-004 -4.147321104796808E-004 
-4.147321104796825E-004  5.153749129229305E-004 -4.147321104796805E-004 
-4.147321104796811E-004 -4.147321104796824E-004  5.153749129229279E-004
      </IFC>
    </s_s1_m1_m2_m3.1.2.2.2.2>
    <s_s1_m1_m2_m3.1.2.3.2.2>
      <IFC type="real" size="9" columns="3">
-1.853726642742189E-003 -4.188496010807838E-004  4.188496010807839E-004 
 2.361548640467074E-003  9.567681299732616E-004 -6.581971000468073E-004 
-2.361548640467073E-003 -6.581971000468051E-004  9.567681299732613E-004
      </IFC>
    </s_s1_m1_m2_m3.1.2.3.2.2>
    <s_s1_m1_m2_m3.1.2.4.2.2>
      <IFC type="real" size="9" columns="3">
-6.939985062021812E-004 -9.220493582087921E-004  7.376042577577138E-004 
 1.449489482019579E-004  1.110791258338341E-003  1.449489482019594E-004 
 7.376042577577139E-004 -9.220493582087931E-004 -6.939985062021801E-004
      </IFC>
    </s_s1_m1_m2_m3.1.2.4.2.2>
    <s_s1_m1_m2_m3.1.2.1.3.2>
      <IFC type="real" size="9" columns="3">
 5.153749129229307E-004 -4.147321104796832E-004  4.147321104796832E-004 
-4.147321104796832E-004  5.153749129229324E-004  4.147321104796785E-004 
 4.147321104796811E-004  4.147321104796819E-004  5.153749129229290E-004
      </IFC>
    </s_s1_m1_m2_m3.1.2.1.3.2>
    <s_s1_m1_m2_m3.1.2.2.3.2>
      <IFC type="real" size="9" columns="3">
 5.153749129229305E-004  4.147321104796826E-004  4.147321104796815E-004 
 4.147321104796829E-004  5.153749129229285E-004 -4.147321104796804E-004 
 4.147321104796809E-004 -4.147321104796815E-004  5.153749129229279E-004
      </IFC>
    </s_s1_m1_m2_m3.1.2.2.3.2>
    <s_s1_m1_m2_m3.1.2.3.3.2>
      <IFC type="real" size="9" columns="3">
 1.772098595616729E-004  3.404078101906750E-005  2.510567127059825E-004 
 1.738939092242424E-005 -4.995600707675225E-005 -1.738939092242337E-005 
 2.510567127059816E-004 -3.404078101906945E-005  1.772098595616731E-004
      </IFC>
    </s_s1_m1_m2_m3.1.2.3.3.2>
    <s_s1_m1_m2_m3.1.2.4.3.2>
      <IFC type="real" size="9" columns="3">
 1.772098595616701E-004 -3.404078101906883E-005  2.510567127059840E-004 
-1.738939092242505E-005 -4.995600707675133E-005  1.738939092242662E-005 
 2.510567127059846E-004  3.404078101906972E-005  1.772098595616738E-004
      </IFC>
    </s_s1_m1_m2_m3.1.2.4.3.2>
    <s_s1_m1_m2_m3.1.2.1.4.2>
      <IFC type="real" size="9" columns="3">
 9.567681299732572E-004  2.361548640467074E-003  6.581971000468067E-004 
-4.188496010807887E-004 -1.853726642742191E-003 -4.188496010807861E-004 
 6.581971000468091E-004  2.361548640467074E-003  9.567681299732594E-004
      </IFC>
    </s_s1_m1_m2_m3.1.2.1.4.2>
    <s_s1_m1_m2_m3.1.2.2.4.2>
      <IFC type="real" size="9" columns="3">
-4.995600707675160E-005  1.738939092242603E-005  1.738939092242622E-005 
 3.404078101906907E-005  1.772098595616748E-004 -2.510567127059833E-004 
 3.404078101907132E-005 -2.510567127059848E-004  1.772098595616775E-004
      </IFC>
    </s_s1_m1_m2_m3.1.2.2.4.2>
    <s_s1_m1_m2_m3.1.2.3.4.2>
      <IFC type="real" size="9" columns="3">
-3.012407231903078E-005 -4.266128209786188E-005  4.266128209786268E-005 
-4.266128209786145E-005 -3.012407231903441E-005 -4.266128209786357E-005 
 4.266128209786345E-005 -4.266128209786454E-005 -3.012407231903117E-005
      </IFC>
    </s_s1_m1_m2_m3.1.2.3.4.2>
    <s_s1_m1_m2_m3.1.2.4.4.2>
      <IFC type="real" size="9" columns="3">
 1.772098595616735E-004 -2.510567127059830E-004  3.404078101907170E-005 
-2.510567127059848E-004  1.772098595616734E-004  3.404078101907189E-005 
 1.738939092242727E-005  1.738939092242532E-005 -4.995600707674894E-005
      </IFC>
    </s_s1_m1_m2_m3.1.2.4.4.2>
    <s_s1_m1_m2_m3.1.2.1.1.3>
      <IFC type="real" size="9" columns="3">
-1.297885189618132E-004 -6.605481346184938E-006 -1.196098966235563E-004 
-6.605481346181469E-006 -1.297885189618132E-004 -1.196098966235563E-004 
 2.735088670014832E-004  2.735088670014832E-004 -2.020045209703489E-004
      </IFC>
    </s_s1_m1_m2_m3.1.2.1.1.3>
    <s_s1_m1_m2_m3.1.2.2.1.3>
      <IFC type="real" size="9" columns="3">
 1.772098595616732E-004 -3.404078101906967E-005 -2.510567127059849E-004 
-1.738939092242608E-005 -4.995600707674976E-005 -1.738939092242473E-005 
-2.510567127059840E-004 -3.404078101907146E-005  1.772098595616768E-004
      </IFC>
    </s_s1_m1_m2_m3.1.2.2.1.3>
    <s_s1_m1_m2_m3.1.2.3.1.3>
      <IFC type="real" size="9" columns="3">
-2.020045209703507E-004  2.735088670014835E-004  2.735088670014810E-004 
-1.196098966235556E-004 -1.297885189618099E-004 -6.605481346184071E-006 
-1.196098966235592E-004 -6.605481346184748E-006 -1.297885189618160E-004
      </IFC>
    </s_s1_m1_m2_m3.1.2.3.1.3>
    <s_s1_m1_m2_m3.1.2.4.1.3>
      <IFC type="real" size="9" columns="3">
-4.677864885916608E-005  8.945690144526166E-006 -8.945690144524540E-006 
 8.945690144526383E-006 -4.677864885916283E-005  8.945690144525678E-006 
-8.945690144525055E-006  8.945690144523971E-006 -4.677864885916782E-005
      </IFC>
    </s_s1_m1_m2_m3.1.2.4.1.3>
    <s_s1_m1_m2_m3.1.2.1.2.3>
      <IFC type="real" size="9" columns="3">
 9.567681299732581E-004 -6.581971000468069E-004  2.361548640467073E-003 
-6.581971000468034E-004  9.567681299732581E-004 -2.361548640467073E-003 
-4.188496010807882E-004  4.188496010807882E-004 -1.853726642742193E-003
      </IFC>
    </s_s1_m1_m2_m3.1.2.1.2.3>
    <s_s1_m1_m2_m3.1.2.2.2.3>
      <IFC type="real" size="9" columns="3">
-1.853726642742187E-003  4.188496010807871E-004 -4.188496010807861E-004 
-2.361548640467072E-003  9.567681299732561E-004 -6.581971000468091E-004 
 2.361548640467073E-003 -6.581971000468082E-004  9.567681299732594E-004
      </IFC>
    </s_s1_m1_m2_m3.1.2.2.2.3>
    <s_s1_m1_m2_m3.1.2.3.2.3>
      <IFC type="real" size="9" columns="3">
-2.020045209703461E-004 -2.735088670014834E-004 -2.735088670014852E-004 
 1.196098966235530E-004 -1.297885189618118E-004 -6.605481346186673E-006 
 1.196098966235560E-004 -6.605481346184071E-006 -1.297885189618088E-004
      </IFC>
    </s_s1_m1_m2_m3.1.2.3.2.3>
    <s_s1_m1_m2_m3.1.2.4.2.3>
      <IFC type="real" size="9" columns="3">
-1.297885189618098E-004 -6.605481346181469E-006  1.196098966235598E-004 
-6.605481346184938E-006 -1.297885189618132E-004  1.196098966235529E-004 
-2.735088670014832E-004 -2.735088670014901E-004 -2.020045209703454E-004
      </IFC>
    </s_s1_m1_m2_m3.1.2.4.2.3>
    <s_s1_m1_m2_m3.1.2.1.3.3>
      <IFC type="real" size="9" columns="3">
 9.567681299732615E-004 -2.361548640467074E-003  6.581971000468043E-004 
 4.188496010807848E-004 -1.853726642742190E-003  4.188496010807848E-004 
 6.581971000468034E-004 -2.361548640467071E-003  9.567681299732598E-004
      </IFC>
    </s_s1_m1_m2_m3.1.2.1.3.3>
    <s_s1_m1_m2_m3.1.2.2.3.3>
      <IFC type="real" size="9" columns="3">
 1.772098595616718E-004  2.510567127059844E-004  3.404078101906793E-005 
 2.510567127059846E-004  1.772098595616726E-004 -3.404078101906872E-005 
 1.738939092242329E-005 -1.738939092242459E-005 -4.995600707675615E-005
      </IFC>
    </s_s1_m1_m2_m3.1.2.2.3.3>
    <s_s1_m1_m2_m3.1.2.3.3.3>
      <IFC type="real" size="9" columns="3">
-3.012407231903582E-005  4.266128209786285E-005  4.266128209786117E-005 
 4.266128209786491E-005 -3.012407231903701E-005  4.266128209786052E-005 
 4.266128209786014E-005  4.266128209786196E-005 -3.012407231903474E-005
      </IFC>
    </s_s1_m1_m2_m3.1.2.3.3.3>
    <s_s1_m1_m2_m3.1.2.4.3.3>
      <IFC type="real" size="9" columns="3">
-4.995600707675599E-005 -1.738939092242489E-005  1.738939092242413E-005 
-3.404078101907054E-005  1.772098595616707E-004  2.510567127059829E-004 
 3.404078101906918E-005  2.510567127059804E-004  1.772098595616739E-004
      </IFC>
    </s_s1_m1_m2_m3.1.2.4.3.3>
    <s_s1_m1_m2_m3.1.2.1.4.3>
      <IFC type="real" size="9" columns="3">
-1.297885189618132E-004  1.196098966235585E-004  6.605481346180439E-006 
-2.735088670014828E-004 -2.020045209703483E-004  2.735088670014854E-004 
 6.605481346181902E-006 -1.196098966235575E-004 -1.297885189618111E-004
      </IFC>
    </s_s1_m1_m2_m3.1.2.1.4.3>
    <s_s1_m1_m2_m3.1.2.2.4.3>
      <IFC type="real" size="9" columns="3">
-3.012407231903018E-005  4.266128209786334E-005 -4.266128209785966E-005 
 4.266128209786313E-005 -3.012407231903105E-005 -4.266128209786182E-005 
