  0.00000000E+00  0.87146458E+01
  0.28922784E-01  0.87200016E+01
  0.57845569E-01  0.87171875E+01
  0.86768353E-01  0.86988970E+01
  0.11569114E+00  0.86706387E+01
  0.14461392E+00  0.86338135E+01
  0.17353671E+00  0.85889049E+01
  0.20245949E+00  0.85362417E+01
  0.23138228E+00  0.84761435E+01
  0.26030506E+00  0.84089615E+01
  0.28922784E+00  0.83350936E+01
  0.31815063E+00  0.82549919E+01
  0.34707341E+00  0.81691673E+01
  0.37599620E+00  0.80781921E+01
  0.40491898E+00  0.79827014E+01
  0.43384177E+00  0.78833936E+01
  0.46276455E+00  0.77810294E+01
  0.49168734E+00  0.76764292E+01
  0.52061012E+00  0.75704694E+01
  0.54953290E+00  0.74640776E+01
  0.57845569E+00  0.73582253E+01
  0.60737847E+00  0.72539205E+01
  0.63630126E+00  0.71521973E+01
  0.66522404E+00  0.70541059E+01
  0.69414683E+00  0.69607000E+01
  0.72306961E+00  0.68730240E+01
  0.75199240E+00  0.67920994E+01
  0.78091518E+00  0.67189100E+01
  0.80983796E+00  0.66543878E+01
  0.83876075E+00  0.65993978E+01
  0.86768353E+00  0.65547243E+01
  0.89660632E+00  0.65210570E+01
  0.92552910E+00  0.64989781E+01
  0.95445189E+00  0.64889513E+01
  0.98337467E+00  0.64913110E+01
  0.10122975E+01  0.65062551E+01
  0.10412202E+01  0.65338380E+01
  0.10701430E+01  0.65739672E+01
  0.10990658E+01  0.66264015E+01
  0.11279886E+01  0.66907517E+01
  0.11569114E+01  0.67664844E+01
  0.11861278E+01  0.67660802E+01
  0.12153442E+01  0.67649918E+01
  0.12445607E+01  0.67634662E+01
  0.12737771E+01  0.67619154E+01
  0.13029935E+01  0.67608794E+01
  0.13322099E+01  0.67609935E+01
  0.13614263E+01  0.67629524E+01
  0.13906428E+01  0.67674740E+01
  0.14198592E+01  0.67752643E+01
  0.14490756E+01  0.67869877E+01
  0.14782920E+01  0.68032410E+01
  0.15075085E+01  0.68245340E+01
  0.15367249E+01  0.68512754E+01
  0.15659413E+01  0.68837642E+01
  0.15659413E+01  0.68837615E+01
  0.15951577E+01  0.69221837E+01
  0.16243742E+01  0.69666118E+01
  0.16535906E+01  0.70170093E+01
  0.16828070E+01  0.70732366E+01
  0.17120234E+01  0.71350599E+01
  0.17412399E+01  0.72021606E+01
  0.17704563E+01  0.72741463E+01
  0.17996727E+01  0.73505619E+01
  0.18288891E+01  0.74309016E+01
  0.18581056E+01  0.75146197E+01
  0.18873220E+01  0.76011422E+01
  0.19165384E+01  0.76898771E+01
  0.19457548E+01  0.77802244E+01
  0.19749713E+01  0.78715853E+01
  0.20041877E+01  0.79633700E+01
  0.20334041E+01  0.80550057E+01
  0.20626205E+01  0.81459419E+01
  0.20918370E+01  0.82356564E+01
  0.21210534E+01  0.83236585E+01
  0.21502698E+01  0.84094923E+01
  0.21794862E+01  0.84927376E+01
  0.22087027E+01  0.85730104E+01
  0.22379191E+01  0.86499611E+01
  0.22671355E+01  0.87232704E+01
  0.22963519E+01  0.87926438E+01
  0.23255683E+01  0.88578004E+01
  0.23547848E+01  0.89184573E+01
  0.23840012E+01  0.89743020E+01
  0.24132176E+01  0.90249432E+01
  0.24424340E+01  0.90698005E+01
  0.24716505E+01  0.91075058E+01
  0.25008669E+01  0.90845333E+01
  0.25300833E+01  0.90175123E+01
  0.25592997E+01  0.89575126E+01
  0.25885162E+01  0.89048065E+01
  0.26177326E+01  0.88592182E+01
  0.26469490E+01  0.88204597E+01
  0.26761654E+01  0.87880630E+01
  0.27053819E+01  0.87612207E+01
  0.27345983E+01  0.87389439E+01
  0.27638147E+01  0.87217771E+01
  0.27930311E+01  0.87146458E+01
  0.28216573E+01  0.87219154E+01
  0.28502834E+01  0.87431174E+01
  0.28789095E+01  0.87770297E+01
  0.29075357E+01  0.88226416E+01
  0.29361618E+01  0.88787294E+01
  0.29647879E+01  0.89385281E+01
  0.29934141E+01  0.89714122E+01
  0.30220402E+01  0.89742325E+01
  0.30506663E+01  0.89570843E+01
  0.30792925E+01  0.89252779E+01
  0.31079186E+01  0.88826708E+01
  0.31365447E+01  0.88319931E+01
  0.31651709E+01  0.87751895E+01
  0.31937970E+01  0.87137113E+01
  0.32224231E+01  0.86487103E+01
  0.32510493E+01  0.85811552E+01
  0.32796754E+01  0.85118998E+01
  0.33083015E+01  0.84417233E+01
  0.33369277E+01  0.83713523E+01
  0.33655538E+01  0.83014740E+01
  0.33941799E+01  0.82327426E+01
  0.34228061E+01  0.81657819E+01
  0.34514322E+01  0.81011862E+01
  0.34800583E+01  0.80395192E+01
  0.35086845E+01  0.79813121E+01
  0.35373106E+01  0.79270616E+01
  0.35659367E+01  0.78772270E+01
  0.35945629E+01  0.78322279E+01
  0.36231890E+01  0.77924412E+01
  0.36518151E+01  0.77581992E+01
  0.36804413E+01  0.77297870E+01
  0.37090674E+01  0.77074406E+01
  0.37376935E+01  0.76913455E+01
  0.37663196E+01  0.76816349E+01
  0.37949458E+01  0.76783891E+01
  0.38241622E+01  0.76772846E+01
  0.38533786E+01  0.76739320E+01
  0.38825951E+01  0.76682188E+01
  0.39118115E+01  0.76599804E+01
  0.39410279E+01  0.76490308E+01
  0.39702443E+01  0.76351998E+01
  0.39994608E+01  0.76183718E+01
  0.40286772E+01  0.75985207E+01
  0.40578936E+01  0.75757383E+01
  0.40871100E+01  0.75502517E+01
  0.41163264E+01  0.75224319E+01
  0.41455429E+01  0.74927909E+01
  0.41747593E+01  0.74619714E+01
  0.42039757E+01  0.74307303E+01
  0.42331921E+01  0.73999184E+01
  0.42624086E+01  0.73704584E+01
  0.42916250E+01  0.73433227E+01
  0.43208414E+01  0.73195122E+01
  0.43500578E+01  0.73000359E+01
  0.43792743E+01  0.72858937E+01
  0.44084907E+01  0.72780594E+01
  0.44377071E+01  0.72774672E+01
  0.44669235E+01  0.72849983E+01
  0.44961400E+01  0.73014704E+01
  0.45253564E+01  0.73276261E+01
  0.45545728E+01  0.73641200E+01
  0.45837892E+01  0.74114716E+01
  0.46130057E+01  0.74650313E+01
  0.46419284E+01  0.74605927E+01
  0.46708512E+01  0.74473957E+01
  0.46997740E+01  0.74257952E+01
  0.47286968E+01  0.73963688E+01
  0.47576196E+01  0.73598977E+01
  0.47865424E+01  0.73173419E+01
  0.48154652E+01  0.72698094E+01
  0.48443879E+01  0.72185237E+01
  0.48733107E+01  0.71647881E+01
  0.49022335E+01  0.71099511E+01
  0.49311563E+01  0.70553711E+01
  0.49600791E+01  0.70023832E+01
  0.49890019E+01  0.69522685E+01
  0.50179246E+01  0.69062256E+01
  0.50468474E+01  0.68653451E+01
  0.50757702E+01  0.68305877E+01
  0.51046930E+01  0.68027650E+01
  0.51336158E+01  0.67825240E+01
  0.51625386E+01  0.67703354E+01
  0.51914614E+01  0.67664844E+01
  
  0.00000000E+00  0.87146460E+01
  0.28922784E-01  0.87200021E+01
  0.57845569E-01  0.87171883E+01
  0.86768353E-01  0.86988979E+01
  0.11569114E+00  0.86706398E+01
  0.14461392E+00  0.86338147E+01
  0.17353671E+00  0.85889063E+01
  0.20245949E+00  0.85362432E+01
  0.23138228E+00  0.84761451E+01
  0.26030506E+00  0.84089633E+01
  0.28922784E+00  0.83350955E+01
  0.31815063E+00  0.82549940E+01
  0.34707341E+00  0.81691695E+01
  0.37599620E+00  0.80781943E+01
  0.40491898E+00  0.79827037E+01
  0.43384177E+00  0.78833960E+01
  0.46276455E+00  0.77810319E+01
  0.49168734E+00  0.76764316E+01
  0.52061012E+00  0.75704719E+01
  0.54953290E+00  0.74640800E+01
  0.57845569E+00  0.73582278E+01
  0.60737847E+00  0.72539228E+01
  0.63630126E+00  0.71521996E+01
  0.66522404E+00  0.70541081E+01
  0.69414683E+00  0.69607021E+01
  0.72306961E+00  0.68730261E+01
  0.75199240E+00  0.67921014E+01
  0.78091518E+00  0.67189119E+01
  0.80983796E+00  0.66543895E+01
  0.83876075E+00  0.65993993E+01
  0.86768353E+00  0.65547257E+01
  0.89660632E+00  0.65210583E+01
  0.92552910E+00  0.64989793E+01
  0.95445189E+00  0.64889523E+01
  0.98337467E+00  0.64913119E+01
  0.10122975E+01  0.65062558E+01
  0.10412202E+01  0.65338386E+01
  0.10701430E+01  0.65739677E+01
  0.10990658E+01  0.66264018E+01
  0.11279886E+01  0.66907519E+01
  0.11569114E+01  0.67664844E+01
  0.11861278E+01  0.67660815E+01
  0.12153442E+01  0.67649943E+01
  0.12445607E+01  0.67634698E+01
  0.12737771E+01  0.67619202E+01
  0.13029935E+01  0.67608852E+01
  0.13322099E+01  0.67610004E+01
  0.13614263E+01  0.67629603E+01
  0.13906428E+01  0.67674827E+01
  0.14198592E+01  0.67752738E+01
  0.14490756E+01  0.67869979E+01
  0.14782920E+01  0.68032519E+01
  0.15075085E+01  0.68245454E+01
  0.15367249E+01  0.68512873E+01
  0.15659413E+01  0.68837766E+01
  0.15659413E+01  0.68837734E+01
  0.15951577E+01  0.69221960E+01
  0.16243742E+01  0.69666245E+01
  0.16535906E+01  0.70170223E+01
  0.16828070E+01  0.70732499E+01
  0.17120234E+01  0.71350735E+01
  0.17412399E+01  0.72021744E+01
  0.17704563E+01  0.72741603E+01
  0.17996727E+01  0.73505761E+01
  0.18288891E+01  0.74309159E+01
  0.18581056E+01  0.75146342E+01
  0.18873220E+01  0.76011569E+01
  0.19165384E+01  0.76898920E+01
  0.19457548E+01  0.77802395E+01
  0.19749713E+01  0.78716005E+01
  0.20041877E+01  0.79633855E+01
  0.20334041E+01  0.80550214E+01
  0.20626205E+01  0.81459580E+01
  0.20918370E+01  0.82356728E+01
  0.21210534E+01  0.83236754E+01
  0.21502698E+01  0.84095097E+01
  0.21794862E+01  0.84927557E+01
  0.22087027E+01  0.85730293E+01
  0.22379191E+01  0.86499810E+01
  0.22671355E+01  0.87232917E+01
  0.22963519E+01  0.87926668E+01
  0.23255683E+01  0.88578258E+01
  0.23547848E+01  0.89184860E+01
  0.23840012E+01  0.89743355E+01
  0.24132176E+01  0.90249843E+01
  0.24424340E+01  0.90698554E+01
  0.24716505E+01  0.91075970E+01
  0.25008669E+01  0.90845610E+01
  0.25300833E+01  0.90175240E+01
  0.25592997E+01  0.89575211E+01
  0.25885162E+01  0.89048136E+01
  0.26177326E+01  0.88592247E+01
  0.26469490E+01  0.88204659E+01
  0.26761654E+01  0.87880693E+01
  0.27053819E+01  0.87612268E+01
  0.27345983E+01  0.87389481E+01
  0.27638147E+01  0.87217782E+01
  0.27930311E+01  0.87146460E+01
  0.28216573E+01  0.87219156E+01
  0.28502834E+01  0.87431178E+01
  0.28789095E+01  0.87770304E+01
  0.29075357E+01  0.88226425E+01
  0.29361618E+01  0.88787305E+01
  0.29647879E+01  0.89385297E+01
  0.29934141E+01  0.89714146E+01
  0.30220402E+01  0.89742352E+01
  0.30506663E+01  0.89570872E+01
  0.30792925E+01  0.89252809E+01
  0.31079186E+01  0.88826739E+01
  0.31365447E+01  0.88319962E+01
  0.31651709E+01  0.87751927E+01
  0.31937970E+01  0.87137146E+01
  0.32224231E+01  0.86487136E+01
  0.32510493E+01  0.85811584E+01
  0.32796754E+01  0.85119031E+01
  0.33083015E+01  0.84417265E+01
  0.33369277E+01  0.83713555E+01
  0.33655538E+01  0.83014771E+01
  0.33941799E+01  0.82327456E+01
  0.34228061E+01  0.81657847E+01
  0.34514322E+01  0.81011889E+01
  0.34800583E+01  0.80395217E+01
  0.35086845E+01  0.79813145E+01
  0.35373106E+01  0.79270638E+01
  0.35659367E+01  0.78772290E+01
  0.35945629E+01  0.78322296E+01
  0.36231890E+01  0.77924427E+01
  0.36518151E+01  0.77582005E+01
  0.36804413E+01  0.77297880E+01
  0.37090674E+01  0.77074414E+01
  0.37376935E+01  0.76913459E+01
  0.37663196E+01  0.76816350E+01
  0.37949458E+01  0.76783892E+01
  0.38241622E+01  0.76772857E+01
  0.38533786E+01  0.76739341E+01
  0.38825951E+01  0.76682220E+01
  0.39118115E+01  0.76599847E+01
  0.39410279E+01  0.76490361E+01
  0.39702443E+01  0.76352061E+01
  0.39994608E+01  0.76183791E+01
  0.40286772E+01  0.75985291E+01
  0.40578936E+01  0.75757476E+01
  0.40871100E+01  0.75502620E+01
  0.41163264E+01  0.75224432E+01
  0.41455429E+01  0.74928031E+01
  0.41747593E+01  0.74619845E+01
  0.42039757E+01  0.74307442E+01
  0.42331921E+01  0.73999332E+01
  0.42624086E+01  0.73704741E+01
  0.42916250E+01  0.73433393E+01
  0.43208414E+01  0.73195297E+01
  0.43500578E+01  0.73000545E+01
  0.43792743E+01  0.72859134E+01
  0.44084907E+01  0.72780806E+01
  0.44377071E+01  0.72774902E+01
  0.44669235E+01  0.72850239E+01
  0.44961400E+01  0.73014998E+01
  0.45253564E+01  0.73276621E+01
  0.45545728E+01  0.73641693E+01
  0.45837892E+01  0.74115616E+01
  0.46130057E+01  0.74661027E+01
  0.46419284E+01  0.74616568E+01
  0.46708512E+01  0.74484384E+01
  0.46997740E+01  0.74268029E+01
  0.47286968E+01  0.73973289E+01
  0.47576196E+01  0.73607994E+01
  0.47865424E+01  0.73181758E+01
  0.48154652E+01  0.72705684E+01
  0.48443879E+01  0.72192025E+01
  0.48733107E+01  0.71653839E+01
  0.49022335E+01  0.71104629E+01
  0.49311563E+01  0.70558000E+01
  0.49600791E+01  0.70027325E+01
  0.49890019E+01  0.69525431E+01
  0.50179246E+01  0.69064321E+01
  0.50468474E+01  0.68654915E+01
  0.50757702E+01  0.68306832E+01
  0.51046930E+01  0.68028197E+01
  0.51336158E+01  0.67825489E+01
  0.51625386E+01  0.67703420E+01
  0.51914614E+01  0.67664844E+01
  
  0.00000000E+00  0.87504412E+01
  0.28922784E-01  0.87541937E+01
  0.57845569E-01  0.87842377E+01
  0.86768353E-01  0.88475980E+01
  0.11569114E+00  0.89383020E+01
  0.14461392E+00  0.90543120E+01
  0.17353671E+00  0.91943467E+01
  0.20245949E+00  0.93571342E+01
  0.23138228E+00  0.95020829E+01
  0.26030506E+00  0.94980624E+01
  0.28922784E+00  0.94907728E+01
  0.31815063E+00  0.94794619E+01
  0.34707341E+00  0.94633733E+01
  0.37599620E+00  0.94417722E+01
  0.40491898E+00  0.94139655E+01
  0.43384177E+00  0.93793206E+01
  0.46276455E+00  0.93372833E+01
  0.49168734E+00  0.92873944E+01
  0.52061012E+00  0.92293040E+01
  0.54953290E+00  0.91627842E+01
  0.57845569E+00  0.90877393E+01
  0.60737847E+00  0.90042130E+01
  0.63630126E+00  0.89123931E+01
  0.66522404E+00  0.88126134E+01
  0.69414683E+00  0.87053521E+01
  0.72306961E+00  0.85912282E+01
  0.75199240E+00  0.84709942E+01
  0.78091518E+00  0.83455267E+01
  0.80983796E+00  0.82158140E+01
  0.83876075E+00  0.80829420E+01
  0.86768353E+00  0.79480776E+01
  0.89660632E+00  0.78124513E+01
  0.92552910E+00  0.76773376E+01
  0.95445189E+00  0.75440352E+01
  0.98337467E+00  0.74138465E+01
  0.10122975E+01  0.72880574E+01
  0.10412202E+01  0.71679169E+01
  0.10701430E+01  0.70546179E+01
  0.10990658E+01  0.69492790E+01
  0.11279886E+01  0.68529274E+01
  0.11569114E+01  0.67664845E+01
  0.11861278E+01  0.67755142E+01
  0.12153442E+01  0.68024698E+01
  0.12445607E+01  0.68470677E+01
  0.12737771E+01  0.69088201E+01
  0.13029935E+01  0.69870520E+01
  0.13322099E+01  0.70809100E+01
  0.13614263E+01  0.71893721E+01
  0.13906428E+01  0.73112603E+01
  0.14198592E+01  0.74452547E+01
  0.14490756E+01  0.75899097E+01
  0.14782920E+01  0.77436710E+01
  0.15075085E+01  0.79048949E+01
  0.15367249E+01  0.80718672E+01
  0.15659413E+01  0.82428248E+01
  0.15659413E+01  0.82428285E+01
  0.15951577E+01  0.84159798E+01
  0.16243742E+01  0.85895262E+01
  0.16535906E+01  0.87616836E+01
  0.16828070E+01  0.89307037E+01
  0.17120234E+01  0.90948946E+01
  0.17412399E+01  0.92526406E+01
  0.17704563E+01  0.94024213E+01
  0.17996727E+01  0.95428289E+01
  0.18288891E+01  0.96725849E+01
  0.18581056E+01  0.97905542E+01
  0.18873220E+01  0.98957581E+01
  0.19165384E+01  0.99873849E+01
  0.19457548E+01  0.10064798E+02
  0.19749713E+01  0.10127543E+02
  0.20041877E+01  0.10175352E+02
  0.20334041E+01  0.10208143E+02
  0.20626205E+01  0.10226022E+02
  0.20918370E+01  0.10229276E+02
  0.21210534E+01  0.10218367E+02
  0.21502698E+01  0.10193922E+02
  0.21794862E+01  0.10156697E+02
  0.22087027E+01  0.10107439E+02
  0.22379191E+01  0.10043697E+02
  0.22671355E+01  0.99179415E+01
  0.22963519E+01  0.97851418E+01
  0.23255683E+01  0.96603544E+01
  0.23547848E+01  0.95439469E+01
  0.23840012E+01  0.94359399E+01
  0.24132176E+01  0.93362837E+01
  0.24424340E+01  0.92449336E+01
  0.24716505E+01  0.91623067E+01
  0.25008669E+01  0.91403940E+01
  0.25300833E+01  0.91572751E+01
  0.25592997E+01  0.90882009E+01
  0.25885162E+01  0.90119959E+01
  0.26177326E+01  0.89433951E+01
  0.26469490E+01  0.88837173E+01
  0.26761654E+01  0.88341289E+01
  0.27053819E+01  0.87958154E+01
  0.27345983E+01  0.87696517E+01
  0.27638147E+01  0.87550617E+01
  0.27930311E+01  0.87504412E+01
  0.28216573E+01  0.87569594E+01
  0.28502834E+01  0.87764612E+01
  0.28789095E+01  0.88087898E+01
  0.29075357E+01  0.88536848E+01
  0.29361618E+01  0.89107847E+01
  0.29647879E+01  0.89691751E+01
  0.29934141E+01  0.90378921E+01
  0.30220402E+01  0.91260807E+01
  0.30506663E+01  0.92255348E+01
  0.30792925E+01  0.93343381E+01
  0.31079186E+01  0.94513728E+01
  0.31365447E+01  0.95756204E+01
  0.31651709E+01  0.97060508E+01
  0.31937970E+01  0.98416007E+01
  0.32224231E+01  0.99811724E+01
  0.32510493E+01  0.10123639E+02
  0.32796754E+01  0.10267851E+02
  0.33083015E+01  0.10412648E+02
  0.33369277E+01  0.10556862E+02
  0.33655538E+01  0.10699332E+02
  0.33941799E+01  0.10838911E+02
  0.34228061E+01  0.10974475E+02
  0.34514322E+01  0.11104933E+02
  0.34800583E+01  0.11229234E+02
  0.35086845E+01  0.11346377E+02
  0.35373106E+01  0.11455419E+02
  0.35659367E+01  0.11555483E+02
  0.35945629E+01  0.11645762E+02
  0.36231890E+01  0.11725530E+02
  0.36518151E+01  0.11794145E+02
  0.36804413E+01  0.11851054E+02
  0.37090674E+01  0.11895798E+02
  0.37376935E+01  0.11928019E+02
  0.37663196E+01  0.11947455E+02
  0.37949458E+01  0.11953951E+02
  0.38241622E+01  0.11940202E+02
  0.38533786E+01  0.11877220E+02
  0.38825951E+01  0.11770094E+02
  0.39118115E+01  0.11628662E+02
  0.39410279E+01  0.11460393E+02
  0.39702443E+01  0.11271753E+02
  0.39994608E+01  0.11068202E+02
  0.40286772E+01  0.10854247E+02
  0.40578936E+01  0.10633585E+02
  0.40871100E+01  0.10409259E+02
  0.41163264E+01  0.10183808E+02
  0.41455429E+01  0.99593752E+01
  0.41747593E+01  0.97377960E+01
  0.42039757E+01  0.95206602E+01
  0.42331921E+01  0.93093556E+01
  0.42624086E+01  0.91050998E+01
  0.42916250E+01  0.89089614E+01
  0.43208414E+01  0.87218746E+01
  0.43500578E+01  0.85446495E+01
  0.43792743E+01  0.83779781E+01
  0.44084907E+01  0.82224382E+01
  0.44377071E+01  0.80784964E+01
  0.44669235E+01  0.79465086E+01
  0.44961400E+01  0.78267220E+01
  0.45253564E+01  0.77192762E+01
  0.45545728E+01  0.76242079E+01
  0.45837892E+01  0.75414775E+01
  0.46130057E+01  0.74751235E+01
  0.46419284E+01  0.74706478E+01
  0.46708512E+01  0.74573410E+01
  0.46997740E+01  0.74355596E+01
  0.47286968E+01  0.74058842E+01
  0.47576196E+01  0.73690997E+01
  0.47865424E+01  0.73261706E+01
  0.48154652E+01  0.72782097E+01
  0.48443879E+01  0.72264457E+01
  0.48733107E+01  0.71721874E+01
  0.49022335E+01  0.71167882E+01
  0.49311563E+01  0.70616116E+01
  0.49600791E+01  0.70079976E+01
  0.49890019E+01  0.69572316E+01
  0.50179246E+01  0.69105161E+01
  0.50468474E+01  0.68689457E+01
  0.50757702E+01  0.68334843E+01
  0.51046930E+01  0.68049467E+01
  0.51336158E+01  0.67839828E+01
  0.51625386E+01  0.67710661E+01
  0.51914614E+01  0.67664845E+01
  
  0.00000000E+00  0.87504413E+01
  0.28922784E-01  0.87541939E+01
  0.57845569E-01  0.87842383E+01
  0.86768353E-01  0.88475990E+01
  0.11569114E+00  0.89383034E+01
  0.14461392E+00  0.90543137E+01
  0.17353671E+00  0.91943488E+01
  0.20245949E+00  0.93571366E+01
  0.23138228E+00  0.95020838E+01
  0.26030506E+00  0.94980636E+01
  0.28922784E+00  0.94907741E+01
  0.31815063E+00  0.94794633E+01
  0.34707341E+00  0.94633747E+01
  0.37599620E+00  0.94417737E+01
  0.40491898E+00  0.94139671E+01
  0.43384177E+00  0.93793222E+01
  0.46276455E+00  0.93372850E+01
  0.49168734E+00  0.92873960E+01
  0.52061012E+00  0.92293056E+01
  0.54953290E+00  0.91627859E+01
  0.57845569E+00  0.90877410E+01
  0.60737847E+00  0.90042147E+01
  0.63630126E+00  0.89123947E+01
  0.66522404E+00  0.88126149E+01
  0.69414683E+00  0.87053536E+01
  0.72306961E+00  0.85912297E+01
  0.75199240E+00  0.84709957E+01
  0.78091518E+00  0.83455281E+01
  0.80983796E+00  0.82158153E+01
  0.83876075E+00  0.80829432E+01
  0.86768353E+00  0.79480788E+01
  0.89660632E+00  0.78124524E+01
  0.92552910E+00  0.76773386E+01
  0.95445189E+00  0.75440360E+01
  0.98337467E+00  0.74138473E+01
  0.10122975E+01  0.72880581E+01
  0.10412202E+01  0.71679175E+01
  0.10701430E+01  0.70546184E+01
  0.10990658E+01  0.69492793E+01
  0.11279886E+01  0.68529276E+01
  0.11569114E+01  0.67664845E+01
  0.11861278E+01  0.67755145E+01
  0.12153442E+01  0.68024703E+01
  0.12445607E+01  0.68470686E+01
  0.12737771E+01  0.69088212E+01
  0.13029935E+01  0.69870535E+01
  0.13322099E+01  0.70809117E+01
  0.13614263E+01  0.71893741E+01
  0.13906428E+01  0.73112625E+01
  0.14198592E+01  0.74452572E+01
  0.14490756E+01  0.75899124E+01
  0.14782920E+01  0.77436740E+01
  0.15075085E+01  0.79048980E+01
  0.15367249E+01  0.80718706E+01
  0.15659413E+01  0.82428284E+01
  0.15659413E+01  0.82428325E+01
  0.15951577E+01  0.84159841E+01
  0.16243742E+01  0.85895308E+01
  0.16535906E+01  0.87616885E+01
  0.16828070E+01  0.89307090E+01
  0.17120234E+01  0.90949003E+01
  0.17412399E+01  0.92526467E+01
  0.17704563E+01  0.94024278E+01
  0.17996727E+01  0.95428358E+01
  0.18288891E+01  0.96725923E+01
  0.18581056E+01  0.97905621E+01
  0.18873220E+01  0.98957665E+01
  0.19165384E+01  0.99873938E+01
  0.19457548E+01  0.10064808E+02
  0.19749713E+01  0.10127554E+02
  0.20041877E+01  0.10175363E+02
  0.20334041E+01  0.10208155E+02
  0.20626205E+01  0.10226035E+02
  0.20918370E+01  0.10229289E+02
  0.21210534E+01  0.10218382E+02
  0.21502698E+01  0.10193938E+02
  0.21794862E+01  0.10156715E+02
  0.22087027E+01  0.10107460E+02
  0.22379191E+01  0.10043724E+02
  0.22671355E+01  0.99179430E+01
  0.22963519E+01  0.97851426E+01
  0.23255683E+01  0.96603555E+01
  0.23547848E+01  0.95439477E+01
  0.23840012E+01  0.94359401E+01
  0.24132176E+01  0.93362851E+01
  0.24424340E+01  0.92449382E+01
  0.24716505E+01  0.91623262E+01
  0.25008669E+01  0.91404988E+01
  0.25300833E+01  0.91581101E+01
  0.25592997E+01  0.90883545E+01
  0.25885162E+01  0.90120621E+01
  0.26177326E+01  0.89434330E+01
  0.26469490E+01  0.88837404E+01
  0.26761654E+01  0.88341423E+01
  0.27053819E+01  0.87958217E+01
  0.27345983E+01  0.87696535E+01
  0.27638147E+01  0.87550619E+01
  0.27930311E+01  0.87504413E+01
  0.28216573E+01  0.87569597E+01
  0.28502834E+01  0.87764618E+01
  0.28789095E+01  0.88087906E+01
  0.29075357E+01  0.88536859E+01
  0.29361618E+01  0.89107861E+01
  0.29647879E+01  0.89691771E+01
  0.29934141E+01  0.90378942E+01
  0.30220402E+01  0.91260829E+01
  0.30506663E+01  0.92255372E+01
  0.30792925E+01  0.93343406E+01
  0.31079186E+01  0.94513755E+01
  0.31365447E+01  0.95756233E+01
  0.31651709E+01  0.97060538E+01
  0.31937970E+01  0.98416038E+01
  0.32224231E+01  0.99811756E+01
  0.32510493E+01  0.10123642E+02
  0.32796754E+01  0.10267855E+02
  0.33083015E+01  0.10412651E+02
  0.33369277E+01  0.10556865E+02
  0.33655538E+01  0.10699335E+02
  0.33941799E+01  0.10838914E+02
  0.34228061E+01  0.10974478E+02
  0.34514322E+01  0.11104936E+02
  0.34800583E+01  0.11229237E+02
  0.35086845E+01  0.11346380E+02
  0.35373106E+01  0.11455422E+02
  0.35659367E+01  0.11555485E+02
  0.35945629E+01  0.11645764E+02
  0.36231890E+01  0.11725532E+02
  0.36518151E+01  0.11794147E+02
  0.36804413E+01  0.11851055E+02
  0.37090674E+01  0.11895799E+02
  0.37376935E+01  0.11928020E+02
  0.37663196E+01  0.11947456E+02
  0.37949458E+01  0.11953952E+02
  0.38241622E+01  0.11940205E+02
  0.38533786E+01  0.11877225E+02
  0.38825951E+01  0.11770100E+02
  0.39118115E+01  0.11628669E+02
  0.39410279E+01  0.11460401E+02
  0.39702443E+01  0.11271762E+02
  0.39994608E+01  0.11068212E+02
  0.40286772E+01  0.10854258E+02
  0.40578936E+01  0.10633596E+02
  0.40871100E+01  0.10409271E+02
  0.41163264E+01  0.10183820E+02
  0.41455429E+01  0.99593874E+01
  0.41747593E+01  0.97378085E+01
  0.42039757E+01  0.95206729E+01
  0.42331921E+01  0.93093685E+01
  0.42624086E+01  0.91051129E+01
  0.42916250E+01  0.89089745E+01
  0.43208414E+01  0.87218879E+01
  0.43500578E+01  0.85446630E+01
  0.43792743E+01  0.83779918E+01
  0.44084907E+01  0.82224525E+01
  0.44377071E+01  0.80785114E+01
  0.44669235E+01  0.79465251E+01
  0.44961400E+01  0.78267412E+01
  0.45253564E+01  0.77193008E+01
  0.45545728E+01  0.76242448E+01
  0.45837892E+01  0.75415542E+01
  0.46130057E+01  0.74761808E+01
  0.46419284E+01  0.74716979E+01
  0.46708512E+01  0.74583697E+01
  0.46997740E+01  0.74365535E+01
  0.47286968E+01  0.74068309E+01
  0.47576196E+01  0.73699883E+01
  0.47865424E+01  0.73269918E+01
  0.48154652E+01  0.72789565E+01
  0.48443879E+01  0.72271130E+01
  0.48733107E+01  0.71727722E+01
  0.49022335E+01  0.71172898E+01
  0.49311563E+01  0.70620312E+01
  0.49600791E+01  0.70083384E+01
  0.49890019E+01  0.69574986E+01
  0.50179246E+01  0.69107161E+01
  0.50468474E+01  0.68690865E+01
  0.50757702E+01  0.68335752E+01
  0.51046930E+01  0.68049979E+01
  0.51336158E+01  0.67840054E+01
  0.51625386E+01  0.67710715E+01
  0.51914614E+01  0.67664845E+01
  
  0.00000000E+00  0.87504414E+01
  0.28922784E-01  0.87637503E+01
  0.57845569E-01  0.88035631E+01
  0.86768353E-01  0.88695387E+01
  0.11569114E+00  0.89611138E+01
  0.14461392E+00  0.90775096E+01
  0.17353671E+00  0.92177426E+01
  0.20245949E+00  0.93806355E+01
  0.23138228E+00  0.95412915E+01
  0.26030506E+00  0.97452716E+01
  0.28922784E+00  0.99674266E+01
  0.31815063E+00  0.10205973E+02
  0.34707341E+00  0.10459033E+02
  0.37599620E+00  0.10724649E+02
  0.40491898E+00  0.11000808E+02
  0.43384177E+00  0.11285462E+02
  0.46276455E+00  0.11576547E+02
  0.49168734E+00  0.11872007E+02
  0.52061012E+00  0.12169808E+02
  0.54953290E+00  0.12467962E+02
  0.57845569E+00  0.12764537E+02
  0.60737847E+00  0.13057676E+02
  0.63630126E+00  0.13345606E+02
  0.66522404E+00  0.13626649E+02
  0.69414683E+00  0.13899231E+02
  0.72306961E+00  0.14161887E+02
  0.75199240E+00  0.14413265E+02
  0.78091518E+00  0.14652128E+02
  0.80983796E+00  0.14877351E+02
  0.83876075E+00  0.15087927E+02
  0.86768353E+00  0.15282954E+02
  0.89660632E+00  0.15461638E+02
  0.92552910E+00  0.15623287E+02
  0.95445189E+00  0.15767301E+02
  0.98337467E+00  0.15893171E+02
  0.10122975E+01  0.16000470E+02
  0.10412202E+01  0.16088847E+02
  0.10701430E+01  0.16158024E+02
  0.10990658E+01  0.16207789E+02
  0.11279886E+01  0.16237992E+02
  0.11569114E+01  0.16248540E+02
  0.11861278E+01  0.16240097E+02
  0.12153442E+01  0.16214844E+02
  0.12445607E+01  0.16172923E+02
  0.12737771E+01  0.16114584E+02
  0.13029935E+01  0.16040173E+02
  0.13322099E+01  0.15950130E+02
  0.13614263E+01  0.15844984E+02
  0.13906428E+01  0.15725349E+02
  0.14198592E+01  0.15591917E+02
  0.14490756E+01  0.15445457E+02
  0.14782920E+01  0.15286800E+02
  0.15075085E+01  0.15116838E+02
  0.15367249E+01  0.14936514E+02
  0.15659413E+01  0.14746816E+02
  0.15659413E+01  0.14746811E+02
  0.15951577E+01  0.14548758E+02
  0.16243742E+01  0.14343399E+02
  0.16535906E+01  0.14131797E+02
  0.16828070E+01  0.13915029E+02
  0.17120234E+01  0.13694168E+02
  0.17412399E+01  0.13470281E+02
  0.17704563E+01  0.13244419E+02
  0.17996727E+01  0.13017610E+02
  0.18288891E+01  0.12790851E+02
  0.18581056E+01  0.12565101E+02
  0.18873220E+01  0.12341276E+02
  0.19165384E+01  0.12120244E+02
  0.19457548E+01  0.11902818E+02
  0.19749713E+01  0.11689753E+02
  0.20041877E+01  0.11481745E+02
  0.20334041E+01  0.11279425E+02
  0.20626205E+01  0.11083361E+02
  0.20918370E+01  0.10894056E+02
  0.21210534E+01  0.10711950E+02
  0.21502698E+01  0.10537428E+02
  0.21794862E+01  0.10370838E+02
  0.22087027E+01  0.10212628E+02
  0.22379191E+01  0.10066521E+02
  0.22671355E+01  0.99814013E+01
  0.22963519E+01  0.99036641E+01
  0.23255683E+01  0.98196968E+01
  0.23547848E+01  0.97305901E+01
  0.23840012E+01  0.96377952E+01
  0.24132176E+01  0.95428398E+01
  0.24424340E+01  0.94472752E+01
  0.24716505E+01  0.93526548E+01
  0.25008669E+01  0.92605589E+01
  0.25300833E+01  0.91745008E+01
  0.25592997E+01  0.91669659E+01
  0.25885162E+01  0.91502766E+01
  0.26177326E+01  0.91028671E+01
  0.26469490E+01  0.90266297E+01
  0.26761654E+01  0.89389597E+01
  0.27053819E+01  0.88585826E+01
  0.27345983E+01  0.87974004E+01
  0.27638147E+01  0.87615152E+01
  0.27930311E+01  0.87504414E+01
  0.28216573E+01  0.87585551E+01
  0.28502834E+01  0.87826248E+01
  0.28789095E+01  0.88210203E+01
  0.29075357E+01  0.88693148E+01
  0.29361618E+01  0.89200989E+01
  0.29647879E+01  0.89796305E+01
  0.29934141E+01  0.90596666E+01
  0.30220402E+01  0.91502493E+01
  0.30506663E+01  0.92506494E+01
  0.30792925E+01  0.93600583E+01
  0.31079186E+01  0.94775951E+01
  0.31365447E+01  0.96023137E+01
  0.31651709E+01  0.97332097E+01
  0.31937970E+01  0.98692292E+01
  0.32224231E+01  0.10009277E+02
  0.32510493E+01  0.10152226E+02
  0.32796754E+01  0.10296925E+02
  0.33083015E+01  0.10442208E+02
  0.33369277E+01  0.10586907E+02
  0.33655538E+01  0.10729856E+02
  0.33941799E+01  0.10869904E+02
  0.34228061E+01  0.11005924E+02
  0.34514322E+01  0.11136820E+02
  0.34800583E+01  0.11261538E+02
  0.35086845E+01  0.11379075E+02
  0.35373106E+01  0.11488484E+02
  0.35659367E+01  0.11588885E+02
  0.35945629E+01  0.11679468E+02
  0.36231890E+01  0.11759504E+02
  0.36518151E+01  0.11828349E+02
  0.36804413E+01  0.11885450E+02
  0.37090674E+01  0.11930345E+02
  0.37376935E+01  0.11962673E+02
  0.37663196E+01  0.11982175E+02
  0.37949458E+01  0.11988693E+02
  0.38241622E+01  0.11986575E+02
  0.38533786E+01  0.12003816E+02
  0.38825951E+01  0.12040283E+02
  0.39118115E+01  0.12092763E+02
  0.39410279E+01  0.12160681E+02
  0.39702443E+01  0.12243834E+02
  0.39994608E+01  0.12342017E+02
  0.40286772E+01  0.12454919E+02
  0.40578936E+01  0.12582082E+02
  0.40871100E+01  0.12722872E+02
  0.41163264E+01  0.12876478E+02
  0.41455429E+01  0.13041910E+02
  0.41747593E+01  0.13218014E+02
  0.42039757E+01  0.13403488E+02
  0.42331921E+01  0.13596911E+02
  0.42624086E+01  0.13796760E+02
  0.42916250E+01  0.14001442E+02
  0.43208414E+01  0.14209314E+02
  0.43500578E+01  0.14418707E+02
  0.43792743E+01  0.14627947E+02
  0.44084907E+01  0.14835376E+02
  0.44377071E+01  0.15039365E+02
  0.44669235E+01  0.15238336E+02
  0.44961400E+01  0.15430766E+02
  0.45253564E+01  0.15615207E+02
  0.45545728E+01  0.15790288E+02
  0.45837892E+01  0.15954694E+02
  0.46130057E+01  0.16100329E+02
  0.46419284E+01  0.16101350E+02
  0.46708512E+01  0.16104378E+02
  0.46997740E+01  0.16109311E+02
  0.47286968E+01  0.16115982E+02
  0.47576196E+01  0.16124173E+02
  0.47865424E+01  0.16133626E+02
  0.48154652E+01  0.16144051E+02
  0.48443879E+01  0.16155145E+02
  0.48733107E+01  0.16166602E+02
  0.49022335E+01  0.16178125E+02
  0.49311563E+01  0.16189431E+02
  0.49600791E+01  0.16200263E+02
  0.49890019E+01  0.16210391E+02
  0.50179246E+01  0.16219614E+02
  0.50468474E+01  0.16227766E+02
  0.50757702E+01  0.16234705E+02
  0.51046930E+01  0.16240324E+02
  0.51336158E+01  0.16244538E+02
  0.51625386E+01  0.16247288E+02
  0.51914614E+01  0.16248540E+02
  
  0.00000000E+00  0.87504415E+01
  0.28922784E-01  0.87637506E+01
  0.57845569E-01  0.88035637E+01
  0.86768353E-01  0.88695397E+01
  0.11569114E+00  0.89611151E+01
  0.14461392E+00  0.90775113E+01
  0.17353671E+00  0.92177445E+01
  0.20245949E+00  0.93806378E+01
  0.23138228E+00  0.95412945E+01
  0.26030506E+00  0.97452747E+01
  0.28922784E+00  0.99674300E+01
  0.31815063E+00  0.10205977E+02
  0.34707341E+00  0.10459037E+02
  0.37599620E+00  0.10724653E+02
  0.40491898E+00  0.11000813E+02
  0.43384177E+00  0.11285467E+02
  0.46276455E+00  0.11576552E+02
  0.49168734E+00  0.11872012E+02
  0.52061012E+00  0.12169813E+02
  0.54953290E+00  0.12467967E+02
  0.57845569E+00  0.12764542E+02
  0.60737847E+00  0.13057681E+02
  0.63630126E+00  0.13345611E+02
  0.66522404E+00  0.13626653E+02
  0.69414683E+00  0.13899235E+02
  0.72306961E+00  0.14161891E+02
  0.75199240E+00  0.14413269E+02
  0.78091518E+00  0.14652131E+02
  0.80983796E+00  0.14877355E+02
  0.83876075E+00  0.15087930E+02
  0.86768353E+00  0.15282956E+02
  0.89660632E+00  0.15461641E+02
  0.92552910E+00  0.15623289E+02
  0.95445189E+00  0.15767303E+02
  0.98337467E+00  0.15893172E+02
  0.10122975E+01  0.16000471E+02
  0.10412202E+01  0.16088848E+02
  0.10701430E+01  0.16158025E+02
  0.10990658E+01  0.16207790E+02
  0.11279886E+01  0.16237992E+02
  0.11569114E+01  0.16248540E+02
  0.11861278E+01  0.16240097E+02
  0.12153442E+01  0.16214844E+02
  0.12445607E+01  0.16172924E+02
  0.12737771E+01  0.16114585E+02
  0.13029935E+01  0.16040175E+02
  0.13322099E+01  0.15950132E+02
  0.13614263E+01  0.15844986E+02
  0.13906428E+01  0.15725351E+02
  0.14198592E+01  0.15591920E+02
  0.14490756E+01  0.15445459E+02
  0.14782920E+01  0.15286803E+02
  0.15075085E+01  0.15116841E+02
  0.15367249E+01  0.14936518E+02
  0.15659413E+01  0.14746819E+02
  0.15659413E+01  0.14746815E+02
  0.15951577E+01  0.14548762E+02
  0.16243742E+01  0.14343402E+02
  0.16535906E+01  0.14131802E+02
  0.16828070E+01  0.13915033E+02
  0.17120234E+01  0.13694172E+02
  0.17412399E+01  0.13470285E+02
  0.17704563E+01  0.13244423E+02
  0.17996727E+01  0.13017615E+02
  0.18288891E+01  0.12790856E+02
  0.18581056E+01  0.12565106E+02
  0.18873220E+01  0.12341281E+02
  0.19165384E+01  0.12120249E+02
  0.19457548E+01  0.11902823E+02
  0.19749713E+01  0.11689758E+02
  0.20041877E+01  0.11481750E+02
  0.20334041E+01  0.11279430E+02
  0.20626205E+01  0.11083366E+02
  0.20918370E+01  0.10894061E+02
  0.21210534E+01  0.10711955E+02
  0.21502698E+01  0.10537433E+02
  0.21794862E+01  0.10370843E+02
  0.22087027E+01  0.10212635E+02
  0.22379191E+01  0.10066533E+02
  0.22671355E+01  0.99814178E+01
  0.22963519E+01  0.99036856E+01
  0.23255683E+01  0.98197220E+01
  0.23547848E+01  0.97306195E+01
  0.23840012E+01  0.96378300E+01
  0.24132176E+01  0.95428824E+01
  0.24424340E+01  0.94473299E+01
  0.24716505E+01  0.93527326E+01
  0.25008669E+01  0.92606996E+01
  0.25300833E+01  0.91753578E+01
  0.25592997E+01  0.91671399E+01
  0.25885162E+01  0.91503621E+01
  0.26177326E+01  0.91029208E+01
  0.26469490E+01  0.90266637E+01
  0.26761654E+01  0.89389805E+01
  0.27053819E+01  0.88585945E+01
  0.27345983E+01  0.87974057E+01
  0.27638147E+01  0.87615161E+01
  0.27930311E+01  0.87504415E+01
  0.28216573E+01  0.87585554E+01
  0.28502834E+01  0.87826254E+01
  0.28789095E+01  0.88210212E+01
  0.29075357E+01  0.88693161E+01
  0.29361618E+01  0.89201006E+01
  0.29647879E+01  0.89796321E+01
  0.29934141E+01  0.90596684E+01
  0.30220402E+01  0.91502514E+01
  0.30506663E+01  0.92506517E+01
  0.30792925E+01  0.93600607E+01
  0.31079186E+01  0.94775978E+01
  0.31365447E+01  0.96023165E+01
  0.31651709E+01  0.97332126E+01
  0.31937970E+01  0.98692323E+01
  0.32224231E+01  0.10009280E+02
  0.32510493E+01  0.10152229E+02
  0.32796754E+01  0.10296928E+02
  0.33083015E+01  0.10442212E+02
  0.33369277E+01  0.10586910E+02
  0.33655538E+01  0.10729859E+02
  0.33941799E+01  0.10869907E+02
  0.34228061E+01  0.11005927E+02
  0.34514322E+01  0.11136823E+02
  0.34800583E+01  0.11261541E+02
  0.35086845E+01  0.11379078E+02
  0.35373106E+01  0.11488487E+02
  0.35659367E+01  0.11588887E+02
  0.35945629E+01  0.11679469E+02
  0.36231890E+01  0.11759506E+02
  0.36518151E+01  0.11828351E+02
  0.36804413E+01  0.11885451E+02
  0.37090674E+01  0.11930346E+02
  0.37376935E+01  0.11962674E+02
  0.37663196E+01  0.11982176E+02
  0.37949458E+01  0.11988694E+02
  0.38241622E+01  0.11986577E+02
  0.38533786E+01  0.12003820E+02
  0.38825951E+01  0.12040287E+02
  0.39118115E+01  0.12092769E+02
  0.39410279E+01  0.12160688E+02
  0.39702443E+01  0.12243842E+02
  0.39994608E+01  0.12342025E+02
  0.40286772E+01  0.12454928E+02
  0.40578936E+01  0.12582091E+02
  0.40871100E+01  0.12722882E+02
  0.41163264E+01  0.12876489E+02
  0.41455429E+01  0.13041921E+02
  0.41747593E+01  0.13218025E+02
  0.42039757E+01  0.13403500E+02
  0.42331921E+01  0.13596923E+02
  0.42624086E+01  0.13796772E+02
  0.42916250E+01  0.14001455E+02
  0.43208414E+01  0.14209327E+02
  0.43500578E+01  0.14418719E+02
  0.43792743E+01  0.14627960E+02
  0.44084907E+01  0.14835389E+02
  0.44377071E+01  0.15039379E+02
  0.44669235E+01  0.15238349E+02
  0.44961400E+01  0.15430780E+02
  0.45253564E+01  0.15615224E+02
  0.45545728E+01  0.15790311E+02
  0.45837892E+01  0.15954740E+02
  0.46130057E+01  0.16101390E+02
  0.46419284E+01  0.16102404E+02
  0.46708512E+01  0.16105411E+02
  0.46997740E+01  0.16110308E+02
  0.47286968E+01  0.16116932E+02
  0.47576196E+01  0.16125066E+02
  0.47865424E+01  0.16134450E+02
  0.48154652E+01  0.16144801E+02
  0.48443879E+01  0.16155815E+02
  0.48733107E+01  0.16167190E+02
  0.49022335E+01  0.16178629E+02
  0.49311563E+01  0.16189853E+02
  0.49600791E+01  0.16200606E+02
  0.49890019E+01  0.16210660E+02
  0.50179246E+01  0.16219816E+02
  0.50468474E+01  0.16227908E+02
  0.50757702E+01  0.16234797E+02
  0.51046930E+01  0.16240376E+02
  0.51336158E+01  0.16244561E+02
  0.51625386E+01  0.16247295E+02
  0.51914614E+01  0.16248540E+02
  
  0.00000000E+00  0.94942003E+01
  0.28922784E-01  0.94946233E+01
  0.57845569E-01  0.94958328E+01
  0.86768353E-01  0.94976503E+01
  0.11569114E+00  0.94997831E+01
  0.14461392E+00  0.95018317E+01
  0.17353671E+00  0.95032996E+01
  0.20245949E+00  0.95036068E+01
  0.23138228E+00  0.95648463E+01
  0.26030506E+00  0.97688378E+01
  0.28922784E+00  0.99909704E+01
  0.31815063E+00  0.10229462E+02
  0.34707341E+00  0.10482435E+02
  0.37599620E+00  0.10747928E+02
  0.40491898E+00  0.11023927E+02
  0.43384177E+00  0.11308379E+02
  0.46276455E+00  0.11599218E+02
  0.49168734E+00  0.11894383E+02
  0.52061012E+00  0.12191838E+02
  0.54953290E+00  0.12489591E+02
  0.57845569E+00  0.12785708E+02
  0.60737847E+00  0.13078329E+02
  0.63630126E+00  0.13365678E+02
  0.66522404E+00  0.13646077E+02
  0.69414683E+00  0.13917951E+02
  0.72306961E+00  0.14179833E+02
  0.75199240E+00  0.14430373E+02
  0.78091518E+00  0.14668332E+02
  0.80983796E+00  0.14892590E+02
  0.83876075E+00  0.15102138E+02
  0.86768353E+00  0.15296080E+02
  0.89660632E+00  0.15473624E+02
  0.92552910E+00  0.15634080E+02
  0.95445189E+00  0.15776855E+02
  0.98337467E+00  0.15901442E+02
  0.10122975E+01  0.16007422E+02
  0.10412202E+01  0.16094448E+02
  0.10701430E+01  0.16162248E+02
  0.10990658E+01  0.16210616E+02
  0.11279886E+01  0.16239408E+02
  0.11569114E+01  0.16248544E+02
  0.11861278E+01  0.16255436E+02
  0.12153442E+01  0.16275882E+02
  0.12445607E+01  0.16309283E+02
  0.12737771E+01  0.16354648E+02
  0.13029935E+01  0.16410640E+02
  0.13322099E+01  0.16475616E+02
  0.13614263E+01  0.16547680E+02
  0.13906428E+01  0.16624731E+02
  0.14198592E+01  0.16704521E+02
  0.14490756E+01  0.16784705E+02
  0.14782920E+01  0.16862885E+02
  0.15075085E+01  0.16936664E+02
  0.15367249E+01  0.17003675E+02
  0.15659413E+01  0.17061625E+02
  0.15659413E+01  0.17061629E+02
  0.15951577E+01  0.17108326E+02
  0.16243742E+01  0.17141708E+02
  0.16535906E+01  0.17159866E+02
  0.16828070E+01  0.17161068E+02
  0.17120234E+01  0.17143773E+02
  0.17412399E+01  0.17106651E+02
  0.17704563E+01  0.17048594E+02
  0.17996727E+01  0.16968726E+02
  0.18288891E+01  0.16866417E+02
  0.18581056E+01  0.16741282E+02
  0.18873220E+01  0.16593192E+02
  0.19165384E+01  0.16422273E+02
  0.19457548E+01  0.16228906E+02
  0.19749713E+01  0.16013725E+02
  0.20041877E+01  0.15777613E+02
  0.20334041E+01  0.15521694E+02
  0.20626205E+01  0.15247323E+02
  0.20918370E+01  0.14956077E+02
  0.21210534E+01  0.14649741E+02
  0.21502698E+01  0.14330292E+02
  0.21794862E+01  0.13999882E+02
  0.22087027E+01  0.13660823E+02
  0.22379191E+01  0.13315563E+02
  0.22671355E+01  0.12966672E+02
  0.22963519E+01  0.12616819E+02
  0.23255683E+01  0.12268760E+02
  0.23547848E+01  0.11925320E+02
  0.23840012E+01  0.11589396E+02
  0.24132176E+01  0.11263961E+02
  0.24424340E+01  0.10952116E+02
  0.24716505E+01  0.10657188E+02
  0.25008669E+01  0.10382971E+02
  0.25300833E+01  0.10134230E+02
  0.25592997E+01  0.99176764E+01
  0.25885162E+01  0.97430938E+01
  0.26177326E+01  0.96209392E+01
  0.26469490E+01  0.95509303E+01
  0.26761654E+01  0.95172269E+01
  0.27053819E+01  0.95026038E+01
  0.27345983E+01  0.94967565E+01
  0.27638147E+01  0.94946853E+01
  0.27930311E+01  0.94942003E+01
  0.28216573E+01  0.94946800E+01
  0.28502834E+01  0.94968699E+01
  0.28789095E+01  0.95032403E+01
  0.29075357E+01  0.95185952E+01
  0.29361618E+01  0.95506881E+01
  0.29647879E+01  0.96093618E+01
  0.29934141E+01  0.97025455E+01
  0.30220402E+01  0.98319888E+01
  0.30506663E+01  0.99940275E+01
  0.30792925E+01  0.10183300E+02
  0.31079186E+01  0.10394923E+02
  0.31365447E+01  0.10624882E+02
  0.31651709E+01  0.10869818E+02
  0.31937970E+01  0.11126779E+02
  0.32224231E+01  0.11393044E+02
  0.32510493E+01  0.11666029E+02
  0.32796754E+01  0.11943227E+02
  0.33083015E+01  0.12222185E+02
  0.33369277E+01  0.12500497E+02
  0.33655538E+01  0.12775802E+02
  0.33941799E+01  0.13045790E+02
  0.34228061E+01  0.13308219E+02
  0.34514322E+01  0.13560920E+02
  0.34800583E+01  0.13801816E+02
  0.35086845E+01  0.14028931E+02
  0.35373106E+01  0.14240409E+02
  0.35659367E+01  0.14434525E+02
  0.35945629E+01  0.14609697E+02
  0.36231890E+01  0.14764501E+02
  0.36518151E+01  0.14897679E+02
  0.36804413E+01  0.15008148E+02
  0.37090674E+01  0.15095011E+02
  0.37376935E+01  0.15157565E+02
  0.37663196E+01  0.15195301E+02
  0.37949458E+01  0.15207914E+02
  0.38241622E+01  0.15225913E+02
  0.38533786E+01  0.15278080E+02
  0.38825951E+01  0.15359533E+02
  0.39118115E+01  0.15463747E+02
  0.39410279E+01  0.15583927E+02
  0.39702443E+01  0.15713868E+02
  0.39994608E+01  0.15848296E+02
  0.40286772E+01  0.15982888E+02
  0.40578936E+01  0.16114142E+02
  0.40871100E+01  0.16239231E+02
  0.41163264E+01  0.16355856E+02
  0.41455429E+01  0.16462138E+02
  0.41747593E+01  0.16556532E+02
  0.42039757E+01  0.16637764E+02
  0.42331921E+01  0.16704787E+02
  0.42624086E+01  0.16756752E+02
  0.42916250E+01  0.16792984E+02
  0.43208414E+01  0.16812970E+02
  0.43500578E+01  0.16816346E+02
  0.43792743E+01  0.16802891E+02
  0.44084907E+01  0.16772524E+02
  0.44377071E+01  0.16725300E+02
  0.44669235E+01  0.16661407E+02
  0.44961400E+01  0.16581167E+02
  0.45253564E+01  0.16485032E+02
  0.45545728E+01  0.16373588E+02
  0.45837892E+01  0.16247572E+02
  0.46130057E+01  0.16113764E+02
  0.46419284E+01  0.16114738E+02
  0.46708512E+01  0.16117626E+02
  0.46997740E+01  0.16122328E+02
  0.47286968E+01  0.16128680E+02
  0.47576196E+01  0.16136469E+02
  0.47865424E+01  0.16145439E+02
  0.48154652E+01  0.16155309E+02
  0.48443879E+01  0.16165780E+02
  0.48733107E+01  0.16176554E+02
  0.49022335E+01  0.16187337E+02
  0.49311563E+01  0.16197854E+02
  0.49600791E+01  0.16207854E+02
  0.49890019E+01  0.16217112E+02
  0.50179246E+01  0.16225433E+02
  0.50468474E+01  0.16232655E+02
  0.50757702E+01  0.16238643E+02
  0.51046930E+01  0.16243292E+02
  0.51336158E+01  0.16246524E+02
  0.51625386E+01  0.16248284E+02
  0.51914614E+01  0.16248544E+02
  
  0.00000000E+00  0.94942004E+01
  0.28922784E-01  0.94946235E+01
  0.57845569E-01  0.94958332E+01
  0.86768353E-01  0.94976508E+01
  0.11569114E+00  0.94997837E+01
  0.14461392E+00  0.95018325E+01
  0.17353671E+00  0.95033005E+01
  0.20245949E+00  0.95036079E+01
  0.23138228E+00  0.95648487E+01
  0.26030506E+00  0.97688405E+01
  0.28922784E+00  0.99909733E+01
  0.31815063E+00  0.10229466E+02
  0.34707341E+00  0.10482438E+02
  0.37599620E+00  0.10747932E+02
  0.40491898E+00  0.11023931E+02
  0.43384177E+00  0.11308383E+02
  0.46276455E+00  0.11599222E+02
  0.49168734E+00  0.11894387E+02
  0.52061012E+00  0.12191842E+02
  0.54953290E+00  0.12489595E+02
  0.57845569E+00  0.12785712E+02
  0.60737847E+00  0.13078332E+02
  0.63630126E+00  0.13365682E+02
  0.66522404E+00  0.13646081E+02
  0.69414683E+00  0.13917954E+02
  0.72306961E+00  0.14179837E+02
  0.75199240E+00  0.14430376E+02
  0.78091518E+00  0.14668335E+02
  0.80983796E+00  0.14892593E+02
  0.83876075E+00  0.15102141E+02
  0.86768353E+00  0.15296082E+02
  0.89660632E+00  0.15473626E+02
  0.92552910E+00  0.15634082E+02
  0.95445189E+00  0.15776856E+02
  0.98337467E+00  0.15901444E+02
  0.10122975E+01  0.16007423E+02
  0.10412202E+01  0.16094449E+02
  0.10701430E+01  0.16162249E+02
  0.10990658E+01  0.16210616E+02
  0.11279886E+01  0.16239409E+02
  0.11569114E+01  0.16248544E+02
  0.11861278E+01  0.16255437E+02
  0.12153442E+01  0.16275884E+02
  0.12445607E+01  0.16309285E+02
  0.12737771E+01  0.16354651E+02
  0.13029935E+01  0.16410643E+02
  0.13322099E+01  0.16475620E+02
  0.13614263E+01  0.16547684E+02
  0.13906428E+01  0.16624736E+02
  0.14198592E+01  0.16704526E+02
  0.14490756E+01  0.16784710E+02
  0.14782920E+01  0.16862891E+02
  0.15075085E+01  0.16936669E+02
  0.15367249E+01  0.17003681E+02
  0.15659413E+01  0.17061631E+02
  0.15659413E+01  0.17061634E+02
  0.15951577E+01  0.17108331E+02
  0.16243742E+01  0.17141713E+02
  0.16535906E+01  0.17159871E+02
  0.16828070E+01  0.17161072E+02
  0.17120234E+01  0.17143777E+02
  0.17412399E+01  0.17106655E+02
  0.17704563E+01  0.17048597E+02
  0.17996727E+01  0.16968730E+02
  0.18288891E+01  0.16866420E+02
  0.18581056E+01  0.16741285E+02
  0.18873220E+01  0.16593195E+02
  0.19165384E+01  0.16422275E+02
  0.19457548E+01  0.16228908E+02
  0.19749713E+01  0.16013727E+02
  0.20041877E+01  0.15777615E+02
  0.20334041E+01  0.15521696E+02
  0.20626205E+01  0.15247325E+02
  0.20918370E+01  0.14956079E+02
  0.21210534E+01  0.14649744E+02
  0.21502698E+01  0.14330295E+02
  0.21794862E+01  0.13999886E+02
  0.22087027E+01  0.13660827E+02
  0.22379191E+01  0.13315568E+02
  0.22671355E+01  0.12966677E+02
  0.22963519E+01  0.12616825E+02
  0.23255683E+01  0.12268767E+02
  0.23547848E+01  0.11925328E+02
  0.23840012E+01  0.11589405E+02
  0.24132176E+01  0.11263971E+02
  0.24424340E+01  0.10952127E+02
  0.24716505E+01  0.10657200E+02
  0.25008669E+01  0.10382985E+02
  0.25300833E+01  0.10134246E+02
  0.25592997E+01  0.99176929E+01
  0.25885162E+01  0.97431099E+01
  0.26177326E+01  0.96209519E+01
  0.26469490E+01  0.95509377E+01
  0.26761654E+01  0.95172303E+01
  0.27053819E+01  0.95026050E+01
  0.27345983E+01  0.94967569E+01
  0.27638147E+01  0.94946854E+01
  0.27930311E+01  0.94942004E+01
  0.28216573E+01  0.94946801E+01
  0.28502834E+01  0.94968701E+01
  0.28789095E+01  0.95032405E+01
  0.29075357E+01  0.95185956E+01
  0.29361618E+01  0.95506887E+01
  0.29647879E+01  0.96093626E+01
  0.29934141E+01  0.97025465E+01
  0.30220402E+01  0.98319898E+01
  0.30506663E+01  0.99940285E+01
  0.30792925E+01  0.10183301E+02
  0.31079186E+01  0.10394924E+02
  0.31365447E+01  0.10624883E+02
  0.31651709E+01  0.10869819E+02
  0.31937970E+01  0.11126780E+02
  0.32224231E+01  0.11393045E+02
  0.32510493E+01  0.11666030E+02
  0.32796754E+01  0.11943228E+02
  0.33083015E+01  0.12222186E+02
  0.33369277E+01  0.12500498E+02
  0.33655538E+01  0.12775802E+02
  0.33941799E+01  0.13045791E+02
  0.34228061E+01  0.13308220E+02
  0.34514322E+01  0.13560921E+02
  0.34800583E+01  0.13801817E+02
  0.35086845E+01  0.14028932E+02
  0.35373106E+01  0.14240410E+02
  0.35659367E+01  0.14434526E+02
  0.35945629E+01  0.14609698E+02
  0.36231890E+01  0.14764503E+02
  0.36518151E+01  0.14897680E+02
  0.36804413E+01  0.15008149E+02
  0.37090674E+01  0.15095013E+02
  0.37376935E+01  0.15157566E+02
  0.37663196E+01  0.15195303E+02
  0.37949458E+01  0.15207916E+02
  0.38241622E+01  0.15225915E+02
  0.38533786E+01  0.15278082E+02
  0.38825951E+01  0.15359535E+02
  0.39118115E+01  0.15463749E+02
  0.39410279E+01  0.15583928E+02
  0.39702443E+01  0.15713869E+02
  0.39994608E+01  0.15848298E+02
  0.40286772E+01  0.15982890E+02
  0.40578936E+01  0.16114144E+02
  0.40871100E+01  0.16239233E+02
  0.41163264E+01  0.16355859E+02
  0.41455429E+01  0.16462142E+02
  0.41747593E+01  0.16556537E+02
  0.42039757E+01  0.16637769E+02
  0.42331921E+01  0.16704793E+02
  0.42624086E+01  0.16756759E+02
  0.42916250E+01  0.16792992E+02
  0.43208414E+01  0.16812979E+02
  0.43500578E+01  0.16816356E+02
  0.43792743E+01  0.16802902E+02
  0.44084907E+01  0.16772536E+02
  0.44377071E+01  0.16725314E+02
  0.44669235E+01  0.16661423E+02
  0.44961400E+01  0.16581185E+02
  0.45253564E+01  0.16485055E+02
  0.45545728E+01  0.16373619E+02
  0.45837892E+01  0.16247627E+02
  0.46130057E+01  0.16114836E+02
  0.46419284E+01  0.16115803E+02
  0.46708512E+01  0.16118670E+02
  0.46997740E+01  0.16123336E+02
  0.47286968E+01  0.16129641E+02
  0.47576196E+01  0.16137371E+02
  0.47865424E+01  0.16146274E+02
  0.48154652E+01  0.16156069E+02
  0.48443879E+01  0.16166460E+02
  0.48733107E+01  0.16177150E+02
  0.49022335E+01  0.16187849E+02
  0.49311563E+01  0.16198284E+02
  0.49600791E+01  0.16208204E+02
  0.49890019E+01  0.16217387E+02
  0.50179246E+01  0.16225640E+02
  0.50468474E+01  0.16232802E+02
  0.50757702E+01  0.16238739E+02
  0.51046930E+01  0.16243347E+02
  0.51336158E+01  0.16246549E+02
  0.51625386E+01  0.16248291E+02
  0.51914614E+01  0.16248544E+02
  
