
     Program PWSCF v.6.3 starts on 29Aug2018 at 13:27:12 

     This program is part of the open-source Quantum ESPRESSO suite
     for quantum simulation of materials; please cite
         "P. Giannozzi et al., J. Phys.:Condens. Matter 21 395502 (2009);
         "P. Giannozzi et al., J. Phys.:Condens. Matter 29 465901 (2017);
          URL http://www.quantum-espresso.org", 
     in publications or presentations arising from this work. More details at
     http://www.quantum-espresso.org/quote

     Parallel version (MPI), running on     8 processors

     MPI processes distributed on     1 nodes
     R & G space division:  proc/nbgrp/npool/nimage =       8
     Waiting for input...
     Reading input from standard input

     Current dimensions of program PWSCF are:
     Max number of different atomic species (ntypx) = 10
     Max number of k-points (npk) =  40000
     Max angular momentum in pseudopotentials (lmaxx) =  3
     Message from routine read_upf::
     Pseudo file /scratch/timrov/WORK_Hubbard/Z_git/work2_QE_fork/q-e/HP/examples/pseudo/O.pbesol-n-kjpaw_psl.0.1.UPF has been successfully fixed on the fly.
To avoid this message in the future you can permanently fix 
 your pseudo files following instructions given in: 
https://gitlab.com/QEF/q-e/blob/master/upftools/how_to_fix_upf.md
               file O.pbesol-n-kjpaw_psl.0.1.UPF: wavefunction(s)  2P renormalized

     Subspace diagonalization in iterative solution of the eigenvalue problem:
     a serial algorithm will be used

 
     Parallelization info
     --------------------
     sticks:   dense  smooth     PW     G-vecs:    dense   smooth      PW
     Min         189      94     28                 3658     1285     218
     Max         190      95     29                 3660     1286     219
     Sum        1517     755    229                29271    10281    1749
 


     bravais-lattice index     =            5
     lattice parameter (alat)  =       9.3705  a.u.
     unit-cell volume          =     217.1091 (a.u.)^3
     number of atoms/cell      =            4
     number of atomic types    =            3
     number of electrons       =        32.00
     number of Kohn-Sham states=           16
     kinetic-energy cutoff     =      50.0000  Ry
     charge density cutoff     =     400.0000  Ry
     convergence threshold     =      1.0E-15
     mixing beta               =       0.7000
     number of iterations used =            8  plain     mixing
     Exchange-correlation      = SLA  PW   PSX  PSC ( 1  4 10  8 0 0)

     celldm(1)=   9.370500  celldm(2)=   0.000000  celldm(3)=   0.000000
     celldm(4)=   0.838740  celldm(5)=   0.000000  celldm(6)=   0.000000

     crystal axes: (cart. coord. in units of alat)
               a(1) = (   0.283954  -0.163941   0.944719 )  
               a(2) = (   0.000000   0.327882   0.944719 )  
               a(3) = (  -0.283954  -0.163941   0.944719 )  

     reciprocal axes: (cart. coord. in units 2 pi/alat)
               b(1) = (  1.760847 -1.016626  0.352839 )  
               b(2) = (  0.000000  2.033251  0.352839 )  
               b(3) = ( -1.760847 -1.016626  0.352839 )  


     PseudoPot. # 1 for Co read from file:
     /scratch/timrov/WORK_Hubbard/Z_git/work2_QE_fork/q-e/HP/examples/pseudo/co_pbesol_v1.2.uspp.F.UPF
     MD5 check sum: 3b4cd4e7cc7df4da9fdede0fd33e2193
     Pseudo is Ultrasoft + core correction, Zval = 17.0
     Generated by new atomic code, or converted to UPF format
     Using radial grid of  863 points,  6 beta functions with: 
                l(1) =   0
                l(2) =   0
                l(3) =   1
                l(4) =   1
                l(5) =   2
                l(6) =   2
     Q(r) pseudized with  8 coefficients,  rinner =    1.200   1.200   1.200
                                                       1.200   1.200

     PseudoPot. # 2 for O  read from file:
     /scratch/timrov/WORK_Hubbard/Z_git/work2_QE_fork/q-e/HP/examples/pseudo/O.pbesol-n-kjpaw_psl.0.1.UPF
     MD5 check sum: 433e5d6bca876f33b592d2bdaf67ea28
     Pseudo is Projector augmented-wave + core cor, Zval =  6.0
     Generated using "atomic" code by A. Dal Corso v.5.0.99 svn rev. 10869
     Shape of augmentation charge: BESSEL
     Using radial grid of 1095 points,  4 beta functions with: 
                l(1) =   0
                l(2) =   0
                l(3) =   1
                l(4) =   1
     Q(r) pseudized with 0 coefficients 


     PseudoPot. # 3 for Li read from file:
     /scratch/timrov/WORK_Hubbard/Z_git/work2_QE_fork/q-e/HP/examples/pseudo/li_pbesol_v1.4.uspp.F.UPF
     MD5 check sum: aa28d9aeea6a965f2dc95ee9517b3536
     Pseudo is Ultrasoft, Zval =  3.0
     Generated by new atomic code, or converted to UPF format
     Using radial grid of  751 points,  5 beta functions with: 
                l(1) =   0
                l(2) =   0
                l(3) =   0
                l(4) =   1
                l(5) =   1
     Q(r) pseudized with 10 coefficients,  rinner =    1.150   1.150   1.150


     atomic species   valence    mass     pseudopotential
        Co            17.00    59.00000     Co( 1.00)
        O              6.00    16.00000     O ( 1.00)
        Li             3.00     7.00000     Li( 1.00)


     Simplified LDA+U calculation (l_max = 2) with parameters (eV):
     atomic species    L          U    alpha       J0     beta
        Co             2     8.1700   0.0000   0.0000   0.0000



     12 Sym. Ops., with inversion, found


                                    s                        frac. trans.

      isym =  1     identity                                     

 cryst.   s( 1) = (     1          0          0      )
                  (     0          1          0      )
                  (     0          0          1      )

 cart.    s( 1) = (  1.0000000  0.0000000  0.0000000 )
                  (  0.0000000  1.0000000 -0.0000000 )
                  (  0.0000000  0.0000000  1.0000000 )


      isym =  2     180 deg rotation - cart. axis [1,0,0]        

 cryst.   s( 2) = (     0          0         -1      )
                  (     0         -1          0      )
                  (    -1          0          0      )

 cart.    s( 2) = (  1.0000000  0.0000000  0.0000000 )
                  (  0.0000000 -1.0000000  0.0000000 )
                  (  0.0000000  0.0000000 -1.0000000 )


      isym =  3     120 deg rotation - cryst. axis [0,0,1]       

 cryst.   s( 3) = (     0          1          0      )
                  (     0          0          1      )
                  (     1          0          0      )

 cart.    s( 3) = ( -0.5000000 -0.8660254 -0.0000000 )
                  (  0.8660254 -0.5000000 -0.0000000 )
                  (  0.0000000  0.0000000  1.0000000 )


      isym =  4     120 deg rotation - cryst. axis [0,0,-1]      

 cryst.   s( 4) = (     0          0          1      )
                  (     1          0          0      )
                  (     0          1          0      )

 cart.    s( 4) = ( -0.5000000  0.8660254  0.0000000 )
                  ( -0.8660254 -0.5000000 -0.0000000 )
                  (  0.0000000  0.0000000  1.0000000 )


      isym =  5     180 deg rotation - cryst. axis [0,1,0]       

 cryst.   s( 5) = (     0         -1          0      )
                  (    -1          0          0      )
                  (     0          0         -1      )

 cart.    s( 5) = ( -0.5000000 -0.8660254 -0.0000000 )
                  ( -0.8660254  0.5000000  0.0000000 )
                  (  0.0000000  0.0000000 -1.0000000 )


      isym =  6     180 deg rotation - cryst. axis [1,1,0]       

 cryst.   s( 6) = (    -1          0          0      )
                  (     0          0         -1      )
                  (     0         -1          0      )

 cart.    s( 6) = ( -0.5000000  0.8660254  0.0000000 )
                  (  0.8660254  0.5000000  0.0000000 )
                  (  0.0000000  0.0000000 -1.0000000 )


      isym =  7     inversion                                    

 cryst.   s( 7) = (    -1          0          0      )
                  (     0         -1          0      )
                  (     0          0         -1      )

 cart.    s( 7) = ( -1.0000000  0.0000000  0.0000000 )
                  (  0.0000000 -1.0000000  0.0000000 )
                  (  0.0000000  0.0000000 -1.0000000 )


      isym =  8     inv. 180 deg rotation - cart. axis [1,0,0]   

 cryst.   s( 8) = (     0          0          1      )
                  (     0          1          0      )
                  (     1          0          0      )

 cart.    s( 8) = ( -1.0000000  0.0000000  0.0000000 )
                  (  0.0000000  1.0000000 -0.0000000 )
                  (  0.0000000  0.0000000  1.0000000 )


      isym =  9     inv. 120 deg rotation - cryst. axis [0,0,1]  

 cryst.   s( 9) = (     0         -1          0      )
                  (     0          0         -1      )
                  (    -1          0          0      )

 cart.    s( 9) = (  0.5000000  0.8660254  0.0000000 )
                  ( -0.8660254  0.5000000  0.0000000 )
                  (  0.0000000  0.0000000 -1.0000000 )


      isym = 10     inv. 120 deg rotation - cryst. axis [0,0,-1] 

 cryst.   s(10) = (     0          0         -1      )
                  (    -1          0          0      )
                  (     0         -1          0      )

 cart.    s(10) = (  0.5000000 -0.8660254 -0.0000000 )
                  (  0.8660254  0.5000000  0.0000000 )
                  (  0.0000000  0.0000000 -1.0000000 )


      isym = 11     inv. 180 deg rotation - cryst. axis [0,1,0]  

 cryst.   s(11) = (     0          1          0      )
                  (     1          0          0      )
                  (     0          0          1      )

 cart.    s(11) = (  0.5000000  0.8660254  0.0000000 )
                  (  0.8660254 -0.5000000 -0.0000000 )
                  (  0.0000000  0.0000000  1.0000000 )


      isym = 12     inv. 180 deg rotation - cryst. axis [1,1,0]  

 cryst.   s(12) = (     1          0          0      )
                  (     0          0          1      )
                  (     0          1          0      )

 cart.    s(12) = (  0.5000000 -0.8660254 -0.0000000 )
                  ( -0.8660254 -0.5000000 -0.0000000 )
                  (  0.0000000  0.0000000  1.0000000 )


     point group D_3d (-3m) 
     there are  6 classes
     the character table:

       E     2C3   3C2'  i     2S6   3s_d 
A_1g   1.00  1.00  1.00  1.00  1.00  1.00
A_2g   1.00  1.00 -1.00  1.00  1.00 -1.00
E_g    2.00 -1.00  0.00  2.00 -1.00  0.00
A_1u   1.00  1.00  1.00 -1.00 -1.00 -1.00
A_2u   1.00  1.00 -1.00 -1.00 -1.00  1.00
E_u    2.00 -1.00  0.00 -2.00  1.00  0.00

     the symmetry operations in each class and the name of the first element:

     E        1
          identity                                               
     2C3      3    4
          120 deg rotation - cryst. axis [0,0,1]                 
     3C2'     2    5    6
          180 deg rotation - cart. axis [1,0,0]                  
     i        7
          inversion                                              
     2S6      9   10
          inv. 120 deg rotation - cryst. axis [0,0,1]            
     3s_d     8   11   12
          inv. 180 deg rotation - cart. axis [1,0,0]             

   Cartesian axes

     site n.     atom                  positions (alat units)
         1           Co  tau(   1) = (   0.0000000   0.0000000   0.0000000  )
         2           O   tau(   2) = (   0.0000000  -0.0000000   0.7382650  )
         3           O   tau(   3) = (   0.0000000  -0.0000000   2.0958909  )
         4           Li  tau(   4) = (   0.0000000  -0.0000000   1.4170780  )

   Crystallographic axes

     site n.     atom                  positions (cryst. coord.)
         1           Co  tau(   1) = (  0.0000000  0.0000000  0.0000000  )
         2           O   tau(   2) = (  0.2604885  0.2604885  0.2604885  )
         3           O   tau(   3) = (  0.7395115  0.7395115  0.7395115  )
         4           Li  tau(   4) = (  0.5000000  0.5000000  0.5000000  )

     number of k points=     4
                       cart. coord. in units 2pi/alat
        k(    1) = (   0.0000000   0.0000000   0.0000000), wk =   0.2500000
        k(    2) = (   0.8804236   0.5083128  -0.1764194), wk =   0.7500000
        k(    3) = (   0.8804236  -0.5083128  -0.3528387), wk =   0.7500000
        k(    4) = (   0.0000000   0.0000000  -0.5292581), wk =   0.2500000

                       cryst. coord.
        k(    1) = (   0.0000000   0.0000000   0.0000000), wk =   0.2500000
        k(    2) = (  -0.0000000   0.0000000  -0.5000000), wk =   0.7500000
        k(    3) = (   0.0000000  -0.5000000  -0.5000000), wk =   0.7500000
        k(    4) = (  -0.5000000  -0.5000000  -0.5000000), wk =   0.2500000

     Dense  grid:    29271 G-vectors     FFT dimensions: (  60,  60,  60)

     Smooth grid:    10281 G-vectors     FFT dimensions: (  45,  45,  45)

     Dynamical RAM for                 wfc:       0.04 MB

     Dynamical RAM for     wfc (w. buffer):       0.20 MB

     Dynamical RAM for             U proj.:       0.01 MB

     Dynamical RAM for  U proj. (w. buff.):       0.06 MB

     Dynamical RAM for           str. fact:       0.17 MB

     Dynamical RAM for           local pot:       0.00 MB

     Dynamical RAM for          nlocal pot:       0.11 MB

     Dynamical RAM for                qrad:       7.18 MB

     Dynamical RAM for          rho,v,vnew:       0.83 MB

     Dynamical RAM for               rhoin:       0.28 MB

     Dynamical RAM for            rho*nmix:       0.89 MB

     Dynamical RAM for           G-vectors:       0.22 MB

     Dynamical RAM for          h,s,v(r/c):       0.19 MB

     Dynamical RAM for          <psi|beta>:       0.01 MB

     Dynamical RAM for                 psi:       0.16 MB

     Dynamical RAM for                hpsi:       0.16 MB

     Dynamical RAM for                spsi:       0.16 MB

     Dynamical RAM for      wfcinit/wfcrot:       0.14 MB

     Dynamical RAM for           addusdens:      10.50 MB

     Estimated static dynamical RAM per process >      11.25 MB

     Estimated max dynamical RAM per process >      21.74 MB

     Estimated total dynamical RAM >     173.94 MB

     Check: negative/imaginary core charge=   -0.000017    0.000000

     Initial potential from superposition of free atoms

     starting charge   30.54918, renormalised to   32.00000
 --- in v_hubbard ---
Hubbard energy    0.6305
 -------
     Number of +U iterations with fixed ns =  0
     Starting occupations:
 --- enter write_ns ---
 LDA+U parameters:
U( 1)     =  8.17000000
alpha( 1) =  0.00000000
atom    1   Tr[ns(na)] =   7.00000
    eigenvalues: 
  0.700  0.700  0.700  0.700  0.700
    eigenvectors:
  1.000  0.000  0.000  0.000  0.000
  0.000  1.000  0.000  0.000  0.000
  0.000  0.000  1.000  0.000  0.000
  0.000  0.000  0.000  1.000  0.000
  0.000  0.000  0.000  0.000  1.000
    occupations:
  0.700  0.000  0.000  0.000  0.000
  0.000  0.700  0.000  0.000  0.000
  0.000  0.000  0.700  0.000  0.000
  0.000  0.000  0.000  0.700  0.000
  0.000  0.000  0.000  0.000  0.700
N of occupied +U levels =    7.000000
 --- exit write_ns ---
 Atomic wfc used for LDA+U Projector are orthogonalized
     Starting wfcs are   26 randomized atomic wfcs
     Checking if some PAW data can be deallocated... 
       PAW data deallocated on    4 nodes for type:  2

     total cpu time spent up to now is        0.7 secs

     Self-consistent Calculation

     iteration #  1     ecut=    50.00 Ry     beta= 0.70
     Davidson diagonalization with overlap
     ethr =  1.00E-02,  avg # of iterations =  3.0
 --- enter write_ns ---
 LDA+U parameters:
U( 1)     =  8.17000000
alpha( 1) =  0.00000000
atom    1   Tr[ns(na)] =   4.12614
    eigenvalues: 
  0.120  0.120  0.520  0.652  0.652
    eigenvectors:
  0.000  0.000  1.000  0.000  0.000
  0.421  0.204  0.000  0.009  0.366
  0.204  0.421  0.000  0.366  0.009
  0.122  0.253  0.000  0.609  0.016
  0.253  0.122  0.000  0.016  0.609
    occupations:
  0.520  0.000 -0.000  0.000  0.000
  0.000  0.319  0.000 -0.000 -0.258
 -0.000  0.000  0.319 -0.258  0.000
  0.000 -0.000 -0.258  0.452 -0.000
  0.000 -0.258  0.000 -0.000  0.452
N of occupied +U levels =    4.126139
 --- exit write_ns ---
 --- in v_hubbard ---
Hubbard energy    0.5489
 -------

     total cpu time spent up to now is        0.9 secs

     total energy              =    -383.46540326 Ry
     Harris-Foulkes estimate   =    -396.11787966 Ry
     estimated scf accuracy    <      15.13398355 Ry

     iteration #  2     ecut=    50.00 Ry     beta= 0.70
     Davidson diagonalization with overlap
     ethr =  1.00E-02,  avg # of iterations =  4.5
 --- enter write_ns ---
 LDA+U parameters:
U( 1)     =  8.17000000
alpha( 1) =  0.00000000
atom    1   Tr[ns(na)] =   9.43412
    eigenvalues: 
  0.936  0.941  0.941  0.949  0.949
    eigenvectors:
  1.000  0.000  0.000  0.000  0.000
  0.000  0.330  0.372  0.086  0.212
  0.000  0.372  0.330  0.212  0.086
  0.000  0.158  0.140  0.499  0.203
  0.000  0.140  0.158  0.203  0.499
    occupations:
  0.936  0.000  0.000  0.000  0.000
  0.000  0.944  0.000 -0.000  0.004
  0.000  0.000  0.944  0.004 -0.000
  0.000 -0.000  0.004  0.947 -0.000
  0.000  0.004 -0.000 -0.000  0.947
N of occupied +U levels =    9.434117
 --- exit write_ns ---
 --- in v_hubbard ---
Hubbard energy    0.6412
 -------

     total cpu time spent up to now is        1.1 secs

     total energy              =    -390.07295790 Ry
     Harris-Foulkes estimate   =    -414.29729539 Ry
     estimated scf accuracy    <      65.50824312 Ry

     iteration #  3     ecut=    50.00 Ry     beta= 0.70
     Davidson diagonalization with overlap
     ethr =  1.00E-02,  avg # of iterations =  4.5
 --- enter write_ns ---
 LDA+U parameters:
U( 1)     =  8.17000000
alpha( 1) =  0.00000000
atom    1   Tr[ns(na)] =   9.26021
    eigenvalues: 
  0.825  0.825  0.992  0.994  0.994
    eigenvectors:
  0.000  0.000  1.000  0.000  0.000
  0.372  0.232  0.000  0.017  0.378
  0.232  0.372  0.000  0.378  0.017
  0.152  0.243  0.000  0.579  0.026
  0.243  0.152  0.000  0.026  0.579
    occupations:
  0.992  0.000  0.000  0.000  0.000
  0.000  0.892  0.000 -0.000 -0.082
  0.000  0.000  0.892 -0.082  0.000
  0.000 -0.000 -0.082  0.927 -0.000
  0.000 -0.082  0.000 -0.000  0.927
N of occupied +U levels =    9.260207
 --- exit write_ns ---
 --- in v_hubbard ---
Hubbard energy    0.6198
 -------

     total cpu time spent up to now is        1.3 secs

     total energy              =    -394.43878150 Ry
     Harris-Foulkes estimate   =    -395.45096600 Ry
     estimated scf accuracy    <       7.02923095 Ry

     iteration #  4     ecut=    50.00 Ry     beta= 0.70
     Davidson diagonalization with overlap
     ethr =  1.00E-02,  avg # of iterations =  3.2
 --- enter write_ns ---
 LDA+U parameters:
U( 1)     =  8.17000000
alpha( 1) =  0.00000000
atom    1   Tr[ns(na)] =   8.05869
    eigenvalues: 
  0.529  0.529  0.989  0.991  0.991
    eigenvectors:
  0.000  0.000  1.000  0.000  0.000
  0.416  0.208  0.000  0.019  0.357
  0.208  0.416  0.000  0.357  0.019
  0.125  0.251  0.000  0.592  0.032
  0.251  0.125  0.000  0.032  0.592
    occupations:
  0.989  0.000  0.000  0.000  0.000
  0.000  0.703  0.000 -0.000 -0.224
  0.000  0.000  0.703 -0.224  0.000
  0.000 -0.000 -0.224  0.817 -0.000
  0.000 -0.224  0.000 -0.000  0.817
N of occupied +U levels =    8.058691
 --- exit write_ns ---
 --- in v_hubbard ---
Hubbard energy    0.5336
 -------

     total cpu time spent up to now is        1.4 secs

     total energy              =    -394.73562361 Ry
     Harris-Foulkes estimate   =    -394.75372280 Ry
     estimated scf accuracy    <       0.85373178 Ry

     iteration #  5     ecut=    50.00 Ry     beta= 0.70
     Davidson diagonalization with overlap
     ethr =  2.67E-03,  avg # of iterations =  1.0
 --- enter write_ns ---
 LDA+U parameters:
U( 1)     =  8.17000000
alpha( 1) =  0.00000000
atom    1   Tr[ns(na)] =   8.02260
    eigenvalues: 
  0.520  0.520  0.989  0.991  0.991
    eigenvectors:
  0.000  0.000  1.000  0.000  0.000
  0.419  0.206  0.000  0.019  0.356
  0.206  0.419  0.000  0.356  0.019
  0.124  0.251  0.000  0.593  0.032
  0.251  0.124  0.000  0.032  0.593
    occupations:
  0.989  0.000  0.000  0.000  0.000
  0.000  0.697  0.000 -0.000 -0.228
  0.000  0.000  0.697 -0.228  0.000
  0.000 -0.000 -0.228  0.815 -0.000
  0.000 -0.228  0.000 -0.000  0.815
N of occupied +U levels =    8.022603
 --- exit write_ns ---
 --- in v_hubbard ---
Hubbard energy    0.3426
 -------

     total cpu time spent up to now is        1.6 secs

     total energy              =    -394.64653144 Ry
     Harris-Foulkes estimate   =    -394.75437392 Ry
     estimated scf accuracy    <       0.60772235 Ry

     iteration #  6     ecut=    50.00 Ry     beta= 0.70
     Davidson diagonalization with overlap
     ethr =  1.90E-03,  avg # of iterations =  3.8
 --- enter write_ns ---
 LDA+U parameters:
U( 1)     =  8.17000000
alpha( 1) =  0.00000000
atom    1   Tr[ns(na)] =   7.29380
    eigenvalues: 
  0.336  0.336  0.991  0.992  0.992
    eigenvectors:
  0.000  0.000  1.000  0.000  0.000
  0.448  0.190  0.000  0.019  0.343
  0.190  0.448  0.000  0.343  0.019
  0.108  0.254  0.000  0.604  0.034
  0.254  0.108  0.000  0.034  0.604
    occupations:
  0.991  0.000 -0.000  0.000  0.000
  0.000  0.573  0.000 -0.000 -0.315
 -0.000  0.000  0.573 -0.315  0.000
  0.000 -0.000 -0.315  0.755 -0.000
  0.000 -0.315  0.000 -0.000  0.755
N of occupied +U levels =    7.293799
 --- exit write_ns ---
 --- in v_hubbard ---
Hubbard energy    0.3476
 -------

     total cpu time spent up to now is        1.7 secs

     total energy              =    -394.74610418 Ry
     Harris-Foulkes estimate   =    -394.75625236 Ry
     estimated scf accuracy    <       0.03547765 Ry

     iteration #  7     ecut=    50.00 Ry     beta= 0.70
     Davidson diagonalization with overlap
     ethr =  1.11E-04,  avg # of iterations =  4.8
 --- enter write_ns ---
 LDA+U parameters:
U( 1)     =  8.17000000
alpha( 1) =  0.00000000
atom    1   Tr[ns(na)] =   7.31352
    eigenvalues: 
  0.340  0.340  0.992  0.992  0.992
    eigenvectors:
  0.000  0.000  1.000  0.000  0.000
  0.440  0.195  0.000  0.019  0.347
  0.195  0.440  0.000  0.347  0.019
  0.112  0.254  0.000  0.601  0.033
  0.254  0.112  0.000  0.033  0.601
    occupations:
  0.992  0.000 -0.000  0.000  0.000
  0.000  0.579  0.000 -0.000 -0.314
 -0.000  0.000  0.579 -0.314  0.000
  0.000 -0.000 -0.314  0.754 -0.000
  0.000 -0.314  0.000 -0.000  0.754
N of occupied +U levels =    7.313523
 --- exit write_ns ---
 --- in v_hubbard ---
Hubbard energy    0.3122
 -------

     total cpu time spent up to now is        1.9 secs

     total energy              =    -394.84530612 Ry
     Harris-Foulkes estimate   =    -394.84499597 Ry
     estimated scf accuracy    <       0.00876012 Ry

     iteration #  8     ecut=    50.00 Ry     beta= 0.70
     Davidson diagonalization with overlap
     ethr =  2.74E-05,  avg # of iterations =  2.2
 --- enter write_ns ---
 LDA+U parameters:
U( 1)     =  8.17000000
alpha( 1) =  0.00000000
atom    1   Tr[ns(na)] =   7.33964
    eigenvalues: 
  0.345  0.345  0.993  0.993  0.993
    eigenvectors:
  0.000  0.000  1.000  0.000  0.000
  0.440  0.195  0.000  0.019  0.346
  0.195  0.440  0.000  0.346  0.019
  0.112  0.253  0.000  0.602  0.033
  0.253  0.112  0.000  0.033  0.602
    occupations:
  0.993  0.000  0.000  0.000  0.000
  0.000  0.582  0.000 -0.000 -0.312
  0.000  0.000  0.582 -0.312  0.000
  0.000 -0.000 -0.312  0.757 -0.000
  0.000 -0.312  0.000 -0.000  0.757
N of occupied +U levels =    7.339636
 --- exit write_ns ---
 --- in v_hubbard ---
Hubbard energy    0.2842
 -------

     total cpu time spent up to now is        2.0 secs

     total energy              =    -394.84623731 Ry
     Harris-Foulkes estimate   =    -394.84603230 Ry
     estimated scf accuracy    <       0.00144652 Ry

     iteration #  9     ecut=    50.00 Ry     beta= 0.70
     Davidson diagonalization with overlap
     ethr =  4.52E-06,  avg # of iterations =  2.2
 --- enter write_ns ---
 LDA+U parameters:
U( 1)     =  8.17000000
alpha( 1) =  0.00000000
atom    1   Tr[ns(na)] =   7.33331
    eigenvalues: 
  0.344  0.344  0.993  0.993  0.993
    eigenvectors:
  0.000  0.000  1.000  0.000  0.000
  0.440  0.195  0.000  0.019  0.345
  0.195  0.440  0.000  0.345  0.019
  0.112  0.253  0.000  0.602  0.033
  0.253  0.112  0.000  0.033  0.602
    occupations:
  0.993  0.000 -0.000  0.000  0.000
  0.000  0.580  0.000 -0.000 -0.313
 -0.000  0.000  0.580 -0.313  0.000
  0.000 -0.000 -0.313  0.756 -0.000
  0.000 -0.313  0.000 -0.000  0.756
N of occupied +U levels =    7.333306
 --- exit write_ns ---
 --- in v_hubbard ---
Hubbard energy    0.2844
 -------

     total cpu time spent up to now is        2.2 secs

     total energy              =    -394.84619708 Ry
     Harris-Foulkes estimate   =    -394.84631520 Ry
     estimated scf accuracy    <       0.00023466 Ry

     iteration # 10     ecut=    50.00 Ry     beta= 0.70
     Davidson diagonalization with overlap
     ethr =  7.33E-07,  avg # of iterations =  4.0
 --- enter write_ns ---
 LDA+U parameters:
U( 1)     =  8.17000000
alpha( 1) =  0.00000000
atom    1   Tr[ns(na)] =   7.30356
    eigenvalues: 
  0.336  0.336  0.993  0.993  0.993
    eigenvectors:
  0.000  0.000  1.000  0.000  0.000
  0.441  0.195  0.000  0.019  0.345
  0.195  0.441  0.000  0.345  0.019
  0.112  0.253  0.000  0.602  0.033
  0.253  0.112  0.000  0.033  0.602
    occupations:
  0.993  0.000 -0.000  0.000  0.000
  0.000  0.576  0.000 -0.000 -0.316
 -0.000  0.000  0.576 -0.316  0.000
  0.000 -0.000 -0.316  0.754 -0.000
  0.000 -0.316  0.000 -0.000  0.754
N of occupied +U levels =    7.303562
 --- exit write_ns ---
 --- in v_hubbard ---
Hubbard energy    0.2832
 -------

     total cpu time spent up to now is        2.4 secs

     total energy              =    -394.84629059 Ry
     Harris-Foulkes estimate   =    -394.84641485 Ry
     estimated scf accuracy    <       0.00111853 Ry

     iteration # 11     ecut=    50.00 Ry     beta= 0.70
     Davidson diagonalization with overlap
     ethr =  7.33E-07,  avg # of iterations =  3.0
 --- enter write_ns ---
 LDA+U parameters:
U( 1)     =  8.17000000
alpha( 1) =  0.00000000
atom    1   Tr[ns(na)] =   7.31382
    eigenvalues: 
  0.339  0.339  0.993  0.993  0.993
    eigenvectors:
  0.000  0.000  1.000  0.000  0.000
  0.440  0.195  0.000  0.019  0.346
  0.195  0.440  0.000  0.346  0.019
  0.112  0.253  0.000  0.602  0.033
  0.253  0.112  0.000  0.033  0.602
    occupations:
  0.993  0.000 -0.000  0.000  0.000
  0.000  0.577  0.000 -0.000 -0.315
 -0.000  0.000  0.577 -0.315  0.000
  0.000 -0.000 -0.315  0.755 -0.000
  0.000 -0.315  0.000 -0.000  0.755
N of occupied +U levels =    7.313824
 --- exit write_ns ---
 --- in v_hubbard ---
Hubbard energy    0.2827
 -------

     total cpu time spent up to now is        2.5 secs

     total energy              =    -394.84627400 Ry
     Harris-Foulkes estimate   =    -394.84631560 Ry
     estimated scf accuracy    <       0.00031646 Ry

     iteration # 12     ecut=    50.00 Ry     beta= 0.70
     Davidson diagonalization with overlap
     ethr =  7.33E-07,  avg # of iterations =  1.0
 --- enter write_ns ---
 LDA+U parameters:
U( 1)     =  8.17000000
alpha( 1) =  0.00000000
atom    1   Tr[ns(na)] =   7.31608
    eigenvalues: 
  0.339  0.339  0.993  0.993  0.993
    eigenvectors:
  0.000  0.000  1.000  0.000  0.000
  0.440  0.195  0.000  0.019  0.346
  0.195  0.440  0.000  0.346  0.019
  0.112  0.253  0.000  0.602  0.033
  0.253  0.112  0.000  0.033  0.602
    occupations:
  0.993  0.000 -0.000  0.000  0.000
  0.000  0.578  0.000 -0.000 -0.315
 -0.000  0.000  0.578 -0.315  0.000
  0.000 -0.000 -0.315  0.755 -0.000
  0.000 -0.315  0.000 -0.000  0.755
N of occupied +U levels =    7.316079
 --- exit write_ns ---
 --- in v_hubbard ---
Hubbard energy    0.2820
 -------

     total cpu time spent up to now is        2.7 secs

     total energy              =    -394.84625086 Ry
     Harris-Foulkes estimate   =    -394.84628010 Ry
     estimated scf accuracy    <       0.00013899 Ry

     iteration # 13     ecut=    50.00 Ry     beta= 0.70
     Davidson diagonalization with overlap
     ethr =  4.34E-07,  avg # of iterations =  3.0
 --- enter write_ns ---
 LDA+U parameters:
U( 1)     =  8.17000000
alpha( 1) =  0.00000000
atom    1   Tr[ns(na)] =   7.32818
    eigenvalues: 
  0.342  0.342  0.993  0.993  0.993
    eigenvectors:
  0.000  0.000  1.000  0.000  0.000
  0.440  0.195  0.000  0.019  0.346
  0.195  0.440  0.000  0.346  0.019
  0.112  0.253  0.000  0.602  0.033
  0.253  0.112  0.000  0.033  0.602
    occupations:
  0.993  0.000 -0.000  0.000  0.000
  0.000  0.580  0.000 -0.000 -0.314
 -0.000  0.000  0.580 -0.314  0.000
  0.000 -0.000 -0.314  0.756 -0.000
  0.000 -0.314  0.000 -0.000  0.756
N of occupied +U levels =    7.328181
 --- exit write_ns ---
 --- in v_hubbard ---
Hubbard energy    0.2822
 -------

     total cpu time spent up to now is        2.9 secs

     total energy              =    -394.84627619 Ry
     Harris-Foulkes estimate   =    -394.84627862 Ry
     estimated scf accuracy    <       0.00001272 Ry

     iteration # 14     ecut=    50.00 Ry     beta= 0.70
     Davidson diagonalization with overlap
     ethr =  3.98E-08,  avg # of iterations =  3.0
 --- enter write_ns ---
 LDA+U parameters:
U( 1)     =  8.17000000
alpha( 1) =  0.00000000
atom    1   Tr[ns(na)] =   7.32624
    eigenvalues: 
  0.342  0.342  0.993  0.993  0.993
    eigenvectors:
  0.000  0.000  1.000  0.000  0.000
  0.440  0.195  0.000  0.019  0.346
  0.195  0.440  0.000  0.346  0.019
  0.112  0.253  0.000  0.602  0.033
  0.253  0.112  0.000  0.033  0.602
    occupations:
  0.993  0.000 -0.000  0.000  0.000
  0.000  0.580  0.000 -0.000 -0.314
 -0.000  0.000  0.580 -0.314  0.000
  0.000 -0.000 -0.314  0.755 -0.000
  0.000 -0.314  0.000 -0.000  0.755
N of occupied +U levels =    7.326238
 --- exit write_ns ---
 --- in v_hubbard ---
Hubbard energy    0.2822
 -------

     total cpu time spent up to now is        3.0 secs

     total energy              =    -394.84627704 Ry
     Harris-Foulkes estimate   =    -394.84627728 Ry
     estimated scf accuracy    <       0.00000083 Ry

     iteration # 15     ecut=    50.00 Ry     beta= 0.70
     Davidson diagonalization with overlap
     ethr =  2.58E-09,  avg # of iterations =  3.8
 --- enter write_ns ---
 LDA+U parameters:
U( 1)     =  8.17000000
alpha( 1) =  0.00000000
atom    1   Tr[ns(na)] =   7.32536
    eigenvalues: 
  0.341  0.341  0.993  0.993  0.993
    eigenvectors:
  0.000  0.000  1.000  0.000  0.000
  0.440  0.195  0.000  0.019  0.346
  0.195  0.440  0.000  0.346  0.019
  0.112  0.253  0.000  0.602  0.033
  0.253  0.112  0.000  0.033  0.602
    occupations:
  0.993  0.000 -0.000  0.000  0.000
  0.000  0.579  0.000 -0.000 -0.314
 -0.000  0.000  0.579 -0.314  0.000
  0.000 -0.000 -0.314  0.755 -0.000
  0.000 -0.314  0.000 -0.000  0.755
N of occupied +U levels =    7.325355
 --- exit write_ns ---
 --- in v_hubbard ---
Hubbard energy    0.2822
 -------

     total cpu time spent up to now is        3.2 secs

     total energy              =    -394.84627719 Ry
     Harris-Foulkes estimate   =    -394.84627729 Ry
     estimated scf accuracy    <       0.00000032 Ry

     iteration # 16     ecut=    50.00 Ry     beta= 0.70
     Davidson diagonalization with overlap
     ethr =  1.01E-09,  avg # of iterations =  3.5
 --- enter write_ns ---
 LDA+U parameters:
U( 1)     =  8.17000000
alpha( 1) =  0.00000000
atom    1   Tr[ns(na)] =   7.32581
    eigenvalues: 
  0.342  0.342  0.993  0.993  0.993
    eigenvectors:
  0.000  0.000  1.000  0.000  0.000
  0.440  0.195  0.000  0.019  0.346
  0.195  0.440  0.000  0.346  0.019
  0.112  0.253  0.000  0.602  0.033
  0.253  0.112  0.000  0.033  0.602
    occupations:
  0.993  0.000 -0.000  0.000  0.000
  0.000  0.580  0.000 -0.000 -0.314
 -0.000  0.000  0.580 -0.314  0.000
  0.000 -0.000 -0.314  0.755 -0.000
  0.000 -0.314  0.000 -0.000  0.755
N of occupied +U levels =    7.325809
 --- exit write_ns ---
 --- in v_hubbard ---
Hubbard energy    0.2822
 -------

     total cpu time spent up to now is        3.4 secs

     total energy              =    -394.84627725 Ry
     Harris-Foulkes estimate   =    -394.84627726 Ry
     estimated scf accuracy    <       0.00000005 Ry

     iteration # 17     ecut=    50.00 Ry     beta= 0.70
     Davidson diagonalization with overlap
     ethr =  1.57E-10,  avg # of iterations =  2.8
 --- enter write_ns ---
 LDA+U parameters:
U( 1)     =  8.17000000
alpha( 1) =  0.00000000
atom    1   Tr[ns(na)] =   7.32578
    eigenvalues: 
  0.342  0.342  0.993  0.993  0.993
    eigenvectors:
  0.000  0.000  1.000  0.000  0.000
  0.440  0.195  0.000  0.019  0.346
  0.195  0.440  0.000  0.346  0.019
  0.112  0.253  0.000  0.602  0.033
  0.253  0.112  0.000  0.033  0.602
    occupations:
  0.993  0.000 -0.000  0.000  0.000
  0.000  0.580  0.000 -0.000 -0.314
 -0.000  0.000  0.580 -0.314  0.000
  0.000 -0.000 -0.314  0.755 -0.000
  0.000 -0.314  0.000 -0.000  0.755
N of occupied +U levels =    7.325784
 --- exit write_ns ---
 --- in v_hubbard ---
Hubbard energy    0.2822
 -------

     total cpu time spent up to now is        3.5 secs

     total energy              =    -394.84627726 Ry
     Harris-Foulkes estimate   =    -394.84627726 Ry
     estimated scf accuracy    <       0.00000002 Ry

     iteration # 18     ecut=    50.00 Ry     beta= 0.70
     Davidson diagonalization with overlap
     ethr =  5.12E-11,  avg # of iterations =  1.5
 --- enter write_ns ---
 LDA+U parameters:
U( 1)     =  8.17000000
alpha( 1) =  0.00000000
atom    1   Tr[ns(na)] =   7.32577
    eigenvalues: 
  0.342  0.342  0.993  0.993  0.993
    eigenvectors:
  0.000  0.000  1.000  0.000  0.000
  0.439  0.196  0.000  0.019  0.346
  0.196  0.439  0.000  0.346  0.019
  0.113  0.253  0.000  0.602  0.033
  0.253  0.113  0.000  0.033  0.602
    occupations:
  0.993  0.000 -0.000  0.000  0.000
  0.000  0.580  0.000 -0.000 -0.314
 -0.000  0.000  0.580 -0.314  0.000
  0.000 -0.000 -0.314  0.755 -0.000
  0.000 -0.314  0.000 -0.000  0.755
N of occupied +U levels =    7.325771
 --- exit write_ns ---
 --- in v_hubbard ---
Hubbard energy    0.2822
 -------

     total cpu time spent up to now is        3.7 secs

     total energy              =    -394.84627726 Ry
     Harris-Foulkes estimate   =    -394.84627726 Ry
     estimated scf accuracy    <       0.00000001 Ry

     iteration # 19     ecut=    50.00 Ry     beta= 0.70
     Davidson diagonalization with overlap
     ethr =  3.54E-11,  avg # of iterations =  3.0
 --- enter write_ns ---
 LDA+U parameters:
U( 1)     =  8.17000000
alpha( 1) =  0.00000000
atom    1   Tr[ns(na)] =   7.32568
    eigenvalues: 
  0.342  0.342  0.993  0.993  0.993
    eigenvectors:
  0.000  0.000  1.000  0.000  0.000
  0.440  0.195  0.000  0.019  0.346
  0.195  0.440  0.000  0.346  0.019
  0.112  0.253  0.000  0.602  0.033
  0.253  0.112  0.000  0.033  0.602
    occupations:
  0.993  0.000 -0.000  0.000  0.000
  0.000  0.580  0.000 -0.000 -0.314
 -0.000  0.000  0.580 -0.314  0.000
  0.000 -0.000 -0.314  0.755 -0.000
  0.000 -0.314  0.000 -0.000  0.755
N of occupied +U levels =    7.325680
 --- exit write_ns ---
 --- in v_hubbard ---
Hubbard energy    0.2822
 -------

     total cpu time spent up to now is        3.8 secs

     total energy              =    -394.84627726 Ry
     Harris-Foulkes estimate   =    -394.84627726 Ry
     estimated scf accuracy    <          4.8E-10 Ry

     iteration # 20     ecut=    50.00 Ry     beta= 0.70
     Davidson diagonalization with overlap
     ethr =  1.49E-12,  avg # of iterations =  2.0
 --- enter write_ns ---
 LDA+U parameters:
U( 1)     =  8.17000000
alpha( 1) =  0.00000000
atom    1   Tr[ns(na)] =   7.32568
    eigenvalues: 
  0.342  0.342  0.993  0.993  0.993
    eigenvectors:
  0.000  0.000  1.000  0.000  0.000
  0.440  0.195  0.000  0.019  0.346
  0.195  0.440  0.000  0.346  0.019
  0.112  0.253  0.000  0.602  0.033
  0.253  0.112  0.000  0.033  0.602
    occupations:
  0.993  0.000 -0.000  0.000  0.000
  0.000  0.580  0.000 -0.000 -0.314
 -0.000  0.000  0.580 -0.314  0.000
  0.000 -0.000 -0.314  0.755 -0.000
  0.000 -0.314  0.000 -0.000  0.755
N of occupied +U levels =    7.325680
 --- exit write_ns ---
 --- in v_hubbard ---
Hubbard energy    0.2822
 -------

     total cpu time spent up to now is        4.0 secs

     total energy              =    -394.84627726 Ry
     Harris-Foulkes estimate   =    -394.84627726 Ry
     estimated scf accuracy    <          4.7E-10 Ry

     iteration # 21     ecut=    50.00 Ry     beta= 0.70
     Davidson diagonalization with overlap
     ethr =  1.48E-12,  avg # of iterations =  3.0
 --- enter write_ns ---
 LDA+U parameters:
U( 1)     =  8.17000000
alpha( 1) =  0.00000000
atom    1   Tr[ns(na)] =   7.32570
    eigenvalues: 
  0.342  0.342  0.993  0.993  0.993
    eigenvectors:
  0.000  0.000  1.000  0.000  0.000
  0.439  0.196  0.000  0.019  0.346
  0.196  0.439  0.000  0.346  0.019
  0.113  0.253  0.000  0.602  0.033
  0.253  0.113  0.000  0.033  0.602
    occupations:
  0.993  0.000 -0.000  0.000  0.000
  0.000  0.580  0.000 -0.000 -0.314
 -0.000  0.000  0.580 -0.314  0.000
  0.000 -0.000 -0.314  0.755 -0.000
  0.000 -0.314  0.000 -0.000  0.755
N of occupied +U levels =    7.325697
 --- exit write_ns ---
 --- in v_hubbard ---
Hubbard energy    0.2822
 -------

     total cpu time spent up to now is        4.1 secs

     total energy              =    -394.84627726 Ry
     Harris-Foulkes estimate   =    -394.84627726 Ry
     estimated scf accuracy    <          3.9E-11 Ry

     iteration # 22     ecut=    50.00 Ry     beta= 0.70
     Davidson diagonalization with overlap
     ethr =  1.21E-13,  avg # of iterations =  3.2
 --- enter write_ns ---
 LDA+U parameters:
U( 1)     =  8.17000000
alpha( 1) =  0.00000000
atom    1   Tr[ns(na)] =   7.32570
    eigenvalues: 
  0.342  0.342  0.993  0.993  0.993
    eigenvectors:
  0.000  0.000  1.000  0.000  0.000
  0.440  0.195  0.000  0.019  0.346
  0.195  0.440  0.000  0.346  0.019
  0.112  0.253  0.000  0.602  0.033
  0.253  0.112  0.000  0.033  0.602
    occupations:
  0.993  0.000 -0.000  0.000  0.000
  0.000  0.580  0.000 -0.000 -0.314
 -0.000  0.000  0.580 -0.314  0.000
  0.000 -0.000 -0.314  0.755 -0.000
  0.000 -0.314  0.000 -0.000  0.755
N of occupied +U levels =    7.325699
 --- exit write_ns ---
 --- in v_hubbard ---
Hubbard energy    0.2822
 -------

     total cpu time spent up to now is        4.3 secs

     total energy              =    -394.84627726 Ry
     Harris-Foulkes estimate   =    -394.84627726 Ry
     estimated scf accuracy    <          4.6E-11 Ry

     iteration # 23     ecut=    50.00 Ry     beta= 0.70
     Davidson diagonalization with overlap
     ethr =  1.21E-13,  avg # of iterations =  3.0
 --- enter write_ns ---
 LDA+U parameters:
U( 1)     =  8.17000000
alpha( 1) =  0.00000000
atom    1   Tr[ns(na)] =   7.32569
    eigenvalues: 
  0.342  0.342  0.993  0.993  0.993
    eigenvectors:
  0.000  0.000  1.000  0.000  0.000
  0.440  0.195  0.000  0.019  0.346
  0.195  0.440  0.000  0.346  0.019
  0.112  0.253  0.000  0.602  0.033
  0.253  0.112  0.000  0.033  0.602
    occupations:
  0.993  0.000 -0.000  0.000  0.000
  0.000  0.580  0.000 -0.000 -0.314
 -0.000  0.000  0.580 -0.314  0.000
  0.000 -0.000 -0.314  0.755 -0.000
  0.000 -0.314  0.000 -0.000  0.755
N of occupied +U levels =    7.325695
 --- exit write_ns ---
 --- in v_hubbard ---
Hubbard energy    0.2822
 -------

     total cpu time spent up to now is        4.4 secs

     total energy              =    -394.84627726 Ry
     Harris-Foulkes estimate   =    -394.84627726 Ry
     estimated scf accuracy    <          2.0E-12 Ry

     iteration # 24     ecut=    50.00 Ry     beta= 0.70
