
     Program PWSCF v.6.3 starts on  6Sep2018 at 17:51:16 

     This program is part of the open-source Quantum ESPRESSO suite
     for quantum simulation of materials; please cite
         "P. Giannozzi et al., J. Phys.:Condens. Matter 21 395502 (2009);
         "P. Giannozzi et al., J. Phys.:Condens. Matter 29 465901 (2017);
          URL http://www.quantum-espresso.org", 
     in publications or presentations arising from this work. More details at
     http://www.quantum-espresso.org/quote

     Parallel version (MPI), running on     8 processors

     MPI processes distributed on     1 nodes
     R & G space division:  proc/nbgrp/npool/nimage =       8
     Waiting for input...
     Reading input from standard input

     Current dimensions of program PWSCF are:
     Max number of different atomic species (ntypx) = 10
     Max number of k-points (npk) =  40000
     Max angular momentum in pseudopotentials (lmaxx) =  3
               file Co.pbesol-spn-rrkjus_psl.0.3.1.UPF: wavefunction(s)  3P renormalized

     Subspace diagonalization in iterative solution of the eigenvalue problem:
     a serial algorithm will be used

 
     Parallelization info
     --------------------
     sticks:   dense  smooth     PW     G-vecs:    dense   smooth      PW
     Min         189      94     28                 3658     1285     218
     Max         190      95     29                 3660     1286     219
     Sum        1517     755    229                29271    10281    1749
 


     bravais-lattice index     =            5
     lattice parameter (alat)  =       9.3705  a.u.
     unit-cell volume          =     217.1091 (a.u.)^3
     number of atoms/cell      =            4
     number of atomic types    =            3
     number of electrons       =        32.00
     number of Kohn-Sham states=           16
     kinetic-energy cutoff     =      50.0000  Ry
     charge density cutoff     =     400.0000  Ry
     convergence threshold     =      1.0E-15
     mixing beta               =       0.7000
     number of iterations used =            8  plain     mixing
     Exchange-correlation      = PBESOL ( 1  4 10  8 0 0)

     celldm(1)=   9.370500  celldm(2)=   0.000000  celldm(3)=   0.000000
     celldm(4)=   0.838740  celldm(5)=   0.000000  celldm(6)=   0.000000

     crystal axes: (cart. coord. in units of alat)
               a(1) = (   0.283954  -0.163941   0.944719 )  
               a(2) = (   0.000000   0.327882   0.944719 )  
               a(3) = (  -0.283954  -0.163941   0.944719 )  

     reciprocal axes: (cart. coord. in units 2 pi/alat)
               b(1) = (  1.760847 -1.016626  0.352839 )  
               b(2) = (  0.000000  2.033251  0.352839 )  
               b(3) = ( -1.760847 -1.016626  0.352839 )  


     PseudoPot. # 1 for Co read from file:
     /scratch/timrov/WORK_Hubbard/Z_git/work2_QE_fork/q-e/pseudo/Co.pbesol-spn-rrkjus_psl.0.3.1.UPF
     MD5 check sum: be6bd9f12902551d80f7748aded6479c
     Pseudo is Ultrasoft + core correction, Zval = 17.0
     Generated using "atomic" code by A. Dal Corso v.6.3
     Using radial grid of 1193 points,  6 beta functions with: 
                l(1) =   0
                l(2) =   0
                l(3) =   1
                l(4) =   1
                l(5) =   2
                l(6) =   2
     Q(r) pseudized with 0 coefficients 


     PseudoPot. # 2 for O  read from file:
     /scratch/timrov/WORK_Hubbard/Z_git/work2_QE_fork/q-e/pseudo/O.pbesol-n-rrkjus_psl.0.1.UPF
     MD5 check sum: bd3a94f595980770d88934e89ba8e519
     Pseudo is Ultrasoft + core correction, Zval =  6.0
     Generated using "atomic" code by A. Dal Corso v.6.3MaX
     Using radial grid of 1095 points,  4 beta functions with: 
                l(1) =   0
                l(2) =   0
                l(3) =   1
                l(4) =   1
     Q(r) pseudized with 0 coefficients 


     PseudoPot. # 3 for Li read from file:
     /scratch/timrov/WORK_Hubbard/Z_git/work2_QE_fork/q-e/pseudo/Li.pbesol-s-rrkjus_psl.0.2.1.UPF
     MD5 check sum: 7d78e5abfb8299c9ad50f6162b1076c3
     Pseudo is Ultrasoft, Zval =  3.0
     Generated using "atomic" code by A. Dal Corso v.5.0.2 svn rev. 9415
     Using radial grid of 1017 points,  4 beta functions with: 
                l(1) =   0
                l(2) =   0
                l(3) =   1
                l(4) =   1
     Q(r) pseudized with 0 coefficients 


     atomic species   valence    mass     pseudopotential
        Co            17.00    59.00000     Co( 1.00)
        O              6.00    16.00000     O ( 1.00)
        Li             3.00     7.00000     Li( 1.00)


     Simplified LDA+U calculation (l_max = 2) with parameters (eV):
     atomic species    L          U    alpha       J0     beta
        Co             2     7.8300   0.0000   0.0000   0.0000



     12 Sym. Ops., with inversion, found


                                    s                        frac. trans.

      isym =  1     identity                                     

 cryst.   s( 1) = (     1          0          0      )
                  (     0          1          0      )
                  (     0          0          1      )

 cart.    s( 1) = (  1.0000000  0.0000000  0.0000000 )
                  (  0.0000000  1.0000000 -0.0000000 )
                  (  0.0000000  0.0000000  1.0000000 )


      isym =  2     180 deg rotation - cart. axis [1,0,0]        

 cryst.   s( 2) = (     0          0         -1      )
                  (     0         -1          0      )
                  (    -1          0          0      )

 cart.    s( 2) = (  1.0000000  0.0000000  0.0000000 )
                  (  0.0000000 -1.0000000  0.0000000 )
                  (  0.0000000  0.0000000 -1.0000000 )


      isym =  3     120 deg rotation - cryst. axis [0,0,1]       

 cryst.   s( 3) = (     0          1          0      )
                  (     0          0          1      )
                  (     1          0          0      )

 cart.    s( 3) = ( -0.5000000 -0.8660254 -0.0000000 )
                  (  0.8660254 -0.5000000 -0.0000000 )
                  (  0.0000000  0.0000000  1.0000000 )


      isym =  4     120 deg rotation - cryst. axis [0,0,-1]      

 cryst.   s( 4) = (     0          0          1      )
                  (     1          0          0      )
                  (     0          1          0      )

 cart.    s( 4) = ( -0.5000000  0.8660254  0.0000000 )
                  ( -0.8660254 -0.5000000 -0.0000000 )
                  (  0.0000000  0.0000000  1.0000000 )


      isym =  5     180 deg rotation - cryst. axis [0,1,0]       

 cryst.   s( 5) = (     0         -1          0      )
                  (    -1          0          0      )
                  (     0          0         -1      )

 cart.    s( 5) = ( -0.5000000 -0.8660254 -0.0000000 )
                  ( -0.8660254  0.5000000  0.0000000 )
                  (  0.0000000  0.0000000 -1.0000000 )


      isym =  6     180 deg rotation - cryst. axis [1,1,0]       

 cryst.   s( 6) = (    -1          0          0      )
                  (     0          0         -1      )
                  (     0         -1          0      )

 cart.    s( 6) = ( -0.5000000  0.8660254  0.0000000 )
                  (  0.8660254  0.5000000  0.0000000 )
                  (  0.0000000  0.0000000 -1.0000000 )


      isym =  7     inversion                                    

 cryst.   s( 7) = (    -1          0          0      )
                  (     0         -1          0      )
                  (     0          0         -1      )

 cart.    s( 7) = ( -1.0000000  0.0000000  0.0000000 )
                  (  0.0000000 -1.0000000  0.0000000 )
                  (  0.0000000  0.0000000 -1.0000000 )


      isym =  8     inv. 180 deg rotation - cart. axis [1,0,0]   

 cryst.   s( 8) = (     0          0          1      )
                  (     0          1          0      )
                  (     1          0          0      )

 cart.    s( 8) = ( -1.0000000  0.0000000  0.0000000 )
                  (  0.0000000  1.0000000 -0.0000000 )
                  (  0.0000000  0.0000000  1.0000000 )


      isym =  9     inv. 120 deg rotation - cryst. axis [0,0,1]  

 cryst.   s( 9) = (     0         -1          0      )
                  (     0          0         -1      )
                  (    -1          0          0      )

 cart.    s( 9) = (  0.5000000  0.8660254  0.0000000 )
                  ( -0.8660254  0.5000000  0.0000000 )
                  (  0.0000000  0.0000000 -1.0000000 )


      isym = 10     inv. 120 deg rotation - cryst. axis [0,0,-1] 

 cryst.   s(10) = (     0          0         -1      )
                  (    -1          0          0      )
                  (     0         -1          0      )

 cart.    s(10) = (  0.5000000 -0.8660254 -0.0000000 )
                  (  0.8660254  0.5000000  0.0000000 )
                  (  0.0000000  0.0000000 -1.0000000 )


      isym = 11     inv. 180 deg rotation - cryst. axis [0,1,0]  

 cryst.   s(11) = (     0          1          0      )
                  (     1          0          0      )
                  (     0          0          1      )

 cart.    s(11) = (  0.5000000  0.8660254  0.0000000 )
                  (  0.8660254 -0.5000000 -0.0000000 )
                  (  0.0000000  0.0000000  1.0000000 )


      isym = 12     inv. 180 deg rotation - cryst. axis [1,1,0]  

 cryst.   s(12) = (     1          0          0      )
                  (     0          0          1      )
                  (     0          1          0      )

 cart.    s(12) = (  0.5000000 -0.8660254 -0.0000000 )
                  ( -0.8660254 -0.5000000 -0.0000000 )
                  (  0.0000000  0.0000000  1.0000000 )


     point group D_3d (-3m) 
     there are  6 classes
     the character table:

       E     2C3   3C2'  i     2S6   3s_d 
A_1g   1.00  1.00  1.00  1.00  1.00  1.00
A_2g   1.00  1.00 -1.00  1.00  1.00 -1.00
E_g    2.00 -1.00  0.00  2.00 -1.00  0.00
A_1u   1.00  1.00  1.00 -1.00 -1.00 -1.00
A_2u   1.00  1.00 -1.00 -1.00 -1.00  1.00
E_u    2.00 -1.00  0.00 -2.00  1.00  0.00

     the symmetry operations in each class and the name of the first element:

     E        1
          identity                                               
     2C3      3    4
          120 deg rotation - cryst. axis [0,0,1]                 
     3C2'     2    5    6
          180 deg rotation - cart. axis [1,0,0]                  
     i        7
          inversion                                              
     2S6      9   10
          inv. 120 deg rotation - cryst. axis [0,0,1]            
     3s_d     8   11   12
          inv. 180 deg rotation - cart. axis [1,0,0]             

   Cartesian axes

     site n.     atom                  positions (alat units)
         1           Co  tau(   1) = (   0.0000000   0.0000000   0.0000000  )
         2           O   tau(   2) = (   0.0000000  -0.0000000   0.7382650  )
         3           O   tau(   3) = (   0.0000000  -0.0000000   2.0958909  )
         4           Li  tau(   4) = (   0.0000000  -0.0000000   1.4170780  )

   Crystallographic axes

     site n.     atom                  positions (cryst. coord.)
         1           Co  tau(   1) = (  0.0000000  0.0000000  0.0000000  )
         2           O   tau(   2) = (  0.2604885  0.2604885  0.2604885  )
         3           O   tau(   3) = (  0.7395115  0.7395115  0.7395115  )
         4           Li  tau(   4) = (  0.5000000  0.5000000  0.5000000  )

     number of k points=     4
                       cart. coord. in units 2pi/alat
        k(    1) = (   0.0000000   0.0000000   0.0000000), wk =   0.2500000
        k(    2) = (   0.8804236   0.5083128  -0.1764194), wk =   0.7500000
        k(    3) = (   0.8804236  -0.5083128  -0.3528387), wk =   0.7500000
        k(    4) = (   0.0000000   0.0000000  -0.5292581), wk =   0.2500000

                       cryst. coord.
        k(    1) = (   0.0000000   0.0000000   0.0000000), wk =   0.2500000
        k(    2) = (  -0.0000000   0.0000000  -0.5000000), wk =   0.7500000
        k(    3) = (   0.0000000  -0.5000000  -0.5000000), wk =   0.7500000
        k(    4) = (  -0.5000000  -0.5000000  -0.5000000), wk =   0.2500000

     Dense  grid:    29271 G-vectors     FFT dimensions: (  60,  60,  60)

     Smooth grid:    10281 G-vectors     FFT dimensions: (  45,  45,  45)

     Dynamical RAM for                 wfc:       0.04 MB

     Dynamical RAM for     wfc (w. buffer):       0.20 MB

     Dynamical RAM for             U proj.:       0.01 MB

     Dynamical RAM for  U proj. (w. buff.):       0.06 MB

     Dynamical RAM for           str. fact:       0.17 MB

     Dynamical RAM for           local pot:       0.00 MB

     Dynamical RAM for          nlocal pot:       0.10 MB

     Dynamical RAM for                qrad:       7.18 MB

     Dynamical RAM for          rho,v,vnew:       0.83 MB

     Dynamical RAM for               rhoin:       0.28 MB

     Dynamical RAM for            rho*nmix:       0.89 MB

     Dynamical RAM for           G-vectors:       0.22 MB

     Dynamical RAM for          h,s,v(r/c):       0.19 MB

     Dynamical RAM for          <psi|beta>:       0.01 MB

     Dynamical RAM for                 psi:       0.16 MB

     Dynamical RAM for                hpsi:       0.16 MB

     Dynamical RAM for                spsi:       0.16 MB

     Dynamical RAM for      wfcinit/wfcrot:       0.11 MB

     Dynamical RAM for           addusdens:      10.50 MB

     Estimated static dynamical RAM per process >      11.24 MB

     Estimated max dynamical RAM per process >      21.74 MB

     Estimated total dynamical RAM >     173.92 MB

     Check: negative core charge=   -0.000097

     Initial potential from superposition of free atoms

     starting charge   31.99493, renormalised to   32.00000
 --- in v_hubbard ---
Hubbard energy    0.6043
 -------
     Number of +U iterations with fixed ns =  0
     Starting occupations:
 --- enter write_ns ---
 LDA+U parameters:
U( 1)     =  7.83000000
alpha( 1) =  0.00000000
atom    1   Tr[ns(na)] =   7.00000
    eigenvalues: 
  0.700  0.700  0.700  0.700  0.700
    eigenvectors:
  1.000  0.000  0.000  0.000  0.000
  0.000  1.000  0.000  0.000  0.000
  0.000  0.000  1.000  0.000  0.000
  0.000  0.000  0.000  1.000  0.000
  0.000  0.000  0.000  0.000  1.000
    occupations:
  0.700  0.000  0.000  0.000  0.000
  0.000  0.700  0.000  0.000  0.000
  0.000  0.000  0.700  0.000  0.000
  0.000  0.000  0.000  0.700  0.000
  0.000  0.000  0.000  0.000  0.700
N of occupied +U levels =    7.000000
 --- exit write_ns ---
 Atomic wfc used for LDA+U Projector are orthogonalized
     Starting wfcs are   20 randomized atomic wfcs

     total cpu time spent up to now is        1.2 secs

     Self-consistent Calculation

     iteration #  1     ecut=    50.00 Ry     beta= 0.70
     Davidson diagonalization with overlap
     ethr =  1.00E-02,  avg # of iterations =  2.0
 --- enter write_ns ---
 LDA+U parameters:
U( 1)     =  7.83000000
alpha( 1) =  0.00000000
atom    1   Tr[ns(na)] =   7.35007
    eigenvalues: 
  0.376  0.376  0.973  0.973  0.977
    eigenvectors:
  0.000  0.000  0.000  0.000  1.000
  0.452  0.186  0.021  0.341  0.000
  0.186  0.452  0.341  0.021  0.000
  0.105  0.257  0.601  0.037  0.000
  0.257  0.105  0.037  0.601  0.000
    occupations:
  0.977  0.000  0.000  0.000  0.000
  0.000  0.592  0.000 -0.000 -0.287
  0.000  0.000  0.592 -0.287  0.000
  0.000 -0.000 -0.287  0.757 -0.000
  0.000 -0.287  0.000 -0.000  0.757
N of occupied +U levels =    7.350071
 --- exit write_ns ---
 --- in v_hubbard ---
Hubbard energy    0.3130
 -------

     total cpu time spent up to now is        1.3 secs

     total energy              =    -372.91477087 Ry
     Harris-Foulkes estimate   =    -372.87176093 Ry
     estimated scf accuracy    <       0.32597580 Ry

     iteration #  2     ecut=    50.00 Ry     beta= 0.70
     Davidson diagonalization with overlap
     ethr =  1.02E-03,  avg # of iterations =  4.2
 --- enter write_ns ---
 LDA+U parameters:
U( 1)     =  7.83000000
alpha( 1) =  0.00000000
atom    1   Tr[ns(na)] =   8.15011
    eigenvalues: 
  0.546  0.546  0.994  0.994  0.994
    eigenvectors:
  0.000  0.000  0.000  0.000  1.000
  0.420  0.206  0.019  0.355  0.000
  0.206  0.420  0.355  0.019  0.000
  0.123  0.251  0.595  0.031  0.000
  0.251  0.123  0.031  0.595  0.000
    occupations:
  0.994  0.000  0.000  0.000  0.000
  0.000  0.714  0.000 -0.000 -0.217
  0.000  0.000  0.714 -0.217  0.000
  0.000 -0.000 -0.217  0.827 -0.000
  0.000 -0.217  0.000 -0.000  0.827
N of occupied +U levels =    8.150112
 --- exit write_ns ---
 --- in v_hubbard ---
Hubbard energy    0.3151
 -------

     total cpu time spent up to now is        1.4 secs

     total energy              =    -372.83272878 Ry
     Harris-Foulkes estimate   =    -373.20429255 Ry
     estimated scf accuracy    <       1.02811134 Ry

     iteration #  3     ecut=    50.00 Ry     beta= 0.70
     Davidson diagonalization with overlap
     ethr =  1.02E-03,  avg # of iterations =  4.0
 --- enter write_ns ---
 LDA+U parameters:
U( 1)     =  7.83000000
alpha( 1) =  0.00000000
atom    1   Tr[ns(na)] =   6.97789
    eigenvalues: 
  0.259  0.259  0.990  0.991  0.991
    eigenvectors:
  0.000  0.000  1.000  0.000  0.000
  0.437  0.197  0.000  0.019  0.347
  0.197  0.437  0.000  0.347  0.019
  0.114  0.252  0.000  0.600  0.033
  0.252  0.114  0.000  0.033  0.600
    occupations:
  0.990  0.000 -0.000  0.000  0.000
  0.000  0.527  0.000 -0.000 -0.353
 -0.000  0.000  0.527 -0.353  0.000
  0.000 -0.000 -0.353  0.723 -0.000
  0.000 -0.353  0.000 -0.000  0.723
N of occupied +U levels =    6.977892
 --- exit write_ns ---
 --- in v_hubbard ---
Hubbard energy    0.2990
 -------

     total cpu time spent up to now is        1.5 secs

     total energy              =    -373.05690500 Ry
     Harris-Foulkes estimate   =    -373.12725281 Ry
     estimated scf accuracy    <       0.37603585 Ry

     iteration #  4     ecut=    50.00 Ry     beta= 0.70
     Davidson diagonalization with overlap
     ethr =  1.02E-03,  avg # of iterations =  1.0
 --- enter write_ns ---
 LDA+U parameters:
U( 1)     =  7.83000000
alpha( 1) =  0.00000000
atom    1   Tr[ns(na)] =   7.02025
    eigenvalues: 
  0.266  0.266  0.992  0.993  0.993
    eigenvectors:
  0.000  0.000  1.000  0.000  0.000
  0.437  0.197  0.000  0.019  0.347
  0.197  0.437  0.000  0.347  0.019
  0.114  0.253  0.000  0.601  0.033
  0.253  0.114  0.000  0.033  0.601
    occupations:
  0.992  0.000 -0.000  0.000  0.000
  0.000  0.533  0.000 -0.000 -0.350
 -0.000  0.000  0.533 -0.350  0.000
  0.000 -0.000 -0.350  0.726 -0.000
  0.000 -0.350  0.000 -0.000  0.726
N of occupied +U levels =    7.020250
 --- exit write_ns ---
 --- in v_hubbard ---
Hubbard energy    0.2751
 -------

     total cpu time spent up to now is        1.6 secs

     total energy              =    -373.02941276 Ry
     Harris-Foulkes estimate   =    -373.06701878 Ry
     estimated scf accuracy    <       0.18322525 Ry

     iteration #  5     ecut=    50.00 Ry     beta= 0.70
     Davidson diagonalization with overlap
     ethr =  5.73E-04,  avg # of iterations =  3.8
 --- enter write_ns ---
 LDA+U parameters:
U( 1)     =  7.83000000
alpha( 1) =  0.00000000
atom    1   Tr[ns(na)] =   7.52448
    eigenvalues: 
  0.389  0.389  0.995  0.995  0.995
    eigenvectors:
  0.000  0.000  0.000  0.000  1.000
  0.434  0.198  0.019  0.349  0.000
  0.198  0.434  0.349  0.019  0.000
  0.115  0.253  0.599  0.033  0.000
  0.253  0.115  0.033  0.599  0.000
    occupations:
  0.995  0.000  0.000  0.000  0.000
  0.000  0.612  0.000 -0.000 -0.292
  0.000  0.000  0.612 -0.292  0.000
  0.000 -0.000 -0.292  0.772 -0.000
  0.000 -0.292  0.000 -0.000  0.772
N of occupied +U levels =    7.524482
 --- exit write_ns ---
 --- in v_hubbard ---
Hubbard energy    0.2709
 -------

     total cpu time spent up to now is        1.8 secs

     total energy              =    -373.07384287 Ry
     Harris-Foulkes estimate   =    -373.07966322 Ry
     estimated scf accuracy    <       0.03866541 Ry

     iteration #  6     ecut=    50.00 Ry     beta= 0.70
     Davidson diagonalization with overlap
     ethr =  1.21E-04,  avg # of iterations =  1.0
 --- enter write_ns ---
 LDA+U parameters:
U( 1)     =  7.83000000
alpha( 1) =  0.00000000
atom    1   Tr[ns(na)] =   7.50754
    eigenvalues: 
  0.385  0.385  0.994  0.994  0.994
    eigenvectors:
  0.000  0.000  0.000  0.000  1.000
  0.433  0.199  0.019  0.349  0.000
  0.199  0.433  0.349  0.019  0.000
  0.116  0.252  0.599  0.033  0.000
  0.252  0.116  0.033  0.599  0.000
    occupations:
  0.994  0.000  0.000  0.000  0.000
  0.000  0.609  0.000 -0.000 -0.294
  0.000  0.000  0.609 -0.294  0.000
  0.000 -0.000 -0.294  0.770 -0.000
  0.000 -0.294  0.000 -0.000  0.770
N of occupied +U levels =    7.507540
 --- exit write_ns ---
 --- in v_hubbard ---
Hubbard energy    0.2744
 -------

     total cpu time spent up to now is        1.9 secs

     total energy              =    -373.07091826 Ry
     Harris-Foulkes estimate   =    -373.07456067 Ry
     estimated scf accuracy    <       0.02244734 Ry

     iteration #  7     ecut=    50.00 Ry     beta= 0.70
     Davidson diagonalization with overlap
     ethr =  7.01E-05,  avg # of iterations =  3.8
 --- enter write_ns ---
 LDA+U parameters:
U( 1)     =  7.83000000
alpha( 1) =  0.00000000
atom    1   Tr[ns(na)] =   7.35927
    eigenvalues: 
  0.348  0.348  0.994  0.994  0.994
    eigenvectors:
  0.000  0.000  0.000  0.000  1.000
  0.435  0.198  0.019  0.349  0.000
  0.198  0.435  0.349  0.019  0.000
  0.115  0.253  0.600  0.033  0.000
  0.253  0.115  0.033  0.600  0.000
    occupations:
  0.994  0.000  0.000  0.000  0.000
  0.000  0.586  0.000 -0.000 -0.311
  0.000  0.000  0.586 -0.311  0.000
  0.000 -0.000 -0.311  0.757 -0.000
  0.000 -0.311  0.000 -0.000  0.757
N of occupied +U levels =    7.359273
 --- exit write_ns ---
 --- in v_hubbard ---
Hubbard energy    0.2739
 -------

     total cpu time spent up to now is        2.0 secs

     total energy              =    -373.07477239 Ry
     Harris-Foulkes estimate   =    -373.07478608 Ry
     estimated scf accuracy    <       0.00045224 Ry

     iteration #  8     ecut=    50.00 Ry     beta= 0.70
     Davidson diagonalization with overlap
     ethr =  1.41E-06,  avg # of iterations =  2.2
 --- enter write_ns ---
 LDA+U parameters:
U( 1)     =  7.83000000
alpha( 1) =  0.00000000
atom    1   Tr[ns(na)] =   7.35912
    eigenvalues: 
  0.348  0.348  0.994  0.994  0.994
    eigenvectors:
  0.000  0.000  0.000  0.000  1.000
  0.435  0.197  0.019  0.349  0.000
  0.197  0.435  0.349  0.019  0.000
  0.115  0.253  0.600  0.033  0.000
  0.253  0.115  0.033  0.600  0.000
    occupations:
  0.994  0.000  0.000  0.000  0.000
  0.000  0.586  0.000 -0.000 -0.311
  0.000  0.000  0.586 -0.311  0.000
  0.000 -0.000 -0.311  0.757 -0.000
  0.000 -0.311  0.000 -0.000  0.757
N of occupied +U levels =    7.359115
 --- exit write_ns ---
 --- in v_hubbard ---
Hubbard energy    0.2730
 -------

     total cpu time spent up to now is        2.1 secs

     total energy              =    -373.07478329 Ry
     Harris-Foulkes estimate   =    -373.07480845 Ry
     estimated scf accuracy    <       0.00040924 Ry

     iteration #  9     ecut=    50.00 Ry     beta= 0.70
     Davidson diagonalization with overlap
     ethr =  1.28E-06,  avg # of iterations =  1.0
 --- enter write_ns ---
 LDA+U parameters:
U( 1)     =  7.83000000
alpha( 1) =  0.00000000
atom    1   Tr[ns(na)] =   7.35956
    eigenvalues: 
  0.349  0.349  0.994  0.994  0.994
    eigenvectors:
  0.000  0.000  0.000  0.000  1.000
  0.435  0.197  0.019  0.349  0.000
  0.197  0.435  0.349  0.019  0.000
  0.114  0.253  0.600  0.033  0.000
  0.253  0.114  0.033  0.600  0.000
    occupations:
  0.994  0.000  0.000  0.000  0.000
  0.000  0.586  0.000 -0.000 -0.311
  0.000  0.000  0.586 -0.311  0.000
  0.000 -0.000 -0.311  0.757 -0.000
  0.000 -0.311  0.000 -0.000  0.757
N of occupied +U levels =    7.359556
 --- exit write_ns ---
 --- in v_hubbard ---
Hubbard energy    0.2724
 -------

     total cpu time spent up to now is        2.2 secs

     total energy              =    -373.07473564 Ry
     Harris-Foulkes estimate   =    -373.07479232 Ry
     estimated scf accuracy    <       0.00028061 Ry

     iteration # 10     ecut=    50.00 Ry     beta= 0.70
     Davidson diagonalization with overlap
     ethr =  8.77E-07,  avg # of iterations =  3.5
 --- enter write_ns ---
 LDA+U parameters:
U( 1)     =  7.83000000
alpha( 1) =  0.00000000
atom    1   Tr[ns(na)] =   7.37089
    eigenvalues: 
  0.351  0.351  0.994  0.994  0.994
    eigenvectors:
  0.000  0.000  0.000  0.000  1.000
  0.436  0.197  0.019  0.349  0.000
  0.197  0.436  0.349  0.019  0.000
  0.114  0.253  0.600  0.033  0.000
  0.253  0.114  0.033  0.600  0.000
    occupations:
  0.994  0.000  0.000  0.000  0.000
  0.000  0.588  0.000 -0.000 -0.310
  0.000  0.000  0.588 -0.310  0.000
  0.000 -0.000 -0.310  0.758 -0.000
  0.000 -0.310  0.000 -0.000  0.758
N of occupied +U levels =    7.370888
 --- exit write_ns ---
 --- in v_hubbard ---
Hubbard energy    0.2723
 -------

     total cpu time spent up to now is        2.3 secs

     total energy              =    -373.07476636 Ry
     Harris-Foulkes estimate   =    -373.07476674 Ry
     estimated scf accuracy    <       0.00000216 Ry

     iteration # 11     ecut=    50.00 Ry     beta= 0.70
     Davidson diagonalization with overlap
     ethr =  6.74E-09,  avg # of iterations =  5.0
 --- enter write_ns ---
 LDA+U parameters:
U( 1)     =  7.83000000
alpha( 1) =  0.00000000
atom    1   Tr[ns(na)] =   7.37292
    eigenvalues: 
  0.352  0.352  0.994  0.994  0.994
    eigenvectors:
  0.000  0.000  0.000  0.000  1.000
  0.434  0.198  0.019  0.349  0.000
  0.198  0.434  0.349  0.019  0.000
  0.115  0.252  0.600  0.033  0.000
  0.252  0.115  0.033  0.600  0.000
    occupations:
  0.994  0.000  0.000  0.000  0.000
  0.000  0.588  0.000 -0.000 -0.310
  0.000  0.000  0.588 -0.310  0.000
  0.000 -0.000 -0.310  0.758 -0.000
  0.000 -0.310  0.000 -0.000  0.758
N of occupied +U levels =    7.372923
 --- exit write_ns ---
 --- in v_hubbard ---
Hubbard energy    0.2724
 -------

     total cpu time spent up to now is        2.5 secs

     total energy              =    -373.07477187 Ry
     Harris-Foulkes estimate   =    -373.07477262 Ry
     estimated scf accuracy    <       0.00000313 Ry

     iteration # 12     ecut=    50.00 Ry     beta= 0.70
     Davidson diagonalization with overlap
     ethr =  6.74E-09,  avg # of iterations =  4.0
 --- enter write_ns ---
 LDA+U parameters:
U( 1)     =  7.83000000
alpha( 1) =  0.00000000
atom    1   Tr[ns(na)] =   7.37157
    eigenvalues: 
  0.351  0.351  0.994  0.994  0.994
    eigenvectors:
  0.000  0.000  0.000  0.000  1.000
  0.435  0.197  0.019  0.349  0.000
  0.197  0.435  0.349  0.019  0.000
  0.115  0.253  0.600  0.033  0.000
  0.253  0.115  0.033  0.600  0.000
    occupations:
  0.994  0.000  0.000  0.000  0.000
  0.000  0.588  0.000 -0.000 -0.310
  0.000  0.000  0.588 -0.310  0.000
  0.000 -0.000 -0.310  0.758 -0.000
  0.000 -0.310  0.000 -0.000  0.758
N of occupied +U levels =    7.371573
 --- exit write_ns ---
 --- in v_hubbard ---
Hubbard energy    0.2723
 -------

     total cpu time spent up to now is        2.6 secs

     total energy              =    -373.07477233 Ry
     Harris-Foulkes estimate   =    -373.07477229 Ry
     estimated scf accuracy    <       0.00000180 Ry

     iteration # 13     ecut=    50.00 Ry     beta= 0.70
     Davidson diagonalization with overlap
     ethr =  5.64E-09,  avg # of iterations =  2.5
 --- enter write_ns ---
 LDA+U parameters:
U( 1)     =  7.83000000
alpha( 1) =  0.00000000
atom    1   Tr[ns(na)] =   7.37197
    eigenvalues: 
  0.352  0.352  0.994  0.994  0.994
    eigenvectors:
  0.000  0.000  0.000  0.000  1.000
  0.435  0.197  0.019  0.349  0.000
  0.197  0.435  0.349  0.019  0.000
  0.115  0.253  0.600  0.033  0.000
  0.253  0.115  0.033  0.600  0.000
    occupations:
  0.994  0.000  0.000  0.000  0.000
  0.000  0.588  0.000 -0.000 -0.310
  0.000  0.000  0.588 -0.310  0.000
  0.000 -0.000 -0.310  0.758 -0.000
  0.000 -0.310  0.000 -0.000  0.758
N of occupied +U levels =    7.371971
 --- exit write_ns ---
 --- in v_hubbard ---
Hubbard energy    0.2722
 -------

     total cpu time spent up to now is        2.7 secs

     total energy              =    -373.07477264 Ry
     Harris-Foulkes estimate   =    -373.07477246 Ry
     estimated scf accuracy    <       0.00000133 Ry

     iteration # 14     ecut=    50.00 Ry     beta= 0.70
     Davidson diagonalization with overlap
     ethr =  4.14E-09,  avg # of iterations =  4.0
 --- enter write_ns ---
 LDA+U parameters:
U( 1)     =  7.83000000
alpha( 1) =  0.00000000
atom    1   Tr[ns(na)] =   7.37316
    eigenvalues: 
  0.352  0.352  0.994  0.994  0.994
    eigenvectors:
  0.000  0.000  0.000  0.000  1.000
  0.434  0.198  0.019  0.349  0.000
  0.198  0.434  0.349  0.019  0.000
  0.115  0.252  0.600  0.033  0.000
  0.252  0.115  0.033  0.600  0.000
    occupations:
  0.994  0.000  0.000  0.000  0.000
  0.000  0.588  0.000 -0.000 -0.310
  0.000  0.000  0.588 -0.310  0.000
  0.000 -0.000 -0.310  0.758 -0.000
  0.000 -0.310  0.000 -0.000  0.758
N of occupied +U levels =    7.373161
 --- exit write_ns ---
 --- in v_hubbard ---
Hubbard energy    0.2722
 -------

     total cpu time spent up to now is        2.8 secs

     total energy              =    -373.07477274 Ry
     Harris-Foulkes estimate   =    -373.07477294 Ry
     estimated scf accuracy    <       0.00000429 Ry

     iteration # 15     ecut=    50.00 Ry     beta= 0.70
     Davidson diagonalization with overlap
     ethr =  4.14E-09,  avg # of iterations =  1.0
 --- enter write_ns ---
 LDA+U parameters:
U( 1)     =  7.83000000
alpha( 1) =  0.00000000
atom    1   Tr[ns(na)] =   7.37312
    eigenvalues: 
  0.352  0.352  0.994  0.994  0.994
    eigenvectors:
  0.000  0.000  0.000  0.000  1.000
  0.434  0.198  0.019  0.349  0.000
  0.198  0.434  0.349  0.019  0.000
  0.115  0.253  0.599  0.033  0.000
  0.253  0.115  0.033  0.599  0.000
    occupations:
  0.994  0.000  0.000  0.000  0.000
  0.000  0.588  0.000 -0.000 -0.310
  0.000  0.000  0.588 -0.310  0.000
  0.000 -0.000 -0.310  0.758 -0.000
  0.000 -0.310  0.000 -0.000  0.758
N of occupied +U levels =    7.373119
 --- exit write_ns ---
 --- in v_hubbard ---
Hubbard energy    0.2722
 -------

     total cpu time spent up to now is        2.9 secs

     total energy              =    -373.07477300 Ry
     Harris-Foulkes estimate   =    -373.07477274 Ry
     estimated scf accuracy    <       0.00000378 Ry

     iteration # 16     ecut=    50.00 Ry     beta= 0.70
     Davidson diagonalization with overlap
     ethr =  4.14E-09,  avg # of iterations =  1.0
 --- enter write_ns ---
 LDA+U parameters:
U( 1)     =  7.83000000
alpha( 1) =  0.00000000
atom    1   Tr[ns(na)] =   7.37318
    eigenvalues: 
  0.352  0.352  0.994  0.994  0.994
    eigenvectors:
  0.000  0.000  0.000  0.000  1.000
  0.434  0.198  0.019  0.349  0.000
  0.198  0.434  0.349  0.019  0.000
  0.115  0.252  0.600  0.033  0.000
  0.252  0.115  0.033  0.600  0.000
    occupations:
  0.994  0.000  0.000  0.000  0.000
  0.000  0.588  0.000 -0.000 -0.310
  0.000  0.000  0.588 -0.310  0.000
  0.000 -0.000 -0.310  0.758 -0.000
  0.000 -0.310  0.000 -0.000  0.758
N of occupied +U levels =    7.373184
 --- exit write_ns ---
 --- in v_hubbard ---
Hubbard energy    0.2722
 -------

     total cpu time spent up to now is        3.1 secs

     total energy              =    -373.07477295 Ry
     Harris-Foulkes estimate   =    -373.07477303 Ry
     estimated scf accuracy    <       0.00000466 Ry

     iteration # 17     ecut=    50.00 Ry     beta= 0.70
     Davidson diagonalization with overlap
     ethr =  4.14E-09,  avg # of iterations =  1.0
 --- enter write_ns ---
 LDA+U parameters:
U( 1)     =  7.83000000
alpha( 1) =  0.00000000
atom    1   Tr[ns(na)] =   7.37327
    eigenvalues: 
  0.352  0.352  0.994  0.994  0.994
    eigenvectors:
  0.000  0.000  0.000  0.000  1.000
  0.435  0.197  0.019  0.349  0.000
  0.197  0.435  0.349  0.019  0.000
  0.115  0.253  0.600  0.033  0.000
  0.253  0.115  0.033  0.600  0.000
    occupations:
  0.994  0.000  0.000  0.000  0.000
  0.000  0.588  0.000 -0.000 -0.310
  0.000  0.000  0.588 -0.310  0.000
  0.000 -0.000 -0.310  0.758 -0.000
  0.000 -0.310  0.000 -0.000  0.758
N of occupied +U levels =    7.373275
 --- exit write_ns ---
 --- in v_hubbard ---
Hubbard energy    0.2722
 -------

     total cpu time spent up to now is        3.2 secs

     total energy              =    -373.07477204 Ry
     Harris-Foulkes estimate   =    -373.07477297 Ry
     estimated scf accuracy    <       0.00000504 Ry

     iteration # 18     ecut=    50.00 Ry     beta= 0.70
     Davidson diagonalization with overlap
     ethr =  4.14E-09,  avg # of iterations =  2.2
 --- enter write_ns ---
 LDA+U parameters:
U( 1)     =  7.83000000
alpha( 1) =  0.00000000
atom    1   Tr[ns(na)] =   7.37298
    eigenvalues: 
  0.352  0.352  0.994  0.994  0.994
    eigenvectors:
  0.000  0.000  0.000  0.000  1.000
  0.435  0.198  0.019  0.349  0.000
  0.198  0.435  0.349  0.019  0.000
  0.115  0.253  0.600  0.033  0.000
  0.253  0.115  0.033  0.600  0.000
    occupations:
  0.994  0.000  0.000  0.000  0.000
  0.000  0.588  0.000 -0.000 -0.310
  0.000  0.000  0.588 -0.310  0.000
  0.000 -0.000 -0.310  0.758 -0.000
  0.000 -0.310  0.000 -0.000  0.758
N of occupied +U levels =    7.372984
 --- exit write_ns ---
 --- in v_hubbard ---
Hubbard energy    0.2722
 -------

     total cpu time spent up to now is        3.4 secs

     total energy              =    -373.07477176 Ry
     Harris-Foulkes estimate   =    -373.07477214 Ry
     estimated scf accuracy    <       0.00000226 Ry

     iteration # 19     ecut=    50.00 Ry     beta= 0.70
     Davidson diagonalization with overlap
     ethr =  4.14E-09,  avg # of iterations =  3.8
 --- enter write_ns ---
 LDA+U parameters:
U( 1)     =  7.83000000
alpha( 1) =  0.00000000
atom    1   Tr[ns(na)] =   7.37196
    eigenvalues: 
  0.352  0.352  0.994  0.994  0.994
    eigenvectors:
  0.000  0.000  0.000  0.000  1.000
  0.435  0.197  0.019  0.349  0.000
  0.197  0.435  0.349  0.019  0.000
  0.115  0.253  0.600  0.033  0.000
  0.253  0.115  0.033  0.600  0.000
    occupations:
  0.994  0.000  0.000  0.000  0.000
  0.000  0.588  0.000 -0.000 -0.310
  0.000  0.000  0.588 -0.310  0.000
  0.000 -0.000 -0.310  0.758 -0.000
  0.000 -0.310  0.000 -0.000  0.758
N of occupied +U levels =    7.371962
 --- exit write_ns ---
 --- in v_hubbard ---
Hubbard energy    0.2722
 -------

     total cpu time spent up to now is        3.5 secs

     total energy              =    -373.07477196 Ry
     Harris-Foulkes estimate   =    -373.07477199 Ry
     estimated scf accuracy    <       0.00000009 Ry

     iteration # 20     ecut=    50.00 Ry     beta= 0.70
     Davidson diagonalization with overlap
     ethr =  2.78E-10,  avg # of iterations =  4.2
 --- enter write_ns ---
 LDA+U parameters:
U( 1)     =  7.83000000
alpha( 1) =  0.00000000
atom    1   Tr[ns(na)] =   7.37149
    eigenvalues: 
  0.351  0.351  0.994  0.994  0.994
    eigenvectors:
  0.000  0.000  0.000  0.000  1.000
  0.434  0.198  0.019  0.349  0.000
  0.198  0.434  0.349  0.019  0.000
  0.115  0.252  0.600  0.033  0.000
  0.252  0.115  0.033  0.600  0.000
    occupations:
  0.994  0.000  0.000  0.000  0.000
  0.000  0.588  0.000 -0.000 -0.310
  0.000  0.000  0.588 -0.310  0.000
  0.000 -0.000 -0.310  0.758 -0.000
  0.000 -0.310  0.000 -0.000  0.758
N of occupied +U levels =    7.371493
 --- exit write_ns ---
 --- in v_hubbard ---
Hubbard energy    0.2722
 -------

     total cpu time spent up to now is        3.6 secs

     total energy              =    -373.07477200 Ry
     Harris-Foulkes estimate   =    -373.07477202 Ry
     estimated scf accuracy    <       0.00000009 Ry

     iteration # 21     ecut=    50.00 Ry     beta= 0.70
     Davidson diagonalization with overlap
     ethr =  2.75E-10,  avg # of iterations =  2.5
 --- enter write_ns ---
 LDA+U parameters:
U( 1)     =  7.83000000
alpha( 1) =  0.00000000
atom    1   Tr[ns(na)] =   7.37158
    eigenvalues: 
  0.351  0.351  0.994  0.994  0.994
    eigenvectors:
  0.000  0.000  0.000  0.000  1.000
  0.435  0.197  0.019  0.349  0.000
  0.197  0.435  0.349  0.019  0.000
  0.115  0.253  0.600  0.033  0.000
  0.253  0.115  0.033  0.600  0.000
    occupations:
  0.994  0.000  0.000  0.000  0.000
  0.000  0.588  0.000 -0.000 -0.310
  0.000  0.000  0.588 -0.310  0.000
  0.000 -0.000 -0.310  0.758 -0.000
  0.000 -0.310  0.000 -0.000  0.758
N of occupied +U levels =    7.371577
 --- exit write_ns ---
 --- in v_hubbard ---
Hubbard energy    0.2722
 -------

     total cpu time spent up to now is        3.7 secs

     total energy              =    -373.07477200 Ry
     Harris-Foulkes estimate   =    -373.07477201 Ry
     estimated scf accuracy    <          9.6E-09 Ry

     iteration # 22     ecut=    50.00 Ry     beta= 0.70
     Davidson diagonalization with overlap
     ethr =  3.01E-11,  avg # of iterations =  4.5
 --- enter write_ns ---
 LDA+U parameters:
U( 1)     =  7.83000000
alpha( 1) =  0.00000000
atom    1   Tr[ns(na)] =   7.37193
    eigenvalues: 
  0.352  0.352  0.994  0.994  0.994
    eigenvectors:
  0.000  0.000  0.000  0.000  1.000
  0.435  0.197  0.019  0.349  0.000
  0.197  0.435  0.349  0.019  0.000
  0.115  0.253  0.600  0.033  0.000
  0.253  0.115  0.033  0.600  0.000
    occupations:
  0.994  0.000  0.000  0.000  0.000
  0.000  0.588  0.000 -0.000 -0.310
  0.000  0.000  0.588 -0.310  0.000
  0.000 -0.000 -0.310  0.758 -0.000
  0.000 -0.310  0.000 -0.000  0.758
N of occupied +U levels =    7.371928
 --- exit write_ns ---
 --- in v_hubbard ---
Hubbard energy    0.2722
 -------

     total cpu time spent up to now is        3.9 secs

     total energy              =    -373.07477203 Ry
     Harris-Foulkes estimate   =    -373.07477203 Ry
     estimated scf accuracy    <       0.00000012 Ry

     iteration # 23     ecut=    50.00 Ry     beta= 0.70
     Davidson diagonalization with overlap
     ethr =  3.01E-11,  avg # of iterations =  1.0
 --- enter write_ns ---
 LDA+U parameters:
U( 1)     =  7.83000000
alpha( 1) =  0.00000000
atom    1   Tr[ns(na)] =   7.37193
    eigenvalues: 
  0.352  0.352  0.994  0.994  0.994
    eigenvectors:
  0.000  0.000  0.000  0.000  1.000
  0.435  0.197  0.019  0.349  0.000
  0.197  0.435  0.349  0.019  0.000
  0.115  0.253  0.600  0.033  0.000
  0.253  0.115  0.033  0.600  0.000
    occupations:
  0.994  0.000  0.000  0.000  0.000
  0.000  0.588  0.000 -0.000 -0.310
  0.000  0.000  0.588 -0.310  0.000
  0.000 -0.000 -0.310  0.758 -0.000
  0.000 -0.310  0.000 -0.000  0.758
N of occupied +U levels =    7.371930
 --- exit write_ns ---
 --- in v_hubbard ---
Hubbard energy    0.2722
 -------

     total cpu time spent up to now is        4.0 secs

     total energy              =    -373.07477203 Ry
     Harris-Foulkes estimate   =    -373.07477203 Ry
     estimated scf accuracy    <       0.00000012 Ry

     iteration # 24     ecut=    50.00 Ry     beta= 0.70
     Davidson diagonalization with overlap
     ethr =  3.01E-11,  avg # of iterations =  3.0
 --- enter write_ns ---
 LDA+U parameters:
U( 1)     =  7.83000000
alpha( 1) =  0.00000000
atom    1   Tr[ns(na)] =   7.37199
    eigenvalues: 
  0.352  0.352  0.994  0.994  0.994
    eigenvectors:
  0.000  0.000  0.000  0.000  1.000
  0.435  0.197  0.019  0.349  0.000
  0.197  0.435  0.349  0.019  0.000
  0.115  0.253  0.600  0.033  0.000
  0.253  0.115  0.033  0.600  0.000
    occupations:
  0.994  0.000  0.000  0.000  0.000
  0.000  0.588  0.000 -0.000 -0.310
  0.000  0.000  0.588 -0.310  0.000
  0.000 -0.000 -0.310  0.758 -0.000
  0.000 -0.310  0.000 -0.000  0.758
N of occupied +U levels =    7.371990
 --- exit write_ns ---
 --- in v_hubbard ---
