  0.00000000E+00  0.87374220E+01
  0.28922784E-01  0.87332231E+01
  0.57845569E-01  0.87206451E+01
  0.86768353E-01  0.86997464E+01
  0.11569114E+00  0.86706250E+01
  0.14461392E+00  0.86334209E+01
  0.17353671E+00  0.85883177E+01
  0.20245949E+00  0.85355455E+01
  0.23138228E+00  0.84753843E+01
  0.26030506E+00  0.84081661E+01
  0.28922784E+00  0.83342791E+01
  0.31815063E+00  0.82541695E+01
  0.34707341E+00  0.81683449E+01
  0.37599620E+00  0.80773751E+01
  0.40491898E+00  0.79818938E+01
  0.43384177E+00  0.78825983E+01
  0.46276455E+00  0.77802481E+01
  0.49168734E+00  0.76756630E+01
  0.52061012E+00  0.75697190E+01
  0.54953290E+00  0.74633430E+01
  0.57845569E+00  0.73575062E+01
  0.60737847E+00  0.72532161E+01
  0.63630126E+00  0.71515066E+01
  0.66522404E+00  0.70534274E+01
  0.69414683E+00  0.69600322E+01
  0.72306961E+00  0.68723651E+01
  0.75199240E+00  0.67914472E+01
  0.78091518E+00  0.67182623E+01
  0.80983796E+00  0.66537422E+01
  0.83876075E+00  0.65987518E+01
  0.86768353E+00  0.65540754E+01
  0.89660632E+00  0.65204024E+01
  0.92552910E+00  0.64983153E+01
  0.95445189E+00  0.64882773E+01
  0.98337467E+00  0.64906233E+01
  0.10122975E+01  0.65055508E+01
  0.10412202E+01  0.65331146E+01
  0.10701430E+01  0.65732221E+01
  0.10990658E+01  0.66256321E+01
  0.11279886E+01  0.66899557E+01
  0.11569114E+01  0.67656594E+01
  0.11861278E+01  0.67652666E+01
  0.12153442E+01  0.67641767E+01
  0.12445607E+01  0.67626480E+01
  0.12737771E+01  0.67610930E+01
  0.13029935E+01  0.67600513E+01
  0.13322099E+01  0.67601585E+01
  0.13614263E+01  0.67621092E+01
  0.13906428E+01  0.67666211E+01
  0.14198592E+01  0.67744005E+01
  0.14490756E+01  0.67861116E+01
  0.14782920E+01  0.68023513E+01
  0.15075085E+01  0.68236293E+01
  0.15367249E+01  0.68503544E+01
  0.15659413E+01  0.68828256E+01
  0.15659413E+01  0.68828282E+01
  0.15951577E+01  0.69212312E+01
  0.16243742E+01  0.69656388E+01
  0.16535906E+01  0.70160145E+01
  0.16828070E+01  0.70722189E+01
  0.17120234E+01  0.71340180E+01
  0.17412399E+01  0.72010934E+01
  0.17704563E+01  0.72730527E+01
  0.17996727E+01  0.73494411E+01
  0.18288891E+01  0.74297527E+01
  0.18581056E+01  0.75134420E+01
  0.18873220E+01  0.75999351E+01
  0.19165384E+01  0.76886402E+01
  0.19457548E+01  0.77789574E+01
  0.19749713E+01  0.78702878E+01
  0.20041877E+01  0.79620423E+01
  0.20334041E+01  0.80536478E+01
  0.20626205E+01  0.81445543E+01
  0.20918370E+01  0.82342397E+01
  0.21210534E+01  0.83222136E+01
  0.21502698E+01  0.84080204E+01
  0.21794862E+01  0.84912403E+01
  0.22087027E+01  0.85714898E+01
  0.22379191E+01  0.86484198E+01
  0.22671355E+01  0.87217121E+01
  0.22963519E+01  0.87910734E+01
  0.23255683E+01  0.88562251E+01
  0.23547848E+01  0.89168883E+01
  0.23840012E+01  0.89727586E+01
  0.24132176E+01  0.90234645E+01
  0.24424340E+01  0.90684950E+01
  0.24716505E+01  0.91070633E+01
  0.25008669E+01  0.90854524E+01
  0.25300833E+01  0.90178841E+01
  0.25592997E+01  0.89579670E+01
  0.25885162E+01  0.89055430E+01
  0.26177326E+01  0.88604604E+01
  0.26469490E+01  0.88225778E+01
  0.26761654E+01  0.87917686E+01
  0.27053819E+01  0.87679241E+01
  0.27345983E+01  0.87509569E+01
  0.27638147E+01  0.87408026E+01
  0.27930311E+01  0.87374220E+01
  0.28216573E+01  0.87439289E+01
  0.28502834E+01  0.87633971E+01
  0.28789095E+01  0.87956699E+01
  0.29075357E+01  0.88404874E+01
  0.29361618E+01  0.88974889E+01
  0.29647879E+01  0.89515349E+01
  0.29934141E+01  0.89733086E+01
  0.30220402E+01  0.89739750E+01
  0.30506663E+01  0.89561601E+01
  0.30792925E+01  0.89240681E+01
  0.31079186E+01  0.88813172E+01
  0.31365447E+01  0.88305611E+01
  0.31651709E+01  0.87737138E+01
  0.31937970E+01  0.87122121E+01
  0.32224231E+01  0.86472003E+01
  0.32510493E+01  0.85796427E+01
  0.32796754E+01  0.85103907E+01
  0.33083015E+01  0.84402215E+01
  0.33369277E+01  0.83698605E+01
  0.33655538E+01  0.82999942E+01
  0.33941799E+01  0.82312760E+01
  0.34228061E+01  0.81643291E+01
  0.34514322E+01  0.80997476E+01
  0.34800583E+01  0.80380947E+01
  0.35086845E+01  0.79799014E+01
  0.35373106E+01  0.79256640E+01
  0.35659367E+01  0.78758417E+01
  0.35945629E+01  0.78308538E+01
  0.36231890E+01  0.77910772E+01
  0.36518151E+01  0.77568439E+01
  0.36804413E+01  0.77284390E+01
  0.37090674E+01  0.77060984E+01
  0.37376935E+01  0.76900074E+01
  0.37663196E+01  0.76802993E+01
  0.37949458E+01  0.76770545E+01
  0.38241622E+01  0.76759514E+01
  0.38533786E+01  0.76726021E+01
  0.38825951E+01  0.76668941E+01
  0.39118115E+01  0.76586628E+01
  0.39410279E+01  0.76477221E+01
  0.39702443E+01  0.76339019E+01
  0.39994608E+01  0.76170865E+01
  0.40286772E+01  0.75972498E+01
  0.40578936E+01  0.75744834E+01
  0.40871100E+01  0.75490144E+01
  0.41163264E+01  0.75212136E+01
  0.41455429E+01  0.74915929E+01
  0.41747593E+01  0.74607949E+01
  0.42039757E+01  0.74295761E+01
  0.42331921E+01  0.73987875E+01
  0.42624086E+01  0.73693514E+01
  0.42916250E+01  0.73422402E+01
  0.43208414E+01  0.73184546E+01
  0.43500578E+01  0.72990038E+01
  0.43792743E+01  0.72848874E+01
  0.44084907E+01  0.72770796E+01
  0.44377071E+01  0.72765147E+01
  0.44669235E+01  0.72840748E+01
  0.44961400E+01  0.73005789E+01
  0.45253564E+01  0.73267737E+01
  0.45545728E+01  0.73633253E+01
  0.45837892E+01  0.74108122E+01
  0.46130057E+01  0.74691858E+01
  0.46419284E+01  0.74647289E+01
  0.46708512E+01  0.74514783E+01
  0.46997740E+01  0.74297893E+01
  0.47286968E+01  0.74002410E+01
  0.47576196E+01  0.73636166E+01
  0.47865424E+01  0.73208779E+01
  0.48154652E+01  0.72731356E+01
  0.48443879E+01  0.72216153E+01
  0.48733107E+01  0.71676232E+01
  0.49022335E+01  0.71125101E+01
  0.49311563E+01  0.70576367E+01
  0.49600791E+01  0.70043405E+01
  0.49890019E+01  0.69539048E+01
  0.50179246E+01  0.69075299E+01
  0.50468474E+01  0.68663084E+01
  0.50757702E+01  0.68312025E+01
  0.51046930E+01  0.68030253E+01
  0.51336158E+01  0.67824253E+01
  0.51625386E+01  0.67698745E+01
  0.51914614E+01  0.67656594E+01
  
  0.00000000E+00  0.87374220E+01
  0.28922784E-01  0.87507297E+01
  0.57845569E-01  0.87905393E+01
  0.86768353E-01  0.88565103E+01
  0.11569114E+00  0.89480798E+01
  0.14461392E+00  0.90644702E+01
  0.17353671E+00  0.92046990E+01
  0.20245949E+00  0.93675916E+01
  0.23138228E+00  0.95000866E+01
  0.26030506E+00  0.94960782E+01
  0.28922784E+00  0.94888103E+01
  0.31815063E+00  0.94775239E+01
  0.34707341E+00  0.94614619E+01
  0.37599620E+00  0.94398895E+01
  0.40491898E+00  0.94121135E+01
  0.43384177E+00  0.93775010E+01
  0.46276455E+00  0.93354978E+01
  0.49168734E+00  0.92856445E+01
  0.52061012E+00  0.92275911E+01
  0.54953290E+00  0.91611098E+01
  0.57845569E+00  0.90861046E+01
  0.60737847E+00  0.90026190E+01
  0.63630126E+00  0.89108408E+01
  0.66522404E+00  0.88111035E+01
  0.69414683E+00  0.87038853E+01
  0.72306961E+00  0.85898050E+01
  0.75199240E+00  0.84696150E+01
  0.78091518E+00  0.83441916E+01
  0.80983796E+00  0.82145230E+01
  0.83876075E+00  0.80816949E+01
  0.86768353E+00  0.79468741E+01
  0.89660632E+00  0.78112909E+01
  0.92552910E+00  0.76762196E+01
  0.95445189E+00  0.75429586E+01
  0.98337467E+00  0.74128104E+01
  0.10122975E+01  0.72870605E+01
  0.10412202E+01  0.71669579E+01
  0.10701430E+01  0.70536952E+01
  0.10990658E+01  0.69483907E+01
  0.11279886E+01  0.68520718E+01
  0.11569114E+01  0.67656594E+01
  0.11861278E+01  0.67746778E+01
  0.12153442E+01  0.68016337E+01
  0.12445607E+01  0.68462321E+01
  0.12737771E+01  0.69079850E+01
  0.13029935E+01  0.69862175E+01
  0.13322099E+01  0.70800761E+01
  0.13614263E+01  0.71885388E+01
  0.13906428E+01  0.73104276E+01
  0.14198592E+01  0.74444225E+01
  0.14490756E+01  0.75890780E+01
  0.14782920E+01  0.77428398E+01
  0.15075085E+01  0.79040639E+01
  0.15367249E+01  0.80710364E+01
  0.15659413E+01  0.82419940E+01
  0.15659413E+01  0.82419877E+01
  0.15951577E+01  0.84151383E+01
  0.16243742E+01  0.85886838E+01
  0.16535906E+01  0.87608401E+01
  0.16828070E+01  0.89298589E+01
  0.17120234E+01  0.90940482E+01
  0.17412399E+01  0.92517924E+01
  0.17704563E+01  0.94015711E+01
  0.17996727E+01  0.95419766E+01
  0.18288891E+01  0.96717304E+01
  0.18581056E+01  0.97896976E+01
  0.18873220E+01  0.98948996E+01
  0.19165384E+01  0.99865249E+01
  0.19457548E+01  0.10063938E+02
  0.19749713E+01  0.10126684E+02
  0.20041877E+01  0.10174495E+02
  0.20334041E+01  0.10207292E+02
  0.20626205E+01  0.10225182E+02
  0.20918370E+01  0.10228456E+02
  0.21210534E+01  0.10217585E+02
  0.21502698E+01  0.10193209E+02
  0.21794862E+01  0.10156132E+02
  0.22087027E+01  0.10107309E+02
  0.22379191E+01  0.10047828E+02
  0.22671355E+01  0.99183442E+01
  0.22963519E+01  0.97848577E+01
  0.23255683E+01  0.96598765E+01
  0.23547848E+01  0.95433854E+01
  0.23840012E+01  0.94353322E+01
  0.24132176E+01  0.93356325E+01
  0.24424340E+01  0.92441759E+01
  0.24716505E+01  0.91608313E+01
  0.25008669E+01  0.91378417E+01
  0.25300833E+01  0.91584087E+01
  0.25592997E+01  0.90869175E+01
  0.25885162E+01  0.90102055E+01
  0.26177326E+01  0.89411866E+01
  0.26469490E+01  0.88809157E+01
  0.26761654E+01  0.88303094E+01
  0.27053819E+01  0.87901343E+01
  0.27345983E+01  0.87609974E+01
  0.27638147E+01  0.87433380E+01
  0.27930311E+01  0.87374220E+01
  0.28216573E+01  0.87439291E+01
  0.28502834E+01  0.87633976E+01
  0.28789095E+01  0.87956708E+01
  0.29075357E+01  0.88404887E+01
  0.29361618E+01  0.88974905E+01
  0.29647879E+01  0.89662154E+01
  0.29934141E+01  0.90461135E+01
  0.30220402E+01  0.91365400E+01
  0.30506663E+01  0.92367667E+01
  0.30792925E+01  0.93459868E+01
  0.31079186E+01  0.94633208E+01
  0.31365447E+01  0.95878240E+01
  0.31651709E+01  0.97184941E+01
  0.31937970E+01  0.98542788E+01
  0.32224231E+01  0.99940851E+01
  0.32510493E+01  0.10136787E+02
  0.32796754E+01  0.10281236E+02
  0.33083015E+01  0.10426269E+02
  0.33369277E+01  0.10570718E+02
  0.33655538E+01  0.10713420E+02
  0.33941799E+01  0.10853226E+02
  0.34228061E+01  0.10989011E+02
  0.34514322E+01  0.11119681E+02
  0.34800583E+01  0.11244184E+02
  0.35086845E+01  0.11361518E+02
  0.35373106E+01  0.11470739E+02
  0.35659367E+01  0.11570965E+02
  0.35945629E+01  0.11661392E+02
  0.36231890E+01  0.11741290E+02
  0.36518151E+01  0.11810017E+02
  0.36804413E+01  0.11867018E+02
  0.37090674E+01  0.11911836E+02
  0.37376935E+01  0.11944109E+02
  0.37663196E+01  0.11963577E+02
  0.37949458E+01  0.11970084E+02
  0.38241622E+01  0.11946684E+02
  0.38533786E+01  0.11878324E+02
  0.38825951E+01  0.11769919E+02
  0.39118115E+01  0.11628053E+02
  0.39410279E+01  0.11459603E+02
  0.39702443E+01  0.11270882E+02
  0.39994608E+01  0.11067296E+02
  0.40286772E+01  0.10853330E+02
  0.40578936E+01  0.10632668E+02
  0.40871100E+01  0.10408350E+02
  0.41163264E+01  0.10182910E+02
  0.41455429E+01  0.99584894E+01
  0.41747593E+01  0.97369225E+01
  0.42039757E+01  0.95197982E+01
  0.42331921E+01  0.93085038E+01
  0.42624086E+01  0.91042566E+01
  0.42916250E+01  0.89081246E+01
  0.43208414E+01  0.87210421E+01
  0.43500578E+01  0.85438188E+01
  0.43792743E+01  0.83771466E+01
  0.44084907E+01  0.82216032E+01
  0.44377071E+01  0.80776546E+01
  0.44669235E+01  0.79456564E+01
  0.44961400E+01  0.78258547E+01
  0.45253564E+01  0.77183866E+01
  0.45545728E+01  0.76232812E+01
  0.45837892E+01  0.75404605E+01
  0.46130057E+01  0.74702754E+01
  0.46419284E+01  0.74658113E+01
  0.46708512E+01  0.74525390E+01
  0.46997740E+01  0.74308147E+01
  0.47286968E+01  0.74012185E+01
  0.47576196E+01  0.73645350E+01
  0.47865424E+01  0.73217280E+01
  0.48154652E+01  0.72739100E+01
  0.48443879E+01  0.72223087E+01
  0.48733107E+01  0.71682326E+01
  0.49022335E+01  0.71130345E+01
  0.49311563E+01  0.70580773E+01
  0.49600791E+01  0.70047004E+01
  0.49890019E+01  0.69541888E+01
  0.50179246E+01  0.69077446E+01
  0.50468474E+01  0.68664617E+01
  0.50757702E+01  0.68313035E+01
  0.51046930E+01  0.68030841E+01
  0.51336158E+01  0.67824530E+01
  0.51625386E+01  0.67698824E+01
  0.51914614E+01  0.67656594E+01
  
  0.00000000E+00  0.87374220E+01
  0.28922784E-01  0.87507300E+01
  0.57845569E-01  0.87905399E+01
  0.86768353E-01  0.88565112E+01
  0.11569114E+00  0.89480809E+01
  0.14461392E+00  0.90644715E+01
  0.17353671E+00  0.92047006E+01
  0.20245949E+00  0.93675934E+01
  0.23138228E+00  0.95517961E+01
  0.26030506E+00  0.97558000E+01
  0.28922784E+00  0.99779489E+01
  0.31815063E+00  0.10216467E+02
  0.34707341E+00  0.10469476E+02
  0.37599620E+00  0.10735022E+02
  0.40491898E+00  0.11011088E+02
  0.43384177E+00  0.11295627E+02
  0.46276455E+00  0.11586572E+02
  0.49168734E+00  0.11881867E+02
  0.52061012E+00  0.12179477E+02
  0.54953290E+00  0.12477410E+02
  0.57845569E+00  0.12773736E+02
  0.60737847E+00  0.13066595E+02
  0.63630126E+00  0.13354214E+02
  0.66522404E+00  0.13634914E+02
  0.69414683E+00  0.13907122E+02
  0.72306961E+00  0.14169371E+02
  0.75199240E+00  0.14420310E+02
  0.78091518E+00  0.14658701E+02
  0.80983796E+00  0.14883424E+02
  0.83876075E+00  0.15093468E+02
  0.86768353E+00  0.15287936E+02
  0.89660632E+00  0.15466035E+02
  0.92552910E+00  0.15627073E+02
  0.95445189E+00  0.15770455E+02
  0.98337467E+00  0.15895673E+02
  0.10122975E+01  0.16002303E+02
  0.10412202E+01  0.16089997E+02
  0.10701430E+01  0.16158479E+02
  0.10990658E+01  0.16207541E+02
  0.11279886E+01  0.16237037E+02
  0.11569114E+01  0.16246878E+02
  0.11861278E+01  0.16238444E+02
  0.12153442E+01  0.16213194E+02
  0.12445607E+01  0.16171277E+02
  0.12737771E+01  0.16112944E+02
  0.13029935E+01  0.16038541E+02
  0.13322099E+01  0.15948507E+02
  0.13614263E+01  0.15843371E+02
  0.13906428E+01  0.15723748E+02
  0.14198592E+01  0.15590330E+02
  0.14490756E+01  0.15443884E+02
  0.14782920E+01  0.15285243E+02
  0.15075085E+01  0.15115297E+02
  0.15367249E+01  0.14934991E+02
  0.15659413E+01  0.14745311E+02
  0.15659413E+01  0.14745319E+02
  0.15951577E+01  0.14547286E+02
  0.16243742E+01  0.14341946E+02
  0.16535906E+01  0.14130364E+02
  0.16828070E+01  0.13913616E+02
  0.17120234E+01  0.13692774E+02
  0.17412399E+01  0.13468907E+02
  0.17704563E+01  0.13243064E+02
  0.17996727E+01  0.13016273E+02
  0.18288891E+01  0.12789532E+02
  0.18581056E+01  0.12563798E+02
  0.18873220E+01  0.12339989E+02
  0.19165384E+01  0.12118970E+02
  0.19457548E+01  0.11901555E+02
  0.19749713E+01  0.11688499E+02
  0.20041877E+01  0.11480497E+02
  0.20334041E+01  0.11278178E+02
  0.20626205E+01  0.11082108E+02
  0.20918370E+01  0.10892787E+02
  0.21210534E+01  0.10710648E+02
  0.21502698E+01  0.10536057E+02
  0.21794862E+01  0.10369319E+02
  0.22087027E+01  0.10210676E+02
  0.22379191E+01  0.10060308E+02
  0.22671355E+01  0.99789004E+01
  0.22963519E+01  0.99018431E+01
  0.23255683E+01  0.98180584E+01
  0.23547848E+01  0.97290164E+01
  0.23840012E+01  0.96362353E+01
  0.24132176E+01  0.95412609E+01
  0.24424340E+01  0.94456458E+01
  0.24716505E+01  0.93509290E+01
  0.25008669E+01  0.92586157E+01
  0.25300833E+01  0.91701778E+01
  0.25592997E+01  0.91643615E+01
  0.25885162E+01  0.91479025E+01
  0.26177326E+01  0.91004786E+01
  0.26469490E+01  0.90240176E+01
  0.26761654E+01  0.89358057E+01
  0.27053819E+01  0.88543005E+01
  0.27345983E+01  0.87907817E+01
  0.27638147E+01  0.87509513E+01
  0.27930311E+01  0.87374220E+01
  0.28216573E+01  0.87463090E+01
  0.28502834E+01  0.87721438E+01
  0.28789095E+01  0.88122283E+01
  0.29075357E+01  0.88613797E+01
  0.29361618E+01  0.89113179E+01
  0.29647879E+01  0.89662173E+01
  0.29934141E+01  0.90461158E+01
  0.30220402E+01  0.91365426E+01
  0.30506663E+01  0.92367697E+01
  0.30792925E+01  0.93459901E+01
  0.31079186E+01  0.94633244E+01
  0.31365447E+01  0.95878280E+01
  0.31651709E+01  0.97184983E+01
  0.31937970E+01  0.98542834E+01
  0.32224231E+01  0.99940899E+01
  0.32510493E+01  0.10136792E+02
  0.32796754E+01  0.10281241E+02
  0.33083015E+01  0.10426275E+02
  0.33369277E+01  0.10570724E+02
  0.33655538E+01  0.10713426E+02
  0.33941799E+01  0.10853232E+02
  0.34228061E+01  0.10989017E+02
  0.34514322E+01  0.11119687E+02
  0.34800583E+01  0.11244191E+02
  0.35086845E+01  0.11361525E+02
  0.35373106E+01  0.11470745E+02
  0.35659367E+01  0.11570972E+02
  0.35945629E+01  0.11661398E+02
  0.36231890E+01  0.11741296E+02
  0.36518151E+01  0.11810022E+02
  0.36804413E+01  0.11867024E+02
  0.37090674E+01  0.11911841E+02
  0.37376935E+01  0.11944114E+02
  0.37663196E+01  0.11963582E+02
  0.37949458E+01  0.11970089E+02
  0.38241622E+01  0.11977628E+02
  0.38533786E+01  0.12000265E+02
  0.38825951E+01  0.12038035E+02
  0.39118115E+01  0.12090978E+02
  0.39410279E+01  0.12159107E+02
  0.39702443E+01  0.12242369E+02
  0.39994608E+01  0.12340613E+02
  0.40286772E+01  0.12453549E+02
  0.40578936E+01  0.12580730E+02
  0.40871100E+01  0.12721528E+02
  0.41163264E+01  0.12875135E+02
  0.41455429E+01  0.13040563E+02
  0.41747593E+01  0.13216658E+02
  0.42039757E+01  0.13402122E+02
  0.42331921E+01  0.13595532E+02
  0.42624086E+01  0.13795367E+02
  0.42916250E+01  0.14000034E+02
  0.43208414E+01  0.14207890E+02
  0.43500578E+01  0.14417267E+02
  0.43792743E+01  0.14626492E+02
  0.44084907E+01  0.14833906E+02
  0.44377071E+01  0.15037882E+02
  0.44669235E+01  0.15236840E+02
  0.44961400E+01  0.15429263E+02
  0.45253564E+01  0.15613703E+02
  0.45545728E+01  0.15788798E+02
  0.45837892E+01  0.15953280E+02
  0.46130057E+01  0.16105449E+02
  0.46419284E+01  0.16106446E+02
  0.46708512E+01  0.16109403E+02
  0.46997740E+01  0.16114218E+02
  0.47286968E+01  0.16120727E+02
  0.47576196E+01  0.16128713E+02
  0.47865424E+01  0.16137920E+02
  0.48154652E+01  0.16148063E+02
  0.48443879E+01  0.16158840E+02
  0.48733107E+01  0.16169950E+02
  0.49022335E+01  0.16181098E+02
  0.49311563E+01  0.16192004E+02
  0.49600791E+01  0.16202415E+02
  0.49890019E+01  0.16212103E+02
  0.50179246E+01  0.16220871E+02
  0.50468474E+01  0.16228554E+02
  0.50757702E+01  0.16235015E+02
  0.51046930E+01  0.16240146E+02
  0.51336158E+01  0.16243868E+02
  0.51625386E+01  0.16246122E+02
  0.51914614E+01  0.16246878E+02
  
  0.00000000E+00  0.94921121E+01
  0.28922784E-01  0.94925367E+01
  0.57845569E-01  0.94937502E+01
  0.86768353E-01  0.94955741E+01
  0.11569114E+00  0.94977157E+01
  0.14461392E+00  0.94997754E+01
  0.17353671E+00  0.95012565E+01
  0.20245949E+00  0.95015774E+01
  0.23138228E+00  0.95517981E+01
  0.26030506E+00  0.97558021E+01
  0.28922784E+00  0.99779513E+01
  0.31815063E+00  0.10216469E+02
  0.34707341E+00  0.10469479E+02
  0.37599620E+00  0.10735025E+02
  0.40491898E+00  0.11011091E+02
  0.43384177E+00  0.11295630E+02
  0.46276455E+00  0.11586576E+02
  0.49168734E+00  0.11881870E+02
  0.52061012E+00  0.12179480E+02
  0.54953290E+00  0.12477414E+02
  0.57845569E+00  0.12773740E+02
  0.60737847E+00  0.13066599E+02
  0.63630126E+00  0.13354218E+02
  0.66522404E+00  0.13634918E+02
  0.69414683E+00  0.13907126E+02
  0.72306961E+00  0.14169375E+02
  0.75199240E+00  0.14420313E+02
  0.78091518E+00  0.14658705E+02
  0.80983796E+00  0.14883427E+02
  0.83876075E+00  0.15093471E+02
  0.86768353E+00  0.15287939E+02
  0.89660632E+00  0.15466038E+02
  0.92552910E+00  0.15627076E+02
  0.95445189E+00  0.15770458E+02
  0.98337467E+00  0.15895675E+02
  0.10122975E+01  0.16002305E+02
  0.10412202E+01  0.16089998E+02
  0.10701430E+01  0.16158480E+02
  0.10990658E+01  0.16207542E+02
  0.11279886E+01  0.16237037E+02
  0.11569114E+01  0.16246878E+02
  0.11861278E+01  0.16253762E+02
  0.12153442E+01  0.16274209E+02
  0.12445607E+01  0.16307610E+02
  0.12737771E+01  0.16352976E+02
  0.13029935E+01  0.16408968E+02
  0.13322099E+01  0.16473945E+02
  0.13614263E+01  0.16546009E+02
  0.13906428E+01  0.16623061E+02
  0.14198592E+01  0.16702852E+02
  0.14490756E+01  0.16783036E+02
  0.14782920E+01  0.16861218E+02
  0.15075085E+01  0.16934997E+02
  0.15367249E+01  0.17002011E+02
  0.15659413E+01  0.17059963E+02
  0.15659413E+01  0.17059958E+02
  0.15951577E+01  0.17106658E+02
  0.16243742E+01  0.17140043E+02
  0.16535906E+01  0.17158206E+02
  0.16828070E+01  0.17159412E+02
  0.17120234E+01  0.17142123E+02
  0.17412399E+01  0.17105007E+02
  0.17704563E+01  0.17046956E+02
  0.17996727E+01  0.16967097E+02
  0.18288891E+01  0.16864796E+02
  0.18581056E+01  0.16739670E+02
  0.18873220E+01  0.16591590E+02
  0.19165384E+01  0.16420681E+02
  0.19457548E+01  0.16227325E+02
  0.19749713E+01  0.16012155E+02
  0.20041877E+01  0.15776055E+02
  0.20334041E+01  0.15520147E+02
  0.20626205E+01  0.15245788E+02
  0.20918370E+01  0.14954554E+02
  0.21210534E+01  0.14648229E+02
  0.21502698E+01  0.14328791E+02
  0.21794862E+01  0.13998392E+02
  0.22087027E+01  0.13659343E+02
  0.22379191E+01  0.13314091E+02
  0.22671355E+01  0.12965207E+02
  0.22963519E+01  0.12615359E+02
  0.23255683E+01  0.12267302E+02
  0.23547848E+01  0.11923862E+02
  0.23840012E+01  0.11587933E+02
  0.24132176E+01  0.11262488E+02
  0.24424340E+01  0.10950626E+02
  0.24716505E+01  0.10655672E+02
  0.25008669E+01  0.10381416E+02
  0.25300833E+01  0.10132619E+02
  0.25592997E+01  0.99159853E+01
  0.25885162E+01  0.97412970E+01
  0.26177326E+01  0.96190273E+01
  0.26469490E+01  0.95489305E+01
  0.26761654E+01  0.95151789E+01
  0.27053819E+01  0.95005328E+01
  0.27345983E+01  0.94946748E+01
  0.27638147E+01  0.94925986E+01
  0.27930311E+01  0.94921121E+01
  0.28216573E+01  0.94925933E+01
  0.28502834E+01  0.94947880E+01
  0.28789095E+01  0.95011688E+01
  0.29075357E+01  0.95165443E+01
  0.29361618E+01  0.95486750E+01
  0.29647879E+01  0.96074083E+01
  0.29934141E+01  0.97006694E+01
  0.30220402E+01  0.98301962E+01
  0.30506663E+01  0.99923144E+01
  0.30792925E+01  0.10181658E+02
  0.31079186E+01  0.10393343E+02
  0.31365447E+01  0.10623355E+02
  0.31651709E+01  0.10868337E+02
  0.31937970E+01  0.11125338E+02
  0.32224231E+01  0.11391638E+02
  0.32510493E+01  0.11664654E+02
  0.32796754E+01  0.11941880E+02
  0.33083015E+01  0.12220863E+02
  0.33369277E+01  0.12499197E+02
  0.33655538E+01  0.12774522E+02
  0.33941799E+01  0.13044529E+02
  0.34228061E+01  0.13306975E+02
  0.34514322E+01  0.13559691E+02
  0.34800583E+01  0.13800600E+02
  0.35086845E+01  0.14027728E+02
  0.35373106E+01  0.14239217E+02
  0.35659367E+01  0.14433343E+02
  0.35945629E+01  0.14608525E+02
  0.36231890E+01  0.14763337E+02
  0.36518151E+01  0.14896520E+02
  0.36804413E+01  0.15006995E+02
  0.37090674E+01  0.15093863E+02
  0.37376935E+01  0.15156419E+02
  0.37663196E+01  0.15194157E+02
  0.37949458E+01  0.15206771E+02
  0.38241622E+01  0.15224764E+02
  0.38533786E+01  0.15276912E+02
  0.38825951E+01  0.15358337E+02
  0.39118115E+01  0.15462517E+02
  0.39410279E+01  0.15582660E+02
  0.39702443E+01  0.15712563E+02
  0.39994608E+01  0.15846955E+02
  0.40286772E+01  0.15981511E+02
  0.40578936E+01  0.16112732E+02
  0.40871100E+01  0.16237789E+02
  0.41163264E+01  0.16354386E+02
  0.41455429E+01  0.16460642E+02
  0.41747593E+01  0.16555012E+02
  0.42039757E+01  0.16636222E+02
  0.42331921E+01  0.16703226E+02
  0.42624086E+01  0.16755174E+02
  0.42916250E+01  0.16791392E+02
  0.43208414E+01  0.16811366E+02
  0.43500578E+01  0.16814732E+02
  0.43792743E+01  0.16801270E+02
  0.44084907E+01  0.16770897E+02
  0.44377071E+01  0.16723668E+02
  0.44669235E+01  0.16659771E+02
  0.44961400E+01  0.16579527E+02
  0.45253564E+01  0.16483386E+02
  0.45545728E+01  0.16371927E+02
  0.45837892E+01  0.16245854E+02
  0.46130057E+01  0.16106526E+02
  0.46419284E+01  0.16107516E+02
  0.46708512E+01  0.16110451E+02
  0.46997740E+01  0.16115231E+02
  0.47286968E+01  0.16121692E+02
  0.47576196E+01  0.16129619E+02
  0.47865424E+01  0.16138758E+02
  0.48154652E+01  0.16148826E+02
  0.48443879E+01  0.16159523E+02
  0.48733107E+01  0.16170550E+02
  0.49022335E+01  0.16181613E+02
  0.49311563E+01  0.16192436E+02
  0.49600791E+01  0.16202767E+02
  0.49890019E+01  0.16212380E+02
  0.50179246E+01  0.16221080E+02
  0.50468474E+01  0.16228702E+02
  0.50757702E+01  0.16235112E+02
  0.51046930E+01  0.16240202E+02
  0.51336158E+01  0.16243893E+02
  0.51625386E+01  0.16246129E+02
  0.51914614E+01  0.16246878E+02
  
