 Passo: 
h&K-XC -0.295766938773E-03 -0.542612069657E-04  0.252615338098E-04
h&K-H -0.550720324357E-01 -0.366364725800E-01  0.272016242076E-02
h&K-K      0.5000000  0.300095584244E-01  0.569745432585E-02 -0.606313394383E-02  0.305334273726E-01  0.628908257931E-02 -0.612055975944E-02 -0.523868366145E-03 -0.591628020629E-03  0.574258338020E-04
h&K-ELE  0.176057368517E-01  0.507114455104E-02 -0.556140206754E-02
ionic: -0.866284230972E-01 -0.345461672392E-01  0.209243191221E-02
ionic_a:  0.541046176570E-05 -0.100139052745E-05 -0.578230359500E-05
ionic_b: -0.133736251860E-01 -0.271787765656E-02  0.299666776574E-02
ionic_c: -0.305879036531E-01 -0.367681382161E-03  0.834163916192E-02
ionic_d: -0.385685842103E-01 -0.424012821893E-01 -0.962744378510E-02
ionic_e: -0.410372050962E-02  0.109416753793E-01  0.387351073238E-03
zero:  0.392094379931E-01  0.547969817764E-01  0.127445564710E-01
total:  -7.277722605417E-02 -1.074246492392E-02 1.151927839395E-02
