  0.00000000E+00 -0.64791860E+01
  0.11116747E-01 -0.64792116E+01
  0.22233494E-01 -0.64792882E+01
  0.33350240E-01 -0.64794159E+01
  0.44466987E-01 -0.64795945E+01
  0.55583734E-01 -0.64798239E+01
  0.66700481E-01 -0.64801037E+01
  0.77817228E-01 -0.64804337E+01
  0.88933975E-01 -0.64808135E+01
  0.10005072E+00 -0.64812429E+01
  0.11116747E+00 -0.64817213E+01
  0.12228422E+00 -0.64822482E+01
  0.13340096E+00 -0.64828232E+01
  0.14451771E+00 -0.64834456E+01
  0.15563446E+00 -0.64841149E+01
  0.16675120E+00 -0.64848302E+01
  0.17786795E+00 -0.64855910E+01
  0.18898470E+00 -0.64863965E+01
  0.20010144E+00 -0.64872457E+01
  0.21121819E+00 -0.64881379E+01
  0.22233494E+00 -0.64890722E+01
  0.23345168E+00 -0.64900476E+01
  0.24456843E+00 -0.64910632E+01
  0.25568518E+00 -0.64921179E+01
  0.26680192E+00 -0.64932106E+01
  0.27791867E+00 -0.64943403E+01
  0.28903542E+00 -0.64955057E+01
  0.30015216E+00 -0.64967059E+01
  0.31126891E+00 -0.64979394E+01
  0.32238566E+00 -0.64992052E+01
  0.33350240E+00 -0.65005018E+01
  0.34461915E+00 -0.65018281E+01
  0.35573590E+00 -0.65031827E+01
  0.36685265E+00 -0.65045642E+01
  0.37796939E+00 -0.65059712E+01
  0.38908614E+00 -0.65074024E+01
  0.40020289E+00 -0.65088563E+01
  0.41131963E+00 -0.65103315E+01
  0.42243638E+00 -0.65118264E+01
  0.43355313E+00 -0.65133397E+01
  0.44466987E+00 -0.65148697E+01
  0.45578662E+00 -0.65164149E+01
  0.46690337E+00 -0.65179739E+01
  0.47802011E+00 -0.65195451E+01
  0.48913686E+00 -0.65211268E+01
  0.50025361E+00 -0.65227176E+01
  0.51137035E+00 -0.65243159E+01
  0.52248710E+00 -0.65259200E+01
  0.53360385E+00 -0.65275284E+01
  0.54472059E+00 -0.65291396E+01
  0.55583734E+00 -0.65307518E+01
  0.56695409E+00 -0.65323636E+01
  0.57807084E+00 -0.65339732E+01
  0.58918758E+00 -0.65355792E+01
  0.60030433E+00 -0.65371800E+01
  0.61142108E+00 -0.65387739E+01
  0.62253782E+00 -0.65403595E+01
  0.63365457E+00 -0.65419351E+01
  0.64477132E+00 -0.65434993E+01
  0.65588806E+00 -0.65450504E+01
  0.66700481E+00 -0.65465869E+01
  0.67812156E+00 -0.65481075E+01
  0.68923830E+00 -0.65496105E+01
  0.70035505E+00 -0.65510945E+01
  0.71147180E+00 -0.65525580E+01
  0.72258854E+00 -0.65539997E+01
  0.73370529E+00 -0.65554181E+01
  0.74482204E+00 -0.65568118E+01
  0.75593878E+00 -0.65581796E+01
  0.76705553E+00 -0.65595200E+01
  0.77817228E+00 -0.65608317E+01
  0.78928902E+00 -0.65621135E+01
  0.80040577E+00 -0.65633642E+01
  0.81152252E+00 -0.65645824E+01
  0.82263927E+00 -0.65657672E+01
  0.83375601E+00 -0.65669172E+01
  0.84487276E+00 -0.65680314E+01
  0.85598951E+00 -0.65691087E+01
  0.86710625E+00 -0.65701481E+01
  0.87822300E+00 -0.65711486E+01
  0.88933975E+00 -0.65721092E+01
  0.90045649E+00 -0.65730289E+01
  0.91157324E+00 -0.65739069E+01
  0.92268999E+00 -0.65747424E+01
  0.93380673E+00 -0.65755345E+01
  0.94492348E+00 -0.65762825E+01
  0.95604023E+00 -0.65769857E+01
  0.96715697E+00 -0.65776433E+01
  0.97827372E+00 -0.65782548E+01
  0.98939047E+00 -0.65788196E+01
  0.10005072E+01 -0.65793370E+01
  0.10116240E+01 -0.65798067E+01
  0.10227407E+01 -0.65802282E+01
  0.10338575E+01 -0.65806011E+01
  0.10449742E+01 -0.65809249E+01
  0.10560909E+01 -0.65811995E+01
  0.10672077E+01 -0.65814245E+01
  0.10783244E+01 -0.65815997E+01
  0.10894412E+01 -0.65817250E+01
  0.11005579E+01 -0.65818002E+01
  0.11116747E+01 -0.65818253E+01
  0.11229043E+01 -0.65817867E+01
  0.11341339E+01 -0.65816711E+01
  0.11453635E+01 -0.65814787E+01
  0.11565931E+01 -0.65812096E+01
  0.11678227E+01 -0.65808645E+01
  0.11790523E+01 -0.65804439E+01
  0.11902820E+01 -0.65799484E+01
  0.12015116E+01 -0.65793788E+01
  0.12127412E+01 -0.65787361E+01
  0.12239708E+01 -0.65780214E+01
  0.12352004E+01 -0.65772358E+01
  0.12464300E+01 -0.65763805E+01
  0.12576596E+01 -0.65754571E+01
  0.12688892E+01 -0.65744668E+01
  0.12801188E+01 -0.65734115E+01
  0.12913484E+01 -0.65722927E+01
  0.13025781E+01 -0.65711123E+01
  0.13138077E+01 -0.65698722E+01
  0.13250373E+01 -0.65685743E+01
  0.13362669E+01 -0.65672207E+01
  0.13474965E+01 -0.65658136E+01
  0.13587261E+01 -0.65643552E+01
  0.13699557E+01 -0.65628479E+01
  0.13811853E+01 -0.65612939E+01
  0.13924149E+01 -0.65596958E+01
  0.14036445E+01 -0.65580559E+01
  0.14148742E+01 -0.65563769E+01
  0.14261038E+01 -0.65546614E+01
  0.14373334E+01 -0.65529119E+01
  0.14485630E+01 -0.65511312E+01
  0.14597926E+01 -0.65493219E+01
  0.14710222E+01 -0.65474867E+01
  0.14822518E+01 -0.65456284E+01
  0.14934814E+01 -0.65437497E+01
  0.15047110E+01 -0.65418533E+01
  0.15047110E+01 -0.65418533E+01
  0.15158347E+01 -0.65399602E+01
  0.15269584E+01 -0.65380551E+01
  0.15380820E+01 -0.65361406E+01
  0.15492057E+01 -0.65342195E+01
  0.15603294E+01 -0.65322943E+01
  0.15714531E+01 -0.65303675E+01
  0.15825767E+01 -0.65284417E+01
  0.15937004E+01 -0.65265195E+01
  0.16048241E+01 -0.65246031E+01
  0.16159477E+01 -0.65226951E+01
  0.16270714E+01 -0.65207978E+01
  0.16381951E+01 -0.65189133E+01
  0.16493188E+01 -0.65170440E+01
  0.16604424E+01 -0.65151920E+01
  0.16715661E+01 -0.65133593E+01
  0.16826898E+01 -0.65115478E+01
  0.16938134E+01 -0.65097596E+01
  0.17049371E+01 -0.65079964E+01
  0.17160608E+01 -0.65062599E+01
  0.17271844E+01 -0.65045519E+01
  0.17383081E+01 -0.65028738E+01
  0.17494318E+01 -0.65012271E+01
  0.17605555E+01 -0.65014270E+01
  0.17716791E+01 -0.65026417E+01
  0.17828028E+01 -0.65038082E+01
  0.17939265E+01 -0.65049251E+01
  0.18050501E+01 -0.65059911E+01
  0.18161738E+01 -0.65070047E+01
  0.18272975E+01 -0.65079649E+01
  0.18384211E+01 -0.65088706E+01
  0.18495448E+01 -0.65097208E+01
  0.18606685E+01 -0.65105147E+01
  0.18717922E+01 -0.65112516E+01
  0.18829158E+01 -0.65119309E+01
  0.18940395E+01 -0.65125520E+01
  0.19051632E+01 -0.65131147E+01
  0.19162868E+01 -0.65136186E+01
  0.19274105E+01 -0.65140635E+01
  0.19385342E+01 -0.65144496E+01
  0.19496579E+01 -0.65147767E+01
  0.19607815E+01 -0.65150452E+01
  0.19719052E+01 -0.65152554E+01
  0.19830289E+01 -0.65154076E+01
  0.19941525E+01 -0.65155024E+01
  0.20052762E+01 -0.65155405E+01
  0.20163999E+01 -0.65155226E+01
  0.20275235E+01 -0.65154496E+01
  0.20386472E+01 -0.65153224E+01
  0.20497709E+01 -0.65151422E+01
  0.20608946E+01 -0.65149100E+01
  0.20720182E+01 -0.65146272E+01
  0.20831419E+01 -0.65142950E+01
  0.20942656E+01 -0.65139150E+01
  0.21053892E+01 -0.65134887E+01
  0.21165129E+01 -0.65130178E+01
  0.21276366E+01 -0.65125038E+01
  0.21387602E+01 -0.65119486E+01
  0.21498839E+01 -0.65113541E+01
  0.21610076E+01 -0.65107222E+01
  0.21721313E+01 -0.65100548E+01
  0.21832549E+01 -0.65093541E+01
  0.21943786E+01 -0.65086220E+01
  0.22055023E+01 -0.65078608E+01
  0.22166259E+01 -0.65070727E+01
  0.22277496E+01 -0.65062599E+01
  0.22388733E+01 -0.65054247E+01
  0.22499970E+01 -0.65045694E+01
  0.22611206E+01 -0.65036964E+01
  0.22722443E+01 -0.65028080E+01
  0.22833680E+01 -0.65019065E+01
  0.22944916E+01 -0.65009945E+01
  0.23056153E+01 -0.65000743E+01
  0.23167390E+01 -0.64991483E+01
  0.23278626E+01 -0.64982190E+01
  0.23389863E+01 -0.64972886E+01
  0.23501100E+01 -0.64963596E+01
  0.23612337E+01 -0.64954344E+01
  0.23723573E+01 -0.64945154E+01
  0.23834810E+01 -0.64936047E+01
  0.23946047E+01 -0.64927048E+01
  0.24057283E+01 -0.64918178E+01
  0.24168520E+01 -0.64909460E+01
  0.24279757E+01 -0.64900915E+01
  0.24390993E+01 -0.64892565E+01
  0.24502230E+01 -0.64884430E+01
  0.24613467E+01 -0.64876530E+01
  0.24724704E+01 -0.64868885E+01
  0.24835940E+01 -0.64861512E+01
  0.24947177E+01 -0.64854431E+01
  0.25058414E+01 -0.64847657E+01
  0.25169650E+01 -0.64841208E+01
  0.25280887E+01 -0.64835100E+01
  0.25392124E+01 -0.64829347E+01
  0.25503361E+01 -0.64823962E+01
  0.25614597E+01 -0.64818959E+01
  0.25725834E+01 -0.64814351E+01
  0.25837071E+01 -0.64810147E+01
  0.25948307E+01 -0.64806358E+01
  0.26059544E+01 -0.64802993E+01
  0.26170781E+01 -0.64800061E+01
  0.26282017E+01 -0.64797567E+01
  0.26393254E+01 -0.64795519E+01
  0.26504491E+01 -0.64793921E+01
  0.26615728E+01 -0.64792777E+01
  0.26726964E+01 -0.64792089E+01
  0.26838201E+01 -0.64791860E+01
  0.26948861E+01 -0.64792078E+01
  0.27059520E+01 -0.64792733E+01
  0.27170180E+01 -0.64793823E+01
  0.27280839E+01 -0.64795347E+01
  0.27391499E+01 -0.64797303E+01
  0.27502159E+01 -0.64799688E+01
  0.27612818E+01 -0.64802500E+01
  0.27723478E+01 -0.64805735E+01
  0.27834137E+01 -0.64809387E+01
  0.27944797E+01 -0.64813454E+01
  0.28055457E+01 -0.64817929E+01
  0.28166116E+01 -0.64822807E+01
  0.28276776E+01 -0.64828081E+01
  0.28387435E+01 -0.64833744E+01
  0.28498095E+01 -0.64839789E+01
  0.28608755E+01 -0.64846208E+01
  0.28719414E+01 -0.64852993E+01
  0.28830074E+01 -0.64860135E+01
  0.28940733E+01 -0.64867624E+01
  0.29051393E+01 -0.64875451E+01
  0.29162053E+01 -0.64883606E+01
  0.29272712E+01 -0.64892078E+01
  0.29383372E+01 -0.64900855E+01
  0.29494031E+01 -0.64909927E+01
  0.29604691E+01 -0.64919282E+01
  0.29715351E+01 -0.64928906E+01
  0.29826010E+01 -0.64938789E+01
  0.29936670E+01 -0.64948917E+01
  0.30047329E+01 -0.64959277E+01
  0.30157989E+01 -0.64969855E+01
  0.30268649E+01 -0.64980637E+01
  0.30379308E+01 -0.64991610E+01
  0.30489968E+01 -0.65002759E+01
  0.30600627E+01 -0.65014070E+01
  0.30711287E+01 -0.65025527E+01
  0.30821947E+01 -0.65037116E+01
  0.30932606E+01 -0.65048822E+01
  0.31043266E+01 -0.65060630E+01
  0.31153925E+01 -0.65072524E+01
  0.31264585E+01 -0.65084488E+01
  0.31375245E+01 -0.65096507E+01
  0.31485904E+01 -0.65108566E+01
  0.31596564E+01 -0.65120649E+01
  0.31707223E+01 -0.65132739E+01
  0.31817883E+01 -0.65144821E+01
  0.31928543E+01 -0.65156880E+01
  0.32039202E+01 -0.65168899E+01
  0.32149862E+01 -0.65180864E+01
  0.32260521E+01 -0.65192758E+01
  0.32371181E+01 -0.65204565E+01
  0.32481841E+01 -0.65216271E+01
  0.32592500E+01 -0.65227860E+01
  0.32703160E+01 -0.65239318E+01
  0.32813819E+01 -0.65250628E+01
  0.32924479E+01 -0.65261777E+01
  0.33035139E+01 -0.65272750E+01
  0.33145798E+01 -0.65283533E+01
  0.33256458E+01 -0.65294111E+01
  0.33367117E+01 -0.65304470E+01
  0.33477777E+01 -0.65314598E+01
  0.33588437E+01 -0.65324481E+01
  0.33699096E+01 -0.65334106E+01
  0.33809756E+01 -0.65343460E+01
  0.33920415E+01 -0.65352532E+01
  0.34031075E+01 -0.65361310E+01
  0.34141735E+01 -0.65369781E+01
  0.34252394E+01 -0.65377936E+01
  0.34363054E+01 -0.65385763E+01
  0.34473713E+01 -0.65393252E+01
  0.34584373E+01 -0.65400394E+01
  0.34695033E+01 -0.65407179E+01
  0.34805692E+01 -0.65413598E+01
  0.34916352E+01 -0.65419644E+01
  0.35027011E+01 -0.65425307E+01
  0.35137671E+01 -0.65430581E+01
  0.35248331E+01 -0.65435458E+01
  0.35358990E+01 -0.65439933E+01
  0.35469650E+01 -0.65444000E+01
  0.35580309E+01 -0.65447653E+01
  0.35690969E+01 -0.65450887E+01
  0.35801629E+01 -0.65453699E+01
  0.35912288E+01 -0.65456085E+01
  0.36022948E+01 -0.65458041E+01
  0.36133607E+01 -0.65459565E+01
  0.36244267E+01 -0.65460655E+01
  0.36354927E+01 -0.65461309E+01
  0.36465586E+01 -0.65461527E+01
  0.36576301E+01 -0.65461308E+01
  0.36687015E+01 -0.65460652E+01
  0.36797730E+01 -0.65459560E+01
  0.36908444E+01 -0.65458035E+01
  0.37019158E+01 -0.65456080E+01
  0.37129873E+01 -0.65453701E+01
  0.37240587E+01 -0.65450903E+01
  0.37351302E+01 -0.65447692E+01
  0.37462016E+01 -0.65444076E+01
  0.37572731E+01 -0.65440064E+01
  0.37683445E+01 -0.65435666E+01
  0.37794160E+01 -0.65430892E+01
  0.37904874E+01 -0.65425753E+01
  0.38015589E+01 -0.65420261E+01
  0.38126303E+01 -0.65414429E+01
  0.38237018E+01 -0.65408271E+01
  0.38347732E+01 -0.65401802E+01
  0.38458447E+01 -0.65395035E+01
  0.38569161E+01 -0.65387988E+01
  0.38679875E+01 -0.65380675E+01
  0.38790590E+01 -0.65373115E+01
  0.38901304E+01 -0.65365323E+01
  0.39012019E+01 -0.65357317E+01
  0.39122733E+01 -0.65349116E+01
  0.39233448E+01 -0.65340738E+01
  0.39344162E+01 -0.65332200E+01
  0.39454877E+01 -0.65323522E+01
  0.39565591E+01 -0.65314722E+01
  0.39676306E+01 -0.65305820E+01
  0.39787020E+01 -0.65296834E+01
  0.39897735E+01 -0.65287783E+01
  0.40008449E+01 -0.65278685E+01
  0.40119163E+01 -0.65269560E+01
  0.40229878E+01 -0.65260426E+01
  0.40340592E+01 -0.65251301E+01
  0.40451307E+01 -0.65242203E+01
  0.40562021E+01 -0.65233151E+01
  0.40672736E+01 -0.65224160E+01
  0.40783450E+01 -0.65215249E+01
  0.40894165E+01 -0.65206435E+01
  0.41004879E+01 -0.65197733E+01
  0.41115594E+01 -0.65189159E+01
  0.41226308E+01 -0.65180729E+01
  0.41337023E+01 -0.65172457E+01
  0.41447737E+01 -0.65164359E+01
  0.41558452E+01 -0.65156448E+01
  0.41669166E+01 -0.65148738E+01
  0.41779880E+01 -0.65141242E+01
  0.41890595E+01 -0.65133971E+01
  0.42001309E+01 -0.65126939E+01
  0.42112024E+01 -0.65120157E+01
  0.42222738E+01 -0.65113635E+01
  0.42333453E+01 -0.65107385E+01
  0.42444167E+01 -0.65101415E+01
  0.42554882E+01 -0.65095736E+01
  0.42665596E+01 -0.65090355E+01
  0.42776311E+01 -0.65085283E+01
  0.42887025E+01 -0.65080526E+01
  0.42997740E+01 -0.65076092E+01
  0.43108454E+01 -0.65071987E+01
  0.43219169E+01 -0.65068218E+01
  0.43329883E+01 -0.65064790E+01
  0.43440597E+01 -0.65061710E+01
  0.43551312E+01 -0.65058981E+01
  0.43662026E+01 -0.65056607E+01
  0.43772741E+01 -0.65054592E+01
  0.43883455E+01 -0.65052940E+01
  0.43994170E+01 -0.65051652E+01
  0.44104884E+01 -0.65050730E+01
  0.44215599E+01 -0.65050177E+01
  0.44326313E+01 -0.65049993E+01
  0.44437481E+01 -0.65074199E+01
  0.44548648E+01 -0.65098377E+01
  0.44659816E+01 -0.65122502E+01
  0.44770983E+01 -0.65146551E+01
  0.44882151E+01 -0.65170500E+01
  0.44993318E+01 -0.65194325E+01
  0.45104485E+01 -0.65218003E+01
  0.45215653E+01 -0.65241511E+01
  0.45326820E+01 -0.65264826E+01
  0.45437988E+01 -0.65287924E+01
  0.45549155E+01 -0.65310783E+01
  0.45660323E+01 -0.65333381E+01
  0.45771490E+01 -0.65355695E+01
  0.45882658E+01 -0.65377704E+01
  0.45993825E+01 -0.65399386E+01
  0.46104993E+01 -0.65420719E+01
  0.46216160E+01 -0.65441684E+01
  0.46327328E+01 -0.65462259E+01
  0.46438495E+01 -0.65482425E+01
  0.46549663E+01 -0.65502161E+01
  0.46660830E+01 -0.65521449E+01
  0.46771997E+01 -0.65540269E+01
  0.46883165E+01 -0.65558604E+01
  0.46994332E+01 -0.65576434E+01
  0.47105500E+01 -0.65593744E+01
  0.47216667E+01 -0.65610517E+01
  0.47327835E+01 -0.65626735E+01
  0.47439002E+01 -0.65642383E+01
  0.47550170E+01 -0.65657445E+01
  0.47661337E+01 -0.65671909E+01
  0.47772505E+01 -0.65685758E+01
  0.47883672E+01 -0.65698980E+01
  0.47994840E+01 -0.65711562E+01
  0.48106007E+01 -0.65723491E+01
  0.48217175E+01 -0.65734757E+01
  0.48328342E+01 -0.65745347E+01
  0.48439510E+01 -0.65755253E+01
  0.48550677E+01 -0.65764464E+01
  0.48661844E+01 -0.65772971E+01
  0.48773012E+01 -0.65780766E+01
  0.48884179E+01 -0.65787842E+01
  0.48995347E+01 -0.65794191E+01
  0.49106514E+01 -0.65799808E+01
  0.49217682E+01 -0.65804688E+01
  0.49328849E+01 -0.65808824E+01
  0.49440017E+01 -0.65812214E+01
  0.49551184E+01 -0.65814854E+01
  0.49662352E+01 -0.65816742E+01
  0.49773519E+01 -0.65817875E+01
  0.49884687E+01 -0.65818253E+01
  
  0.00000000E+00 -0.64791860E+01
  0.11116747E-01 -0.64791735E+01
  0.22233494E-01 -0.64791362E+01
  0.33350240E-01 -0.64790739E+01
  0.44466987E-01 -0.64789868E+01
  0.55583734E-01 -0.64788750E+01
  0.66700481E-01 -0.64787385E+01
  0.77817228E-01 -0.64785775E+01
  0.88933975E-01 -0.64783922E+01
  0.10005072E+00 -0.64781826E+01
  0.11116747E+00 -0.64779491E+01
  0.12228422E+00 -0.64776918E+01
  0.13340096E+00 -0.64774109E+01
  0.14451771E+00 -0.64771068E+01
  0.15563446E+00 -0.64767797E+01
  0.16675120E+00 -0.64764299E+01
  0.17786795E+00 -0.64760577E+01
  0.18898470E+00 -0.64756635E+01
  0.20010144E+00 -0.64752477E+01
  0.21121819E+00 -0.64748107E+01
  0.22233494E+00 -0.64743527E+01
  0.23345168E+00 -0.64738744E+01
  0.24456843E+00 -0.64733761E+01
  0.25568518E+00 -0.64728584E+01
  0.26680192E+00 -0.64723216E+01
  0.27791867E+00 -0.64717663E+01
  0.28903542E+00 -0.64711931E+01
  0.30015216E+00 -0.64706024E+01
  0.31126891E+00 -0.64699949E+01
  0.32238566E+00 -0.64693711E+01
  0.33350240E+00 -0.64687315E+01
  0.34461915E+00 -0.64680769E+01
  0.35573590E+00 -0.64674078E+01
  0.36685265E+00 -0.64667249E+01
  0.37796939E+00 -0.64660289E+01
  0.38908614E+00 -0.64653203E+01
  0.40020289E+00 -0.64645999E+01
  0.41131963E+00 -0.64638684E+01
  0.42243638E+00 -0.64631264E+01
  0.43355313E+00 -0.64623747E+01
  0.44466987E+00 -0.64616141E+01
  0.45578662E+00 -0.64608452E+01
  0.46690337E+00 -0.64600688E+01
  0.47802011E+00 -0.64592856E+01
  0.48913686E+00 -0.64584965E+01
  0.50025361E+00 -0.64577022E+01
  0.51137035E+00 -0.64569034E+01
  0.52248710E+00 -0.64561010E+01
  0.53360385E+00 -0.64552957E+01
  0.54472059E+00 -0.64544883E+01
  0.55583734E+00 -0.64536796E+01
  0.56695409E+00 -0.64528705E+01
  0.57807084E+00 -0.64520616E+01
  0.58918758E+00 -0.64512539E+01
  0.60030433E+00 -0.64504481E+01
  0.61142108E+00 -0.64496450E+01
  0.62253782E+00 -0.64488454E+01
  0.63365457E+00 -0.64480502E+01
  0.64477132E+00 -0.64472600E+01
  0.65588806E+00 -0.64464757E+01
  0.66700481E+00 -0.64456981E+01
  0.67812156E+00 -0.64449280E+01
  0.68923830E+00 -0.64441661E+01
  0.70035505E+00 -0.64434132E+01
  0.71147180E+00 -0.64426701E+01
  0.72258854E+00 -0.64419375E+01
  0.73370529E+00 -0.64412161E+01
  0.74482204E+00 -0.64405067E+01
  0.75593878E+00 -0.64398100E+01
  0.76705553E+00 -0.64391268E+01
  0.77817228E+00 -0.64384576E+01
  0.78928902E+00 -0.64378032E+01
  0.80040577E+00 -0.64371643E+01
  0.81152252E+00 -0.64365415E+01
  0.82263927E+00 -0.64359354E+01
  0.83375601E+00 -0.64353467E+01
  0.84487276E+00 -0.64347760E+01
  0.85598951E+00 -0.64342238E+01
  0.86710625E+00 -0.64336908E+01
  0.87822300E+00 -0.64331774E+01
  0.88933975E+00 -0.64326843E+01
  0.90045649E+00 -0.64322118E+01
  0.91157324E+00 -0.64317605E+01
  0.92268999E+00 -0.64313309E+01
  0.93380673E+00 -0.64309235E+01
  0.94492348E+00 -0.64305385E+01
  0.95604023E+00 -0.64301765E+01
  0.96715697E+00 -0.64298378E+01
  0.97827372E+00 -0.64295227E+01
  0.98939047E+00 -0.64292316E+01
  0.10005072E+01 -0.64289648E+01
  0.10116240E+01 -0.64287226E+01
  0.10227407E+01 -0.64285052E+01
  0.10338575E+01 -0.64283128E+01
  0.10449742E+01 -0.64281457E+01
  0.10560909E+01 -0.64280040E+01
  0.10672077E+01 -0.64278878E+01
  0.10783244E+01 -0.64277974E+01
  0.10894412E+01 -0.64277327E+01
  0.11005579E+01 -0.64276939E+01
  0.11116747E+01 -0.64276809E+01
  0.11229043E+01 -0.64277173E+01
  0.11341339E+01 -0.64278262E+01
  0.11453635E+01 -0.64280076E+01
  0.11565931E+01 -0.64282612E+01
  0.11678227E+01 -0.64285864E+01
  0.11790523E+01 -0.64289827E+01
  0.11902820E+01 -0.64294495E+01
  0.12015116E+01 -0.64299858E+01
  0.12127412E+01 -0.64305908E+01
  0.12239708E+01 -0.64312635E+01
  0.12352004E+01 -0.64320026E+01
  0.12464300E+01 -0.64328068E+01
  0.12576596E+01 -0.64336749E+01
  0.12688892E+01 -0.64346052E+01
  0.12801188E+01 -0.64355961E+01
  0.12913484E+01 -0.64366460E+01
  0.13025781E+01 -0.64377530E+01
  0.13138077E+01 -0.64389152E+01
  0.13250373E+01 -0.64401306E+01
  0.13362669E+01 -0.64413971E+01
  0.13474965E+01 -0.64427125E+01
  0.13587261E+01 -0.64440746E+01
  0.13699557E+01 -0.64454810E+01
  0.13811853E+01 -0.64469293E+01
  0.13924149E+01 -0.64484171E+01
  0.14036445E+01 -0.64499417E+01
  0.14148742E+01 -0.64515006E+01
  0.14261038E+01 -0.64530912E+01
  0.14373334E+01 -0.64547107E+01
  0.14485630E+01 -0.64563565E+01
  0.14597926E+01 -0.64580256E+01
  0.14710222E+01 -0.64597154E+01
  0.14822518E+01 -0.64614230E+01
  0.14934814E+01 -0.64631454E+01
  0.15047110E+01 -0.64648800E+01
  0.15047110E+01 -0.64648800E+01
  0.15158347E+01 -0.64666072E+01
  0.15269584E+01 -0.64683406E+01
  0.15380820E+01 -0.64700774E+01
  0.15492057E+01 -0.64718148E+01
  0.15603294E+01 -0.64735500E+01
  0.15714531E+01 -0.64752802E+01
  0.15825767E+01 -0.64770026E+01
  0.15937004E+01 -0.64787146E+01
  0.16048241E+01 -0.64804135E+01
  0.16159477E+01 -0.64820966E+01
  0.16270714E+01 -0.64837613E+01
  0.16381951E+01 -0.64854050E+01
  0.16493188E+01 -0.64870252E+01
  0.16604424E+01 -0.64886194E+01
  0.16715661E+01 -0.64901853E+01
  0.16826898E+01 -0.64917205E+01
  0.16938134E+01 -0.64932228E+01
  0.17049371E+01 -0.64946899E+01
  0.17160608E+01 -0.64961197E+01
  0.17271844E+01 -0.64975102E+01
  0.17383081E+01 -0.64988595E+01
  0.17494318E+01 -0.65001657E+01
  0.17605555E+01 -0.64996132E+01
  0.17716791E+01 -0.64980334E+01
  0.17828028E+01 -0.64964890E+01
  0.17939265E+01 -0.64949809E+01
  0.18050501E+01 -0.64935103E+01
  0.18161738E+01 -0.64920780E+01
  0.18272975E+01 -0.64906851E+01
  0.18384211E+01 -0.64893321E+01
  0.18495448E+01 -0.64880198E+01
  0.18606685E+01 -0.64867490E+01
  0.18717922E+01 -0.64855200E+01
  0.18829158E+01 -0.64843334E+01
  0.18940395E+01 -0.64831896E+01
  0.19051632E+01 -0.64820889E+01
  0.19162868E+01 -0.64810317E+01
  0.19274105E+01 -0.64800182E+01
  0.19385342E+01 -0.64790485E+01
  0.19496579E+01 -0.64781228E+01
  0.19607815E+01 -0.64772412E+01
  0.19719052E+01 -0.64764037E+01
  0.19830289E+01 -0.64756102E+01
  0.19941525E+01 -0.64748607E+01
  0.20052762E+01 -0.64741552E+01
  0.20163999E+01 -0.64734934E+01
  0.20275235E+01 -0.64728751E+01
  0.20386472E+01 -0.64723002E+01
  0.20497709E+01 -0.64717683E+01
  0.20608946E+01 -0.64712791E+01
  0.20720182E+01 -0.64708323E+01
  0.20831419E+01 -0.64704275E+01
  0.20942656E+01 -0.64700641E+01
  0.21053892E+01 -0.64697417E+01
  0.21165129E+01 -0.64694597E+01
  0.21276366E+01 -0.64692174E+01
  0.21387602E+01 -0.64690143E+01
  0.21498839E+01 -0.64688496E+01
  0.21610076E+01 -0.64687224E+01
  0.21721313E+01 -0.64686319E+01
  0.21832549E+01 -0.64685773E+01
  0.21943786E+01 -0.64685574E+01
  0.22055023E+01 -0.64685714E+01
  0.22166259E+01 -0.64686179E+01
  0.22277496E+01 -0.64686959E+01
  0.22388733E+01 -0.64688040E+01
  0.22499970E+01 -0.64689410E+01
  0.22611206E+01 -0.64691054E+01
  0.22722443E+01 -0.64692959E+01
  0.22833680E+01 -0.64695108E+01
  0.22944916E+01 -0.64697486E+01
  0.23056153E+01 -0.64700076E+01
  0.23167390E+01 -0.64702863E+01
  0.23278626E+01 -0.64705829E+01
  0.23389863E+01 -0.64708955E+01
  0.23501100E+01 -0.64712225E+01
  0.23612337E+01 -0.64715619E+01
  0.23723573E+01 -0.64719752E+01
  0.23834810E+01 -0.64724501E+01
  0.23946047E+01 -0.64729120E+01
  0.24057283E+01 -0.64733605E+01
  0.24168520E+01 -0.64737951E+01
  0.24279757E+01 -0.64742154E+01
  0.24390993E+01 -0.64746210E+01
  0.24502230E+01 -0.64750115E+01
  0.24613467E+01 -0.64753866E+01
  0.24724704E+01 -0.64757457E+01
  0.24835940E+01 -0.64760887E+01
  0.24947177E+01 -0.64764151E+01
  0.25058414E+01 -0.64767247E+01
  0.25169650E+01 -0.64770171E+01
  0.25280887E+01 -0.64772920E+01
  0.25392124E+01 -0.64775492E+01
  0.25503361E+01 -0.64777883E+01
  0.25614597E+01 -0.64780093E+01
  0.25725834E+01 -0.64782118E+01
  0.25837071E+01 -0.64783956E+01
  0.25948307E+01 -0.64785606E+01
  0.26059544E+01 -0.64787066E+01
  0.26170781E+01 -0.64788334E+01
  0.26282017E+01 -0.64789409E+01
  0.26393254E+01 -0.64790290E+01
  0.26504491E+01 -0.64790976E+01
  0.26615728E+01 -0.64791467E+01
  0.26726964E+01 -0.64791762E+01
  0.26838201E+01 -0.64791860E+01
  0.26948861E+01 -0.64791754E+01
  0.27059520E+01 -0.64791436E+01
  0.27170180E+01 -0.64790907E+01
  0.27280839E+01 -0.64790168E+01
  0.27391499E+01 -0.64789221E+01
  0.27502159E+01 -0.64788066E+01
  0.27612818E+01 -0.64786706E+01
  0.27723478E+01 -0.64785145E+01
  0.27834137E+01 -0.64783384E+01
  0.27944797E+01 -0.64781427E+01
  0.28055457E+01 -0.64779278E+01
  0.28166116E+01 -0.64776941E+01
  0.28276776E+01 -0.64774420E+01
  0.28387435E+01 -0.64771721E+01
  0.28498095E+01 -0.64768847E+01
  0.28608755E+01 -0.64765806E+01
  0.28719414E+01 -0.64762602E+01
  0.28830074E+01 -0.64759242E+01
  0.28940733E+01 -0.64755732E+01
  0.29051393E+01 -0.64752078E+01
  0.29162053E+01 -0.64748289E+01
  0.29272712E+01 -0.64744371E+01
  0.29383372E+01 -0.64740331E+01
  0.29494031E+01 -0.64736177E+01
  0.29604691E+01 -0.64731918E+01
  0.29715351E+01 -0.64727560E+01
  0.29826010E+01 -0.64723114E+01
  0.29936670E+01 -0.64718586E+01
  0.30047329E+01 -0.64713986E+01
  0.30157989E+01 -0.64709322E+01
  0.30268649E+01 -0.64704602E+01
  0.30379308E+01 -0.64699837E+01
  0.30489968E+01 -0.64695034E+01
  0.30600627E+01 -0.64690203E+01
  0.30711287E+01 -0.64685352E+01
  0.30821947E+01 -0.64680489E+01
  0.30932606E+01 -0.64675625E+01
  0.31043266E+01 -0.64670766E+01
  0.31153925E+01 -0.64665923E+01
  0.31264585E+01 -0.64661102E+01
  0.31375245E+01 -0.64656312E+01
  0.31485904E+01 -0.64651562E+01
  0.31596564E+01 -0.64646858E+01
  0.31707223E+01 -0.64642207E+01
  0.31817883E+01 -0.64637618E+01
  0.31928543E+01 -0.64633097E+01
  0.32039202E+01 -0.64628650E+01
  0.32149862E+01 -0.64624282E+01
  0.32260521E+01 -0.64620001E+01
  0.32371181E+01 -0.64615811E+01
  0.32481841E+01 -0.64611717E+01
  0.32592500E+01 -0.64607724E+01
  0.32703160E+01 -0.64603835E+01
  0.32813819E+01 -0.64600054E+01
  0.32924479E+01 -0.64596385E+01
  0.33035139E+01 -0.64592830E+01
  0.33145798E+01 -0.64589392E+01
  0.33256458E+01 -0.64586072E+01
  0.33367117E+01 -0.64582873E+01
  0.33477777E+01 -0.64579795E+01
  0.33588437E+01 -0.64576840E+01
  0.33699096E+01 -0.64574008E+01
  0.33809756E+01 -0.64571299E+01
  0.33920415E+01 -0.64568713E+01
  0.34031075E+01 -0.64566250E+01
  0.34141735E+01 -0.64563909E+01
  0.34252394E+01 -0.64561690E+01
  0.34363054E+01 -0.64559592E+01
  0.34473713E+01 -0.64557613E+01
  0.34584373E+01 -0.64555753E+01
  0.34695033E+01 -0.64554009E+01
  0.34805692E+01 -0.64552382E+01
  0.34916352E+01 -0.64550868E+01
  0.35027011E+01 -0.64549466E+01
  0.35137671E+01 -0.64548176E+01
  0.35248331E+01 -0.64546996E+01
  0.35358990E+01 -0.64545923E+01
  0.35469650E+01 -0.64544958E+01
  0.35580309E+01 -0.64544098E+01
  0.35690969E+01 -0.64543342E+01
  0.35801629E+01 -0.64542689E+01
  0.35912288E+01 -0.64542138E+01
  0.36022948E+01 -0.64541689E+01
  0.36133607E+01 -0.64541340E+01
  0.36244267E+01 -0.64541092E+01
  0.36354927E+01 -0.64540943E+01
  0.36465586E+01 -0.64540893E+01
  0.36576301E+01 -0.64541119E+01
  0.36687015E+01 -0.64541797E+01
  0.36797730E+01 -0.64542927E+01
  0.36908444E+01 -0.64544506E+01
  0.37019158E+01 -0.64546534E+01
  0.37129873E+01 -0.64549007E+01
  0.37240587E+01 -0.64551924E+01
  0.37351302E+01 -0.64555280E+01
  0.37462016E+01 -0.64559072E+01
  0.37572731E+01 -0.64563295E+01
  0.37683445E+01 -0.64567944E+01
  0.37794160E+01 -0.64573012E+01
  0.37904874E+01 -0.64578494E+01
  0.38015589E+01 -0.64584382E+01
  0.38126303E+01 -0.64590667E+01
  0.38237018E+01 -0.64597342E+01
  0.38347732E+01 -0.64604396E+01
  0.38458447E+01 -0.64611818E+01
  0.38569161E+01 -0.64619598E+01
  0.38679875E+01 -0.64627723E+01
  0.38790590E+01 -0.64636181E+01
  0.38901304E+01 -0.64644957E+01
  0.39012019E+01 -0.64654037E+01
  0.39122733E+01 -0.64663405E+01
  0.39233448E+01 -0.64673046E+01
  0.39344162E+01 -0.64682941E+01
  0.39454877E+01 -0.64693073E+01
  0.39565591E+01 -0.64703423E+01
  0.39676306E+01 -0.64713972E+01
  0.39787020E+01 -0.64724701E+01
  0.39897735E+01 -0.64735587E+01
  0.40008449E+01 -0.64746611E+01
  0.40119163E+01 -0.64757750E+01
  0.40229878E+01 -0.64768982E+01
  0.40340592E+01 -0.64780284E+01
  0.40451307E+01 -0.64791634E+01
  0.40562021E+01 -0.64803009E+01
  0.40672736E+01 -0.64814384E+01
  0.40783450E+01 -0.64825736E+01
  0.40894165E+01 -0.64837042E+01
  0.41004879E+01 -0.64848278E+01
  0.41115594E+01 -0.64859420E+01
  0.41226308E+01 -0.64870444E+01
  0.41337023E+01 -0.64881327E+01
  0.41447737E+01 -0.64892046E+01
  0.41558452E+01 -0.64902578E+01
  0.41669166E+01 -0.64912901E+01
  0.41779880E+01 -0.64922991E+01
  0.41890595E+01 -0.64932828E+01
  0.42001309E+01 -0.64942390E+01
  0.42112024E+01 -0.64951656E+01
  0.42222738E+01 -0.64960607E+01
  0.42333453E+01 -0.64969223E+01
  0.42444167E+01 -0.64977485E+01
  0.42554882E+01 -0.64985376E+01
  0.42665596E+01 -0.64992879E+01
  0.42776311E+01 -0.64999977E+01
  0.42887025E+01 -0.65006654E+01
  0.42997740E+01 -0.65012897E+01
  0.43108454E+01 -0.65018691E+01
  0.43219169E+01 -0.65024025E+01
  0.43329883E+01 -0.65028886E+01
  0.43440597E+01 -0.65033264E+01
  0.43551312E+01 -0.65037150E+01
  0.43662026E+01 -0.65040535E+01
  0.43772741E+01 -0.65043412E+01
  0.43883455E+01 -0.65045774E+01
  0.43994170E+01 -0.65047617E+01
  0.44104884E+01 -0.65048936E+01
  0.44215599E+01 -0.65049728E+01
  0.44326313E+01 -0.65049993E+01
  0.44437481E+01 -0.65025781E+01
  0.44548648E+01 -0.65001589E+01
  0.44659816E+01 -0.64977439E+01
  0.44770983E+01 -0.64953357E+01
  0.44882151E+01 -0.64929365E+01
  0.44993318E+01 -0.64905487E+01
  0.45104485E+01 -0.64881748E+01
  0.45215653E+01 -0.64858170E+01
  0.45326820E+01 -0.64834776E+01
  0.45437988E+01 -0.64811591E+01
  0.45549155E+01 -0.64788637E+01
  0.45660323E+01 -0.64765937E+01
  0.45771490E+01 -0.64743514E+01
  0.45882658E+01 -0.64721389E+01
  0.45993825E+01 -0.64699585E+01
  0.46104993E+01 -0.64678123E+01
  0.46216160E+01 -0.64657025E+01
  0.46327328E+01 -0.64636312E+01
  0.46438495E+01 -0.64616005E+01
  0.46549663E+01 -0.64596123E+01
  0.46660830E+01 -0.64576687E+01
  0.46771997E+01 -0.64557716E+01
  0.46883165E+01 -0.64539229E+01
  0.46994332E+01 -0.64521244E+01
  0.47105500E+01 -0.64503779E+01
  0.47216667E+01 -0.64486852E+01
  0.47327835E+01 -0.64470481E+01
  0.47439002E+01 -0.64454680E+01
  0.47550170E+01 -0.64439466E+01
  0.47661337E+01 -0.64424854E+01
  0.47772505E+01 -0.64410860E+01
  0.47883672E+01 -0.64397496E+01
  0.47994840E+01 -0.64384776E+01
  0.48106007E+01 -0.64372714E+01
  0.48217175E+01 -0.64361320E+01
  0.48328342E+01 -0.64350607E+01
  0.48439510E+01 -0.64340586E+01
  0.48550677E+01 -0.64331266E+01
  0.48661844E+01 -0.64322656E+01
  0.48773012E+01 -0.64314766E+01
  0.48884179E+01 -0.64307603E+01
  0.48995347E+01 -0.64301175E+01
  0.49106514E+01 -0.64295488E+01
  0.49217682E+01 -0.64290547E+01
  0.49328849E+01 -0.64286358E+01
  0.49440017E+01 -0.64282925E+01
  0.49551184E+01 -0.64280251E+01
  0.49662352E+01 -0.64278340E+01
  0.49773519E+01 -0.64277192E+01
  0.49884687E+01 -0.64276809E+01
  
  0.00000000E+00 -0.64791860E+01
  0.11116747E-01 -0.64791735E+01
  0.22233494E-01 -0.64791362E+01
  0.33350240E-01 -0.64790739E+01
  0.44466987E-01 -0.64789868E+01
  0.55583734E-01 -0.64788750E+01
  0.66700481E-01 -0.64787385E+01
  0.77817228E-01 -0.64785775E+01
  0.88933975E-01 -0.64783922E+01
  0.10005072E+00 -0.64781826E+01
  0.11116747E+00 -0.64779491E+01
  0.12228422E+00 -0.64776918E+01
  0.13340096E+00 -0.64774109E+01
  0.14451771E+00 -0.64771068E+01
  0.15563446E+00 -0.64767797E+01
  0.16675120E+00 -0.64764299E+01
  0.17786795E+00 -0.64760577E+01
  0.18898470E+00 -0.64756635E+01
  0.20010144E+00 -0.64752477E+01
  0.21121819E+00 -0.64748107E+01
  0.22233494E+00 -0.64743527E+01
  0.23345168E+00 -0.64738744E+01
  0.24456843E+00 -0.64733761E+01
  0.25568518E+00 -0.64728584E+01
  0.26680192E+00 -0.64723216E+01
  0.27791867E+00 -0.64717663E+01
  0.28903542E+00 -0.64711931E+01
  0.30015216E+00 -0.64706024E+01
  0.31126891E+00 -0.64699949E+01
  0.32238566E+00 -0.64693711E+01
  0.33350240E+00 -0.64687315E+01
  0.34461915E+00 -0.64680769E+01
  0.35573590E+00 -0.64674078E+01
  0.36685265E+00 -0.64667249E+01
  0.37796939E+00 -0.64660289E+01
  0.38908614E+00 -0.64653203E+01
  0.40020289E+00 -0.64645999E+01
  0.41131963E+00 -0.64638684E+01
  0.42243638E+00 -0.64631264E+01
  0.43355313E+00 -0.64623747E+01
  0.44466987E+00 -0.64616141E+01
  0.45578662E+00 -0.64608452E+01
  0.46690337E+00 -0.64600688E+01
  0.47802011E+00 -0.64592856E+01
  0.48913686E+00 -0.64584965E+01
  0.50025361E+00 -0.64577022E+01
  0.51137035E+00 -0.64569034E+01
  0.52248710E+00 -0.64561010E+01
  0.53360385E+00 -0.64552957E+01
  0.54472059E+00 -0.64544883E+01
  0.55583734E+00 -0.64536796E+01
  0.56695409E+00 -0.64528705E+01
  0.57807084E+00 -0.64520616E+01
  0.58918758E+00 -0.64512539E+01
  0.60030433E+00 -0.64504481E+01
  0.61142108E+00 -0.64496450E+01
  0.62253782E+00 -0.64488454E+01
  0.63365457E+00 -0.64480502E+01
  0.64477132E+00 -0.64472600E+01
  0.65588806E+00 -0.64464757E+01
  0.66700481E+00 -0.64456981E+01
  0.67812156E+00 -0.64449280E+01
  0.68923830E+00 -0.64441661E+01
  0.70035505E+00 -0.64434132E+01
  0.71147180E+00 -0.64426701E+01
  0.72258854E+00 -0.64419375E+01
  0.73370529E+00 -0.64412161E+01
  0.74482204E+00 -0.64405067E+01
  0.75593878E+00 -0.64398100E+01
  0.76705553E+00 -0.64391268E+01
  0.77817228E+00 -0.64384576E+01
  0.78928902E+00 -0.64378032E+01
  0.80040577E+00 -0.64371643E+01
  0.81152252E+00 -0.64365415E+01
  0.82263927E+00 -0.64359354E+01
  0.83375601E+00 -0.64353467E+01
  0.84487276E+00 -0.64347760E+01
  0.85598951E+00 -0.64342238E+01
  0.86710625E+00 -0.64336908E+01
  0.87822300E+00 -0.64331774E+01
  0.88933975E+00 -0.64326843E+01
  0.90045649E+00 -0.64322118E+01
  0.91157324E+00 -0.64317605E+01
  0.92268999E+00 -0.64313309E+01
  0.93380673E+00 -0.64309235E+01
  0.94492348E+00 -0.64305385E+01
  0.95604023E+00 -0.64301765E+01
  0.96715697E+00 -0.64298378E+01
  0.97827372E+00 -0.64295227E+01
  0.98939047E+00 -0.64292316E+01
  0.10005072E+01 -0.64289648E+01
  0.10116240E+01 -0.64287226E+01
  0.10227407E+01 -0.64285052E+01
  0.10338575E+01 -0.64283128E+01
  0.10449742E+01 -0.64281457E+01
  0.10560909E+01 -0.64280040E+01
  0.10672077E+01 -0.64278878E+01
  0.10783244E+01 -0.64277974E+01
  0.10894412E+01 -0.64277327E+01
  0.11005579E+01 -0.64276939E+01
  0.11116747E+01 -0.64276809E+01
  0.11229043E+01 -0.64276839E+01
  0.11341339E+01 -0.64276927E+01
  0.11453635E+01 -0.64277075E+01
  0.11565931E+01 -0.64277283E+01
  0.11678227E+01 -0.64277550E+01
  0.11790523E+01 -0.64277877E+01
  0.11902820E+01 -0.64278265E+01
  0.12015116E+01 -0.64278713E+01
  0.12127412E+01 -0.64279223E+01
  0.12239708E+01 -0.64279796E+01
  0.12352004E+01 -0.64280431E+01
  0.12464300E+01 -0.64281129E+01
  0.12576596E+01 -0.64281893E+01
  0.12688892E+01 -0.64282721E+01
  0.12801188E+01 -0.64283616E+01
  0.12913484E+01 -0.64284577E+01
  0.13025781E+01 -0.64285608E+01
  0.13138077E+01 -0.64286707E+01
  0.13250373E+01 -0.64287877E+01
  0.13362669E+01 -0.64289119E+01
  0.13474965E+01 -0.64290433E+01
  0.13587261E+01 -0.64291821E+01
  0.13699557E+01 -0.64293285E+01
  0.13811853E+01 -0.64294826E+01
  0.13924149E+01 -0.64296444E+01
  0.14036445E+01 -0.64298141E+01
  0.14148742E+01 -0.64299919E+01
  0.14261038E+01 -0.64301779E+01
  0.14373334E+01 -0.64303722E+01
  0.14485630E+01 -0.64305749E+01
  0.14597926E+01 -0.64307862E+01
  0.14710222E+01 -0.64310062E+01
  0.14822518E+01 -0.64312350E+01
  0.14934814E+01 -0.64314727E+01
  0.15047110E+01 -0.64317195E+01
  0.15047110E+01 -0.64317195E+01
  0.15158347E+01 -0.64319730E+01
  0.15269584E+01 -0.64322356E+01
  0.15380820E+01 -0.64325074E+01
  0.15492057E+01 -0.64327885E+01
  0.15603294E+01 -0.64330790E+01
  0.15714531E+01 -0.64333790E+01
  0.15825767E+01 -0.64336885E+01
  0.15937004E+01 -0.64340076E+01
  0.16048241E+01 -0.64343364E+01
  0.16159477E+01 -0.64346750E+01
  0.16270714E+01 -0.64350233E+01
  0.16381951E+01 -0.64353814E+01
  0.16493188E+01 -0.64357493E+01
  0.16604424E+01 -0.64361271E+01
  0.16715661E+01 -0.64365147E+01
  0.16826898E+01 -0.64369121E+01
  0.16938134E+01 -0.64373194E+01
  0.17049371E+01 -0.64377365E+01
  0.17160608E+01 -0.64381633E+01
  0.17271844E+01 -0.64385999E+01
  0.17383081E+01 -0.64390460E+01
  0.17494318E+01 -0.64395017E+01
  0.17605555E+01 -0.64399669E+01
  0.17716791E+01 -0.64404414E+01
  0.17828028E+01 -0.64409251E+01
  0.17939265E+01 -0.64414180E+01
  0.18050501E+01 -0.64419198E+01
  0.18161738E+01 -0.64424304E+01
  0.18272975E+01 -0.64429497E+01
  0.18384211E+01 -0.64434773E+01
  0.18495448E+01 -0.64440132E+01
  0.18606685E+01 -0.64445572E+01
  0.18717922E+01 -0.64451089E+01
  0.18829158E+01 -0.64456681E+01
  0.18940395E+01 -0.64462347E+01
  0.19051632E+01 -0.64468083E+01
  0.19162868E+01 -0.64473886E+01
  0.19274105E+01 -0.64479753E+01
  0.19385342E+01 -0.64485682E+01
  0.19496579E+01 -0.64491668E+01
  0.19607815E+01 -0.64497710E+01
  0.19719052E+01 -0.64503802E+01
  0.19830289E+01 -0.64509941E+01
  0.19941525E+01 -0.64516125E+01
  0.20052762E+01 -0.64522348E+01
  0.20163999E+01 -0.64528607E+01
  0.20275235E+01 -0.64534898E+01
  0.20386472E+01 -0.64541216E+01
  0.20497709E+01 -0.64547557E+01
  0.20608946E+01 -0.64553917E+01
  0.20720182E+01 -0.64560292E+01
  0.20831419E+01 -0.64566676E+01
  0.20942656E+01 -0.64573065E+01
  0.21053892E+01 -0.64579455E+01
  0.21165129E+01 -0.64585840E+01
  0.21276366E+01 -0.64592215E+01
  0.21387602E+01 -0.64598576E+01
  0.21498839E+01 -0.64604918E+01
  0.21610076E+01 -0.64611235E+01
  0.21721313E+01 -0.64617523E+01
  0.21832549E+01 -0.64623776E+01
  0.21943786E+01 -0.64629989E+01
  0.22055023E+01 -0.64636157E+01
  0.22166259E+01 -0.64642275E+01
  0.22277496E+01 -0.64648337E+01
  0.22388733E+01 -0.64654339E+01
  0.22499970E+01 -0.64660274E+01
  0.22611206E+01 -0.64666139E+01
  0.22722443E+01 -0.64671927E+01
  0.22833680E+01 -0.64677634E+01
  0.22944916E+01 -0.64683254E+01
  0.23056153E+01 -0.64688783E+01
  0.23167390E+01 -0.64694215E+01
  0.23278626E+01 -0.64699545E+01
  0.23389863E+01 -0.64704769E+01
  0.23501100E+01 -0.64709881E+01
  0.23612337E+01 -0.64714877E+01
  0.23723573E+01 -0.64719120E+01
  0.23834810E+01 -0.64722710E+01
  0.23946047E+01 -0.64726368E+01
  0.24057283E+01 -0.64730077E+01
  0.24168520E+01 -0.64733818E+01
  0.24279757E+01 -0.64737572E+01
  0.24390993E+01 -0.64741321E+01
  0.24502230E+01 -0.64745048E+01
  0.24613467E+01 -0.64748734E+01
  0.24724704E+01 -0.64752362E+01
  0.24835940E+01 -0.64755916E+01
  0.24947177E+01 -0.64759378E+01
  0.25058414E+01 -0.64762733E+01
  0.25169650E+01 -0.64765966E+01
  0.25280887E+01 -0.64769063E+01
  0.25392124E+01 -0.64772009E+01
  0.25503361E+01 -0.64774791E+01
  0.25614597E+01 -0.64777397E+01
  0.25725834E+01 -0.64779817E+01
  0.25837071E+01 -0.64782038E+01
  0.25948307E+01 -0.64784052E+01
  0.26059544E+01 -0.64785850E+01
  0.26170781E+01 -0.64787424E+01
  0.26282017E+01 -0.64788767E+01
  0.26393254E+01 -0.64789874E+01
  0.26504491E+01 -0.64790740E+01
  0.26615728E+01 -0.64791361E+01
  0.26726964E+01 -0.64791735E+01
  0.26838201E+01 -0.64791860E+01
  0.26948861E+01 -0.64791754E+01
  0.27059520E+01 -0.64791436E+01
  0.27170180E+01 -0.64790907E+01
  0.27280839E+01 -0.64790168E+01
  0.27391499E+01 -0.64789221E+01
  0.27502159E+01 -0.64788066E+01
  0.27612818E+01 -0.64786706E+01
  0.27723478E+01 -0.64785145E+01
  0.27834137E+01 -0.64783384E+01
  0.27944797E+01 -0.64781427E+01
  0.28055457E+01 -0.64779278E+01
  0.28166116E+01 -0.64776941E+01
  0.28276776E+01 -0.64774420E+01
  0.28387435E+01 -0.64771721E+01
  0.28498095E+01 -0.64768847E+01
  0.28608755E+01 -0.64765806E+01
  0.28719414E+01 -0.64762602E+01
  0.28830074E+01 -0.64759242E+01
  0.28940733E+01 -0.64755732E+01
  0.29051393E+01 -0.64752078E+01
  0.29162053E+01 -0.64748289E+01
  0.29272712E+01 -0.64744371E+01
  0.29383372E+01 -0.64740331E+01
  0.29494031E+01 -0.64736177E+01
  0.29604691E+01 -0.64731918E+01
  0.29715351E+01 -0.64727560E+01
  0.29826010E+01 -0.64723114E+01
  0.29936670E+01 -0.64718586E+01
  0.30047329E+01 -0.64713986E+01
  0.30157989E+01 -0.64709322E+01
  0.30268649E+01 -0.64704602E+01
  0.30379308E+01 -0.64699837E+01
  0.30489968E+01 -0.64695034E+01
  0.30600627E+01 -0.64690203E+01
  0.30711287E+01 -0.64685352E+01
  0.30821947E+01 -0.64680489E+01
  0.30932606E+01 -0.64675625E+01
  0.31043266E+01 -0.64670766E+01
  0.31153925E+01 -0.64665923E+01
  0.31264585E+01 -0.64661102E+01
  0.31375245E+01 -0.64656312E+01
  0.31485904E+01 -0.64651562E+01
  0.31596564E+01 -0.64646858E+01
  0.31707223E+01 -0.64642207E+01
  0.31817883E+01 -0.64637618E+01
  0.31928543E+01 -0.64633097E+01
  0.32039202E+01 -0.64628650E+01
  0.32149862E+01 -0.64624282E+01
  0.32260521E+01 -0.64620001E+01
  0.32371181E+01 -0.64615811E+01
  0.32481841E+01 -0.64611717E+01
  0.32592500E+01 -0.64607724E+01
  0.32703160E+01 -0.64603835E+01
  0.32813819E+01 -0.64600054E+01
  0.32924479E+01 -0.64596385E+01
  0.33035139E+01 -0.64592830E+01
  0.33145798E+01 -0.64589392E+01
  0.33256458E+01 -0.64586072E+01
  0.33367117E+01 -0.64582873E+01
  0.33477777E+01 -0.64579795E+01
  0.33588437E+01 -0.64576840E+01
  0.33699096E+01 -0.64574008E+01
  0.33809756E+01 -0.64571299E+01
  0.33920415E+01 -0.64568713E+01
  0.34031075E+01 -0.64566250E+01
  0.34141735E+01 -0.64563909E+01
  0.34252394E+01 -0.64561690E+01
  0.34363054E+01 -0.64559592E+01
  0.34473713E+01 -0.64557613E+01
  0.34584373E+01 -0.64555753E+01
  0.34695033E+01 -0.64554009E+01
  0.34805692E+01 -0.64552382E+01
  0.34916352E+01 -0.64550868E+01
  0.35027011E+01 -0.64549466E+01
  0.35137671E+01 -0.64548176E+01
  0.35248331E+01 -0.64546996E+01
  0.35358990E+01 -0.64545923E+01
  0.35469650E+01 -0.64544958E+01
  0.35580309E+01 -0.64544098E+01
  0.35690969E+01 -0.64543342E+01
  0.35801629E+01 -0.64542689E+01
  0.35912288E+01 -0.64542138E+01
  0.36022948E+01 -0.64541689E+01
  0.36133607E+01 -0.64541340E+01
  0.36244267E+01 -0.64541092E+01
  0.36354927E+01 -0.64540943E+01
  0.36465586E+01 -0.64540893E+01
  0.36576301E+01 -0.64540770E+01
  0.36687015E+01 -0.64540403E+01
  0.36797730E+01 -0.64539790E+01
  0.36908444E+01 -0.64538934E+01
  0.37019158E+01 -0.64537836E+01
  0.37129873E+01 -0.64536496E+01
  0.37240587E+01 -0.64534916E+01
  0.37351302E+01 -0.64533099E+01
  0.37462016E+01 -0.64531048E+01
  0.37572731E+01 -0.64528764E+01
  0.37683445E+01 -0.64526252E+01
  0.37794160E+01 -0.64523514E+01
  0.37904874E+01 -0.64520555E+01
  0.38015589E+01 -0.64517378E+01
  0.38126303E+01 -0.64513989E+01
  0.38237018E+01 -0.64510393E+01
  0.38347732E+01 -0.64506595E+01
  0.38458447E+01 -0.64502601E+01
  0.38569161E+01 -0.64498418E+01
  0.38679875E+01 -0.64494052E+01
  0.38790590E+01 -0.64489510E+01
  0.38901304E+01 -0.64484801E+01
  0.39012019E+01 -0.64479932E+01
  0.39122733E+01 -0.64474912E+01
  0.39233448E+01 -0.64469751E+01
  0.39344162E+01 -0.64464457E+01
  0.39454877E+01 -0.64459042E+01
  0.39565591E+01 -0.64453514E+01
  0.39676306E+01 -0.64447887E+01
  0.39787020E+01 -0.64442170E+01
  0.39897735E+01 -0.64436377E+01
  0.40008449E+01 -0.64430519E+01
  0.40119163E+01 -0.64424608E+01
  0.40229878E+01 -0.64418659E+01
  0.40340592E+01 -0.64412684E+01
  0.40451307E+01 -0.64406697E+01
  0.40562021E+01 -0.64400712E+01
  0.40672736E+01 -0.64394743E+01
  0.40783450E+01 -0.64388804E+01
  0.40894165E+01 -0.64382909E+01
  0.41004879E+01 -0.64377072E+01
  0.41115594E+01 -0.64371307E+01
  0.41226308E+01 -0.64365629E+01
  0.41337023E+01 -0.64360050E+01
  0.41447737E+01 -0.64354583E+01
  0.41558452E+01 -0.64349242E+01
  0.41669166E+01 -0.64344039E+01
  0.41779880E+01 -0.64338985E+01
  0.41890595E+01 -0.64334091E+01
  0.42001309E+01 -0.64329367E+01
  0.42112024E+01 -0.64324823E+01
  0.42222738E+01 -0.64320468E+01
  0.42333453E+01 -0.64316309E+01
  0.42444167E+01 -0.64312352E+01
  0.42554882E+01 -0.64308605E+01
  0.42665596E+01 -0.64305071E+01
  0.42776311E+01 -0.64301757E+01
  0.42887025E+01 -0.64298664E+01
  0.42997740E+01 -0.64295796E+01
  0.43108454E+01 -0.64293155E+01
  0.43219169E+01 -0.64290743E+01
  0.43329883E+01 -0.64288560E+01
  0.43440597E+01 -0.64286608E+01
  0.43551312E+01 -0.64284886E+01
  0.43662026E+01 -0.64283395E+01
  0.43772741E+01 -0.64282133E+01
  0.43883455E+01 -0.64281102E+01
  0.43994170E+01 -0.64280301E+01
  0.44104884E+01 -0.64279728E+01
  0.44215599E+01 -0.64279385E+01
  0.44326313E+01 -0.64279271E+01
  0.44437481E+01 -0.64279268E+01
  0.44548648E+01 -0.64279261E+01
  0.44659816E+01 -0.64279249E+01
  0.44770983E+01 -0.64279232E+01
  0.44882151E+01 -0.64279211E+01
  0.44993318E+01 -0.64279184E+01
  0.45104485E+01 -0.64279154E+01
  0.45215653E+01 -0.64279119E+01
  0.45326820E+01 -0.64279079E+01
  0.45437988E+01 -0.64279036E+01
  0.45549155E+01 -0.64278988E+01
  0.45660323E+01 -0.64278937E+01
  0.45771490E+01 -0.64278883E+01
  0.45882658E+01 -0.64278825E+01
  0.45993825E+01 -0.64278763E+01
  0.46104993E+01 -0.64278699E+01
  0.46216160E+01 -0.64278633E+01
  0.46327328E+01 -0.64278564E+01
  0.46438495E+01 -0.64278493E+01
  0.46549663E+01 -0.64278420E+01
  0.46660830E+01 -0.64278346E+01
  0.46771997E+01 -0.64278271E+01
  0.46883165E+01 -0.64278194E+01
  0.46994332E+01 -0.64278117E+01
  0.47105500E+01 -0.64278040E+01
  0.47216667E+01 -0.64277963E+01
  0.47327835E+01 -0.64277886E+01
  0.47439002E+01 -0.64277809E+01
  0.47550170E+01 -0.64277734E+01
  0.47661337E+01 -0.64277660E+01
  0.47772505E+01 -0.64277587E+01
  0.47883672E+01 -0.64277516E+01
  0.47994840E+01 -0.64277447E+01
  0.48106007E+01 -0.64277380E+01
  0.48217175E+01 -0.64277316E+01
  0.48328342E+01 -0.64277255E+01
  0.48439510E+01 -0.64277197E+01
  0.48550677E+01 -0.64277143E+01
  0.48661844E+01 -0.64277092E+01
  0.48773012E+01 -0.64277044E+01
  0.48884179E+01 -0.64277001E+01
  0.48995347E+01 -0.64276961E+01
  0.49106514E+01 -0.64276926E+01
  0.49217682E+01 -0.64276896E+01
  0.49328849E+01 -0.64276869E+01
  0.49440017E+01 -0.64276848E+01
  0.49551184E+01 -0.64276831E+01
  0.49662352E+01 -0.64276819E+01
  0.49773519E+01 -0.64276812E+01
  0.49884687E+01 -0.64276809E+01
  
  0.00000000E+00 -0.63987140E+01
  0.11116747E-01 -0.63987197E+01
  0.22233494E-01 -0.63987367E+01
  0.33350240E-01 -0.63987650E+01
  0.44466987E-01 -0.63988046E+01
  0.55583734E-01 -0.63988556E+01
  0.66700481E-01 -0.63989177E+01
  0.77817228E-01 -0.63989911E+01
  0.88933975E-01 -0.63990756E+01
  0.10005072E+00 -0.63991712E+01
  0.11116747E+00 -0.63992779E+01
  0.12228422E+00 -0.63993955E+01
  0.13340096E+00 -0.63995239E+01
  0.14451771E+00 -0.63996632E+01
  0.15563446E+00 -0.63998131E+01
  0.16675120E+00 -0.63999736E+01
  0.17786795E+00 -0.64001446E+01
  0.18898470E+00 -0.64003260E+01
  0.20010144E+00 -0.64005175E+01
  0.21121819E+00 -0.64007191E+01
  0.22233494E+00 -0.64009306E+01
  0.23345168E+00 -0.64011519E+01
  0.24456843E+00 -0.64013828E+01
  0.25568518E+00 -0.64016231E+01
  0.26680192E+00 -0.64018727E+01
  0.27791867E+00 -0.64021313E+01
  0.28903542E+00 -0.64023988E+01
  0.30015216E+00 -0.64026750E+01
  0.31126891E+00 -0.64029595E+01
  0.32238566E+00 -0.64032523E+01
  0.33350240E+00 -0.64035530E+01
  0.34461915E+00 -0.64038615E+01
  0.35573590E+00 -0.64041775E+01
  0.36685265E+00 -0.64045006E+01
  0.37796939E+00 -0.64048307E+01
  0.38908614E+00 -0.64051675E+01
  0.40020289E+00 -0.64055107E+01
  0.41131963E+00 -0.64058599E+01
  0.42243638E+00 -0.64062150E+01
  0.43355313E+00 -0.64065755E+01
  0.44466987E+00 -0.64069411E+01
  0.45578662E+00 -0.64073116E+01
  0.46690337E+00 -0.64076866E+01
  0.47802011E+00 -0.64080657E+01
  0.48913686E+00 -0.64084487E+01
  0.50025361E+00 -0.64088351E+01
  0.51137035E+00 -0.64092245E+01
  0.52248710E+00 -0.64096167E+01
  0.53360385E+00 -0.64100112E+01
  0.54472059E+00 -0.64104077E+01
  0.55583734E+00 -0.64108058E+01
  0.56695409E+00 -0.64112050E+01
  0.57807084E+00 -0.64116051E+01
  0.58918758E+00 -0.64120055E+01
  0.60030433E+00 -0.64124059E+01
  0.61142108E+00 -0.64128059E+01
  0.62253782E+00 -0.64132051E+01
  0.63365457E+00 -0.64136030E+01
  0.64477132E+00 -0.64139992E+01
  0.65588806E+00 -0.64143934E+01
  0.66700481E+00 -0.64147850E+01
  0.67812156E+00 -0.64151738E+01
  0.68923830E+00 -0.64155592E+01
  0.70035505E+00 -0.64159409E+01
  0.71147180E+00 -0.64163184E+01
  0.72258854E+00 -0.64166914E+01
  0.73370529E+00 -0.64170593E+01
  0.74482204E+00 -0.64174219E+01
  0.75593878E+00 -0.64177786E+01
  0.76705553E+00 -0.64181291E+01
  0.77817228E+00 -0.64184731E+01
  0.78928902E+00 -0.64188100E+01
  0.80040577E+00 -0.64191396E+01
  0.81152252E+00 -0.64194613E+01
  0.82263927E+00 -0.64197750E+01
  0.83375601E+00 -0.64200802E+01
  0.84487276E+00 -0.64203765E+01
  0.85598951E+00 -0.64206635E+01
  0.86710625E+00 -0.64209411E+01
  0.87822300E+00 -0.64212088E+01
  0.88933975E+00 -0.64214663E+01
  0.90045649E+00 -0.64217133E+01
  0.91157324E+00 -0.64219494E+01
  0.92268999E+00 -0.64221746E+01
  0.93380673E+00 -0.64223883E+01
  0.94492348E+00 -0.64225905E+01
  0.95604023E+00 -0.64227808E+01
  0.96715697E+00 -0.64229590E+01
  0.97827372E+00 -0.64231249E+01
  0.98939047E+00 -0.64232783E+01
  0.10005072E+01 -0.64234190E+01
  0.10116240E+01 -0.64235468E+01
  0.10227407E+01 -0.64236616E+01
  0.10338575E+01 -0.64237632E+01
  0.10449742E+01 -0.64238516E+01
  0.10560909E+01 -0.64239265E+01
  0.10672077E+01 -0.64239879E+01
  0.10783244E+01 -0.64240358E+01
  0.10894412E+01 -0.64240700E+01
  0.11005579E+01 -0.64240906E+01
  0.11116747E+01 -0.64240974E+01
  0.11229043E+01 -0.64240893E+01
  0.11341339E+01 -0.64240649E+01
  0.11453635E+01 -0.64240243E+01
  0.11565931E+01 -0.64239676E+01
  0.11678227E+01 -0.64238946E+01
  0.11790523E+01 -0.64238056E+01
  0.11902820E+01 -0.64237006E+01
  0.12015116E+01 -0.64235796E+01
  0.12127412E+01 -0.64234428E+01
  0.12239708E+01 -0.64232903E+01
  0.12352004E+01 -0.64231222E+01
  0.12464300E+01 -0.64229386E+01
  0.12576596E+01 -0.64227397E+01
  0.12688892E+01 -0.64225257E+01
  0.12801188E+01 -0.64222967E+01
  0.12913484E+01 -0.64220528E+01
  0.13025781E+01 -0.64217944E+01
  0.13138077E+01 -0.64215217E+01
  0.13250373E+01 -0.64212348E+01
  0.13362669E+01 -0.64209340E+01
  0.13474965E+01 -0.64206196E+01
  0.13587261E+01 -0.64202918E+01
  0.13699557E+01 -0.64199509E+01
  0.13811853E+01 -0.64195973E+01
  0.13924149E+01 -0.64192312E+01
  0.14036445E+01 -0.64188530E+01
  0.14148742E+01 -0.64184630E+01
  0.14261038E+01 -0.64180616E+01
  0.14373334E+01 -0.64176491E+01
  0.14485630E+01 -0.64172260E+01
  0.14597926E+01 -0.64167927E+01
  0.14710222E+01 -0.64163496E+01
  0.14822518E+01 -0.64158971E+01
  0.14934814E+01 -0.64154358E+01
  0.15047110E+01 -0.64149661E+01
  0.15047110E+01 -0.64149661E+01
  0.15158347E+01 -0.64144930E+01
  0.15269584E+01 -0.64140127E+01
  0.15380820E+01 -0.64135257E+01
  0.15492057E+01 -0.64130325E+01
  0.15603294E+01 -0.64125337E+01
  0.15714531E+01 -0.64120300E+01
  0.15825767E+01 -0.64115219E+01
  0.15937004E+01 -0.64110100E+01
  0.16048241E+01 -0.64104950E+01
  0.16159477E+01 -0.64099776E+01
  0.16270714E+01 -0.64094585E+01
  0.16381951E+01 -0.64089383E+01
  0.16493188E+01 -0.64084178E+01
  0.16604424E+01 -0.64078978E+01
  0.16715661E+01 -0.64073789E+01
  0.16826898E+01 -0.64068621E+01
  0.16938134E+01 -0.64063481E+01
  0.17049371E+01 -0.64058376E+01
  0.17160608E+01 -0.64053315E+01
  0.17271844E+01 -0.64048307E+01
  0.17383081E+01 -0.64043359E+01
  0.17494318E+01 -0.64038479E+01
  0.17605555E+01 -0.64033677E+01
  0.17716791E+01 -0.64028961E+01
  0.17828028E+01 -0.64024337E+01
  0.17939265E+01 -0.64019815E+01
  0.18050501E+01 -0.64015403E+01
  0.18161738E+01 -0.64011107E+01
  0.18272975E+01 -0.64006936E+01
  0.18384211E+01 -0.64006203E+01
  0.18495448E+01 -0.64008279E+01
  0.18606685E+01 -0.64010260E+01
  0.18717922E+01 -0.64012145E+01
  0.18829158E+01 -0.64013932E+01
  0.18940395E+01 -0.64015620E+01
  0.19051632E+01 -0.64017209E+01
  0.19162868E+01 -0.64018697E+01
  0.19274105E+01 -0.64020084E+01
  0.19385342E+01 -0.64021370E+01
  0.19496579E+01 -0.64022554E+01
  0.19607815E+01 -0.64023637E+01
  0.19719052E+01 -0.64024618E+01
  0.19830289E+01 -0.64025498E+01
  0.19941525E+01 -0.64026278E+01
  0.20052762E+01 -0.64026958E+01
  0.20163999E+01 -0.64027540E+01
  0.20275235E+01 -0.64028024E+01
  0.20386472E+01 -0.64028412E+01
  0.20497709E+01 -0.64028706E+01
  0.20608946E+01 -0.64028907E+01
  0.20720182E+01 -0.64029017E+01
  0.20831419E+01 -0.64029039E+01
  0.20942656E+01 -0.64028973E+01
  0.21053892E+01 -0.64028823E+01
  0.21165129E+01 -0.64028591E+01
  0.21276366E+01 -0.64028280E+01
  0.21387602E+01 -0.64027893E+01
  0.21498839E+01 -0.64027431E+01
  0.21610076E+01 -0.64026899E+01
  0.21721313E+01 -0.64026300E+01
  0.21832549E+01 -0.64025636E+01
  0.21943786E+01 -0.64024912E+01
  0.22055023E+01 -0.64024130E+01
  0.22166259E+01 -0.64023293E+01
  0.22277496E+01 -0.64022407E+01
  0.22388733E+01 -0.64021473E+01
  0.22499970E+01 -0.64020497E+01
  0.22611206E+01 -0.64019481E+01
  0.22722443E+01 -0.64018429E+01
  0.22833680E+01 -0.64017346E+01
  0.22944916E+01 -0.64016235E+01
  0.23056153E+01 -0.64015101E+01
  0.23167390E+01 -0.64013946E+01
  0.23278626E+01 -0.64012775E+01
  0.23389863E+01 -0.64011591E+01
  0.23501100E+01 -0.64010400E+01
  0.23612337E+01 -0.64009204E+01
  0.23723573E+01 -0.64008007E+01
  0.23834810E+01 -0.64006813E+01
  0.23946047E+01 -0.64005626E+01
  0.24057283E+01 -0.64004449E+01
  0.24168520E+01 -0.64003286E+01
  0.24279757E+01 -0.64002141E+01
  0.24390993E+01 -0.64001017E+01
  0.24502230E+01 -0.63999917E+01
  0.24613467E+01 -0.63998845E+01
  0.24724704E+01 -0.63997804E+01
  0.24835940E+01 -0.63996797E+01
  0.24947177E+01 -0.63995826E+01
  0.25058414E+01 -0.63994895E+01
  0.25169650E+01 -0.63994007E+01
  0.25280887E+01 -0.63993163E+01
  0.25392124E+01 -0.63992367E+01
  0.25503361E+01 -0.63991620E+01
  0.25614597E+01 -0.63990925E+01
  0.25725834E+01 -0.63990283E+01
  0.25837071E+01 -0.63989698E+01
  0.25948307E+01 -0.63989169E+01
  0.26059544E+01 -0.63988699E+01
  0.26170781E+01 -0.63988289E+01
  0.26282017E+01 -0.63987940E+01
  0.26393254E+01 -0.63987653E+01
  0.26504491E+01 -0.63987429E+01
  0.26615728E+01 -0.63987268E+01
  0.26726964E+01 -0.63987172E+01
  0.26838201E+01 -0.63987140E+01
  0.26948861E+01 -0.63987147E+01
  0.27059520E+01 -0.63987170E+01
  0.27170180E+01 -0.63987207E+01
  0.27280839E+01 -0.63987258E+01
  0.27391499E+01 -0.63987324E+01
  0.27502159E+01 -0.63987402E+01
  0.27612818E+01 -0.63987493E+01
  0.27723478E+01 -0.63987596E+01
  0.27834137E+01 -0.63987708E+01
  0.27944797E+01 -0.63987831E+01
  0.28055457E+01 -0.63987961E+01
  0.28166116E+01 -0.63988097E+01
  0.28276776E+01 -0.63988238E+01
  0.28387435E+01 -0.63988383E+01
  0.28498095E+01 -0.63988529E+01
  0.28608755E+01 -0.63988674E+01
  0.28719414E+01 -0.63988817E+01
  0.28830074E+01 -0.63988955E+01
  0.28940733E+01 -0.63989087E+01
  0.29051393E+01 -0.63989209E+01
  0.29162053E+01 -0.63989319E+01
  0.29272712E+01 -0.63989415E+01
  0.29383372E+01 -0.63989495E+01
  0.29494031E+01 -0.63989556E+01
  0.29604691E+01 -0.63989595E+01
  0.29715351E+01 -0.63989610E+01
  0.29826010E+01 -0.63989598E+01
  0.29936670E+01 -0.63989557E+01
  0.30047329E+01 -0.63989483E+01
  0.30157989E+01 -0.63989375E+01
  0.30268649E+01 -0.63989229E+01
  0.30379308E+01 -0.63989044E+01
  0.30489968E+01 -0.63988817E+01
  0.30600627E+01 -0.63988546E+01
  0.30711287E+01 -0.63988228E+01
  0.30821947E+01 -0.63987861E+01
  0.30932606E+01 -0.63987445E+01
  0.31043266E+01 -0.63986976E+01
  0.31153925E+01 -0.63986454E+01
  0.31264585E+01 -0.63985877E+01
  0.31375245E+01 -0.63985244E+01
  0.31485904E+01 -0.63984554E+01
  0.31596564E+01 -0.63983807E+01
  0.31707223E+01 -0.63983003E+01
  0.31817883E+01 -0.63982141E+01
  0.31928543E+01 -0.63981222E+01
  0.32039202E+01 -0.63980246E+01
  0.32149862E+01 -0.63979216E+01
  0.32260521E+01 -0.63978131E+01
  0.32371181E+01 -0.63976994E+01
  0.32481841E+01 -0.63975807E+01
  0.32592500E+01 -0.63974572E+01
  0.32703160E+01 -0.63973291E+01
  0.32813819E+01 -0.63971969E+01
  0.32924479E+01 -0.63970608E+01
  0.33035139E+01 -0.63969213E+01
  0.33145798E+01 -0.63967787E+01
  0.33256458E+01 -0.63966334E+01
  0.33367117E+01 -0.63964859E+01
  0.33477777E+01 -0.63963368E+01
  0.33588437E+01 -0.63961864E+01
  0.33699096E+01 -0.63960354E+01
  0.33809756E+01 -0.63958843E+01
  0.33920415E+01 -0.63957336E+01
  0.34031075E+01 -0.63955839E+01
  0.34141735E+01 -0.63954357E+01
  0.34252394E+01 -0.63952897E+01
  0.34363054E+01 -0.63951464E+01
  0.34473713E+01 -0.63950064E+01
  0.34584373E+01 -0.63948703E+01
  0.34695033E+01 -0.63947385E+01
  0.34805692E+01 -0.63946117E+01
  0.34916352E+01 -0.63944903E+01
  0.35027011E+01 -0.63943750E+01
  0.35137671E+01 -0.63942660E+01
  0.35248331E+01 -0.63941640E+01
  0.35358990E+01 -0.63940694E+01
  0.35469650E+01 -0.63939825E+01
  0.35580309E+01 -0.63939037E+01
  0.35690969E+01 -0.63938333E+01
  0.35801629E+01 -0.63937718E+01
  0.35912288E+01 -0.63937192E+01
  0.36022948E+01 -0.63936759E+01
  0.36133607E+01 -0.63936420E+01
  0.36244267E+01 -0.63936177E+01
  0.36354927E+01 -0.63936031E+01
  0.36465586E+01 -0.63935982E+01
  0.36576301E+01 -0.63936102E+01
  0.36687015E+01 -0.63936464E+01
  0.36797730E+01 -0.63937065E+01
  0.36908444E+01 -0.63937903E+01
  0.37019158E+01 -0.63938976E+01
  0.37129873E+01 -0.63940279E+01
  0.37240587E+01 -0.63941809E+01
  0.37351302E+01 -0.63943559E+01
  0.37462016E+01 -0.63945524E+01
  0.37572731E+01 -0.63947697E+01
  0.37683445E+01 -0.63950072E+01
  0.37794160E+01 -0.63952639E+01
  0.37904874E+01 -0.63955391E+01
  0.38015589E+01 -0.63958319E+01
  0.38126303E+01 -0.63961414E+01
  0.38237018E+01 -0.63964666E+01
  0.38347732E+01 -0.63968066E+01
  0.38458447E+01 -0.63971604E+01
  0.38569161E+01 -0.63975269E+01
  0.38679875E+01 -0.63979051E+01
  0.38790590E+01 -0.63982940E+01
  0.38901304E+01 -0.63986925E+01
  0.39012019E+01 -0.63990997E+01
  0.39122733E+01 -0.63995144E+01
  0.39233448E+01 -0.63999358E+01
  0.39344162E+01 -0.64003627E+01
  0.39454877E+01 -0.64007942E+01
  0.39565591E+01 -0.64012294E+01
  0.39676306E+01 -0.64016673E+01
  0.39787020E+01 -0.64021070E+01
  0.39897735E+01 -0.64025475E+01
  0.40008449E+01 -0.64029881E+01
  0.40119163E+01 -0.64034278E+01
  0.40229878E+01 -0.64038659E+01
  0.40340592E+01 -0.64043015E+01
  0.40451307E+01 -0.64047339E+01
  0.40562021E+01 -0.64051623E+01
  0.40672736E+01 -0.64055860E+01
  0.40783450E+01 -0.64060044E+01
  0.40894165E+01 -0.64064167E+01
  0.41004879E+01 -0.64068223E+01
  0.41115594E+01 -0.64072206E+01
  0.41226308E+01 -0.64076110E+01
  0.41337023E+01 -0.64079929E+01
  0.41447737E+01 -0.64083658E+01
  0.41558452E+01 -0.64087290E+01
  0.41669166E+01 -0.64090822E+01
  0.41779880E+01 -0.64094247E+01
  0.41890595E+01 -0.64097562E+01
  0.42001309E+01 -0.64100762E+01
  0.42112024E+01 -0.64103842E+01
  0.42222738E+01 -0.64106798E+01
  0.42333453E+01 -0.64109627E+01
  0.42444167E+01 -0.64112324E+01
  0.42554882E+01 -0.64114887E+01
  0.42665596E+01 -0.64117311E+01
  0.42776311E+01 -0.64119594E+01
  0.42887025E+01 -0.64121732E+01
  0.42997740E+01 -0.64123724E+01
  0.43108454E+01 -0.64125565E+01
  0.43219169E+01 -0.64127254E+01
  0.43329883E+01 -0.64128789E+01
  0.43440597E+01 -0.64130168E+01
  0.43551312E+01 -0.64131389E+01
  0.43662026E+01 -0.64132450E+01
  0.43772741E+01 -0.64133350E+01
  0.43883455E+01 -0.64134089E+01
  0.43994170E+01 -0.64134664E+01
  0.44104884E+01 -0.64135075E+01
  0.44215599E+01 -0.64135322E+01
  0.44326313E+01 -0.64135404E+01
  0.44437481E+01 -0.64135557E+01
  0.44548648E+01 -0.64136015E+01
  0.44659816E+01 -0.64136771E+01
  0.44770983E+01 -0.64137818E+01
  0.44882151E+01 -0.64139141E+01
  0.44993318E+01 -0.64140728E+01
  0.45104485E+01 -0.64142560E+01
  0.45215653E+01 -0.64144620E+01
  0.45326820E+01 -0.64146887E+01
  0.45437988E+01 -0.64149342E+01
  0.45549155E+01 -0.64151965E+01
  0.45660323E+01 -0.64154735E+01
  0.45771490E+01 -0.64157633E+01
  0.45882658E+01 -0.64160640E+01
  0.45993825E+01 -0.64163737E+01
  0.46104993E+01 -0.64166907E+01
  0.46216160E+01 -0.64170134E+01
  0.46327328E+01 -0.64173401E+01
  0.46438495E+01 -0.64176694E+01
  0.46549663E+01 -0.64179999E+01
  0.46660830E+01 -0.64183302E+01
  0.46771997E+01 -0.64186592E+01
  0.46883165E+01 -0.64189857E+01
  0.46994332E+01 -0.64193086E+01
  0.47105500E+01 -0.64196268E+01
  0.47216667E+01 -0.64199395E+01
  0.47327835E+01 -0.64202457E+01
  0.47439002E+01 -0.64205445E+01
  0.47550170E+01 -0.64208352E+01
  0.47661337E+01 -0.64211170E+01
  0.47772505E+01 -0.64213893E+01
  0.47883672E+01 -0.64216513E+01
  0.47994840E+01 -0.64219025E+01
  0.48106007E+01 -0.64221422E+01
  0.48217175E+01 -0.64223700E+01
  0.48328342E+01 -0.64225854E+01
  0.48439510E+01 -0.64227879E+01
  0.48550677E+01 -0.64229770E+01
  0.48661844E+01 -0.64231524E+01
  0.48773012E+01 -0.64233138E+01
  0.48884179E+01 -0.64234607E+01
  0.48995347E+01 -0.64235930E+01
  0.49106514E+01 -0.64237103E+01
  0.49217682E+01 -0.64238124E+01
  0.49328849E+01 -0.64238992E+01
  0.49440017E+01 -0.64239704E+01
  0.49551184E+01 -0.64240259E+01
  0.49662352E+01 -0.64240656E+01
  0.49773519E+01 -0.64240895E+01
  0.49884687E+01 -0.64240974E+01
  
  0.00000000E+00 -0.63987140E+01
  0.11116747E-01 -0.63987098E+01
  0.22233494E-01 -0.63986974E+01
  0.33350240E-01 -0.63986766E+01
  0.44466987E-01 -0.63986476E+01
  0.55583734E-01 -0.63986104E+01
  0.66700481E-01 -0.63985650E+01
  0.77817228E-01 -0.63985115E+01
  0.88933975E-01 -0.63984500E+01
  0.10005072E+00 -0.63983805E+01
  0.11116747E+00 -0.63983032E+01
  0.12228422E+00 -0.63982182E+01
  0.13340096E+00 -0.63981255E+01
  0.14451771E+00 -0.63980253E+01
  0.15563446E+00 -0.63979178E+01
  0.16675120E+00 -0.63978031E+01
  0.17786795E+00 -0.63976814E+01
  0.18898470E+00 -0.63975527E+01
  0.20010144E+00 -0.63974174E+01
  0.21121819E+00 -0.63972755E+01
  0.22233494E+00 -0.63971273E+01
  0.23345168E+00 -0.63969730E+01
  0.24456843E+00 -0.63968128E+01
  0.25568518E+00 -0.63966468E+01
  0.26680192E+00 -0.63964753E+01
  0.27791867E+00 -0.63962986E+01
  0.28903542E+00 -0.63961168E+01
  0.30015216E+00 -0.63959303E+01
  0.31126891E+00 -0.63957391E+01
  0.32238566E+00 -0.63955437E+01
  0.33350240E+00 -0.63953441E+01
  0.34461915E+00 -0.63951408E+01
  0.35573590E+00 -0.63949338E+01
  0.36685265E+00 -0.63947236E+01
  0.37796939E+00 -0.63945103E+01
  0.38908614E+00 -0.63942942E+01
  0.40020289E+00 -0.63940755E+01
  0.41131963E+00 -0.63938546E+01
  0.42243638E+00 -0.63936317E+01
  0.43355313E+00 -0.63934070E+01
  0.44466987E+00 -0.63931808E+01
  0.45578662E+00 -0.63929533E+01
  0.46690337E+00 -0.63927249E+01
  0.47802011E+00 -0.63924957E+01
  0.48913686E+00 -0.63922660E+01
  0.50025361E+00 -0.63920361E+01
  0.51137035E+00 -0.63918062E+01
  0.52248710E+00 -0.63915766E+01
  0.53360385E+00 -0.63913475E+01
  0.54472059E+00 -0.63911191E+01
  0.55583734E+00 -0.63908916E+01
  0.56695409E+00 -0.63906653E+01
  0.57807084E+00 -0.63904405E+01
  0.58918758E+00 -0.63902172E+01
  0.60030433E+00 -0.63899958E+01
  0.61142108E+00 -0.63897764E+01
  0.62253782E+00 -0.63895593E+01
  0.63365457E+00 -0.63893446E+01
  0.64477132E+00 -0.63891326E+01
  0.65588806E+00 -0.63889233E+01
  0.66700481E+00 -0.63887170E+01
  0.67812156E+00 -0.63885139E+01
  0.68923830E+00 -0.63883141E+01
  0.70035505E+00 -0.63881178E+01
  0.71147180E+00 -0.63879252E+01
  0.72258854E+00 -0.63877363E+01
  0.73370529E+00 -0.63875514E+01
  0.74482204E+00 -0.63873705E+01
  0.75593878E+00 -0.63871939E+01
  0.76705553E+00 -0.63870215E+01
  0.77817228E+00 -0.63868536E+01
  0.78928902E+00 -0.63866903E+01
  0.80040577E+00 -0.63865316E+01
  0.81152252E+00 -0.63863777E+01
  0.82263927E+00 -0.63862286E+01
  0.83375601E+00 -0.63860845E+01
  0.84487276E+00 -0.63859455E+01
  0.85598951E+00 -0.63858115E+01
  0.86710625E+00 -0.63856828E+01
  0.87822300E+00 -0.63855593E+01
  0.88933975E+00 -0.63854412E+01
  0.90045649E+00 -0.63853284E+01
  0.91157324E+00 -0.63852212E+01
  0.92268999E+00 -0.63851194E+01
  0.93380673E+00 -0.63850232E+01
  0.94492348E+00 -0.63849326E+01
  0.95604023E+00 -0.63848477E+01
  0.96715697E+00 -0.63847685E+01
  0.97827372E+00 -0.63846949E+01
  0.98939047E+00 -0.63846272E+01
  0.10005072E+01 -0.63845653E+01
  0.10116240E+01 -0.63845091E+01
  0.10227407E+01 -0.63844589E+01
  0.10338575E+01 -0.63844145E+01
  0.10449742E+01 -0.63843759E+01
  0.10560909E+01 -0.63843433E+01
  0.10672077E+01 -0.63843166E+01
  0.10783244E+01 -0.63842958E+01
  0.10894412E+01 -0.63842809E+01
  0.11005579E+01 -0.63842720E+01
  0.11116747E+01 -0.63842691E+01
  0.11229043E+01 -0.63842760E+01
  0.11341339E+01 -0.63842967E+01
  0.11453635E+01 -0.63843312E+01
  0.11565931E+01 -0.63843795E+01
  0.11678227E+01 -0.63844414E+01
  0.11790523E+01 -0.63845169E+01
  0.11902820E+01 -0.63846057E+01
  0.12015116E+01 -0.63847079E+01
  0.12127412E+01 -0.63848232E+01
  0.12239708E+01 -0.63849515E+01
  0.12352004E+01 -0.63850924E+01
  0.12464300E+01 -0.63852459E+01
  0.12576596E+01 -0.63854116E+01
  0.12688892E+01 -0.63855894E+01
  0.12801188E+01 -0.63857788E+01
  0.12913484E+01 -0.63859796E+01
  0.13025781E+01 -0.63861915E+01
  0.13138077E+01 -0.63864142E+01
  0.13250373E+01 -0.63866472E+01
  0.13362669E+01 -0.63868903E+01
  0.13474965E+01 -0.63871430E+01
  0.13587261E+01 -0.63874049E+01
  0.13699557E+01 -0.63876757E+01
  0.13811853E+01 -0.63879548E+01
  0.13924149E+01 -0.63882419E+01
  0.14036445E+01 -0.63885365E+01
  0.14148742E+01 -0.63888382E+01
  0.14261038E+01 -0.63891464E+01
  0.14373334E+01 -0.63894607E+01
  0.14485630E+01 -0.63897806E+01
  0.14597926E+01 -0.63901056E+01
  0.14710222E+01 -0.63904353E+01
  0.14822518E+01 -0.63907690E+01
  0.14934814E+01 -0.63911063E+01
  0.15047110E+01 -0.63914468E+01
  0.15047110E+01 -0.63914468E+01
  0.15158347E+01 -0.63917865E+01
  0.15269584E+01 -0.63921283E+01
  0.15380820E+01 -0.63924716E+01
  0.15492057E+01 -0.63928159E+01
  0.15603294E+01 -0.63931607E+01
  0.15714531E+01 -0.63935056E+01
  0.15825767E+01 -0.63938500E+01
  0.15937004E+01 -0.63941934E+01
  0.16048241E+01 -0.63945354E+01
  0.16159477E+01 -0.63948754E+01
  0.16270714E+01 -0.63952131E+01
  0.16381951E+01 -0.63955479E+01
  0.16493188E+01 -0.63958793E+01
  0.16604424E+01 -0.63962070E+01
  0.16715661E+01 -0.63965305E+01
  0.16826898E+01 -0.63968494E+01
  0.16938134E+01 -0.63971633E+01
  0.17049371E+01 -0.63974716E+01
  0.17160608E+01 -0.63977742E+01
  0.17271844E+01 -0.63980705E+01
  0.17383081E+01 -0.63983603E+01
  0.17494318E+01 -0.63986431E+01
  0.17605555E+01 -0.63989187E+01
  0.17716791E+01 -0.63991867E+01
  0.17828028E+01 -0.63994469E+01
  0.17939265E+01 -0.63996989E+01
  0.18050501E+01 -0.63999424E+01
  0.18161738E+01 -0.64001774E+01
  0.18272975E+01 -0.64004034E+01
  0.18384211E+01 -0.64002897E+01
  0.18495448E+01 -0.63998996E+01
  0.18606685E+01 -0.63995240E+01
  0.18717922E+01 -0.63991634E+01
  0.18829158E+01 -0.63988185E+01
  0.18940395E+01 -0.63984898E+01
  0.19051632E+01 -0.63981776E+01
  0.19162868E+01 -0.63978824E+01
  0.19274105E+01 -0.63976045E+01
  0.19385342E+01 -0.63973442E+01
  0.19496579E+01 -0.63971017E+01
  0.19607815E+01 -0.63968771E+01
  0.19719052E+01 -0.63966704E+01
  0.19830289E+01 -0.63964818E+01
  0.19941525E+01 -0.63963110E+01
  0.20052762E+01 -0.63961579E+01
  0.20163999E+01 -0.63960224E+01
  0.20275235E+01 -0.63959041E+01
  0.20386472E+01 -0.63958027E+01
  0.20497709E+01 -0.63957178E+01
  0.20608946E+01 -0.63956488E+01
  0.20720182E+01 -0.63955953E+01
  0.20831419E+01 -0.63955567E+01
  0.20942656E+01 -0.63955323E+01
  0.21053892E+01 -0.63955214E+01
  0.21165129E+01 -0.63955234E+01
  0.21276366E+01 -0.63955374E+01
  0.21387602E+01 -0.63955628E+01
  0.21498839E+01 -0.63955987E+01
  0.21610076E+01 -0.63956443E+01
  0.21721313E+01 -0.63956988E+01
  0.21832549E+01 -0.63957613E+01
  0.21943786E+01 -0.63958312E+01
  0.22055023E+01 -0.63959075E+01
  0.22166259E+01 -0.63959894E+01
  0.22277496E+01 -0.63960763E+01
  0.22388733E+01 -0.63961673E+01
  0.22499970E+01 -0.63962618E+01
  0.22611206E+01 -0.63963590E+01
  0.22722443E+01 -0.63964583E+01
  0.22833680E+01 -0.63965591E+01
  0.22944916E+01 -0.63966608E+01
  0.23056153E+01 -0.63967628E+01
  0.23167390E+01 -0.63968648E+01
  0.23278626E+01 -0.63969661E+01
  0.23389863E+01 -0.63970665E+01
  0.23501100E+01 -0.63971654E+01
  0.23612337E+01 -0.63972626E+01
  0.23723573E+01 -0.63973578E+01
  0.23834810E+01 -0.63974507E+01
  0.23946047E+01 -0.63975410E+01
  0.24057283E+01 -0.63976286E+01
  0.24168520E+01 -0.63977133E+01
  0.24279757E+01 -0.63977948E+01
  0.24390993E+01 -0.63978732E+01
  0.24502230E+01 -0.63979483E+01
  0.24613467E+01 -0.63980200E+01
  0.24724704E+01 -0.63980882E+01
  0.24835940E+01 -0.63981530E+01
  0.24947177E+01 -0.63982142E+01
  0.25058414E+01 -0.63982718E+01
  0.25169650E+01 -0.63983259E+01
  0.25280887E+01 -0.63983764E+01
  0.25392124E+01 -0.63984233E+01
  0.25503361E+01 -0.63984666E+01
  0.25614597E+01 -0.63985064E+01
  0.25725834E+01 -0.63985426E+01
  0.25837071E+01 -0.63985754E+01
  0.25948307E+01 -0.63986046E+01
  0.26059544E+01 -0.63986303E+01
  0.26170781E+01 -0.63986526E+01
  0.26282017E+01 -0.63986714E+01
  0.26393254E+01 -0.63986867E+01
  0.26504491E+01 -0.63986987E+01
  0.26615728E+01 -0.63987072E+01
  0.26726964E+01 -0.63987123E+01
  0.26838201E+01 -0.63987140E+01
  0.26948861E+01 -0.63987147E+01
  0.27059520E+01 -0.63987170E+01
  0.27170180E+01 -0.63987207E+01
  0.27280839E+01 -0.63987258E+01
  0.27391499E+01 -0.63987324E+01
  0.27502159E+01 -0.63987402E+01
  0.27612818E+01 -0.63987493E+01
  0.27723478E+01 -0.63987596E+01
  0.27834137E+01 -0.63987708E+01
  0.27944797E+01 -0.63987831E+01
  0.28055457E+01 -0.63987961E+01
  0.28166116E+01 -0.63988097E+01
  0.28276776E+01 -0.63988238E+01
  0.28387435E+01 -0.63988383E+01
  0.28498095E+01 -0.63988529E+01
  0.28608755E+01 -0.63988674E+01
  0.28719414E+01 -0.63988817E+01
  0.28830074E+01 -0.63988955E+01
  0.28940733E+01 -0.63989087E+01
  0.29051393E+01 -0.63989209E+01
  0.29162053E+01 -0.63989319E+01
  0.29272712E+01 -0.63989415E+01
  0.29383372E+01 -0.63989495E+01
  0.29494031E+01 -0.63989556E+01
  0.29604691E+01 -0.63989595E+01
  0.29715351E+01 -0.63989610E+01
  0.29826010E+01 -0.63989598E+01
  0.29936670E+01 -0.63989557E+01
  0.30047329E+01 -0.63989483E+01
  0.30157989E+01 -0.63989375E+01
  0.30268649E+01 -0.63989229E+01
  0.30379308E+01 -0.63989044E+01
  0.30489968E+01 -0.63988817E+01
  0.30600627E+01 -0.63988546E+01
  0.30711287E+01 -0.63988228E+01
  0.30821947E+01 -0.63987861E+01
  0.30932606E+01 -0.63987445E+01
  0.31043266E+01 -0.63986976E+01
  0.31153925E+01 -0.63986454E+01
  0.31264585E+01 -0.63985877E+01
  0.31375245E+01 -0.63985244E+01
  0.31485904E+01 -0.63984554E+01
  0.31596564E+01 -0.63983807E+01
  0.31707223E+01 -0.63983003E+01
  0.31817883E+01 -0.63982141E+01
  0.31928543E+01 -0.63981222E+01
  0.32039202E+01 -0.63980246E+01
  0.32149862E+01 -0.63979216E+01
  0.32260521E+01 -0.63978131E+01
  0.32371181E+01 -0.63976994E+01
  0.32481841E+01 -0.63975807E+01
  0.32592500E+01 -0.63974572E+01
  0.32703160E+01 -0.63973291E+01
  0.32813819E+01 -0.63971969E+01
  0.32924479E+01 -0.63970608E+01
  0.33035139E+01 -0.63969213E+01
  0.33145798E+01 -0.63967787E+01
  0.33256458E+01 -0.63966334E+01
  0.33367117E+01 -0.63964859E+01
  0.33477777E+01 -0.63963368E+01
  0.33588437E+01 -0.63961864E+01
  0.33699096E+01 -0.63960354E+01
  0.33809756E+01 -0.63958843E+01
  0.33920415E+01 -0.63957336E+01
  0.34031075E+01 -0.63955839E+01
  0.34141735E+01 -0.63954357E+01
  0.34252394E+01 -0.63952897E+01
  0.34363054E+01 -0.63951464E+01
  0.34473713E+01 -0.63950064E+01
  0.34584373E+01 -0.63948703E+01
  0.34695033E+01 -0.63947385E+01
  0.34805692E+01 -0.63946117E+01
  0.34916352E+01 -0.63944903E+01
  0.35027011E+01 -0.63943750E+01
  0.35137671E+01 -0.63942660E+01
  0.35248331E+01 -0.63941640E+01
  0.35358990E+01 -0.63940694E+01
  0.35469650E+01 -0.63939825E+01
  0.35580309E+01 -0.63939037E+01
  0.35690969E+01 -0.63938333E+01
  0.35801629E+01 -0.63937718E+01
  0.35912288E+01 -0.63937192E+01
  0.36022948E+01 -0.63936759E+01
  0.36133607E+01 -0.63936420E+01
  0.36244267E+01 -0.63936177E+01
  0.36354927E+01 -0.63936031E+01
  0.36465586E+01 -0.63935982E+01
  0.36576301E+01 -0.63935994E+01
  0.36687015E+01 -0.63936031E+01
  0.36797730E+01 -0.63936092E+01
  0.36908444E+01 -0.63936177E+01
  0.37019158E+01 -0.63936286E+01
  0.37129873E+01 -0.63936419E+01
  0.37240587E+01 -0.63936574E+01
  0.37351302E+01 -0.63936752E+01
  0.37462016E+01 -0.63936952E+01
  0.37572731E+01 -0.63937172E+01
  0.37683445E+01 -0.63937414E+01
  0.37794160E+01 -0.63937674E+01
  0.37904874E+01 -0.63937953E+01
  0.38015589E+01 -0.63938249E+01
  0.38126303E+01 -0.63938561E+01
  0.38237018E+01 -0.63938887E+01
  0.38347732E+01 -0.63939227E+01
  0.38458447E+01 -0.63939579E+01
  0.38569161E+01 -0.63939941E+01
  0.38679875E+01 -0.63940311E+01
  0.38790590E+01 -0.63940688E+01
  0.38901304E+01 -0.63941070E+01
  0.39012019E+01 -0.63941454E+01
  0.39122733E+01 -0.63941839E+01
  0.39233448E+01 -0.63942222E+01
  0.39344162E+01 -0.63942602E+01
  0.39454877E+01 -0.63942975E+01
  0.39565591E+01 -0.63943339E+01
  0.39676306E+01 -0.63943692E+01
  0.39787020E+01 -0.63944030E+01
  0.39897735E+01 -0.63944352E+01
  0.40008449E+01 -0.63944655E+01
  0.40119163E+01 -0.63944936E+01
  0.40229878E+01 -0.63945192E+01
  0.40340592E+01 -0.63945421E+01
  0.40451307E+01 -0.63945621E+01
  0.40562021E+01 -0.63945788E+01
  0.40672736E+01 -0.63945920E+01
  0.40783450E+01 -0.63946016E+01
  0.40894165E+01 -0.63946072E+01
  0.41004879E+01 -0.63946089E+01
  0.41115594E+01 -0.63946063E+01
  0.41226308E+01 -0.63945995E+01
  0.41337023E+01 -0.63945883E+01
  0.41447737E+01 -0.63945727E+01
  0.41558452E+01 -0.63945527E+01
  0.41669166E+01 -0.63945283E+01
  0.41779880E+01 -0.63944998E+01
  0.41890595E+01 -0.63944672E+01
  0.42001309E+01 -0.63944308E+01
  0.42112024E+01 -0.63943909E+01
  0.42222738E+01 -0.63943478E+01
  0.42333453E+01 -0.63943019E+01
  0.42444167E+01 -0.63942537E+01
  0.42554882E+01 -0.63942036E+01
  0.42665596E+01 -0.63941522E+01
  0.42776311E+01 -0.63941001E+01
  0.42887025E+01 -0.63940478E+01
  0.42997740E+01 -0.63939961E+01
  0.43108454E+01 -0.63939455E+01
  0.43219169E+01 -0.63938966E+01
  0.43329883E+01 -0.63938502E+01
  0.43440597E+01 -0.63938067E+01
  0.43551312E+01 -0.63937669E+01
  0.43662026E+01 -0.63937312E+01
  0.43772741E+01 -0.63937000E+01
  0.43883455E+01 -0.63936740E+01
  0.43994170E+01 -0.63936533E+01
  0.44104884E+01 -0.63936383E+01
  0.44215599E+01 -0.63936293E+01
  0.44326313E+01 -0.63936262E+01
  0.44437481E+01 -0.63936121E+01
  0.44548648E+01 -0.63935699E+01
  0.44659816E+01 -0.63935001E+01
  0.44770983E+01 -0.63934038E+01
  0.44882151E+01 -0.63932819E+01
  0.44993318E+01 -0.63931360E+01
  0.45104485E+01 -0.63929678E+01
  0.45215653E+01 -0.63927789E+01
  0.45326820E+01 -0.63925713E+01
  0.45437988E+01 -0.63923470E+01
  0.45549155E+01 -0.63921078E+01
  0.45660323E+01 -0.63918557E+01
  0.45771490E+01 -0.63915926E+01
  0.45882658E+01 -0.63913202E+01
  0.45993825E+01 -0.63910402E+01
  0.46104993E+01 -0.63907544E+01
  0.46216160E+01 -0.63904642E+01
  0.46327328E+01 -0.63901711E+01
  0.46438495E+01 -0.63898763E+01
  0.46549663E+01 -0.63895813E+01
  0.46660830E+01 -0.63892872E+01
  0.46771997E+01 -0.63889949E+01
  0.46883165E+01 -0.63887057E+01
  0.46994332E+01 -0.63884203E+01
  0.47105500E+01 -0.63881397E+01
  0.47216667E+01 -0.63878648E+01
  0.47327835E+01 -0.63875961E+01
  0.47439002E+01 -0.63873345E+01
  0.47550170E+01 -0.63870806E+01
  0.47661337E+01 -0.63868350E+01
  0.47772505E+01 -0.63865982E+01
  0.47883672E+01 -0.63863707E+01
  0.47994840E+01 -0.63861531E+01
  0.48106007E+01 -0.63859458E+01
  0.48217175E+01 -0.63857492E+01
  0.48328342E+01 -0.63855636E+01
  0.48439510E+01 -0.63853894E+01
  0.48550677E+01 -0.63852269E+01
  0.48661844E+01 -0.63850764E+01
  0.48773012E+01 -0.63849381E+01
  0.48884179E+01 -0.63848124E+01
  0.48995347E+01 -0.63846993E+01
  0.49106514E+01 -0.63845991E+01
  0.49217682E+01 -0.63845120E+01
  0.49328849E+01 -0.63844380E+01
  0.49440017E+01 -0.63843773E+01
  0.49551184E+01 -0.63843300E+01
  0.49662352E+01 -0.63842962E+01
  0.49773519E+01 -0.63842758E+01
  0.49884687E+01 -0.63842691E+01
  
