--
&control
    calculation     = 'bands'
    prefix          = 'lif'
    pseudo_dir      = '../pseudo'
    outdir          = './tmp'
    tprnfor         = .true.
    tstress         = .true.
/
&system
    ibrav           = 2
    celldm(1)       = 7.67418
    nat             = 2
    ntyp            = 2
    !nbnd            = 6
    ecutwfc         = 84.0
/
&electrons
    conv_thr        = 1.0d-18
    diago_full_acc  = .true.
/
ATOMIC_SPECIES
 Li 6.941  Li.upf
 F 18.9984 F.upf
ATOMIC_POSITIONS crystal
 Li 0.0000 0.0000 0.0000
 F  0.5000 0.5000 0.5000

K_POINTS crystal
64
  0.00000000  0.00000000  0.00000000  1.562500e-02
  0.00000000  0.00000000  0.25000000  1.562500e-02
  0.00000000  0.00000000  0.50000000  1.562500e-02
  0.00000000  0.00000000  0.75000000  1.562500e-02
  0.00000000  0.25000000  0.00000000  1.562500e-02
  0.00000000  0.25000000  0.25000000  1.562500e-02
  0.00000000  0.25000000  0.50000000  1.562500e-02
  0.00000000  0.25000000  0.75000000  1.562500e-02
  0.00000000  0.50000000  0.00000000  1.562500e-02
  0.00000000  0.50000000  0.25000000  1.562500e-02
  0.00000000  0.50000000  0.50000000  1.562500e-02
  0.00000000  0.50000000  0.75000000  1.562500e-02
  0.00000000  0.75000000  0.00000000  1.562500e-02
  0.00000000  0.75000000  0.25000000  1.562500e-02
  0.00000000  0.75000000  0.50000000  1.562500e-02
  0.00000000  0.75000000  0.75000000  1.562500e-02
  0.25000000  0.00000000  0.00000000  1.562500e-02
  0.25000000  0.00000000  0.25000000  1.562500e-02
  0.25000000  0.00000000  0.50000000  1.562500e-02
  0.25000000  0.00000000  0.75000000  1.562500e-02
  0.25000000  0.25000000  0.00000000  1.562500e-02
  0.25000000  0.25000000  0.25000000  1.562500e-02
  0.25000000  0.25000000  0.50000000  1.562500e-02
  0.25000000  0.25000000  0.75000000  1.562500e-02
  0.25000000  0.50000000  0.00000000  1.562500e-02
  0.25000000  0.50000000  0.25000000  1.562500e-02
  0.25000000  0.50000000  0.50000000  1.562500e-02
  0.25000000  0.50000000  0.75000000  1.562500e-02
  0.25000000  0.75000000  0.00000000  1.562500e-02
  0.25000000  0.75000000  0.25000000  1.562500e-02
  0.25000000  0.75000000  0.50000000  1.562500e-02
  0.25000000  0.75000000  0.75000000  1.562500e-02
  0.50000000  0.00000000  0.00000000  1.562500e-02
  0.50000000  0.00000000  0.25000000  1.562500e-02
  0.50000000  0.00000000  0.50000000  1.562500e-02
  0.50000000  0.00000000  0.75000000  1.562500e-02
  0.50000000  0.25000000  0.00000000  1.562500e-02
  0.50000000  0.25000000  0.25000000  1.562500e-02
  0.50000000  0.25000000  0.50000000  1.562500e-02
  0.50000000  0.25000000  0.75000000  1.562500e-02
  0.50000000  0.50000000  0.00000000  1.562500e-02
  0.50000000  0.50000000  0.25000000  1.562500e-02
  0.50000000  0.50000000  0.50000000  1.562500e-02
  0.50000000  0.50000000  0.75000000  1.562500e-02
  0.50000000  0.75000000  0.00000000  1.562500e-02
  0.50000000  0.75000000  0.25000000  1.562500e-02
  0.50000000  0.75000000  0.50000000  1.562500e-02
  0.50000000  0.75000000  0.75000000  1.562500e-02
  0.75000000  0.00000000  0.00000000  1.562500e-02
  0.75000000  0.00000000  0.25000000  1.562500e-02
  0.75000000  0.00000000  0.50000000  1.562500e-02
  0.75000000  0.00000000  0.75000000  1.562500e-02
  0.75000000  0.25000000  0.00000000  1.562500e-02
  0.75000000  0.25000000  0.25000000  1.562500e-02
  0.75000000  0.25000000  0.50000000  1.562500e-02
  0.75000000  0.25000000  0.75000000  1.562500e-02
  0.75000000  0.50000000  0.00000000  1.562500e-02
  0.75000000  0.50000000  0.25000000  1.562500e-02
  0.75000000  0.50000000  0.50000000  1.562500e-02
  0.75000000  0.50000000  0.75000000  1.562500e-02
  0.75000000  0.75000000  0.00000000  1.562500e-02
  0.75000000  0.75000000  0.25000000  1.562500e-02
  0.75000000  0.75000000  0.50000000  1.562500e-02
  0.75000000  0.75000000  0.75000000  1.562500e-02
