
     Program LD1       v.3.2cvs starts ...
     Today is 21Jul2007 at 16: 3:40 
     --------------------------- All-electron run ----------------------------

     Cu +                                                                       

     atomic number is 29.00
     dft =NOX-NOC   lsd =0 sic =1 latt =0  beta=0.20 tr2=1.0E-14
     mesh =1119 r(mesh) = 100.25372 xmin = -6.00 dx = 0.01250

     n l     nl                  e(Ry)          e(Ha)          e(eV)
     1 0     1S 1( 2.00)      -657.9155      -328.9578     -8951.3959
     2 0     2S 1( 2.00)       -78.4765       -39.2382     -1067.7265
     2 1     2P 1( 6.00)       -69.8652       -34.9326      -950.5643
     3 0     3S 1( 2.00)        -8.9908        -4.4954      -122.3254
     3 1     3P 1( 6.00)        -6.0808        -3.0404       -82.7341
     3 2     3D 1(10.00)        -1.1993        -0.5996       -16.3172

     eps = 1.5E-16  iter = 78
 
     Etot =   -3235.783850 Ry,   -1617.891925 Ha,  -44025.079356 eV

     Ekin =    3235.783856 Ry,    1617.891928 Ha,   44025.079438 eV
     Encl =   -7748.917015 Ry,   -3874.458508 Ha, -105429.380437 eV
     Eh   =    1364.767735 Ry,     682.383868 Ha,   18568.609843 eV
     Exc  =     -87.418426 Ry,     -43.709213 Ha,   -1189.388200 eV
     Evxt =       0.000000 Ry,       0.000000 Ha,       0.000000 eV
 
     SIC information:
     Esich=     -87.418426 Ry,     -43.709213 Ha,   -1189.388200 eV
     Esicxc=      0.000000 Ry,       0.000000 Ha,       0.000000 eV
     Esictot=   -87.418426 Ry,     -43.709213 Ha,   -1189.388200 eV
 
     tot-Exc=     0.000000 Ry,       0.000000 Ha,       0.000000 eV
     int-Exc=     0.000000 Ry,       0.000000 Ha,       0.000000 eV
     int-Eh=   1277.349310 Ry,     638.674655 Ha,   17379.221643 eV


     normalization and overlap integrals

     s(1S/1S) =  1.000000  <r> =   0.0527  <r2> =    0.0037  r(max) =   0.0349
     s(1S/2S) =  0.007392
     s(1S/3S) =  0.002567
     s(2S/2S) =  1.000000  <r> =   0.2411  <r2> =    0.0684  r(max) =   0.2009
     s(2S/3S) =  0.011427
     s(2P/2P) =  1.000000  <r> =   0.2090  <r2> =    0.0535  r(max) =   0.1604
     s(2P/3P) =  0.015716
     s(3S/3S) =  1.000000  <r> =   0.7346  <r2> =    0.6248  r(max) =   0.6346
     s(3P/3P) =  1.000000  <r> =   0.7705  <r2> =    0.7039  r(max) =   0.6346
     s(3D/3D) =  1.000000  <r> =   1.1147  <r2> =    1.7448  r(max) =   0.6189

     ------------------------ End of All-electron run ------------------------

