
     program ld1 starts. version 11-Feb-05
     today is 11Feb2005 at 12:23:16 

     -------------------- All-electron run ------------------------------

     F                                                                          
     scalar relativistic calculation

     atomic number is  9.00
     dft =LDA   lsd =1 sic =1 latt =0  beta=0.20 tr2=1.0E-14
     mesh =1025 r(mesh) =  99.76081 xmin = -6.00 dx = 0.01250

     n l     nl                  e(Ryd)         e(Ha)          e(eV)
     1 0     1S 1( 1.00)       -52.7206       -26.3603      -717.3063
     2 0     2S 1( 1.00)        -2.8381        -1.4190       -38.6140
     2 1     2P 1( 3.00)        -1.5041        -0.7521       -20.4646
     1 0     1S 2( 1.00)       -52.6639       -26.3320      -716.5351
     2 0     2S 2( 1.00)        -2.7162        -1.3581       -36.9563
     2 1     2P 2( 2.00)        -1.3724        -0.6862       -18.6729

     eps = 9.1E-15  iter = 97
 
     Etot =    -200.174356 Ry,    -100.087178 Ha,   -2723.532250 eV

     Ekin =     200.023794 Ry,     100.011897 Ha,    2721.483738 eV
     Encl =    -479.088499 Ry,    -239.544249 Ha,   -6518.382294 eV
     Eh   =     100.121077 Ry,      50.060539 Ha,    1362.227351 eV
     Exc  =     -21.230728 Ry,     -10.615364 Ha,    -288.861045 eV
     Evxt =       0.000000 Ry,       0.000000 Ha,       0.000000 eV
     Epseu=       0.000000 Ry,       0.000000 Ha,       0.000000 eV
 
     SIC information:
     Esich=     -16.844925 Ry,      -8.422463 Ha,    -229.188682 eV
     Esicxc=     15.058395 Ry,       7.529197 Ha,     204.881506 eV
     Esictot=    -1.786530 Ry,      -0.893265 Ha,     -24.307176 eV
 
     tot-Exc=   -19.444198 Ry,      -9.722099 Ha,    -264.553869 eV
     int-Exc=    -4.385803 Ry,      -2.192902 Ha,     -59.672363 eV
     int-Eh=     83.276152 Ry,      41.638076 Ha,    1133.038669 eV


     normalization and overlap integrals

     s(1S/1S) =  1.000000  <r> =   0.1760  <r2> =    0.0417  r(max) =   0.1139
     s(1S/2S) =  0.007235
     s(1S/1S) =  1.000000
     s(1S/2S) =  0.006675
     s(2S/2S) =  1.000000  <r> =   1.0081  <r2> =    1.2381  r(max) =   0.7713
     s(2S/1S) =  0.007695
     s(2S/2S) =  0.999918
     s(2P/2P) =  1.000000  <r> =   1.0643  <r2> =    1.4922  r(max) =   0.6979
     s(2P/2P) =  0.999607
     s(1S/1S) =  1.000000  <r> =   0.1758  <r2> =    0.0416  r(max) =   0.1139
     s(1S/2S) =  0.007130
     s(2S/2S) =  1.000000  <r> =   1.0199  <r2> =    1.2702  r(max) =   0.7713
     s(2P/2P) =  1.000000  <r> =   1.0980  <r2> =    1.5997  r(max) =   0.7066

     -------------------- End of All-electron run ----------------------

