
     Program PWSCF     v.4.0 starts ...
     Today is 28Apr2008 at 16:18:45 

     For Norm-Conserving or Ultrasoft (Vanderbilt) Pseudopotentials or PAW

     Current dimensions of program pwscf are:
     Max number of different atomic species (ntypx) = 10
     Max number of k-points (npk) =  40000
     Max angular momentum in pseudopotentials (lmaxx) =  3


     bravais-lattice index     =            0
     lattice parameter (a_0)   =       8.1900  a.u.
     unit-cell volume          =     274.6766 (a.u.)^3
     number of atoms/cell      =            4
     number of atomic types    =            3
     number of electrons       =        28.00
     number of Kohn-Sham states=           20
     kinetic-energy cutoff     =      30.0000  Ry
     charge density cutoff     =     240.0000  Ry
     convergence threshold     =      1.0E-06
     mixing beta               =       0.3000
     number of iterations used =            8  plain     mixing
     Exchange-correlation      =  SLA  PZ   NOGX NOGC (1100)

     celldm(1)=   8.190000  celldm(2)=   0.000000  celldm(3)=   0.000000
     celldm(4)=   0.000000  celldm(5)=   0.000000  celldm(6)=   0.000000

     crystal axes: (cart. coord. in units of a_0)
               a(1) = (  0.500000  0.500000  1.000000 )  
               a(2) = (  0.500000  1.000000  0.500000 )  
               a(3) = (  1.000000  0.500000  0.500000 )  

     reciprocal axes: (cart. coord. in units 2 pi/a_0)
               b(1) = ( -0.500000 -0.500000  1.500000 )  
               b(2) = ( -0.500000  1.500000 -0.500000 )  
               b(3) = (  1.500000 -0.500000 -0.500000 )  


     PseudoPot. # 1 for O  read from file O.pz-rrkjus.UPF
     Pseudo is Ultrasoft, Zval =  6.0
     Generated by new atomic code, or converted to UPF format
     Using radial grid of 1269 points,  4 beta functions with: 
                l(1) =   0
                l(2) =   0
                l(3) =   1
                l(4) =   1
     Q(r) pseudized with 0 coefficients 


     PseudoPot. # 2 for Fe read from file Fe.pz-nd-rrkjus.UPF
     Pseudo is Ultrasoft + core correction, Zval =  8.0
     Generated by new atomic code, or converted to UPF format
     Using radial grid of  957 points,  6 beta functions with: 
                l(1) =   0
                l(2) =   0
                l(3) =   1
                l(4) =   1
                l(5) =   2
                l(6) =   2
     Q(r) pseudized with 0 coefficients 


     PseudoPot. # 3 for Fe read from file Fe.pz-nd-rrkjus.UPF
     Pseudo is Ultrasoft + core correction, Zval =  8.0
     Generated by new atomic code, or converted to UPF format
     Using radial grid of  957 points,  6 beta functions with: 
                l(1) =   0
                l(2) =   0
                l(3) =   1
                l(4) =   1
                l(5) =   2
                l(6) =   2
     Q(r) pseudized with 0 coefficients 


     atomic species   valence    mass     pseudopotential
        O1             6.00     1.00000     O ( 1.00)
        Fe1            8.00     1.00000     Fe( 1.00)
        Fe2            8.00     1.00000     Fe( 1.00)

     Starting magnetic structure 
     atomic species   magnetization
        O1           0.000
        Fe1          0.500
        Fe2         -0.500

     LDA+U calculation, Hubbard_lmax = 2
     atomic species  L   Hubbard U  Hubbard alpha
        Fe1          2    0.316044    0.000000
        Fe2          2    0.316044    0.000000

     12 Sym.Ops. (with inversion)


   Cartesian axes

     site n.     atom                  positions (a_0 units)
         1           O1  tau(  1) = (   0.5000000   0.5000000   0.5000000  )
         2           O1  tau(  2) = (   1.5000000   1.5000000   1.5000000  )
         3           Fe1 tau(  3) = (   0.0000000   0.0000000   0.0000000  )
         4           Fe2 tau(  4) = (   1.0000000   1.0000000   1.0000000  )

     number of k points=    8  gaussian broad. (Ry)=  0.0100     ngauss =   0
                       cart. coord. in units 2pi/a_0
        k(    1) = (   0.0000000   0.0000000   0.0000000), wk =   0.1250000
        k(    2) = (  -0.7500000   0.2500000   0.2500000), wk =   0.3750000
        k(    3) = (  -0.5000000  -0.5000000   0.5000000), wk =   0.3750000
        k(    4) = (  -0.2500000  -0.2500000  -0.2500000), wk =   0.1250000
        k(    5) = (   0.0000000   0.0000000   0.0000000), wk =   0.1250000
        k(    6) = (  -0.7500000   0.2500000   0.2500000), wk =   0.3750000
        k(    7) = (  -0.5000000  -0.5000000   0.5000000), wk =   0.3750000
        k(    8) = (  -0.2500000  -0.2500000  -0.2500000), wk =   0.1250000

     G cutoff =  407.7738  (  17255 G-vectors)     FFT grid: ( 50, 50, 50)
     G cutoff =  203.8869  (   6111 G-vectors)  smooth grid: ( 36, 36, 36)

     Largest allocated arrays     est. size (Mb)     dimensions
        Kohn-Sham Wavefunctions         0.24 Mb     (    780,  20)
        Atomic wavefunctions            0.24 Mb     (    780,  20)
        NL pseudopotentials             0.62 Mb     (    780,  52)
        Each V/rho on FFT grid          3.81 Mb     ( 125000,   2)
        Each G-vector array             0.13 Mb     (  17255)
        G-vector shells                 0.00 Mb     (    342)
     Largest temporary arrays     est. size (Mb)     dimensions
        Auxiliary wavefunctions         0.95 Mb     (    780,  80)
        Each subspace H/S matrix        0.10 Mb     (     80,  80)
        Each <psi_i|beta_j> matrix      0.02 Mb     (     52,  20)
        Arrays for rho mixing          15.26 Mb     ( 125000,   8)

     Check: negative/imaginary core charge=   -0.000003    0.000000

     Initial potential from superposition of free atoms

     starting charge   27.99905, renormalised to   28.00000

     Parameters of the lda+U calculation:
     Number of iteration with fixed ns =  0
     Starting ns and Hubbard U :
 enter write_ns
U( 1) =  0.0000      U( 2) =  4.3000      U( 3) =  4.3000
alpha( 1) =  0.0000      alpha( 2) =  0.0000      alpha( 3) =  0.0000
atom  3   Tr[ns(na)]=   6.0000000
atom  3  spin  1
eigenvalues:  1.0000000 1.0000000 1.0000000 1.0000000 1.0000000
 eigenvectors
 1   1.0000000  0.0000000  0.0000000  0.0000000  0.0000000
 2   0.0000000  1.0000000  0.0000000  0.0000000  0.0000000
 3   0.0000000  0.0000000  1.0000000  0.0000000  0.0000000
 4   0.0000000  0.0000000  0.0000000  1.0000000  0.0000000
 5   0.0000000  0.0000000  0.0000000  0.0000000  1.0000000
 occupations
 1.000  0.000  0.000  0.000  0.000
 0.000  1.000  0.000  0.000  0.000
 0.000  0.000  1.000  0.000  0.000
 0.000  0.000  0.000  1.000  0.000
 0.000  0.000  0.000  0.000  1.000
atom  3  spin  2
eigenvalues:  0.2000000 0.2000000 0.2000000 0.2000000 0.2000000
 eigenvectors
 1   1.0000000  0.0000000  0.0000000  0.0000000  0.0000000
 2   0.0000000  1.0000000  0.0000000  0.0000000  0.0000000
 3   0.0000000  0.0000000  1.0000000  0.0000000  0.0000000
 4   0.0000000  0.0000000  0.0000000  1.0000000  0.0000000
 5   0.0000000  0.0000000  0.0000000  0.0000000  1.0000000
 occupations
 0.200  0.000  0.000  0.000  0.000
 0.000  0.200  0.000  0.000  0.000
 0.000  0.000  0.200  0.000  0.000
 0.000  0.000  0.000  0.200  0.000
 0.000  0.000  0.000  0.000  0.200
atom  4   Tr[ns(na)]=   6.0000000
atom  4  spin  1
eigenvalues:  0.2000000 0.2000000 0.2000000 0.2000000 0.2000000
 eigenvectors
 1   1.0000000  0.0000000  0.0000000  0.0000000  0.0000000
 2   0.0000000  1.0000000  0.0000000  0.0000000  0.0000000
 3   0.0000000  0.0000000  1.0000000  0.0000000  0.0000000
 4   0.0000000  0.0000000  0.0000000  1.0000000  0.0000000
 5   0.0000000  0.0000000  0.0000000  0.0000000  1.0000000
 occupations
 0.200  0.000  0.000  0.000  0.000
 0.000  0.200  0.000  0.000  0.000
 0.000  0.000  0.200  0.000  0.000
 0.000  0.000  0.000  0.200  0.000
 0.000  0.000  0.000  0.000  0.200
atom  4  spin  2
eigenvalues:  1.0000000 1.0000000 1.0000000 1.0000000 1.0000000
 eigenvectors
 1   1.0000000  0.0000000  0.0000000  0.0000000  0.0000000
 2   0.0000000  1.0000000  0.0000000  0.0000000  0.0000000
 3   0.0000000  0.0000000  1.0000000  0.0000000  0.0000000
 4   0.0000000  0.0000000  0.0000000  1.0000000  0.0000000
 5   0.0000000  0.0000000  0.0000000  0.0000000  1.0000000
 occupations
 1.000  0.000  0.000  0.000  0.000
 0.000  1.000  0.000  0.000  0.000
 0.000  0.000  1.000  0.000  0.000
 0.000  0.000  0.000  1.000  0.000
 0.000  0.000  0.000  0.000  1.000
nsum =  12.0000000
 exit write_ns
 Atomic wfc used for LDA+U Projector are NOT orthogonalized
     Starting wfc are   20 atomic wfcs

     total cpu time spent up to now is      2.68 secs

     per-process dynamical memory:    28.5 Mb

     Self-consistent Calculation

     iteration #  1     ecut=    30.00 Ry     beta=0.30
     Davidson diagonalization with overlap
     ethr =  1.00E-02,  avg # of iterations =  3.2
 enter write_ns
U( 1) =  0.0000      U( 2) =  4.3000      U( 3) =  4.3000
alpha( 1) =  0.0000      alpha( 2) =  0.0000      alpha( 3) =  0.0000
atom  3   Tr[ns(na)]=   6.1226789
atom  3  spin  1
eigenvalues:  0.9969552 0.9969552 1.0025536 1.0025536 1.0030281
 eigenvectors
 1  -0.7575564  0.3689494  0.0919674 -0.2628351  0.4609168
 2  -0.2628351 -0.3192079  0.4791235  0.7575564  0.1599156
 3   0.5705074  0.1440156  0.4811031 -0.1776155  0.6251187
 4  -0.1776155 -0.6386774  0.4440599 -0.5705074 -0.1946176
 5   0.0000000 -0.5773503 -0.5773503  0.0000000  0.5773503
 occupations
 0.999  0.001  0.001  0.000  0.002
 0.001  1.001  0.001  0.002 -0.001
 0.001  0.001  1.001 -0.002 -0.001
 0.000  0.002 -0.002  0.999  0.000
 0.002 -0.001 -0.001  0.000  1.001
atom  3  spin  2
eigenvalues:  0.1553851 0.1553851 0.2567868 0.2765381 0.2765381
 eigenvectors
 1  -0.9589261 -0.0514059 -0.0177300 -0.2696741 -0.0691359
 2   0.2696741 -0.0501521  0.0695948 -0.9589261  0.0194427
 3   0.0000000  0.5773503  0.5773503  0.0000000 -0.5773503
 4  -0.0397092 -0.4449111  0.8120929  0.0784848  0.3671818
 5  -0.0784848  0.6808546  0.0448770 -0.0397092  0.7257316
 occupations
 0.156 -0.004 -0.004  0.000 -0.009
-0.004  0.269 -0.006 -0.008  0.006
-0.004 -0.006  0.269  0.008  0.006
 0.000 -0.008  0.008  0.156  0.000
-0.009  0.006  0.006  0.000  0.269
atom  4   Tr[ns(na)]=   6.1226789
atom  4  spin  1
eigenvalues:  0.1553851 0.1553851 0.2567868 0.2765381 0.2765381
 eigenvectors
 1   0.9720789  0.0486252  0.0214590  0.2175454  0.0700842
 2  -0.2175454  0.0528525 -0.0685369  0.9720789 -0.0156844
 3   0.0000000  0.5773503  0.5773503  0.0000000 -0.5773503
 4   0.0428938  0.4166205 -0.8132501 -0.0767907 -0.3966296
 5  -0.0767907  0.6985243  0.0115418 -0.0428938  0.7100661
 occupations
 0.156 -0.004 -0.004  0.000 -0.009
-0.004  0.269 -0.006 -0.008  0.006
-0.004 -0.006  0.269  0.008  0.006
 0.000 -0.008  0.008  0.156  0.000
-0.009  0.006  0.006  0.000  0.269
atom  4  spin  2
eigenvalues:  0.9969552 0.9969552 1.0025536 1.0025536 1.0030281
 eigenvectors
 1   0.7497696 -0.3778842 -0.0782949  0.2842877 -0.4561791
 2   0.2842877  0.3085787 -0.4815467 -0.7497696 -0.1729680
 3   0.5813480  0.1874901  0.4495068 -0.1380598  0.6369969
 4   0.1380598  0.6272932 -0.4760178  0.5813480  0.1512754
 5   0.0000000  0.5773503  0.5773503  0.0000000 -0.5773503
 occupations
 0.999  0.001  0.001  0.000  0.002
 0.001  1.001  0.001  0.002 -0.001
 0.001  0.001  1.001 -0.002 -0.001
 0.000  0.002 -0.002  0.999  0.000
 0.002 -0.001 -0.001  0.000  1.001
nsum =  12.2453578
 exit write_ns
 Modify starting ns matrices according to input values 
 enter write_ns
U( 1) =  0.0000      U( 2) =  4.3000      U( 3) =  4.3000
alpha( 1) =  0.0000      alpha( 2) =  0.0000      alpha( 3) =  0.0000
atom  3   Tr[ns(na)]=   6.8658921
atom  3  spin  1
eigenvalues:  0.9969552 0.9969552 1.0025536 1.0025536 1.0030281
 eigenvectors
 1  -0.7408198  0.3870526  0.0636813 -0.3068550  0.4507339
 2  -0.3068550 -0.2969977  0.4836962  0.7408198  0.1866985
 3   0.5664638  0.1299364  0.4907515 -0.1901179  0.6206879
 4  -0.1901179 -0.6416898  0.4333731 -0.5664638 -0.2083167
 5   0.0000000 -0.5773503 -0.5773503  0.0000000  0.5773503
 occupations
 0.999  0.001  0.001  0.000  0.002
 0.001  1.001  0.001  0.002 -0.001
 0.001  0.001  1.001 -0.002 -0.001
 0.000  0.002 -0.002  0.999  0.000
 0.002 -0.001 -0.001  0.000  1.001
atom  3  spin  2
eigenvalues:  0.1553851 0.1553851 0.2765381 0.2765381 1.0000000
 eigenvectors
 1  -0.9616965 -0.0508780 -0.0184576 -0.2596211 -0.0693356
 2   0.2596211 -0.0506874  0.0694054 -0.9616965  0.0187180
 3   0.0569190  0.2738467 -0.8001636 -0.0670591 -0.5263169
 4   0.0670591 -0.7658439  0.1457638  0.0569190 -0.6200801
 5   0.0000000 -0.5773503 -0.5773503  0.0000000  0.5773503
 occupations
 0.156 -0.004 -0.004  0.000 -0.009
-0.004  0.517  0.241 -0.008 -0.241
-0.004  0.241  0.517  0.008 -0.241
 0.000 -0.008  0.008  0.156  0.000
-0.009 -0.241 -0.241  0.000  0.517
atom  4   Tr[ns(na)]=   6.8658921
atom  4  spin  1
eigenvalues:  0.1553851 0.1553851 0.2765381 0.2765381 1.0000000
 eigenvectors
 1  -0.9758457 -0.0476637 -0.0226921 -0.1999711 -0.0703557
 2   0.1999711 -0.0537212  0.0681385 -0.9758457  0.0144174
 3  -0.0348136 -0.4858896  0.8078033  0.0807756  0.3219137
 4   0.0807756 -0.6522424 -0.0946715  0.0348136 -0.7469139
 5   0.0000000 -0.5773503 -0.5773503  0.0000000  0.5773503
 occupations
 0.156 -0.004 -0.004  0.000 -0.009
-0.004  0.517  0.241 -0.008 -0.241
-0.004  0.241  0.517  0.008 -0.241
 0.000 -0.008  0.008  0.156  0.000
-0.009 -0.241 -0.241  0.000  0.517
atom  4  spin  2
eigenvalues:  0.9969552 0.9969552 1.0025536 1.0025536 1.0030281
 eigenvectors
 1  -0.7446021  0.3833053  0.0697298 -0.2975596  0.4530351
 2  -0.2975596 -0.3018185  0.4828614  0.7446021  0.1810429
 3   0.5496829  0.0788614  0.5234393 -0.2342535  0.6023007
 4  -0.2342535 -0.6499463  0.3932692 -0.5496829 -0.2566772
 5   0.0000000 -0.5773503 -0.5773503  0.0000000  0.5773503
 occupations
 0.999  0.001  0.001  0.000  0.002
 0.001  1.001  0.001  0.002 -0.001
 0.001  0.001  1.001 -0.002 -0.001
 0.000  0.002 -0.002  0.999  0.000
 0.002 -0.001 -0.001  0.000  1.001
nsum =  13.7317842
 exit write_ns

     total cpu time spent up to now is      4.47 secs

     total energy              =  -173.97410127 Ry
     Harris-Foulkes estimate   =  -174.94035763 Ry
     estimated scf accuracy    <     2.60464524 Ry

     total magnetization       =     0.00 Bohr mag/cell
     absolute magnetization    =     8.54 Bohr mag/cell

     iteration #  2     ecut=    30.00 Ry     beta=0.30
     Davidson diagonalization with overlap
     ethr =  9.30E-03,  avg # of iterations =  2.0

     total cpu time spent up to now is      6.21 secs

     total energy              =  -174.45336982 Ry
     Harris-Foulkes estimate   =  -174.46234756 Ry
     estimated scf accuracy    <     0.25991444 Ry

     total magnetization       =     0.00 Bohr mag/cell
     absolute magnetization    =     7.21 Bohr mag/cell

     iteration #  3     ecut=    30.00 Ry     beta=0.30
     Davidson diagonalization with overlap
     ethr =  9.28E-04,  avg # of iterations =  1.2

     total cpu time spent up to now is      7.87 secs

     total energy              =  -174.51122921 Ry
     Harris-Foulkes estimate   =  -174.47289444 Ry
     estimated scf accuracy    <     0.10737176 Ry

     total magnetization       =     0.00 Bohr mag/cell
     absolute magnetization    =     7.36 Bohr mag/cell

     iteration #  4     ecut=    30.00 Ry     beta=0.30
     Davidson diagonalization with overlap
     ethr =  3.83E-04,  avg # of iterations =  1.5

     total cpu time spent up to now is      9.52 secs

     total energy              =  -174.53386789 Ry
     Harris-Foulkes estimate   =  -174.52520132 Ry
     estimated scf accuracy    <     0.01388344 Ry

     total magnetization       =     0.00 Bohr mag/cell
     absolute magnetization    =     7.33 Bohr mag/cell

     iteration #  5     ecut=    30.00 Ry     beta=0.30
     Davidson diagonalization with overlap
     ethr =  4.96E-05,  avg # of iterations =  2.5

     total cpu time spent up to now is     11.26 secs

     total energy              =  -174.53663640 Ry
     Harris-Foulkes estimate   =  -174.53571104 Ry
     estimated scf accuracy    <     0.00220323 Ry

     total magnetization       =     0.00 Bohr mag/cell
     absolute magnetization    =     7.32 Bohr mag/cell

     iteration #  6     ecut=    30.00 Ry     beta=0.30
     Davidson diagonalization with overlap
     ethr =  7.87E-06,  avg # of iterations =  2.2

     total cpu time spent up to now is     13.36 secs

     total energy              =  -174.53723792 Ry
     Harris-Foulkes estimate   =  -174.53688482 Ry
     estimated scf accuracy    <     0.00057462 Ry

     total magnetization       =     0.00 Bohr mag/cell
     absolute magnetization    =     7.31 Bohr mag/cell

     iteration #  7     ecut=    30.00 Ry     beta=0.30
     Davidson diagonalization with overlap
     ethr =  2.05E-06,  avg # of iterations =  2.5

     total cpu time spent up to now is     15.14 secs

     total energy              =  -174.53737226 Ry
     Harris-Foulkes estimate   =  -174.53737575 Ry
     estimated scf accuracy    <     0.00004425 Ry

     total magnetization       =     0.00 Bohr mag/cell
     absolute magnetization    =     7.32 Bohr mag/cell

     iteration #  8     ecut=    30.00 Ry     beta=0.30
     Davidson diagonalization with overlap
     ethr =  1.58E-07,  avg # of iterations =  3.2

     total cpu time spent up to now is     17.13 secs

     total energy              =  -174.53740980 Ry
     Harris-Foulkes estimate   =  -174.53739184 Ry
     estimated scf accuracy    <     0.00002335 Ry

     total magnetization       =     0.00 Bohr mag/cell
     absolute magnetization    =     7.32 Bohr mag/cell

     iteration #  9     ecut=    30.00 Ry     beta=0.30
     Davidson diagonalization with overlap
     ethr =  8.34E-08,  avg # of iterations =  1.2

     total cpu time spent up to now is     18.78 secs

     total energy              =  -174.53741463 Ry
     Harris-Foulkes estimate   =  -174.53741301 Ry
     estimated scf accuracy    <     0.00000112 Ry

     total magnetization       =     0.00 Bohr mag/cell
     absolute magnetization    =     7.31 Bohr mag/cell

     iteration # 10     ecut=    30.00 Ry     beta=0.30
     Davidson diagonalization with overlap
     ethr =  4.01E-09,  avg # of iterations =  3.5

     total cpu time spent up to now is     20.71 secs

     End of self-consistent calculation
 enter write_ns
U( 1) =  0.0000      U( 2) =  4.3000      U( 3) =  4.3000
alpha( 1) =  0.0000      alpha( 2) =  0.0000      alpha( 3) =  0.0000
atom  3   Tr[ns(na)]=   6.7659840
atom  3  spin  1
eigenvalues:  0.9940242 0.9940242 1.0012173 1.0012173 1.0019610
 eigenvectors
 1  -0.8809080  0.1949766  0.0319643 -0.3653236  0.2269409
 2  -0.3653236 -0.1494790  0.2435942  0.8809080  0.0941152
 3   0.2789208  0.1079086  0.6138757 -0.1128847  0.7217843
 4  -0.1128847 -0.7711437  0.4790234 -0.2789208 -0.2921202
 5   0.0000000 -0.5773503 -0.5773503  0.0000000  0.5773503
 occupations
 0.995  0.001  0.001  0.000  0.002
 0.001  1.001  0.000  0.001  0.000
 0.001  0.000  1.001 -0.001  0.000
 0.000  0.001 -0.001  0.995  0.000
 0.002  0.000  0.000  0.000  1.001
atom  3  spin  2
eigenvalues:  0.1021989 0.1021989 0.2925641 0.2925641 0.9840138
 eigenvectors
 1   0.0076280  0.6678190 -0.7355585 -0.0912391 -0.0677395
 2   0.0912391 -0.4637843 -0.3464561  0.0076280 -0.8102404
 3  -0.9736383 -0.0501287 -0.0229639 -0.2089155 -0.0730926
 4  -0.2089155  0.0554583 -0.0711419  0.9736383 -0.0156836
 5   0.0000000 -0.5773503 -0.5773503  0.0000000  0.5773503
 occupations
 0.291  0.007  0.007  0.000  0.014
 0.007  0.397  0.293  0.012 -0.293
 0.007  0.293  0.397 -0.012 -0.293
 0.000  0.012 -0.012  0.291  0.000
 0.014 -0.293 -0.293  0.000  0.397
atom  4   Tr[ns(na)]=   6.7659840
atom  4  spin  1
eigenvalues:  0.1021989 0.1021989 0.2925641 0.2925641 0.9840138
 eigenvectors
 1  -0.0904896  0.2945653  0.5090192  0.0139425  0.8035845
 2  -0.0139425  0.7578321 -0.6340171 -0.0904896  0.1238150
 3   0.9722884  0.0504808  0.0225105  0.2151104  0.0729913
 4  -0.2151104  0.0551380 -0.0712867  0.9722884 -0.0161487
 5   0.0000000 -0.5773503 -0.5773503  0.0000000  0.5773503
 occupations
 0.291  0.007  0.007  0.000  0.014
 0.007  0.397  0.293  0.012 -0.293
 0.007  0.293  0.397 -0.012 -0.293
 0.000  0.012 -0.012  0.291  0.000
 0.014 -0.293 -0.293  0.000  0.397
atom  4  spin  2
eigenvalues:  0.9940242 0.9940242 1.0012173 1.0012173 1.0019610
 eigenvectors
 1  -0.8876310  0.1921273  0.0365456 -0.3486710  0.2286729
 2  -0.3486710 -0.1531240  0.2429491  0.8876310  0.0898252
 3   0.2755100  0.0853730  0.6275848 -0.1209712  0.7129579
 4  -0.1209712 -0.7739627  0.4609166 -0.2755100 -0.3130461
 5   0.0000000 -0.5773503 -0.5773503  0.0000000  0.5773503
 occupations
 0.995  0.001  0.001  0.000  0.002
 0.001  1.001  0.000  0.001  0.000
 0.001  0.000  1.001 -0.001  0.000
 0.000  0.001 -0.001  0.995  0.000
 0.002  0.000  0.000  0.000  1.001
nsum =  13.5319680
 exit write_ns

 ------ SPIN UP ------------


          k = 0.0000 0.0000 0.0000 (   731 PWs)   bands (ev):

    -8.7191  -7.4686   1.4530   3.6647   3.6647   5.4897   5.4897   6.8742
     7.8272   7.8796   7.8796   8.4597   8.4597   9.8921  11.5962  12.5866
    12.5866  13.4549  13.4549  20.0155

          k =-0.7500 0.2500 0.2500 (   764 PWs)   bands (ev):

    -8.0115  -7.3315   2.4598   3.6249   4.1636   4.2251   5.5876   5.6550
     6.2721   6.5390   7.3470   8.7896   9.2130   9.4785  12.5148  12.7492
    13.3329  13.6656  17.3707  17.6640

          k =-0.5000-0.5000 0.5000 (   780 PWs)   bands (ev):

    -7.8314  -7.4842   1.8597   4.1301   4.1644   4.2152   5.6548   5.6835
     6.6615   6.6845   7.2432   8.6735   8.8898   9.7818  12.5727  12.8525
    13.7795  13.8683  15.3275  16.7002

          k =-0.2500-0.2500-0.2500 (   748 PWs)   bands (ev):

    -8.2031  -8.1501   3.4508   3.7653   3.7653   4.2973   5.5356   5.5356
     6.9739   6.9739   7.8700   9.4387   9.4387   9.5136  12.5354  12.5354
    13.1778  13.1778  14.1101  14.3870

 ------ SPIN DOWN ----------


          k = 0.0000 0.0000 0.0000 (   731 PWs)   bands (ev):

    -8.7191  -7.4686   1.4530   3.6647   3.6647   5.4897   5.4897   6.8742
     7.8272   7.8796   7.8796   8.4597   8.4597   9.8921  11.5962  12.5866
    12.5866  13.4549  13.4549  20.0155

          k =-0.7500 0.2500 0.2500 (   764 PWs)   bands (ev):

    -8.0115  -7.3315   2.4598   3.6249   4.1636   4.2251   5.5876   5.6550
     6.2721   6.5390   7.3470   8.7896   9.2130   9.4785  12.5148  12.7492
    13.3329  13.6656  17.3707  17.6640

          k =-0.5000-0.5000 0.5000 (   780 PWs)   bands (ev):

    -7.8314  -7.4842   1.8597   4.1301   4.1644   4.2152   5.6548   5.6835
     6.6615   6.6845   7.2432   8.6735   8.8898   9.7818  12.5727  12.8525
    13.7795  13.8683  15.3275  16.7002

          k =-0.2500-0.2500-0.2500 (   748 PWs)   bands (ev):

    -8.2031  -8.1501   3.4508   3.7653   3.7653   4.2973   5.5356   5.5356
     6.9739   6.9739   7.8700   9.4387   9.4387   9.5136  12.5354  12.5354
    13.1778  13.1778  14.1101  14.3870

     the Fermi energy is    10.6805 ev

!    total energy              =  -174.53741681 Ry
     Harris-Foulkes estimate   =  -174.53741512 Ry
     estimated scf accuracy    <     0.00000023 Ry

     The total energy is the sum of the following terms:

     one-electron contribution =     0.53991839 Ry
     hartree contribution      =    28.09152366 Ry
     xc contribution           =   -65.85571880 Ry
     ewald contribution        =  -137.50929535 Ry
     Hubbard energy            =     0.19615530 Ry
     smearing contrib. (-TS)   =     0.00000000 Ry

     total magnetization       =     0.00 Bohr mag/cell
     absolute magnetization    =     7.32 Bohr mag/cell

     convergence has been achieved in  10 iterations

     Forces acting on atoms (Ry/au):

     atom   1 type  1   force =     0.00000000    0.00000000    0.00000000
     atom   2 type  1   force =     0.00000000    0.00000000    0.00000000
     atom   3 type  2   force =     0.00000000    0.00000000    0.00000000
     atom   4 type  3   force =     0.00000000    0.00000000    0.00000000

     Total force =     0.000000     Total SCF correction =     0.000000


     entering subroutine stress ...

          total   stress  (Ry/bohr**3)                   (kbar)     P=  -86.46
  -0.00058773  -0.00024656  -0.00024656        -86.46    -36.27    -36.27
  -0.00024656  -0.00058773  -0.00024656        -36.27    -86.46    -36.27
  -0.00024656  -0.00024656  -0.00058773        -36.27    -36.27    -86.46


     Writing output data file feo_af.save
 
     PWSCF        :    24.72s CPU time,   26.28s wall time

     init_run     :     2.62s CPU
     electrons    :    18.03s CPU
     forces       :     0.78s CPU
     stress       :     3.12s CPU

     Called by init_run:
     wfcinit      :     0.38s CPU
     potinit      :     0.11s CPU

     Called by electrons:
     c_bands      :     9.19s CPU (      10 calls,   0.919 s avg)
     sum_band     :     5.65s CPU (      10 calls,   0.565 s avg)
     v_of_rho     :     0.50s CPU (      11 calls,   0.046 s avg)
     newd         :     2.09s CPU (      11 calls,   0.190 s avg)
     mix_rho      :     0.31s CPU (      10 calls,   0.031 s avg)

     Called by c_bands:
     init_us_2    :     0.24s CPU (     272 calls,   0.001 s avg)
     cegterg      :     8.88s CPU (      80 calls,   0.111 s avg)

     Called by *egterg:
     h_psi        :     8.12s CPU (     274 calls,   0.030 s avg)
     s_psi        :     0.31s CPU (     362 calls,   0.001 s avg)
     g_psi        :     0.06s CPU (     186 calls,   0.000 s avg)
     cdiaghg      :     0.27s CPU (     266 calls,   0.001 s avg)

     Called by h_psi:
     add_vuspsi   :     0.21s CPU (     274 calls,   0.001 s avg)

     General routines
     calbec       :     0.39s CPU (     458 calls,   0.001 s avg)
     cft3         :     0.99s CPU (     167 calls,   0.006 s avg)
     cft3s        :     8.31s CPU (    9122 calls,   0.001 s avg)
     interpolate  :     0.39s CPU (      42 calls,   0.009 s avg)
     davcio       :     0.00s CPU (     768 calls,   0.000 s avg)
 
