
     Program PWSCF     v.4.0 starts ...
     Today is 28Apr2008 at 16:18:11 

     For Norm-Conserving or Ultrasoft (Vanderbilt) Pseudopotentials or PAW

     Current dimensions of program pwscf are:
     Max number of different atomic species (ntypx) = 10
     Max number of k-points (npk) =  40000
     Max angular momentum in pseudopotentials (lmaxx) =  3


     bravais-lattice index     =            0
     lattice parameter (a_0)   =       8.1900  a.u.
     unit-cell volume          =     274.6766 (a.u.)^3
     number of atoms/cell      =            4
     number of atomic types    =            3
     number of electrons       =        28.00
     number of Kohn-Sham states=           20
     kinetic-energy cutoff     =      30.0000  Ry
     charge density cutoff     =     240.0000  Ry
     convergence threshold     =      1.0E-06
     mixing beta               =       0.3000
     number of iterations used =            8  plain     mixing
     Exchange-correlation      =  SLA  PZ   NOGX NOGC (1100)

     celldm(1)=   8.190000  celldm(2)=   0.000000  celldm(3)=   0.000000
     celldm(4)=   0.000000  celldm(5)=   0.000000  celldm(6)=   0.000000

     crystal axes: (cart. coord. in units of a_0)
               a(1) = (  0.500000  0.500000  1.000000 )  
               a(2) = (  0.500000  1.000000  0.500000 )  
               a(3) = (  1.000000  0.500000  0.500000 )  

     reciprocal axes: (cart. coord. in units 2 pi/a_0)
               b(1) = ( -0.500000 -0.500000  1.500000 )  
               b(2) = ( -0.500000  1.500000 -0.500000 )  
               b(3) = (  1.500000 -0.500000 -0.500000 )  


     PseudoPot. # 1 for O  read from file O.pz-rrkjus.UPF
     Pseudo is Ultrasoft, Zval =  6.0
     Generated by new atomic code, or converted to UPF format
     Using radial grid of 1269 points,  4 beta functions with: 
                l(1) =   0
                l(2) =   0
                l(3) =   1
                l(4) =   1
     Q(r) pseudized with 0 coefficients 


     PseudoPot. # 2 for Fe read from file Fe.pz-nd-rrkjus.UPF
     Pseudo is Ultrasoft + core correction, Zval =  8.0
     Generated by new atomic code, or converted to UPF format
     Using radial grid of  957 points,  6 beta functions with: 
                l(1) =   0
                l(2) =   0
                l(3) =   1
                l(4) =   1
                l(5) =   2
                l(6) =   2
     Q(r) pseudized with 0 coefficients 


     PseudoPot. # 3 for Fe read from file Fe.pz-nd-rrkjus.UPF
     Pseudo is Ultrasoft + core correction, Zval =  8.0
     Generated by new atomic code, or converted to UPF format
     Using radial grid of  957 points,  6 beta functions with: 
                l(1) =   0
                l(2) =   0
                l(3) =   1
                l(4) =   1
                l(5) =   2
                l(6) =   2
     Q(r) pseudized with 0 coefficients 


     atomic species   valence    mass     pseudopotential
        O1             6.00     1.00000     O ( 1.00)
        Fe1            8.00     1.00000     Fe( 1.00)
        Fe2            8.00     1.00000     Fe( 1.00)

     Starting magnetic structure 
     atomic species   magnetization
        O1           0.000
        Fe1          0.500
        Fe2         -0.500

     LDA+U calculation, Hubbard_lmax = 2
     atomic species  L   Hubbard U  Hubbard alpha
        Fe1          2    0.316044    0.000000
        Fe2          2    0.316044    0.000000

     12 Sym.Ops. (with inversion)


   Cartesian axes

     site n.     atom                  positions (a_0 units)
         1           O1  tau(  1) = (   0.5000000   0.5000000   0.5000000  )
         2           O1  tau(  2) = (   1.5000000   1.5000000   1.5000000  )
         3           Fe1 tau(  3) = (   0.0000000   0.0000000   0.0000000  )
         4           Fe2 tau(  4) = (   1.0000000   1.0000000   1.0000000  )

     number of k points=    8  gaussian broad. (Ry)=  0.0100     ngauss =   0
                       cart. coord. in units 2pi/a_0
        k(    1) = (   0.0000000   0.0000000   0.0000000), wk =   0.1250000
        k(    2) = (  -0.7500000   0.2500000   0.2500000), wk =   0.3750000
        k(    3) = (  -0.5000000  -0.5000000   0.5000000), wk =   0.3750000
        k(    4) = (  -0.2500000  -0.2500000  -0.2500000), wk =   0.1250000
        k(    5) = (   0.0000000   0.0000000   0.0000000), wk =   0.1250000
        k(    6) = (  -0.7500000   0.2500000   0.2500000), wk =   0.3750000
        k(    7) = (  -0.5000000  -0.5000000   0.5000000), wk =   0.3750000
        k(    8) = (  -0.2500000  -0.2500000  -0.2500000), wk =   0.1250000

     G cutoff =  407.7738  (  17255 G-vectors)     FFT grid: ( 50, 50, 50)
     G cutoff =  203.8869  (   6111 G-vectors)  smooth grid: ( 36, 36, 36)

     Largest allocated arrays     est. size (Mb)     dimensions
        Kohn-Sham Wavefunctions         0.24 Mb     (    780,  20)
        Atomic wavefunctions            0.24 Mb     (    780,  20)
        NL pseudopotentials             0.62 Mb     (    780,  52)
        Each V/rho on FFT grid          3.81 Mb     ( 125000,   2)
        Each G-vector array             0.13 Mb     (  17255)
        G-vector shells                 0.00 Mb     (    342)
     Largest temporary arrays     est. size (Mb)     dimensions
        Auxiliary wavefunctions         0.95 Mb     (    780,  80)
        Each subspace H/S matrix        0.10 Mb     (     80,  80)
        Each <psi_i|beta_j> matrix      0.02 Mb     (     52,  20)
        Arrays for rho mixing          15.26 Mb     ( 125000,   8)

     Check: negative/imaginary core charge=   -0.000003    0.000000

     Initial potential from superposition of free atoms

     starting charge   27.99905, renormalised to   28.00000

     Parameters of the lda+U calculation:
     Number of iteration with fixed ns =  0
     Starting ns and Hubbard U :
 enter write_ns
U( 1) =  0.0000      U( 2) =  4.3000      U( 3) =  4.3000
alpha( 1) =  0.0000      alpha( 2) =  0.0000      alpha( 3) =  0.0000
atom  3   Tr[ns(na)]=   6.0000000
atom  3  spin  1
eigenvalues:  1.0000000 1.0000000 1.0000000 1.0000000 1.0000000
 eigenvectors
 1   1.0000000  0.0000000  0.0000000  0.0000000  0.0000000
 2   0.0000000  1.0000000  0.0000000  0.0000000  0.0000000
 3   0.0000000  0.0000000  1.0000000  0.0000000  0.0000000
 4   0.0000000  0.0000000  0.0000000  1.0000000  0.0000000
 5   0.0000000  0.0000000  0.0000000  0.0000000  1.0000000
 occupations
 1.000  0.000  0.000  0.000  0.000
 0.000  1.000  0.000  0.000  0.000
 0.000  0.000  1.000  0.000  0.000
 0.000  0.000  0.000  1.000  0.000
 0.000  0.000  0.000  0.000  1.000
atom  3  spin  2
eigenvalues:  0.2000000 0.2000000 0.2000000 0.2000000 0.2000000
 eigenvectors
 1   1.0000000  0.0000000  0.0000000  0.0000000  0.0000000
 2   0.0000000  1.0000000  0.0000000  0.0000000  0.0000000
 3   0.0000000  0.0000000  1.0000000  0.0000000  0.0000000
 4   0.0000000  0.0000000  0.0000000  1.0000000  0.0000000
 5   0.0000000  0.0000000  0.0000000  0.0000000  1.0000000
 occupations
 0.200  0.000  0.000  0.000  0.000
 0.000  0.200  0.000  0.000  0.000
 0.000  0.000  0.200  0.000  0.000
 0.000  0.000  0.000  0.200  0.000
 0.000  0.000  0.000  0.000  0.200
atom  4   Tr[ns(na)]=   6.0000000
atom  4  spin  1
eigenvalues:  0.2000000 0.2000000 0.2000000 0.2000000 0.2000000
 eigenvectors
 1   1.0000000  0.0000000  0.0000000  0.0000000  0.0000000
 2   0.0000000  1.0000000  0.0000000  0.0000000  0.0000000
 3   0.0000000  0.0000000  1.0000000  0.0000000  0.0000000
 4   0.0000000  0.0000000  0.0000000  1.0000000  0.0000000
 5   0.0000000  0.0000000  0.0000000  0.0000000  1.0000000
 occupations
 0.200  0.000  0.000  0.000  0.000
 0.000  0.200  0.000  0.000  0.000
 0.000  0.000  0.200  0.000  0.000
 0.000  0.000  0.000  0.200  0.000
 0.000  0.000  0.000  0.000  0.200
atom  4  spin  2
eigenvalues:  1.0000000 1.0000000 1.0000000 1.0000000 1.0000000
 eigenvectors
 1   1.0000000  0.0000000  0.0000000  0.0000000  0.0000000
 2   0.0000000  1.0000000  0.0000000  0.0000000  0.0000000
 3   0.0000000  0.0000000  1.0000000  0.0000000  0.0000000
 4   0.0000000  0.0000000  0.0000000  1.0000000  0.0000000
 5   0.0000000  0.0000000  0.0000000  0.0000000  1.0000000
 occupations
 1.000  0.000  0.000  0.000  0.000
 0.000  1.000  0.000  0.000  0.000
 0.000  0.000  1.000  0.000  0.000
 0.000  0.000  0.000  1.000  0.000
 0.000  0.000  0.000  0.000  1.000
nsum =  12.0000000
 exit write_ns
 Atomic wfc used for LDA+U Projector are NOT orthogonalized
     Starting wfc are   20 atomic wfcs

     total cpu time spent up to now is      2.95 secs

     per-process dynamical memory:    28.5 Mb

     Self-consistent Calculation

     iteration #  1     ecut=    30.00 Ry     beta=0.30
     Davidson diagonalization with overlap
     ethr =  1.00E-02,  avg # of iterations =  3.2
 enter write_ns
U( 1) =  0.0000      U( 2) =  4.3000      U( 3) =  4.3000
alpha( 1) =  0.0000      alpha( 2) =  0.0000      alpha( 3) =  0.0000
atom  3   Tr[ns(na)]=   6.1226789
atom  3  spin  1
eigenvalues:  0.9969552 0.9969552 1.0025536 1.0025536 1.0030281
 eigenvectors
 1  -0.7575564  0.3689494  0.0919674 -0.2628351  0.4609168
 2  -0.2628351 -0.3192079  0.4791235  0.7575564  0.1599156
 3   0.5705074  0.1440156  0.4811031 -0.1776155  0.6251187
 4  -0.1776155 -0.6386774  0.4440599 -0.5705074 -0.1946176
 5   0.0000000 -0.5773503 -0.5773503  0.0000000  0.5773503
 occupations
 0.999  0.001  0.001  0.000  0.002
 0.001  1.001  0.001  0.002 -0.001
 0.001  0.001  1.001 -0.002 -0.001
 0.000  0.002 -0.002  0.999  0.000
 0.002 -0.001 -0.001  0.000  1.001
atom  3  spin  2
eigenvalues:  0.1553851 0.1553851 0.2567868 0.2765381 0.2765381
 eigenvectors
 1  -0.9589261 -0.0514059 -0.0177300 -0.2696741 -0.0691359
 2   0.2696741 -0.0501521  0.0695948 -0.9589261  0.0194427
 3   0.0000000  0.5773503  0.5773503  0.0000000 -0.5773503
 4  -0.0397092 -0.4449111  0.8120929  0.0784848  0.3671818
 5  -0.0784848  0.6808546  0.0448770 -0.0397092  0.7257316
 occupations
 0.156 -0.004 -0.004  0.000 -0.009
-0.004  0.269 -0.006 -0.008  0.006
-0.004 -0.006  0.269  0.008  0.006
 0.000 -0.008  0.008  0.156  0.000
-0.009  0.006  0.006  0.000  0.269
atom  4   Tr[ns(na)]=   6.1226789
atom  4  spin  1
eigenvalues:  0.1553851 0.1553851 0.2567868 0.2765381 0.2765381
 eigenvectors
 1   0.9720789  0.0486252  0.0214590  0.2175454  0.0700842
 2  -0.2175454  0.0528525 -0.0685369  0.9720789 -0.0156844
 3   0.0000000  0.5773503  0.5773503  0.0000000 -0.5773503
 4   0.0428938  0.4166205 -0.8132501 -0.0767907 -0.3966296
 5  -0.0767907  0.6985243  0.0115418 -0.0428938  0.7100661
 occupations
 0.156 -0.004 -0.004  0.000 -0.009
-0.004  0.269 -0.006 -0.008  0.006
-0.004 -0.006  0.269  0.008  0.006
 0.000 -0.008  0.008  0.156  0.000
-0.009  0.006  0.006  0.000  0.269
atom  4  spin  2
eigenvalues:  0.9969552 0.9969552 1.0025536 1.0025536 1.0030281
 eigenvectors
 1   0.7497696 -0.3778842 -0.0782949  0.2842877 -0.4561791
 2   0.2842877  0.3085787 -0.4815467 -0.7497696 -0.1729680
 3   0.5813480  0.1874901  0.4495068 -0.1380598  0.6369969
 4   0.1380598  0.6272932 -0.4760178  0.5813480  0.1512754
 5   0.0000000  0.5773503  0.5773503  0.0000000 -0.5773503
 occupations
 0.999  0.001  0.001  0.000  0.002
 0.001  1.001  0.001  0.002 -0.001
 0.001  0.001  1.001 -0.002 -0.001
 0.000  0.002 -0.002  0.999  0.000
 0.002 -0.001 -0.001  0.000  1.001
nsum =  12.2453578
 exit write_ns

     total cpu time spent up to now is      4.84 secs

     total energy              =  -173.87146422 Ry
     Harris-Foulkes estimate   =  -174.94035763 Ry
     estimated scf accuracy    <     2.40339611 Ry

     total magnetization       =     0.00 Bohr mag/cell
     absolute magnetization    =     8.54 Bohr mag/cell

     iteration #  2     ecut=    30.00 Ry     beta=0.30
     Davidson diagonalization with overlap
     ethr =  8.58E-03,  avg # of iterations =  2.2

     total cpu time spent up to now is      6.62 secs

     total energy              =  -174.40473744 Ry
     Harris-Foulkes estimate   =  -174.41164209 Ry
     estimated scf accuracy    <     0.17789218 Ry

     total magnetization       =     0.00 Bohr mag/cell
     absolute magnetization    =     7.22 Bohr mag/cell

     iteration #  3     ecut=    30.00 Ry     beta=0.30
     Davidson diagonalization with overlap
     ethr =  6.35E-04,  avg # of iterations =  2.0

     total cpu time spent up to now is      8.30 secs

     total energy              =  -174.44733058 Ry
     Harris-Foulkes estimate   =  -174.42204284 Ry
     estimated scf accuracy    <     0.04586806 Ry

     total magnetization       =     0.00 Bohr mag/cell
     absolute magnetization    =     7.40 Bohr mag/cell

     iteration #  4     ecut=    30.00 Ry     beta=0.30
     Davidson diagonalization with overlap
     ethr =  1.64E-04,  avg # of iterations =  1.8

     total cpu time spent up to now is      9.97 secs

     total energy              =  -174.45275292 Ry
     Harris-Foulkes estimate   =  -174.45200666 Ry
     estimated scf accuracy    <     0.00422680 Ry

     total magnetization       =     0.00 Bohr mag/cell
     absolute magnetization    =     7.31 Bohr mag/cell

     iteration #  5     ecut=    30.00 Ry     beta=0.30
     Davidson diagonalization with overlap
     ethr =  1.51E-05,  avg # of iterations =  2.2

     total cpu time spent up to now is     11.70 secs

     total energy              =  -174.45424804 Ry
     Harris-Foulkes estimate   =  -174.45343861 Ry
     estimated scf accuracy    <     0.00252776 Ry

     total magnetization       =     0.00 Bohr mag/cell
     absolute magnetization    =     7.32 Bohr mag/cell

     iteration #  6     ecut=    30.00 Ry     beta=0.30
     Davidson diagonalization with overlap
     ethr =  9.03E-06,  avg # of iterations =  1.0

     total cpu time spent up to now is     13.36 secs

     total energy              =  -174.44861198 Ry
     Harris-Foulkes estimate   =  -174.45466713 Ry
     estimated scf accuracy    <     0.00457152 Ry

     total magnetization       =     0.00 Bohr mag/cell
     absolute magnetization    =     7.31 Bohr mag/cell

     iteration #  7     ecut=    30.00 Ry     beta=0.30
     Davidson diagonalization with overlap
     ethr =  9.03E-06,  avg # of iterations =  1.2

     total cpu time spent up to now is     15.01 secs

     total energy              =  -174.45108353 Ry
     Harris-Foulkes estimate   =  -174.45358872 Ry
     estimated scf accuracy    <     0.00220458 Ry

     total magnetization       =     0.00 Bohr mag/cell
     absolute magnetization    =     7.32 Bohr mag/cell

     iteration #  8     ecut=    30.00 Ry     beta=0.30
     Davidson diagonalization with overlap
     ethr =  7.87E-06,  avg # of iterations =  1.0

     total cpu time spent up to now is     16.67 secs

     total energy              =  -174.45110896 Ry
     Harris-Foulkes estimate   =  -174.45363299 Ry
     estimated scf accuracy    <     0.00142704 Ry

     total magnetization       =     0.00 Bohr mag/cell
     absolute magnetization    =     7.31 Bohr mag/cell

     iteration #  9     ecut=    30.00 Ry     beta=0.30
     Davidson diagonalization with overlap
     ethr =  5.10E-06,  avg # of iterations =  1.5

     total cpu time spent up to now is     18.32 secs

     total energy              =  -174.45319426 Ry
     Harris-Foulkes estimate   =  -174.45398204 Ry
     estimated scf accuracy    <     0.00240700 Ry

     total magnetization       =     0.00 Bohr mag/cell
     absolute magnetization    =     7.33 Bohr mag/cell

     iteration # 10     ecut=    30.00 Ry     beta=0.30
     Davidson diagonalization with overlap
     ethr =  5.10E-06,  avg # of iterations =  1.0

     total cpu time spent up to now is     19.95 secs

     total energy              =  -174.45332386 Ry
     Harris-Foulkes estimate   =  -174.45347729 Ry
     estimated scf accuracy    <     0.00052580 Ry

     total magnetization       =     0.00 Bohr mag/cell
     absolute magnetization    =     7.32 Bohr mag/cell

     iteration # 11     ecut=    30.00 Ry     beta=0.30
     Davidson diagonalization with overlap
     ethr =  1.88E-06,  avg # of iterations =  1.0

     total cpu time spent up to now is     21.58 secs

     total energy              =  -174.45338185 Ry
     Harris-Foulkes estimate   =  -174.45339224 Ry
     estimated scf accuracy    <     0.00008958 Ry

     total magnetization       =     0.00 Bohr mag/cell
     absolute magnetization    =     7.31 Bohr mag/cell

     iteration # 12     ecut=    30.00 Ry     beta=0.30
     Davidson diagonalization with overlap
     ethr =  3.20E-07,  avg # of iterations =  1.0

     total cpu time spent up to now is     23.19 secs

     total energy              =  -174.45335503 Ry
     Harris-Foulkes estimate   =  -174.45338593 Ry
     estimated scf accuracy    <     0.00004469 Ry

     total magnetization       =     0.00 Bohr mag/cell
     absolute magnetization    =     7.31 Bohr mag/cell

     iteration # 13     ecut=    30.00 Ry     beta=0.30
     Davidson diagonalization with overlap
     ethr =  1.60E-07,  avg # of iterations =  1.0

     total cpu time spent up to now is     25.22 secs

     total energy              =  -174.45337527 Ry
     Harris-Foulkes estimate   =  -174.45337528 Ry
     estimated scf accuracy    <     0.00000134 Ry

     total magnetization       =     0.00 Bohr mag/cell
     absolute magnetization    =     7.31 Bohr mag/cell

     iteration # 14     ecut=    30.00 Ry     beta=0.30
     Davidson diagonalization with overlap
     ethr =  4.79E-09,  avg # of iterations =  3.8

     total cpu time spent up to now is     27.24 secs

     total energy              =  -174.45337564 Ry
     Harris-Foulkes estimate   =  -174.45337629 Ry
     estimated scf accuracy    <     0.00000307 Ry

     total magnetization       =     0.00 Bohr mag/cell
     absolute magnetization    =     7.31 Bohr mag/cell

     iteration # 15     ecut=    30.00 Ry     beta=0.30
     Davidson diagonalization with overlap
     ethr =  4.79E-09,  avg # of iterations =  1.0

     total cpu time spent up to now is     28.82 secs

     End of self-consistent calculation
 enter write_ns
U( 1) =  0.0000      U( 2) =  4.3000      U( 3) =  4.3000
alpha( 1) =  0.0000      alpha( 2) =  0.0000      alpha( 3) =  0.0000
atom  3   Tr[ns(na)]=   6.8578386
atom  3  spin  1
eigenvalues:  0.9937595 0.9937595 1.0015207 1.0015207 1.0027587
 eigenvectors
 1  -0.8885908  0.1837050  0.0324470 -0.3590048  0.2161520
 2  -0.3590048 -0.1435287  0.2308575  0.8885908  0.0873288
 3   0.1979790 -0.2170065  0.7595947 -0.2057337  0.5425882
 4  -0.2057337 -0.7518157  0.1879747 -0.1979790 -0.5638410
 5   0.0000000 -0.5773503 -0.5773503  0.0000000  0.5773503
 occupations
 0.994  0.001  0.001  0.000  0.002
 0.001  1.002  0.001  0.002 -0.001
 0.001  0.001  1.002 -0.002 -0.001
 0.000  0.002 -0.002  0.994  0.000
 0.002 -0.001 -0.001  0.000  1.002
atom  3  spin  2
eigenvalues:  0.2723450 0.2723450 0.4371918 0.4371918 0.4454460
 eigenvectors
 1  -0.9075095 -0.1974106 -0.1333006 -0.1015705 -0.3307112
 2  -0.1015705  0.2678973 -0.3049112  0.9075095 -0.0370139
 3   0.3808740 -0.5782215 -0.1185533  0.1450684 -0.6967748
 4  -0.1450684 -0.4707299  0.7361195  0.3808740  0.2653896
 5   0.0000000  0.5773503  0.5773503  0.0000000 -0.5773503
 occupations
 0.300 -0.025 -0.025  0.000 -0.050
-0.025  0.422  0.012 -0.043 -0.012
-0.025  0.012  0.422  0.043 -0.012
 0.000 -0.043  0.043  0.300  0.000
-0.050 -0.012 -0.012  0.000  0.422
atom  4   Tr[ns(na)]=   6.8583190
atom  4  spin  1
eigenvalues:  0.2723627 0.2723627 0.4373691 0.4373691 0.4455346
 eigenvectors
 1  -0.9105201 -0.1880851 -0.1435575 -0.0705810 -0.3316426
 2  -0.0705810  0.2743569 -0.3000649  0.9105201 -0.0257080
 3   0.3974664 -0.5054512 -0.2220412  0.0893977 -0.7274924
 4  -0.0893977 -0.5482135  0.7118403  0.3974664  0.1636268
 5   0.0000000  0.5773503  0.5773503  0.0000000 -0.5773503
 occupations
 0.300 -0.025 -0.025  0.000 -0.050
-0.025  0.422  0.012 -0.043 -0.012
-0.025  0.012  0.422  0.043 -0.012
 0.000 -0.043  0.043  0.300  0.000
-0.050 -0.012 -0.012  0.000  0.422
atom  4  spin  2
eigenvalues:  0.9937602 0.9937602 1.0015206 1.0015206 1.0027590
 eigenvectors
 1   0.9037940 -0.1771007 -0.0427770  0.3187720 -0.2198778
 2  -0.3187720 -0.1516438  0.2291956  0.9037940  0.0775518
 3   0.2349458 -0.0632537  0.7070740 -0.1622998  0.6438203
 4  -0.1622998 -0.7799392  0.3351903 -0.2349458 -0.4447489
 5   0.0000000  0.5773503  0.5773503  0.0000000 -0.5773503
 occupations
 0.994  0.001  0.001  0.000  0.002
 0.001  1.002  0.001  0.002 -0.001
 0.001  0.001  1.002 -0.002 -0.001
 0.000  0.002 -0.002  0.994  0.000
 0.002 -0.001 -0.001  0.000  1.002
nsum =  13.7161576
 exit write_ns

 ------ SPIN UP ------------


          k = 0.0000 0.0000 0.0000 (   731 PWs)   bands (ev):

    -8.7976  -7.5655   1.8228   3.7247   3.7247   5.5504   5.5504   6.5363
     7.7486   7.7836   7.7836   8.4001   8.4001  11.1458  11.1458  11.3109
    11.5446  13.3097  13.3097  19.8688

          k =-0.7500 0.2500 0.2500 (   764 PWs)   bands (ev):

    -8.0998  -7.4151   2.5437   3.4618   4.0292   4.0787   5.6303   5.7003
     5.9733   6.3430   7.1847   8.6050   9.0764  10.5670  11.8908  11.9319
    13.1107  13.1715  17.3131  17.6374

          k =-0.5000-0.5000 0.5000 (   780 PWs)   bands (ev):

    -7.9281  -7.5715   1.8790   3.9569   3.9894   4.1598   5.2662   5.9693
     6.5842   6.6028   6.8422   8.6643   8.8359  10.7412  11.9114  11.9242
    13.4125  13.5649  15.3388  16.6482

          k =-0.2500-0.2500-0.2500 (   748 PWs)   bands (ev):

    -8.2818  -8.2103   3.1793   3.8389   3.8389   4.9856   5.5915   5.5915
     6.9046   6.9046   7.1509   9.3461   9.3461  11.0532  11.0840  11.0840
    13.0461  13.0461  14.0474  14.3388

 ------ SPIN DOWN ----------


          k = 0.0000 0.0000 0.0000 (   731 PWs)   bands (ev):

    -8.7976  -7.5655   1.8227   3.7245   3.7245   5.5501   5.5501   6.5361
     7.7486   7.7836   7.7836   8.4000   8.4000  11.1460  11.1460  11.3111
    11.5447  13.3099  13.3099  19.8688

          k =-0.7500 0.2500 0.2500 (   764 PWs)   bands (ev):

    -8.0998  -7.4151   2.5436   3.4617   4.0291   4.0787   5.6303   5.7000
     5.9730   6.3431   7.1845   8.6048   9.0763  10.5672  11.8910  11.9322
    13.1109  13.1717  17.3130  17.6374

          k =-0.5000-0.5000 0.5000 (   780 PWs)   bands (ev):

    -7.9281  -7.5715   1.8790   3.9568   3.9892   4.1598   5.2660   5.9690
     6.5842   6.6028   6.8420   8.6642   8.8358  10.7414  11.9116  11.9244
    13.4127  13.5651  15.3388  16.6482

          k =-0.2500-0.2500-0.2500 (   748 PWs)   bands (ev):

    -8.2818  -8.2103   3.1792   3.8387   3.8387   4.9856   5.5913   5.5913
     6.9046   6.9046   7.1507   9.3460   9.3460  11.0534  11.0842  11.0842
    13.0463  13.0463  14.0473  14.3388

     the Fermi energy is    11.0760 ev

!    total energy              =  -174.45337599 Ry
     Harris-Foulkes estimate   =  -174.45337598 Ry
     estimated scf accuracy    <     0.00000028 Ry

     The total energy is the sum of the following terms:

     one-electron contribution =     0.61735184 Ry
     hartree contribution      =    27.81918132 Ry
     xc contribution           =   -65.73835428 Ry
     ewald contribution        =  -137.50929535 Ry
     Hubbard energy            =     0.36095589 Ry
     smearing contrib. (-TS)   =    -0.00321543 Ry

     total magnetization       =     0.00 Bohr mag/cell
     absolute magnetization    =     7.31 Bohr mag/cell

     convergence has been achieved in  15 iterations

     Forces acting on atoms (Ry/au):

     atom   1 type  1   force =     0.00003706    0.00003706    0.00003706
     atom   2 type  1   force =    -0.00003706   -0.00003706   -0.00003706
     atom   3 type  2   force =     0.00000000    0.00000000    0.00000000
     atom   4 type  3   force =     0.00000000    0.00000000    0.00000000

     Total force =     0.000091     Total SCF correction =     0.000661


     entering subroutine stress ...

          total   stress  (Ry/bohr**3)                   (kbar)     P= -173.55
  -0.00117975   0.00010106   0.00010106       -173.55     14.87     14.87
   0.00010106  -0.00117975   0.00010106         14.87   -173.55     14.87
   0.00010106   0.00010106  -0.00117975         14.87     14.87   -173.55


     Writing output data file feo_af.save
 
     PWSCF        :    32.74s CPU time,   33.97s wall time

     init_run     :     2.89s CPU
     electrons    :    25.87s CPU
     forces       :     0.70s CPU
     stress       :     3.12s CPU

     Called by init_run:
     wfcinit      :     0.53s CPU
     potinit      :     0.12s CPU

     Called by electrons:
     c_bands      :    12.78s CPU (      15 calls,   0.852 s avg)
     sum_band     :     8.45s CPU (      15 calls,   0.563 s avg)
     v_of_rho     :     0.73s CPU (      16 calls,   0.046 s avg)
     newd         :     2.99s CPU (      16 calls,   0.187 s avg)
     mix_rho      :     0.51s CPU (      15 calls,   0.034 s avg)

     Called by c_bands:
     init_us_2    :     0.32s CPU (     352 calls,   0.001 s avg)
     cegterg      :    12.31s CPU (     120 calls,   0.103 s avg)

     Called by *egterg:
     h_psi        :    11.36s CPU (     328 calls,   0.035 s avg)
     s_psi        :     0.40s CPU (     416 calls,   0.001 s avg)
     g_psi        :     0.08s CPU (     200 calls,   0.000 s avg)
     cdiaghg      :     0.28s CPU (     320 calls,   0.001 s avg)

     Called by h_psi:
     add_vuspsi   :     0.29s CPU (     328 calls,   0.001 s avg)

     General routines
     calbec       :     0.51s CPU (     552 calls,   0.001 s avg)
     cft3         :     1.44s CPU (     242 calls,   0.006 s avg)
     cft3s        :    11.64s CPU (   12972 calls,   0.001 s avg)
     interpolate  :     0.59s CPU (      62 calls,   0.009 s avg)
     davcio       :     0.01s CPU (    1008 calls,   0.000 s avg)
 
